32392
32277
32248
32249
32253
32269
32247
32293
32389
32435
32408
32421
32447
32439
32369
32312
32313
32343
32350
32368
32393
32465
32466
32423
32387
32429
32495
32527
32489
32518
32559
32613
32575
32510
32480
32510
32527
32567
32541
32573
32534
32519
32532
32591
32543
32481
32399
32443
32505
32581
32554
32509
32496
32583
32608
32609
32538
32510
32477
32478
32422
32421
32411
32391
32355
32383
32465
32493
32471
32434
32441
32463
32445
32383
32362
32425
32420
32393
32329
32292
32303
32323
32334
32343
32339
32391
32389
32382
32381
32393
32337
32297
32289
32316
32362
32407
32436
32493
32537
32569
32495
32453
32433
32404
32395
32390
32403
32479
32519
32512
32490
32507
32551
32544
32551
32553
32575
32584
32553
32514
32503
32506
32472
32445
32451
32453
32490
32510
32519
32514
32528
32497
32467
32449
32486
32475
32459
32419
32460
32508
32548
32500
32440
32417
32468
32487
32482
32425
32353
32304
32323
32391
32450
32446
32432
32435
32509
32535
32520
32417
32364
32369
32410
32404
32341
32272
32266
32315
32375
32396
32398
32379
32383
32433
32494
32483
32424
32412
32422
32461
32473
32419
32378
32373
32455
32483
32486
32478
32437
32437
32479
32473
32457
32425
32431
32448
32500
32563
32553
32507
32518
32525
32521
32519
32471
32432
32448
32438
32471
32466
32463
32423
32411
32413
32439
32455
32499
32517
32534
32543
32537
32526
32499
32481
32468
32466
32465
32471
32469
32455
32461
32431
32447
32446
32423
32409
32373
32389
32411
32423
32445
32453
32463
32492
32489
32477
32467
32437
32433
32391
32343
32327
32275
32264
32289
32297
32359
32391
32409
32421
32443
32429
32452
32450
32465
32463
32464
32449
32431
32401
32406
32393
32399
32411
32407
32441
32463
32469
32449
32437
32461
32480
32477
32480
32499
32503
32536
32563
32587
32563
32497
32447
32439
32457
32496
32481
32467
32468
32501
32521
32509
32515
32526
32535
32555
32527
32471
32473
32502
32469
32514
32535
32523
32497
32472
32452
32454
32436
32431
32422
32459
32493
32438
32378
32343
32346
32360
32375
32391
32397
32389
32379
32403
32425
32424
32381
32321
32295
32282
32314
32325
32333
32343
32403
32413
32423
32404
32419
32415
32385
32415
32426
32471
32489
32452
32427
32439
32469
32461
32441
32457
32457
32458
32477
32484
32545
32575
32561
32551
32512
32533
32535
32541
32553
32540
32547
32527
32540
32521
32533
32495
32431
32427
32466
32519
32535
32553
32577
32601
32626
32585
32511
32455
32405
32387
32414
32453
32461
32423
32341
32365
32379
32380
32343
32335
32372
32447
32447
32431
32369
32343
32342
32311
32318
32333
32293
32281
32312
32337
32394
32379
32328
32338
32363
32404
32377
32328
32346
32374
32439
32493
32501
32495
32487
32499
32503
32505
32497
32463
32435
32470
32522
32529
32537
32492
32499
32547
32561
32517
32481
32473
32523
32551
32606
32591
32571
32562
32547
32519
32517
32507
32473
32490
32526
32547
32533
32461
32426
32407
32415
32405
32408
32416
32463
32511
32525
32522
32495
32450
32409
32364
32361
32333
32319
32307
32328
32365
32375
32335
32314
32315
32343
32362
32358
32344
32351
32374
32401
32421
32403
32384
32351
32311
32325
32343
32365
32383
32420
32477
32516
32489
32451
32411
32415
32459
32501
32524
32553
32540
32549
32553
32539
32499
32481
32467
32471
32518
32535
32535
32519
32533
32559
32592
32581
32531
32494
32457
32467
32493
32500
32505
32486
32467
32467
32479
32484
32435
32431
32437
32463
32485
32480
32463
32455
32480
32444
32395
32351
32323
32344
32385
32430
32439
32467
32439
32408
32402
32354
32313
32290
32290
32337
32379
32403
32387
32373
32393
32378
32391
32390
32398
32404
32386
32411
32423
32438
32439
32399
32387
32395
32399
32425
32425
32469
32493
32510
32511
32504
32506
32515
32529
32488
32501
32510
32517
32504
32509
32506
32495
32477
32457
32445
32433
32415
32407
32434
32481
32539
32559
32557
32548
32527
32503
32504
32455
32431
32421
32421
32421
32445
32456
32423
32391
32373
32412
32449
32453
32445
32455
32475
32511
32491
32465
32419
32382
32371
32379
32395
32413
32406
32404
32407
32416
32438
32394
32349
32348
32349
32387
32383
32392
32402
32435
32475
32449
32449
32420
32404
32389
32405
32419
32409
32435
32433
32451
32450
32431
32409
32402
32429
32473
32469
32495
32485
32494
32511
32490
32471
32465
32471
32477
32497
32486
32485
32479
32485
32489
32481
32469
32447
32437
32435
32434
32443
32476
32498
32529
32564
32557
32551
32508
32465
32453
32444
32460
32443
32439
32439
32439
32446
32453
32442
32437
32438
32446
32469
32486
32491
32462
32443
32436
32419
32375
32347
32341
32359
32375
32383
32389
32397
32400
32375
32371
32365
32367
32361
32363
32380
32407
32417
32409
32397
32417
32434
32413
32389
32367
32360
32405
32435
32444
32455
32462
32461
32457
32471
32470
32482
32472
32485
32507
32518
32511
32479
32473
32475
32483
32484
32474
32497
32497
32521
32514
32546
32537
32523
32503
32487
32471
32498
32526
32511
32519
32528
32527
32525
32497
32481
32481
32473
32442
32409
32420
32412
32419
32411
32443
32437
32457
32443
32432
32423
32409
32383
32352
32359
32376
32388
32372
32338
32295
32307
32321
32302
32311
32327
32349
32377
32385
32392
32404
32399
32393
32375
32401
32427
32431
32417
32437
32452
32443
32425
32423
32423
32439
32441
32438
32455
32479
32525
32532
32535
32549
32547
32544
32556
32527
32526
32511
32490
32503
32535
32534
32503
32493
32482
32507
32501
32497
32503
32510
32533
32535
32528
32500
32483
32465
32447
32443
32464
32480
32469
32457
32443
32443
32415
32381
32354
32363
32359
32353
32370
32383
32391
32380
32359
32365
32377
32381
32365
32346
32344
32353
32350
32329
32317
32338
32343
32349
32343
32361
32397
32395
32408
32407
32407
32432
32424
32452
32475
32485
32501
32503
32477
32502
32513
32488
32471
32490
32504
32522
32516
32495
32499
32500
32516
32528
32533
32533
32559
32552
32570
32578
32527
32488
32452
32447
32471
32487
32477
32478
32495
32507
32497
32487
32469
32451
32431
32437
32445
32453
32425
32389
32379
32394
32397
32407
32383
32367
32393
32386
32394
32400
32395
32390
32359
32367
32349
32353
32355
32352
32359
32378
32375
32377
32371
32365
32377
32371
32354
32381
32389
32404
32437
32442
32452
32473
32473
32468
32458
32460
32470
32472
32479
32489
32505
32507
32489
32487
32491
32501
32496
32509
32497
32512
32536
32520
32527
32519
32509
32504
32483
32495
32505
32498
32486
32481
32489
32502
32483
32446
32427
32421
32423
32423
32403
32404
32423
32450
32479
32473
32481
32463
32445
32443
32418
32403
32388
32367
32389
32392
32421
32389
32379
32341
32355
32361
32368
32389
32411
32421
32421
32425
32430
32404
32373
32381
32383
32415
32417
32420
32432
32403
32398
32401
32403
32408
32399
32407
32417
32442
32478
32498
32486
32483
32499
32499
32499
32477
32467
32468
32460
32461
32464
32482
32482
32481
32479
32515
32490
32470
32463
32458
32464
32481
32474
32486
32473
32489
32475
32463
32449
32455
32471
32482
32480
32465
32461
32451
32446
32447
32429
32407
32400
32410
32447
32477
32483
32487
32483
32461
32433
32416
32399
32385
32379
32407
32405
32423
32422
32403
32387
32370
32371
32380
32389
32399
32405
32415
32426
32425
32415
32390
32375
32375
32377
32379
32396
32393
32415
32418
32439
32434
32437
32430
32421
32431
32459
32449
32482
32481
32490
32497
32490
32470
32448
32441
32449
32461
32455
32447
32477
32500
32511
32508
32505
32495
32485
32487
32504
32487
32481
32471
32492
32494
32487
32455
32451
32450
32459
32469
32487
32476
32469
32479
32502
32489
32447
32435
32423
32435
32441
32423
32429
32431
32439
32453
32458
32414
32383
32341
32350
32357
32375
32367
32352
32375
32377
32399
32393
32355
32348
32351
32375
32393
32393
32381
32379
32394
32391
32397
32381
32382
32387
32392
32397
32419
32425
32447
32467
32463
32471
32460
32476
32461
32493
32508
32519
32519
32509
32516
32516
32490
32470
32459
32453
32474
32476
32497
32511
32521
32525
32549
32551
32563
32517
32503
32493
32494
32497
32482
32489
32473
32462
32449
32439
32427
32429
32421
32422
32441
32444
32453
32449
32449
32421
32398
32379
32373
32372
32383
32374
32381
32377
32358
32348
32329
32335
32347
32335
32346
32315
32331
32353
32381
32386
32393
32384
32375
32399
32393
32401
32376
32387
32431
32439
32473
32461
32432
32431
32439
32460
32453
32467
32469
32515
32504
32519
32514
32509
32484
32503
32503
32528
32508
32535
32519
32548
32556
32540
32513
32473
32471
32471
32487
32478
32472
32471
32490
32527
32512
32487
32447
32447
32461
32467
32457
32421
32393
32366
32392
32435
32425
32390
32361
32372
32389
32401
32386
32369
32377
32382
32377
32391
32367
32345
32312
32309
32350
32378
32383
32361
32339
32371
32391
32391
32374
32381
32377
32409
32420
32455
32451
32444
32423
32417
32447
32476
32455
32439
32439
32459
32503
32510
32513
32539
32551
32528
32525
32537
32549
32521
32503
32511
32519
32508
32514
32499
32478
32476
32472
32487
32494
32487
32489
32487
32497
32482
32480
32501
32455
32417
32402
32411
32432
32435
32438
32444
32433
32431
32414
32401
32399
32368
32364
32359
32383
32398
32385
32345
32368
32392
32411
32390
32379
32346
32371
32401
32387
32391
32391
32391
32369
32367
32371
32379
32366
32378
32386
32425
32459
32447
32434
32441
32454
32443
32439
32447
32467
32471
32485
32481
32497
32501
32489
32472
32461
32477
32474
32457
32490
32496
32495
32497
32509
32518
32540
32525
32511
32458
32435
32455
32465
32457
32451
32445
32473
32448
32439
32457
32447
32439
32441
32455
32451
32453
32417
32413
32402
32432
32430
32409
32391
32395
32390
32399
32418
32411
32399
32399
32395
32371
32371
32389
32390
32415
32447
32435
32403
32360
32359
32383
32417
32433
32429
32407
32387
32381
32405
32407
32410
32415
32433
32419
32431
32437
32392
32393
32437
32475
32455
32424
32435
32432
32440
32455
32461
32494
32509
32482
32479
32451
32418
32431
32495
32511
32473
32423
32453
32509
32527
32508
32469
32451
32471
32501
32443
32395
32414
32443
32465
32501
32489
32437
32433
32422
32440
32479
32491
32453
32445
32481
32437
32402
32417
32464
32493
32461
32423
32377
32331
32319
32319
32423
32507
32519
32457
32403
32414
32407
32323
32301
32319
32472
32505
32471
32375
32376
32335
32405
32421
32328
32341
32290
32178
32260
32309
32411
32566
32615
32599
32484
32303
32327
32431
32511
32521
32319
32221
32370
32391
32427
32537
32565
32629
32500
32368
32359
32347
32487
32583
32515
32544
32461
32371
32498
32541
32610
32672
32611
32521
32383
32321
32379
32397
32535
32619
32522
32405
32383
32309
32440
32508
32474
32481
32507
32505
32452
32418
32552
32567
32553
32547
32451
32383
32294
32163
32095
32177
32367
32351
32442
32516
32536
32479
32471
32474
32518
32520
32371
32118
32077
32146
32265
32311
32442
32479
32365
32410
32379
32387
32335
32347
32317
32469
32513
32475
32335
32379
32393
32475
32536
32615
32529
32601
32507
32471
32497
32573
32539
32457
32381
32442
32464
32589
32595
32544
32533
32607
32597
32617
32607
32487
32433
32367
32457
32532
32509
32442
32391
32450
32594
32559
32487
32359
32325
32313
32353
32391
32463
32410
32371
32403
32405
32467
32487
32410
32390
32349
32335
32345
32310
32329
32264
32250
32280
32287
32261
32324
32297
32293
32411
32523
32591
32560
32455
32397
32311
32345
32348
32301
32345
32275
32207
32269
32382
32459
32544
32553
32573
32599
32653
32677
32633
32611
32615
32500
32451
32396
32289
32275
32279
32415
32579
32692
32655
32617
32587
32675
32635
32647
32647
32589
32541
32445
32294
32262
32262
32369
32473
32538
32553
32490
32407
32374
32360
32445
32516
32467
32483
32437
32368
32253
32162
32224
32455
32517
32512
32408
32326
32258
32201
32245
32405
32361
32358
32296
32325
32353
32303
32207
32281
32414
32575
32541
32333
32169
32149
32249
32476
32521
32517
32441
32359
32439
32524
32579
32535
32411
32363
32398
32375
32327
32284
32308
32459
32587
32632
32777
32840
32809
32747
32613
32586
32564
32431
32352
32228
32255
32273
32380
32490
32615
32592
32591
32578
32629
32688
32711
32559
32406
32363
32405
32335
32235
32221
32309
32405
32443
32452
32485
32447
32369
32286
32364
32543
32543
32395
32291
32237
32282
32363
32467
32565
32471
32313
32203
32257
32315
32274
32171
32170
32299
32555
32615
32536
32447
32483
32517
32548
32455
32340
32254
32145
32193
32319
32431
32439
32413
32513
32609
32671
32655
32531
32449
32528
32567
32538
32503
32425
32417
32405
32421
32519
32522
32531
32539
32558
32694
32714
32601
32455
32381
32359
32381
32319
32369
32496
32556
32583
32573
32524
32543
32471
32382
32345
32409
32453
32401
32390
32455
32427
32372
32332
32293
32315
32433
32469
32429
32394
32318
32299
32303
32404
32457
32447
32458
32451
32481
32475
32358
32222
32185
32247
32329
32340
32327
32297
32251
32287
32354
32431
32525
32547
32553
32597
32584
32584
32488
32327
32242
32211
32291
32375
32391
32404
32428
32469
32554
32592
32600
32614
32535
32537
32659
32670
32622
32447
32341
32359
32403
32517
32519
32500
32503
32419
32479
32561
32560
32485
32466
32409
32510
32562
32525
32459
32345
32397
32495
32510
32551
32422
32333
32310
32338
32424
32473
32380
32308
32356
32436
32527
32458
32391
32359
32337
32366
32356
32329
32349
32273
32308
32375
32439
32439
32360
32315
32341
32355
32367
32323
32297
32313
32339
32367
32433
32426
32423
32416
32357
32394
32481
32517
32511
32466
32484
32459
32439
32423
32423
32450
32455
32455
32469
32529
32546
32511
32481
32527
32589
32629
32631
32581
32535
32553
32541
32493
32508
32460
32419
32368
32383
32423
32497
32447
32427
32463
32542
32573
32535
32555
32577
32525
32464
32379
32346
32350
32335
32293
32325
32347
32359
32355
32377
32389
32385
32367
32365
32405
32474
32483
32365
32326
32295
32336
32335
32290
32295
32302
32311
32330
32317
32390
32419
32351
32311
32366
32417
32429
32391
32390
32412
32481
32517
32514
32482
32494
32451
32435
32445
32465
32463
32446
32449
32499
32575
32599
32542
32505
32567
32610
32567
32583
32581
32525
32511
32458
32469
32502
32492
32457
32442
32535
32607
32566
32487
32477
32448
32481
32459
32351
32343
32377
32361
32388
32415
32467
32463
32468
32463
32473
32481
32438
32327
32239
32261
32268
32250
32247
32294
32361
32353
32345
32380
32417
32455
32413
32387
32430
32419
32332
32247
32211
32255
32302
32322
32363
32434
32470
32475
32414
32403
32441
32455
32438
32408
32453
32491
32470
32495
32520
32581
32575
32532
32509
32535
32534
32497
32439
32456
32471
32445
32441
32501
32549
32622
32658
32657
32670
32636
32559
32482
32435
32443
32415
32401
32351
32356
32413
32447
32408
32454
32503
32528
32519
32471
32428
32423
32375
32377
32330
32327
32324
32273
32314
32399
32425
32401
32366
32362
32403
32385
32320
32282
32279
32306
32341
32346
32351
32311
32320
32321
32377
32426
32449
32415
32401
32357
32369
32351
32316
32287
32348
32423
32437
32467
32502
32551
32527
32505
32484
32465
32463
32455
32435
32459
32534
32539
32521
32550
32565
32581
32547
32524
32537
32583
32537
32450
32433
32455
32467
32443
32456
32537
32582
32578
32557
32514
32511
32481
32423
32375
32378
32380
32343
32281
32326
32391
32407
32431
32445
32491
32521
32487
32375
32377
32348
32302
32297
32295
32319
32311
32314
32309
32323
32393
32399
32355
32355
32388
32395
32358
32339
32373
32415
32409
32367
32377
32445
32463
32371
32327
32371
32371
32340
32369
32412
32415
32456
32477
32496
32521
32567
32556
32533
32539
32571
32551
32522
32460
32443
32443
32463
32439
32465
32511
32550
32523
32559
32588
32568
32525
32494
32510
32549
32513
32456
32411
32439
32463
32455
32457
32434
32415
32424
32423
32434
32441
32458
32424
32370
32341
32393
32405
32338
32311
32381
32450
32419
32397
32413
32429
32379
32333
32333
32368
32334
32291
32283
32346
32371
32373
32372
32359
32359
32359
32359
32359
32381
32420
32419
32425
32409
32410
32410
32425
32444
32450
32465
32456
32395
32364
32407
32431
32411
32409
32473
32547
32575
32555
32557
32573
32589
32564
32545
32549
32527
32463
32401
32431
32443
32443
32455
32459
32517
32568
32577
32533
32518
32542
32535
32489
32449
32435
32433
32408
32413
32411
32431
32418
32352
32369
32409
32435
32391
32393
32421
32426
32415
32387
32376
32381
32400
32391
32379
32351
32335
32309
32297
32343
32335
32333
32312
32318
32354
32387
32407
32415
32419
32407
32420
32405
32363
32329
32323
32332
32383
32396
32419
32453
32465
32439
32445
32484
32511
32454
32451
32481
32511
32503
32449
32458
32479
32503
32519
32534
32551
32570
32555
32536
32523
32547
32523
32472
32442
32493
32529
32489
32449
32471
32453
32459
32470
32504
32517
32495
32475
32499
32492
32460
32410
32408
32432
32395
32406
32392
32329
32299
32333
32373
32353
32318
32356
32408
32417
32383
32396
32417
32401
32368
32365
32409
32391
32293
32239
32257
32311
32327
32293
32296
32359
32417
32421
32399
32451
32485
32455
32436
32457
32499
32439
32351
32340
32400
32425
32415
32418
32445
32514
32534
32521
32527
32558
32557
32534
32517
32525
32543
32514
32485
32486
32559
32573
32525
32492
32531
32547
32508
32481
32482
32472
32477
32467
32469
32476
32502
32465
32444
32449
32471
32461
32408
32362
32383
32418
32397
32308
32331
32406
32446
32389
32383
32417
32449
32354
32298
32317
32365
32327
32249
32281
32369
32386
32341
32335
32411
32467
32432
32372
32383
32411
32369
32272
32258
32325
32381
32337
32344
32401
32476
32495
32471
32500
32567
32550
32441
32421
32475
32506
32451
32411
32443
32500
32471
32454
32511
32575
32584
32549
32569
32603
32563
32500
32479
32513
32527
32521
32508
32492
32466
32468
32473
32478
32443
32417
32423
32422
32432
32439
32441
32450
32426
32463
32473
32441
32417
32389
32373
32375
32357
32353
32308
32291
32287
32316
32363
32367
32351
32392
32411
32395
32399
32415
32403
32382
32317
32300
32297
32308
32295
32310
32356
32401
32401
32413
32448
32443
32449
32429
32433
32431
32434
32398
32366
32366
32461
32474
32488
32505
32511
32516
32525
32493
32531
32547
32495
32451
32465
32518
32523
32447
32451
32510
32550
32551
32519
32545
32563
32514
32501
32487
32503
32465
32415
32407
32465
32473
32488
32441
32451
32441
32428
32397
32382
32371
32395
32379
32401
32445
32485
32429
32391
32377
32409
32407
32363
32324
32297
32305
32309
32280
32341
32348
32347
32359
32402
32439
32449
32412
32403
32416
32413
32395
32357
32351
32327
32311
32316
32385
32403
32431
32428
32464
32482
32467
32453
32489
32501
32499
32451
32473
32488
32489
32491
32474
32493
32471
32481
32498
32515
32475
32487
32487
32534
32539
32531
32511
32519
32491
32520
32510
32495
32497
32499
32496
32458
32423
32447
32463
32439
32459
32435
32442
32428
32455
32426
32434
32420
32412
32378
32405
32409
32388
32360
32362
32359
32426
32396
32392
32376
32391
32391
32387
32361
32344
32327
32301
32322
32365
32393
32388
32340
32360
32409
32442
32415
32371
32402
32438
32429
32425
32407
32398
32351
32337
32378
32451
32449
32457
32455
32473
32519
32523
32523
32488
32483
32487
32485
32476
32507
32517
32525
32508
32483
32501
32536
32485
32458
32458
32535
32564
32538
32500
32516
32543
32548
32481
32512
32526
32477
32429
32397
32436
32451
32411
32380
32408
32407
32441
32420
32438
32452
32449
32435
32423
32429
32401
32365
32320
32341
32358
32371
32343
32344
32367
32375
32341
32330
32363
32405
32368
32314
32351
32371
32409
32395
32364
32375
32415
32403
32409
32404
32421
32375
32360
32400
32454
32445
32460
32408
32431
32459
32487
32486
32481
32483
32478
32480
32507
32541
32532
32509
32487
32510
32511
32511
32507
32522
32517
32507
32475
32470
32487
32511
32497
32476
32471
32497
32527
32506
32475
32477
32509
32490
32454
32427
32433
32427
32383
32363
32361
32387
32403
32379
32357
32349
32344
32379
32395
32421
32393
32378
32395
32392
32386
32345
32293
32297
32323
32329
32301
32353
32385
32398
32343
32328
32375
32391
32393
32364
32338
32378
32412
32422
32426
32426
32436
32447
32447
32422
32439
32429
32445
32441
32439
32455
32479
32529
32506
32487
32488
32529
32541
32531
32511
32503
32522
32489
32507
32507
32492
32466
32455
32493
32534
32529
32510
32469
32503
32507
32475
32445
32414
32440
32422
32427
32449
32480
32445
32393
32391
32433
32458
32411
32347
32329
32357
32392
32369
32330
32347
32398
32402
32383
32378
32398
32383
32347
32343
32343
32382
32361
32323
32321
32349
32347
32357
32355
32388
32393
32413
32427
32443
32427
32402
32394
32404
32443
32423
32417
32445
32457
32481
32459
32454
32469
32476
32467
32463
32464
32477
32481
32506
32527
32511
32508
32502
32523
32542
32540
32515
32509
32505
32501
32463
32445
32467
32471
32453
32443
32463
32495
32480
32443
32446
32467
32473
32477
32453
32425
32406
32417
32384
32380
32389
32405
32388
32373
32375
32366
32391
32386
32362
32345
32355
32336
32351
32376
32392
32373
32360
32368
32399
32429
32390
32341
32325
32365
32374
32371
32344
32355
32379
32383
32379
32411
32431
32437
32433
32425
32455
32475
32494
32465
32423
32414
32443
32456
32459
32469
32479
32482
32491
32507
32513
32525
32517
32493
32471
32502
32499
32501
32495
32472
32481
32507
32505
32514
32511
32495
32463
32450
32477
32463
32422
32420
32423
32457
32483
32457
32436
32438
32458
32453
32418
32395
32405
32385
32364
32371
32385
32405
32376
32365
32362
32393
32425
32407
32368
32359
32339
32353
32369
32361
32319
32341
32364
32405
32426
32425
32369
32351
32374
32367
32381
32397
32372
32340
32381
32402
32439
32487
32468
32404
32422
32455
32490
32465
32455
32457
32469
32485
32471
32480
32465
32422
32447
32501
32535
32525
32503
32485
32488
32512
32520
32495
32522
32543
32498
32487
32490
32483
32482
32449
32437
32443
32471
32475
32421
32425
32453
32428
32444
32422
32413
32463
32474
32413
32396
32405
32424
32407
32367
32336
32319
32326
32325
32374
32423
32390
32335
32351
32397
32400
32391
32359
32345
32421
32429
32340
32275
32325
32369
32399
32393
32386
32363
32358
32387
32460
32471
32446
32337
32323
32469
32537
32437
32499
32411
32405
32505
32458
32441
32543
32483
32467
32399
32443
32588
32559
32527
32427
32410
32491
32471
32365
32625
32697
32597
32573
32409
32361
32371
32395
32485
32436
32497
32500
32287
32315
32449
32455
32524
32552
32473
32533
32324
32298
32385
32414
32375
32272
32267
32437
32502
32503
32393
32278
32263
32233
32313
32440
32495
32449
32389
32253
32363
32446
32423
32380
32287
32366
32439
32455
32591
32597
32431
32297
32112
32235
32454
32553
32484
32434
32222
32287
32377
32567
32599
32556
32464
32368
32363
32619
32675
32583
32439
32373
32461
32535
32574
32503
32359
32287
32303
32409
32501
32469
32336
32292
32405
32669
32945
32907
32647
32349
32303
32311
32307
32344
32369
32326
32318
32331
32531
32540
32399
32277
32318
32395
32569
32485
32352
32287
32261
32287
32372
32447
32623
32503
32468
32447
32473
32533
32429
32224
32157
32193
32321
32423
32488
32381
32301
32247
32349
32491
32666
32665
32511
32452
32545
32471
32426
32270
32226
32250
32417
32468
32523
32535
32516
32433
32327
32334
32356
32401
32443
32439
32513
32535
32449
32517
32643
32665
32474
32317
32231
32387
32501
32468
32363
32319
32394
32495
32523
32521
32452
32457
32494
32482
32589
32579
32505
32379
32412
32429
32368
32263
32272
32248
32387
32447
32423
32433
32521
32515
32514
32452
32397
32408
32396
32455
32509
32552
32450
32273
32263
32293
32301
32336
32302
32315
32443
32475
32494
32527
32576
32603
32519
32417
32459
32447
32389
32186
32075
32263
32440
32409
32465
32463
32515
32483
32399
32457
32573
32562
32361
32212
32251
32335
32303
32371
32463
32620
32700
32603
32461
32535
32535
32399
32242
32291
32434
32472
32407
32317
32294
32457
32485
32575
32679
32700
32455
32245
32169
32383
32579
32573
32439
32395
32550
32631
32523
32447
32363
32302
32275
32248
32359
32410
32325
32199
32246
32427
32687
32697
32535
32528
32638
32657
32535
32401
32398
32215
32031
32059
32185
32326
32387
32351
32424
32607
32675
32607
32479
32463
32491
32365
32275
32191
32264
32370
32356
32360
32454
32421
32413
32395
32421
32455
32464
32427
32451
32567
32609
32431
32221
32221
32417
32513
32529
32455
32470
32563
32589
32587
32459
32432
32368
32352
32389
32563
32608
32538
32389
32463
32631
32722
32496
32208
32109
32297
32410
32383
32373
32425
32502
32520
32575
32645
32549
32414
32344
32357
32424
32399
32292
32213
32199
32249
32390
32393
32426
32502
32516
32452
32423
32451
32455
32295
32259
32273
32312
32351
32399
32415
32453
32448
32387
32335
32389
32450
32457
32433
32431
32435
32485
32434
32311
32297
32305
32370
32447
32532
32604
32605
32549
32471
32429
32415
32425
32479
32554
32618
32575
32540
32464
32423
32455
32406
32363
32391
32422
32455
32475
32476
32452
32445
32487
32497
32485
32545
32547
32415
32434
32471
32405
32307
32262
32282
32307
32301
32305
32288
32341
32405
32415
32481
32570
32549
32452
32351
32350
32375
32344
32211
32167
32228
32365
32435
32450
32479
32464
32411
32370
32431
32517
32431
32315
32243
32352
32519
32558
32433
32357
32381
32443
32459
32457
32423
32366
32377
32489
32558
32625
32551
32377
32318
32427
32583
32545
32449
32437
32511
32566
32567
32447
32377
32351
32357
32403
32535
32613
32587
32459
32393
32462
32507
32429
32277
32245
32395
32489
32511
32489
32459
32406
32341
32305
32383
32442
32423
32309
32258
32383
32501
32444
32311
32285
32380
32408
32375
32375
32424
32441
32383
32371
32491
32593
32530
32374
32305
32344
32393
32341
32245
32290
32407
32437
32433
32432
32508
32509
32446
32377
32471
32607
32595
32487
32478
32492
32453
32383
32303
32307
32393
32437
32371
32423
32519
32545
32495
32441
32473
32555
32531
32484
32440
32508
32530
32449
32371
32404
32437
32423
32377
32361
32407
32409
32363
32350
32426
32489
32471
32383
32375
32451
32510
32415
32364
32399
32442
32440
32403
32397
32401
32383
32334
32312
32353
32397
32390
32367
32417
32447
32428
32394
32381
32450
32536
32498
32412
32416
32461
32439
32353
32346
32377
32391
32421
32426
32453
32519
32475
32375
32353
32391
32423
32416
32365
32371
32463
32504
32461
32456
32529
32568
32447
32407
32431
32452
32397
32337
32337
32419
32471
32416
32358
32390
32457
32460
32493
32570
32627
32597
32457
32369
32406
32437
32369
32276
32295
32410
32496
32478
32418
32404
32413
32383
32403
32481
32529
32464
32364
32334
32447
32535
32444
32331
32324
32428
32488
32446
32376
32391
32428
32372
32307
32351
32429
32399
32324
32335
32499
32639
32580
32417
32383
32452
32483
32389
32311
32307
32297
32272
32273
32329
32470
32503
32441
32428
32535
32533
32431
32343
32378
32471
32448
32309
32252
32313
32358
32471
32615
32671
32599
32439
32236
32332
32559
32548
32351
32247
32257
32391
32475
32477
32561
32713
32677
32489
32363
32367
32450
32503
32353
32213
32262
32231
32298
32483
32716
32767
32645
32457
32306
32301
32375
32335
32264
32346
32379
32304
32325
32496
32637
32617
32465
32343
32371
32443
32392
32323
32411
32427
32399
32340
32265
32188
32254
32341
32367
32513
32659
32588
32467
32431
32427
32475
32459
32367
32302
32279
32207
32138
32277
32461
32592
32625
32722
32751
32641
32503
32283
32197
32277
32369
32343
32351
32388
32453
32479
32584
32651
32775
32783
32570
32238
32258
32357
32360
32294
32313
32319
32414
32522
32619
32702
32713
32573
32394
32349
32306
32245
32222
32205
32249
32425
32487
32513
32560
32685
32663
32567
32421
32375
32311
32239
32117
32127
32190
32255
32276
32407
32629
32701
32663
32599
32478
32442
32357
32190
32067
32133
32255
32341
32455
32543
32607
32571
32487
32453
32513
32476
32327
32231
32265
32341
32467
32517
32531
32518
32487
32423
32363
32438
32545
32543
32451
32407
32437
32487
32475
32447
32448
32527
32489
32445
32434
32545
32553
32535
32501
32406
32325
32287
32273
32300
32429
32480
32519
32471
32518
32527
32535
32483
32483
32441
32371
32153
32063
32180
32342
32466
32524
32489
32381
32293
32272
32345
32487
32675
32684
32577
32410
32276
32149
32135
32185
32323
32429
32479
32456
32479
32565
32591
32581
32579
32515
32372
32237
32091
32067
32164
32387
32660
32865
32901
32716
32363
32197
32175
32259
32351
32407
32429
32523
32541
32535
32532
32599
32603
32507
32391
32291
32217
32224
32323
32440
32563
32641
32574
32438
32333
32325
32445
32539
32603
32619
32569
32403
32247
32171
32173
32193
32303
32350
32409
32459
32566
32642
32713
32669
32540
32305
32135
32021
32047
32161
32343
32527
32715
32783
32712
32552
32405
32283
32199
32199
32234
32304
32399
32530
32554
32559
32527
32513
32471
32437
32311
32281
32279
32375
32531
32597
32569
32481
32407
32349
32327
32375
32485
32525
32509
32428
32397
32386
32406
32360
32353
32375
32457
32465
32441
32463
32543
32615
32644
32558
32435
32328
32305
32295
32297
32340
32375
32361
32323
32459
32581
32615
32519
32462
32439
32460
32383
32359
32331
32356
32369
32459
32471
32471
32428
32359
32279
32313
32449
32473
32436
32421
32525
32551
32458
32360
32339
32346
32354
32339
32347
32420
32527
32583
32593
32513
32464
32385
32310
32283
32323
32382
32393
32407
32463
32524
32518
32469
32428
32471
32473
32379
32261
32243
32271
32363
32434
32485
32601
32636
32566
32439
32395
32376
32343
32335
32337
32351
32407
32427
32365
32402
32507
32545
32491
32497
32529
32539
32547
32497
32438
32396
32331
32229
32238
32294
32382
32475
32520
32575
32636
32631
32524
32434
32377
32348
32279
32253
32269
32297
32361
32446
32502
32597
32615
32531
32429
32363
32335
32333
32333
32339
32393
32457
32508
32466
32441
32407
32366
32361
32397
32435
32488
32447
32407
32377
32377
32371
32335
32299
32337
32379
32462
32543
32581
32569
32540
32477
32390
32327
32265
32207
32184
32288
32425
32553
32628
32639
32614
32594
32523
32457
32375
32319
32285
32312
32369
32432
32488
32515
32495
32499
32534
32549
32519
32494
32467
32427
32405
32368
32332
32303
32293
32312
32376
32465
32541
32549
32583
32535
32519
32458
32391
32301
32291
32260
32258
32275
32355
32445
32491
32518
32495
32497
32470
32415
32327
32318
32310
32349
32365
32383
32397
32417
32443
32487
32495
32497
32432
32388
32355
32357
32383
32366
32343
32343
32394
32453
32476
32461
32488
32514
32514
32495
32482
32447
32402
32364
32367
32397
32411
32399
32378
32424
32542
32595
32551
32519
32520
32530
32489
32413
32349
32306
32305
32361
32389
32433
32469
32486
32518
32565
32581
32535
32410
32331
32291
32281
32291
32304
32334
32399
32460
32462
32474
32479
32463
32439
32433
32396
32327
32298
32319
32349
32401
32425
32415
32411
32432
32445
32434
32456
32469
32415
32403
32409
32371
32319
32345
32361
32428
32493
32526
32499
32471
32447
32435
32441
32444
32379
32358
32384
32387
32390
32455
32492
32517
32552
32551
32489
32420
32399
32392
32381
32451
32412
32412
32446
32456
32447
32459
32445
32449
32465
32496
32460
32374
32379
32393
32419
32457
32419
32360
32326
32303
32337
32419
32489
32477
32437
32461
32479
32405
32343
32300
32279
32333
32420
32410
32383
32375
32423
32431
32466
32463
32434
32414
32382
32343
32369
32391
32372
32381
32455
32510
32482
32425
32453
32479
32467
32421
32389
32403
32408
32373
32373
32421
32457
32479
32449
32513
32497
32454
32451
32484
32481
32485
32410
32303
32269
32304
32411
32509
32606
32597
32584
32551
32489
32375
32347
32370
32269
32256
32269
32255
32347
32476
32619
32635
32571
32513
32543
32505
32397
32224
32103
32215
32273
32339
32454
32555
32614
32466
32319
32263
32324
32407
32498
32469
32393
32321
32258
32431
32638
32653
32577
32440
32345
32247
32163
32236
32390
32606
32729
32646
32399
32313
32269
32281
32349
32421
32450
32507
32567
32595
32515
32535
32521
32514
32543
32493
32291
32217
32143
32126
32210
32384
32488
32538
32681
32694
32567
32440
32457
32406
32465
32442
32332
32254
32310
32296
32304
32417
32528
32413
32464
32555
32551
32463
32417
32249
32259
32283
32307
32226
32354
32528
32625
32632
32719
32574
32526
32483
32399
32311
32277
32133
32063
32151
32415
32465
32537
32663
32686
32715
32677
32494
32393
32383
32349
32363
32389
32439
32496
32475
32401
32339
32394
32609
32601
32469
32358
32257
32257
32355
32463
32515
32503
32355
32342
32398
32447
32433
32481
32602
32615
32455
32303
32153
32139
32237
32343
32421
32477
32493
32498
32503
32446
32459
32455
32453
32430
32420
32386
32326
32255
32324
32413
32528
32567
32534
32541
32574
32497
32379
32232
32206
32331
32440
32556
32471
32414
32458
32505
32567
32616
32539
32491
32495
32472
32437
32368
32244
32189
32187
32285
32334
32319
32453
32607
32811
32961
32769
32567
32463
32311
32239
32221
32125
32063
32119
32343
32589
32610
32604
32498
32549
32671
32541
32267
32119
31992
31983
32119
32273
32561
32835
32972
32833
32506
32235
32136
32180
32211
32253
32177
32108
32159
32285
32458
32735
32959
33022
32823
32542
32190
32099
32167
32268
32355
32407
32415
32401
32487
32547
32532
32646
32702
32563
32439
32361
32272
32281
32415
32458
32478
32455
32398
32272
32333
32527
32655
32667
32672
32554
32499
32413
32317
32211
32305
32367
32390
32394
32422
32378
32379
32409
32523
32572
32663
32607
32439
32271
32276
32378
32427
32487
32439
32391
32335
32299
32193
32173
32257
32375
32436
32503
32433
32357
32297
32487
32619
32657
32484
32293
32233
32407
32455
32447
32395
32467
32393
32396
32270
32220
32238
32408
32643
32760
32707
32598
32462
32499
32455
32426
32385
32315
32347
32411
32409
32423
32416
32468
32527
32505
32484
32447
32356
32300
32364
32511
32609
32477
32413
32311
32303
32403
32503
32503
32460
32389
32371
32391
32366
32336
32390
32487
32559
32479
32364
32216
32151
32279
32491
32605
32624
32527
32489
32404
32350
32249
32214
32262
32373
32491
32611
32537
32402
32366
32432
32421
32352
32237
32236
32366
32527
32599
32475
32333
32251
32344
32541
32620
32458
32409
32472
32511
32517
32402
32229
32258
32422
32551
32549
32450
32335
32312
32456
32535
32523
32511
32551
32549
32541
32522
32397
32243
32229
32272
32303
32343
32433
32503
32605
32675
32575
32408
32307
32255
32253
32357
32466
32467
32472
32489
32409
32292
32327
32421
32531
32629
32585
32346
32135
32129
32231
32415
32567
32602
32527
32602
32571
32446
32368
32388
32361
32406
32390
32307
32190
32170
32187
32306
32520
32691
32685
32657
32549
32442
32397
32423
32417
32410
32319
32215
32137
32207
32317
32453
32592
32677
32673
32639
32535
32415
32351
32307
32273
32365
32382
32328
32316
32413
32559
32695
32727
32595
32441
32399
32399
32373
32329
32233
32230
32353
32496
32514
32502
32458
32475
32575
32678
32600
32462
32267
32133
32178
32343
32467
32481
32401
32445
32493
32609
32630
32514
32415
32415
32387
32317
32164
32108
32146
32303
32509
32673
32588
32489
32432
32495
32561
32509
32380
32283
32212
32205
32251
32288
32294
32346
32453
32547
32615
32619
32507
32345
32327
32372
32465
32415
32287
32247
32317
32384
32467
32504
32528
32535
32611
32636
32545
32444
32372
32343
32351
32349
32337
32412
32455
32523
32594
32656
32603
32508
32433
32384
32311
32299
32342
32391
32420
32414
32455
32523
32539
32563
32541
32563
32509
32430
32312
32225
32164
32169
32245
32344
32431
32511
32573
32562
32485
32497
32485
32435
32440
32340
32279
32247
32279
32284
32288
32307
32327
32402
32506
32553
32525
32486
32437
32355
32321
32308
32207
32201
32321
32484
32583
32649
32611
32507
32457
32415
32411
32409
32423
32387
32365
32389
32343
32345
32432
32497
32583
32599
32638
32573
32524
32489
32403
32345
32356
32387
32380
32436
32479
32472
32497
32511
32521
32478
32451
32413
32382
32422
32435
32353
32291
32297
32323
32372
32443
32479
32527
32602
32617
32503
32381
32287
32187
32175
32261
32301
32294
32313
32373
32440
32497
32490
32460
32484
32501
32495
32412
32350
32263
32233
32269
32317
32359
32395
32438
32479
32503
32567
32549
32447
32381
32363
32377
32374
32358
32359
32427
32501
32557
32567
32546
32505
32504
32538
32540
32493
32393
32309
32254
32305
32377
32461
32505
32583
32656
32675
32621
32549
32465
32330
32269
32253
32280
32309
32337
32379
32419
32487
32519
32524
32491
32451
32427
32407
32399
32358
32303
32251
32229
32264
32347
32436
32493
32513
32507
32499
32453
32383
32351
32298
32276
32318
32335
32352
32338
32341
32392
32461
32551
32581
32555
32505
32423
32361
32339
32300
32271
32296
32363
32423
32485
32551
32545
32525
32490
32447
32421
32431
32426
32365
32358
32400
32425
32437
32493
32531
32539
32527
32500
32490
32479
32436
32385
32292
32313
32366
32387
32387
32406
32431
32505
32536
32547
32541
32519
32453
32387
32341
32349
32285
32242
32257
32330
32381
32459
32479
32457
32481
32494
32455
32415
32411
32409
32349
32328
32367
32333
32353
32370
32382
32445
32537
32537
32447
32431
32398
32336
32316
32327
32323
32367
32441
32419
32455
32517
32500
32469
32465
32456
32410
32386
32341
32321
32341
32383
32378
32371
32447
32513
32557
32569
32571
32523
32456
32391
32336
32321
32310
32323
32341
32433
32549
32556
32531
32510
32522
32493
32471
32405
32363
32370
32396
32367
32323
32340
32391
32420
32483
32541
32569
32555
32499
32406
32362
32359
32327
32292
32329
32371
32403
32417
32467
32494
32517
32499
32423
32364
32407
32437
32423
32403
32372
32355
32364
32391
32400
32429
32447
32443
32441
32483
32425
32331
32261
32292
32363
32431
32444
32411
32431
32467
32518
32506
32473
32434
32380
32358
32375
32357
32356
32338
32320
32359
32445
32495
32531
32533
32556
32567
32531
32478
32399
32346
32335
32333
32369
32399
32417
32454
32448
32500
32529
32541
32505
32483
32473
32473
32439
32363
32326
32347
32343
32382
32427
32478
32519
32525
32511
32462
32401
32375
32316
32302
32346
32377
32398
32418
32419
32457
32462
32429
32402
32402
32396
32376
32361
32325
32311
32298
32323
32348
32401
32450
32469
32494
32493
32491
32431
32379
32314
32294
32296
32327
32324
32375
32417
32429
32461
32507
32515
32511
32478
32445
32413
32408
32386
32337
32343
32375
32402
32451
32509
32552
32567
32582
32554
32534
32500
32444
32378
32366
32359
32345
32371
32439
32471
32489
32529
32519
32513
32520
32493
32459
32401
32383
32355
32361
32363
32358
32379
32423
32441
32449
32462
32452
32400
32351
32326
32327
32323
32335
32362
32380
32422
32469
32472
32471
32471
32429
32373
32342
32343
32317
32295
32267
32258
32308
32391
32413
32469
32493
32511
32521
32509
32491
32442
32367
32345
32311
32326
32375
32379
32403
32455
32516
32564
32579
32543
32511
32468
32453
32439
32413
32413
32397
32403
32437
32464
32485
32521
32513
32531
32521
32511
32492
32424
32394
32358
32346
32350
32379
32417
32429
32439
32457
32479
32463
32431
32429
32391
32372
32360
32349
32332
32337
32351
32381
32429
32437
32445
32451
32437
32394
32353
32327
32328
32304
32284
32316
32366
32445
32475
32476
32476
32477
32455
32449
32401
32347
32319
32331
32323
32345
32369
32382
32405
32464
32505
32559
32570
32561
32520
32470
32417
32377
32333
32327
32343
32383
32438
32482
32505
32519
32543
32532
32509
32503
32465
32450
32419
32394
32393
32392
32408
32437
32426
32453
32466
32455
32479
32437
32415
32371
32319
32342
32341
32369
32404
32423
32462
32467
32464
32433
32406
32401
32397
32357
32345
32310
32291
32301
32331
32361
32414
32461
32477
32489
32496
32458
32411
32383
32343
32311
32323
32337
32365
32395
32434
32455
32474
32475
32478
32453
32441
32437
32417
32385
32379
32345
32343
32401
32394
32430
32445
32466
32497
32527
32533
32524
32465
32425
32402
32367
32369
32361
32374
32391
32409
32460
32510
32505
32495
32461
32474
32463
32418
32385
32381
32344
32405
32438
32476
32465
32445
32442
32445
32452
32461
32405
32358
32353
32369
32368
32405
32407
32425
32439
32479
32502
32487
32436
32390
32376
32404
32407
32364
32335
32323
32321
32365
32409
32429
32470
32497
32497
32465
32453
32431
32367
32323
32297
32273
32327
32378
32399
32415
32449
32461
32487
32496
32466
32423
32362
32356
32377
32383
32387
32398
32384
32421
32427
32468
32504
32481
32471
32453
32433
32423
32419
32409
32383
32383
32415
32439
32469
32461
32438
32471
32474
32479
32479
32423
32373
32348
32370
32391
32424
32438
32451
32471
32507
32497
32469
32437
32385
32376
32387
32380
32374
32379
32379
32387
32423
32461
32473
32456
32422
32425
32447
32436
32385
32319
32309
32295
32331
32377
32385
32403
32431
32437
32467
32470
32455
32400
32381
32358
32363
32373
32357
32326
32325
32389
32435
32484
32489
32458
32451
32437
32423
32424
32439
32436
32404
32403
32419
32429
32437
32462
32447
32463
32487
32475
32476
32469
32441
32402
32400
32404
32430
32462
32463
32493
32481
32490
32495
32479
32461
32421
32366
32363
32383
32386
32390
32391
32392
32421
32501
32496
32489
32471
32452
32417
32403
32357
32341
32337
32351
32372
32395
32397
32413
32441
32451
32423
32421
32396
32383
32387
32391
32357
32335
32298
32325
32391
32446
32455
32449
32458
32429
32445
32439
32416
32351
32354
32328
32349
32396
32425
32448
32436
32486
32503
32491
32493
32439
32399
32423
32415
32437
32433
32457
32450
32451
32471
32460
32471
32455
32463
32463
32469
32437
32413
32416
32400
32396
32403
32401
32431
32447
32482
32485
32501
32475
32423
32393
32348
32339
32349
32339
32353
32361
32401
32440
32461
32472
32445
32453
32423
32405
32370
32355
32345
32333
32351
32361
32377
32404
32429
32435
32435
32411
32391
32400
32409
32404
32400
32393
32385
32379
32410
32404
32423
32421
32444
32457
32461
32469
32451
32411
32407
32397
32411
32420
32402
32407
32437
32489
32505
32513
32486
32478
32476
32475
32451
32432
32393
32388
32392
32407
32433
32455
32485
32488
32499
32497
32463
32435
32401
32395
32400
32389
32381
32395
32407
32411
32439
32433
32465
32441
32453
32429
32419
32387
32364
32343
32329
32361
32398
32403
32419
32438
32451
32465
32466
32431
32397
32385
32375
32365
32359
32361
32359
32371
32394
32406
32466
32447
32452
32457
32454
32437
32423
32381
32372
32372
32417
32423
32439
32446
32469
32479
32483
32465
32434
32421
32399
32417
32417
32415
32415
32415
32435
32465
32488
32500
32499
32473
32486
32471
32447
32418
32377
32361
32359
32389
32428
32423
32416
32439
32473
32495
32489
32456
32405
32375
32391
32409
32410
32382
32391
32398
32430
32444
32455
32432
32413
32401
32381
32381
32386
32393
32373
32376
32395
32425
32421
32441
32423
32437
32448
32463
32425
32416
32391
32374
32358
32380
32386
32407
32415
32407
32420
32417
32434
32452
32461
32451
32422
32407
32391
32393
32389
32403
32408
32416
32432
32463
32473
32469
32465
32463
32436
32437
32423
32413
32396
32385
32406
32415
32439
32475
32474
32473
32485
32478
32459
32439
32405
32383
32385
32385
32397
32407
32421
32431
32441
32479
32483
32455
32431
32418
32423
32403
32377
32375
32372
32393
32419
32413
32430
32444
32437
32447
32453
32415
32403
32365
32355
32369
32378
32373
32386
32391
32417
32435
32461
32447
32439
32437
32419
32370
32329
32319
32328
32375
32415
32421
32429
32442
32448
32463
32455
32434
32385
32387
32397
32415
32413
32399
32398
32402
32411
32447
32469
32470
32453
32466
32461
32440
32450
32430
32421
32412
32415
32429
32431
32445
32445
32455
32459
32465
32459
32439
32422
32410
32425
32409
32391
32389
32415
32419
32423
32467
32476
32470
32455
32433
32402
32365
32339
32337
32375
32385
32393
32403
32422
32421
32426
32447
32425
32418
32419
32385
32372
32353
32356
32363
32373
32386
32399
32409
32431
32431
32447
32432
32412
32407
32385
32375
32371
32388
32403
32391
32405
32424
32447
32482
32467
32465
32445
32445
32455
32446
32413
32403
32405
32404
32435
32445
32473
32476
32458
32479
32478
32470
32466
32439
32439
32427
32422
32409
32417
32447
32437
32458
32469
32435
32430
32417
32413
32401
32411
32389
32373
32371
32405
32394
32410
32408
32418
32449
32449
32431
32417
32391
32367
32341
32322
32342
32367
32367
32394
32415
32436
32450
32437
32415
32415
32412
32381
32339
32342
32369
32405
32387
32363
32359
32403
32449
32462
32453
32446
32429
32410
32409
32435
32429
32398
32393
32410
32452
32492
32495
32452
32419
32432
32464
32495
32477
32457
32409
32389
32409
32431
32469
32468
32449
32449
32484
32471
32464
32482
32455
32397
32357
32383
32382
32415
32426
32397
32415
32443
32482
32471
32451
32407
32357
32331
32362
32380
32405
32419
32375
32365
32415
32439
32443
32437
32407
32388
32385
32397
32399
32361
32377
32344
32325
32361
32420
32433
32427
32430
32439
32441
32470
32455
32416
32393
32392
32377
32383
32401
32395
32417
32413
32453
32457
32467
32457
32442
32459
32481
32470
32413
32379
32389
32447
32483
32495
32445
32413
32426
32464
32505
32496
32421
32338
32348
32378
32429
32442
32450
32439
32421
32469
32481
32472
32437
32407
32355
32360
32411
32434
32428
32381
32357
32351
32389
32431
32472
32495
32471
32365
32359
32376
32373
32383
32359
32323
32316
32382
32451
32457
32457
32451
32378
32367
32375
32407
32456
32457
32372
32319
32385
32422
32430
32417
32445
32426
32411
32428
32436
32455
32495
32473
32401
32329
32332
32343
32436
32578
32613
32455
32449
32407
32389
32527
32479
32401
32431
32308
32261
32319
32308
32555
32729
32651
32507
32308
32334
32529
32557
32437
32196
32014
32245
32492
32559
32728
32612
32307
32298
32291
32363
32597
32641
32450
32263
32239
32301
32373
32579
32515
32136
32125
32361
32551
32761
32772
32468
32260
32356
32379
32371
32377
32295
32123
32196
32473
32549
32621
32671
32430
32291
32461
32457
32419
32517
32462
32241
32273
32350
32397
32447
32533
32461
32411
32471
32577
32479
32441
32312
32205
32361
32607
32563
32535
32564
32439
32335
32328
32287
32270
32331
32432
32487
32548
32607
32463
32346
32392
32330
32331
32439
32489
32471
32463
32476
32405
32355
32370
32366
32335
32421
32452
32457
32495
32419
32314
32412
32467
32475
32559
32526
32451
32423
32381
32371
32351
32330
32337
32414
32501
32535
32475
32339
32271
32375
32462
32475
32389
32427
32467
32503
32496
32449
32352
32302
32307
32289
32343
32453
32439
32443
32474
32455
32454
32484
32438
32295
32243
32269
32289
32409
32538
32562
32527
32530
32494
32431
32435
32298
32228
32263
32439
32481
32559
32585
32493
32281
32271
32309
32399
32541
32525
32431
32492
32570
32532
32471
32372
32255
32205
32325
32441
32529
32626
32529
32365
32359
32423
32406
32383
32335
32293
32395
32545
32628
32538
32451
32295
32177
32308
32476
32515
32521
32378
32245
32301
32403
32421
32391
32386
32420
32415
32487
32569
32497
32374
32269
32164
32280
32447
32457
32493
32444
32347
32369
32399
32447
32473
32461
32470
32403
32421
32533
32440
32318
32321
32371
32539
32658
32509
32439
32375
32367
32307
32338
32396
32391
32322
32477
32578
32629
32639
32477
32312
32319
32229
32185
32291
32477
32527
32619
32535
32417
32339
32357
32260
32287
32368
32433
32334
32391
32402
32379
32397
32454
32445
32363
32349
32319
32407
32557
32657
32518
32323
32273
32348
32414
32448
32343
32270
32217
32309
32463
32581
32474
32449
32426
32360
32467
32487
32453
32520
32587
32615
32556
32407
32282
32251
32182
32173
32218
32401
32508
32559
32649
32709
32571
32509
32327
32239
32349
32453
32424
32467
32588
32605
32511
32527
32481
32276
32133
32136
32143
32346
32501
32463
32489
32641
32672
32573
32489
32455
32352
32388
32408
32307
32235
32312
32273
32271
32372
32332
32317
32420
32487
32513
32532
32473
32293
32359
32519
32501
32476
32446
32363
32276
32327
32311
32273
32324
32341
32319
32449
32634
32660
32527
32496
32470
32398
32425
32405
32340
32399
32454
32399
32339
32353
32336
32419
32534
32557
32441
32437
32374
32323
32439
32505
32468
32458
32588
32652
32497
32400
32317
32272
32334
32378
32365
32352
32455
32488
32496
32458
32385
32363
32388
32381
32387
32439
32427
32362
32423
32584
32601
32465
32375
32315
32345
32414
32299
32242
32290
32403
32449
32483
32479
32460
32354
32295
32261
32419
32525
32594
32562
32536
32503
32472
32425
32350
32315
32317
32228
32287
32447
32582
32551
32438
32383
32393
32463
32454
32343
32388
32514
32511
32487
32530
32538
32451
32378
32303
32348
32370
32349
32277
32337
32422
32432
32345
32374
32424
32515
32531
32502
32462
32551
32471
32327
32274
32326
32348
32319
32323
32369
32418
32431
32382
32386
32491
32541
32475
32415
32453
32445
32375
32345
32275
32392
32433
32385
32359
32423
32466
32439
32345
32373
32499
32615
32597
32431
32361
32431
32385
32335
32377
32455
32475
32451
32442
32546
32578
32429
32321
32359
32467
32499
32383
32331
32395
32445
32501
32480
32415
32401
32383
32389
32399
32453
32511
32445
32362
32405
32475
32450
32377
32271
32367
32435
32422
32330
32307
32364
32442
32413
32464
32493
32453
32389
32332
32391
32534
32523
32454
32423
32463
32495
32455
32358
32287
32247
32229
32238
32301
32506
32607
32540
32470
32475
32468
32465
32400
32334
32381
32511
32536
32505
32482
32427
32322
32254
32270
32320
32407
32455
32395
32434
32490
32445
32351
32399
32457
32478
32463
32490
32493
32539
32502
32354
32298
32339
32359
32357
32409
32415
32391
32411
32394
32330
32345
32412
32372
32415
32560
32610
32509
32407
32373
32405
32438
32425
32347
32350
32428
32445
32428
32453
32403
32336
32356
32377
32407
32414
32383
32386
32471
32575
32535
32424
32401
32439
32473
32516
32468
32383
32391
32360
32311
32306
32340
32375
32392
32442
32486
32465
32371
32345
32314
32394
32505
32511
32489
32465
32465
32431
32353
32324
32337
32366
32390
32417
32403
32413
32397
32334
32338
32394
32399
32430
32427
32462
32484
32485
32465
32456
32497
32484
32372
32300
32297
32335
32382
32440
32438
32461
32463
32453
32447
32451
32439
32462
32436
32466
32472
32421
32431
32476
32447
32415
32365
32335
32351
32398
32421
32418
32413
32479
32486
32473
32463
32405
32391
32388
32381
32416
32464
32455
32416
32389
32401
32382
32368
32409
32413
32367
32317
32295
32313
32419
32447
32421
32407
32423
32471
32473
32427
32399
32375
32385
32406
32395
32447
32453
32382
32363
32427
32422
32424
32352
32373
32445
32464
32462
32441
32405
32452
32439
32443
32473
32515
32541
32505
32473
32535
32492
32364
32297
32324
32364
32410
32401
32387
32379
32413
32427
32415
32455
32503
32495
32511
32514
32497
32543
32464
32331
32309
32375
32425
32396
32349
32349
32373
32384
32405
32335
32333
32389
32402
32421
32473
32463
32439
32409
32399
32397
32392
32414
32417
32428
32434
32401
32349
32345
32337
32340
32341
32351
32381
32433
32453
32455
32453
32463
32478
32433
32423
32460
32477
32503
32439
32437
32427
32410
32387
32427
32441
32511
32484
32460
32430
32338
32306
32343
32391
32454
32458
32466
32477
32477
32518
32494
32442
32431
32445
32440
32422
32405
32381
32367
32347
32329
32306
32348
32386
32387
32423
32485
32488
32462
32439
32442
32423
32421
32379
32358
32424
32439
32397
32360
32355
32377
32389
32399
32377
32368
32392
32403
32398
32430
32436
32416
32417
32465
32506
32456
32407
32381
32393
32438
32410
32343
32338
32423
32510
32502
32433
32409
32385
32435
32470
32469
32455
32441
32414
32433
32475
32471
32432
32429
32429
32419
32424
32446
32415
32415
32440
32429
32387
32417
32407
32365
32367
32383
32403
32446
32454
32427
32420
32431
32431
32405
32395
32405
32403
32386
32391
32367
32363
32378
32385
32387
32437
32407
32385
32389
32407
32464
32487
32471
32439
32433
32441
32431
32407
32401
32385
32375
32381
32382
32371
32372
32353
32392
32447
32461
32451
32440
32452
32503
32533
32502
32461
32445
32441
32403
32357
32350
32337
32343
32401
32429
32425
32417
32423
32407
32447
32454
32453
32426
32463
32457
32466
32466
32436
32406
32427
32397
32370
32360
32387
32387
32389
32409
32430
32428
32409
32381
32356
32382
32401
32403
32465
32479
32476
32463
32466
32465
32439
32412
32377
32367
32413
32431
32423
32408
32391
32399
32411
32386
32385
32401
32419
32422
32418
32447
32506
32476
32453
32430
32438
32454
32452
32439
32432
32391
32360
32335
32328
32367
32381
32343
32336
32375
32438
32478
32483
32479
32471
32487
32513
32485
32469
32408
32329
32311
32351
32388
32426
32377
32359
32377
32405
32437
32407
32409
32421
32465
32474
32478
32481
32470
32426
32415
32424
32409
32419
32387
32381
32417
32455
32418
32405
32409
32413
32435
32418
32410
32413
32447
32477
32470
32455
32447
32411
32396
32434
32433
32429
32412
32409
32431
32458
32458
32402
32349
32377
32396
32399
32403
32409
32379
32413
32422
32404
32417
32413
32411
32433
32463
32448
32411
32393
32402
32383
32391
32383
32341
32346
32393
32412
32403
32415
32441
32447
32465
32492
32491
32478
32439
32391
32391
32416
32429
32424
32424
32417
32417
32406
32401
32407
32427
32441
32421
32451
32487
32521
32479
32448
32431
32443
32422
32403
32419
32409
32407
32400
32386
32414
32439
32434
32376
32380
32415
32449
32478
32482
32471
32457
32437
32402
32382
32377
32364
32333
32333
32369
32436
32445
32421
32389
32382
32409
32405
32399
32378
32385
32389
32382
32401
32437
32425
32393
32381
32412
32441
32426
32407
32400
32437
32463
32439
32410
32374
32376
32375
32376
32415
32451
32462
32477
32471
32482
32480
32469
32439
32432
32464
32478
32431
32420
32428
32442
32435
32423
32401
32403
32411
32375
32404
32428
32435
32434
32439
32443
32477
32471
32447
32420
32427
32431
32408
32380
32387
32389
32370
32361
32365
32386
32385
32361
32366
32401
32447
32471
32434
32430
32421
32399
32393
32371
32361
32389
32388
32388
32413
32419
32422
32396
32385
32417
32423
32406
32387
32391
32419
32454
32443
32418
32432
32420
32448
32415
32424
32457
32471
32486
32466
32468
32463
32423
32404
32399
32392
32423
32403
32390
32419
32463
32475
32449
32445
32464
32480
32455
32427
32419
32464
32429
32402
32400
32423
32431
32425
32388
32383
32382
32362
32371
32369
32417
32443
32445
32415
32421
32447
32451
32425
32408
32413
32415
32397
32418
32420
32407
32361
32334
32331
32381
32421
32425
32440
32453
32465
32453
32404
32391
32403
32412
32401
32417
32436
32452
32433
32399
32407
32413
32420
32423
32439
32433
32441
32417
32409
32417
32433
32443
32448
32427
32445
32463
32437
32435
32429
32437
32445
32417
32399
32428
32453
32427
32397
32390
32387
32395
32391
32399
32406
32426
32434
32424
32429
32443
32437
32405
32407
32426
32455
32433
32403
32364
32373
32388
32367
32379
32376
32397
32403
32412
32415
32447
32455
32425
32415
32449
32471
32459
32441
32427
32415
32402
32410
32387
32375
32403
32391
32399
32423
32446
32445
32431
32423
32436
32469
32459
32444
32432
32429
32426
32411
32414
32407
32414
32421
32393
32407
32399
32411
32417
32403
32417
32429
32460
32441
32446
32438
32427
32413
32407
32447
32475
32465
32429
32397
32411
32422
32395
32375
32387
32389
32402
32421
32415
32434
32431
32427
32405
32440
32449
32439
32423
32447
32455
32455
32447
32415
32409
32445
32435
32401
32372
32389
32388
32385
32399
32421
32430
32435
32427
32449
32455
32455
32450
32425
32419
32428
32408
32408
32401
32391
32386
32369
32372
32386
32399
32391
32395
32409
32427
32431
32440
32435
32432
32433
32417
32431
32422
32433
32415
32411
32403
32391
32390
32389
32388
32413
32417
32429
32421
32441
32452
32449
32419
32408
32431
32457
32473
32453
32447
32415
32415
32418
32429
32421
32423
32415
32406
32443
32449
32441
32435
32403
32413
32423
32449
32445
32427
32452
32440
32437
32437
32415
32399
32393
32408
32424
32439
32418
32410
32394
32399
32393
32389
32401
32403
32423
32432
32433
32429
32391
32403
32389
32393
32423
32403
32392
32389
32389
32385
32377
32386
32379
32391
32413
32429
32447
32445
32448
32430
32417
32431
32428
32426
32431
32443
32436
32439
32423
32413
32411
32437
32420
32413
32443
32448
32447
32444
32437
32431
32439
32451
32465
32471
32464
32453
32433
32433
32432
32421
32399
32401
32404
32420
32439
32426
32400
32406
32394
32412
32425
32429
32443
32410
32403
32397
32415
32445
32423
32419
32415
32407
32421
32414
32382
32369
32367
32351
32387
32401
32409
32424
32400
32403
32419
32438
32437
32419
32430
32405
32397
32407
32413
32405
32392
32395
32385
32401
32439
32415
32415
32424
32422
32419
32440
32455
32441
32445
32449
32483
32468
32475
32455
32452
32441
32455
32439
32439
32439
32415
32413
32415
32413
32425
32431
32441
32426
32431
32420
32427
32423
32413
32425
32423
32425
32418
32415
32420
32421
32418
32400
32419
32407
32401
32398
32378
32387
32373
32391
32383
32384
32397
32397
32423
32436
32443
32433
32409
32410
32385
32395
32399
32404
32415
32411
32414
32404
32391
32399
32373
32384
32393
32405
32441
32452
32463
32443
32439
32449
32447
32443
32426
32423
32399
32427
32439
32437
32430
32423
32431
32428
32439
32434
32411
32404
32407
32411
32439
32443
32435
32430
32438
32430
32445
32431
32418
32405
32391
32405
32416
32405
32392
32374
32387
32399
32414
32420
32406
32397
32399
32415
32419
32433
32424
32405
32383
32399
32418
32421
32397
32398
32417
32437
32427
32422
32380
32364
32369
32397
32412
32424
32454
32465
32463
32439
32433
32423
32418
32415
32396
32408
32409
32405
32409
32416
32423
32427
32409
32406
32423
32424
32441
32439
32427
32428
32435
32453
32445
32436
32411
32383
32387
32416
32420
32431
32405
32391
32391
32407
32427
32434
32417
32415
32402
32429
32437
32407
32417
32424
32395
32391
32401
32396
32399
32401
32419
32436
32406
32407
32402
32403
32413
32396
32400
32413
32415
32429
32453
32445
32435
32409
32413
32415
32439
32445
32438
32406
32407
32407
32406
32423
32407
32399
32383
32382
32393
32407
32420
32433
32427
32423
32437
32457
32463
32447
32423
32391
32375
32374
32402
32438
32424
32401
32367
32375
32407
32439
32454
32415
32410
32415
32462
32466
32452
32438
32406
32398
32411
32437
32444
32418
32382
32377
32402
32409
32415
32384
32398
32403
32425
32432
32439
32450
32454
32462
32431
32423
32421
32388
32383
32401
32435
32422
32419
32423
32426
32457
32446
32395
32389
32400
32420
32410
32403
32412
32443
32439
32439
32435
32417
32411
32390
32376
32402
32407
32404
32401
32401
32389
32393
32403
32375
32404
32425
32425
32429
32411
32405
32418
32415
32383
32406
32415
32400
32401
32409
32432
32429
32419
32407
32422
32438
32421
32404
32387
32402
32426
32419
32407
32419
32458
32483
32477
32463
32457
32445
32420
32387
32376
32394
32396
32391
32415
32452
32470
32460
32439
32430
32429
32429
32429
32419
32435
32440
32433
32419
32405
32415
32431
32402
32417
32411
32421
32399
32397
32405
32399
32397
32391
32373
32421
32424
32427
32403
32394
32409
32415
32407
32403
32393
32371
32372
32371
32423
32465
32441
32418
32391
32380
32397
32410
32415
32417
32403
32444
32451
32412
32395
32444
32431
32491
32499
32409
32379
32376
32354
32375
32453
32517
32479
32455
32443
32309
32301
32401
32459
32492
32533
32443
32351
32312
32401
32441
32455
32438
32474
32490
32474
32425
32405
32314
32273
32397
32445
32390
32441
32506
32494
32444
32484
32343
32170
32267
32432
32479
32550
32537
32413
32337
32393
32403
32351
32322
32313
32406
32442
32453
32383
32357
32375
32421
32464
32482
32456
32515
32515
32442
32420
32396
32298
32301
32389
32423
32400
32412
32411
32442
32551
32593
32487
32417
32439
32463
32504
32481
32369
32373
32471
32481
32452
32418
32359
32397
32510
32541
32437
32343
32277
32243
32309
32433
32422
32439
32502
32496
32476
32517
32477
32412
32390
32410
32421
32407
32367
32263
32242
32279
32285
32371
32454
32479
32497
32537
32452
32332
32287
32259
32241
32351
32477
32479
32487
32556
32561
32473
32444
32337
32285
32247
32277
32331
32409
32471
32488
32439
32423
32393
32452
32463
32383
32423
32481
32451
32439
32441
32477
32497
32481
32428
32377
32338
32365
32380
32431
32458
32450
32444
32497
32539
32531
32460
32417
32395
32423
32465
32407
32363
32367
32408
32443
32481
32418
32387
32342
32343
32371
32440
32480
32432
32411
32448
32470
32485
32463
32437
32421
32455
32455
32412
32355
32337
32279
32277
32307
32333
32306
32322
32362
32480
32605
32647
32538
32459
32399
32369
32326
32295
32307
32337
32380
32416
32421
32403
32361
32287
32286
32363
32443
32416
32408
32429
32513
32604
32573
32451
32421
32448
32439
32439
32406
32343
32343
32425
32487
32483
32388
32286
32197
32305
32491
32559
32541
32515
32561
32611
32607
32456
32341
32319
32421
32435
32487
32467
32391
32341
32367
32351
32364
32361
32336
32326
32446
32511
32523
32460
32444
32409
32423
32435
32441
32473
32526
32536
32505
32413
32309
32244
32239
32241
32311
32370
32413
32411
32438
32443
32428
32488
32491
32496
32483
32442
32366
32363
32384
32397
32376
32396
32415
32478
32447
32347
32231
32258
32362
32428
32506
32531
32465
32440
32431
32440
32464
32501
32460
32443
32471
32445
32385
32405
32426
32430
32401
32355
32313
32336
32400
32477
32503
32545
32562
32531
32471
32371
32317
32370
32379
32454
32487
32496
32461
32399
32315
32343
32370
32399
32359
32347
32411
32473
32467
32458
32432
32445
32470
32443
32404
32338
32315
32319
32393
32473
32480
32358
32331
32364
32409
32437
32376
32265
32305
32319
32333
32441
32583
32622
32597
32404
32252
32203
32249
32311
32397
32461
32499
32447
32402
32337
32342
32382
32395
32385
32472
32545
32524
32486
32359
32335
32308
32240
32299
32535
32671
32711
32578
32431
32365
32383
32383
32362
32253
32237
32282
32375
32535
32557
32567
32594
32583
32515
32535
32384
32341
32295
32333
32355
32333
32319
32401
32503
32563
32585
32461
32368
32367
32434
32455
32379
32315
32356
32383
32417
32405
32441
32418
32382
32397
32503
32525
32467
32297
32191
32240
32333
32355
32405
32462
32546
32553
32482
32381
32300
32341
32352
32331
32355
32394
32344
32355
32443
32562
32538
32458
32288
32286
32407
32467
32378
32412
32506
32549
32522
32475
32442
32478
32452
32356
32262
32307
32385
32443
32519
32612
32644
32561
32479
32399
32441
32397
32324
32225
32327
32494
32567
32489
32452
32416
32413
32369
32351
32396
32391
32379
32374
32423
32517
32585
32472
32400
32391
32443
32416
32357
32335
32423
32475
32433
32287
32233
32289
32340
32362
32459
32535
32529
32471
32420
32348
32409
32403
32377
32413
32514
32537
32397
32311
32295
32286
32335
32383
32410
32465
32471
32385
32355
32391
32455
32467
32480
32526
32537
32528
32528
32493
32507
32493
32349
32209
32242
32385
32436
32427
32371
32385
32443
32491
32463
32460
32500
32503
32482
32515
32530
32455
32377
32367
32367
32443
32415
32333
32284
32343
32387
32299
32225
32282
32455
32536
32541
32505
32487
32471
32438
32412
32473
32471
32415
32315
32311
32437
32458
32356
32255
32218
32334
32370
32341
32349
32435
32519
32522
32507
32499
32502
32473
32455
32447
32506
32499
32351
32265
32287
32375
32375
32325
32335
32486
32565
32478
32389
32404
32435
32487
32476
32450
32519
32533
32488
32443
32466
32506
32469
32360
32336
32349
32345
32269
32229
32319
32409
32431
32424
32441
32531
32569
32488
32446
32441
32439
32423
32365
32363
32380
32392
32338
32314
32289
32289
32315
32341
32443
32567
32551
32447
32373
32423
32459
32440
32441
32471
32531
32522
32427
32357
32370
32375
32337
32317
32281
32314
32375
32443
32518
32514
32416
32374
32395
32465
32489
32456
32429
32455
32567
32533
32338
32229
32187
32215
32371
32463
32439
32348
32287
32300
32386
32525
32656
32628
32561
32473
32381
32385
32415
32414
32345
32269
32277
32371
32425
32416
32415
32462
32475
32553
32505
32355
32279
32319
32395
32523
32593
32559
32497
32475
32459
32459
32393
32382
32343
32319
32304
32287
32287
32295
32405
32544
32593
32584
32487
32417
32377
32427
32503
32430
32400
32428
32428
32371
32333
32357
32275
32277
32317
32330
32372
32364
32311
32371
32487
32539
32538
32458
32415
32375
32325
32385
32411
32413
32478
32419
32407
32334
32265
32245
32305
32410
32476
32439
32388
32380
32508
32581
32567
32535
32593
32551
32483
32343
32291
32304
32378
32443
32460
32459
32433
32369
32395
32471
32545
32508
32420
32359
32404
32507
32539
32438
32375
32382
32447
32497
32462
32375
32368
32311
32278
32337
32371
32349
32263
32287
32416
32571
32590
32503
32462
32441
32461
32403
32315
32267
32223
32254
32294
32360
32419
32423
32381
32401
32511
32567
32473
32318
32259
32336
32415
32463
32397
32452
32507
32503
32482
32423
32411
32404
32359
32364
32385
32399
32337
32295
32407
32567
32645
32599
32555
32533
32528
32477
32417
32392
32467
32493
32453
32401
32399
32399
32364
32304
32320
32355
32397
32407
32433
32536
32618
32607
32469
32382
32349
32376
32379
32325
32312
32327
32370
32398
32443
32428
32307
32211
32188
32319
32454
32411
32339
32363
32445
32573
32559
32498
32455
32416
32351
32331
32325
32376
32363
32291
32250
32299
32397
32421
32363
32327
32415
32519
32555
32557
32563
32535
32429
32345
32366
32443
32485
32453
32351
32363
32437
32487
32495
32439
32435
32407
32377
32383
32449
32493
32472
32456
32509
32641
32656
32550
32409
32339
32355
32394
32375
32345
32302
32308
32333
32404
32487
32498
32405
32355
32354
32461
32543
32512
32431
32385
32416
32413
32339
32293
32278
32298
32392
32447
32446
32389
32278
32222
32336
32459
32475
32433
32389
32455
32503
32536
32509
32421
32397
32385
32333
32346
32311
32316
32324
32317
32354
32370
32407
32460
32475
32507
32581
32564
32508
32425
32366
32367
32368
32392
32449
32435
32420
32417
32425
32451
32436
32397
32393
32391
32399
32389
32414
32449
32462
32523
32591
32586
32561
32484
32390
32341
32348
32344
32311
32311
32333
32384
32406
32404
32376
32346
32391
32441
32487
32519
32511
32478
32471
32468
32419
32348
32337
32323
32359
32390
32349
32330
32375
32399
32393
32409
32439
32447
32445
32423
32445
32476
32497
32422
32343
32392
32439
32448
32478
32461
32455
32409
32347
32329
32320
32370
32345
32279
32286
32366
32447
32501
32517
32533
32555
32511
32495
32471
32437
32359
32235
32189
32254
32355
32422
32432
32435
32489
32510
32503
32495
32463
32420
32359
32311
32379
32462
32465
32439
32399
32479
32513
32445
32362
32302
32336
32385
32412
32409
32419
32383
32375
32407
32487
32555
32487
32431
32431
32487
32518
32432
32297
32291
32321
32378
32363
32331
32365
32388
32439
32466
32497
32499
32475
32421
32389
32461
32487
32431
32321
32315
32341
32375
32404
32365
32376
32419
32402
32382
32373
32363
32357
32355
32395
32452
32441
32407
32395
32445
32573
32598
32513
32415
32397
32343
32297
32261
32279
32325
32396
32463
32481
32519
32572
32503
32494
32534
32547
32471
32385
32361
32435
32469
32461
32409
32374
32419
32447
32422
32429
32391
32349
32319
32294
32378
32417
32451
32440
32486
32577
32654
32560
32459
32366
32338
32282
32261
32278
32305
32351
32363
32360
32416
32472
32431
32365
32391
32409
32443
32449
32438
32435
32455
32421
32369
32359
32373
32378
32326
32319
32345
32369
32356
32355
32379
32434
32459
32419
32433
32483
32491
32473
32453
32467
32493
32507
32468
32437
32459
32431
32398
32347
32372
32402
32388
32391
32419
32484
32509
32527
32509
32533
32557
32537
32469
32423
32417
32399
32366
32383
32349
32349
32353
32367
32418
32479
32463
32421
32411
32447
32440
32377
32329
32347
32415
32495
32492
32462
32434
32413
32379
32357
32369
32333
32245
32223
32281
32367
32426
32409
32381
32433
32516
32538
32503
32464
32451
32423
32388
32360
32356
32359
32343
32309
32367
32425
32439
32401
32385
32456
32520
32515
32497
32469
32463
32483
32470
32471
32506
32536
32497
32454
32450
32467
32417
32339
32334
32376
32437
32447
32409
32409
32443
32491
32500
32501
32477
32499
32481
32490
32479
32475
32395
32291
32270
32329
32362
32319
32271
32303
32392
32439
32425
32429
32422
32451
32437
32400
32400
32413
32408
32392
32401
32442
32450
32386
32347
32355
32383
32381
32327
32299
32363
32415
32412
32372
32410
32477
32475
32483
32481
32508
32521
32472
32411
32435
32441
32377
32309
32299
32361
32389
32381
32431
32485
32523
32529
32491
32465
32495
32484
32431
32401
32425
32465
32461
32435
32431
32440
32447
32397
32357
32412
32427
32403
32352
32357
32412
32396
32407
32415
32459
32507
32487
32447
32425
32447
32419
32336
32306
32286
32321
32312
32301
32310
32413
32448
32451
32471
32509
32517
32494
32439
32391
32361
32330
32314
32344
32433
32489
32479
32443
32437
32425
32411
32375
32333
32367
32385
32415
32425
32461
32516
32482
32457
32431
32439
32471
32443
32421
32393
32417
32400
32367
32311
32329
32358
32369
32409
32465
32528
32551
32501
32495
32472
32457
32428
32365
32387
32401
32415
32373
32391
32424
32437
32431
32404
32391
32382
32402
32417
32423
32487
32454
32407
32389
32419
32466
32478
32423
32397
32407
32437
32424
32382
32369
32364
32341
32358
32376
32381
32404
32383
32423
32483
32535
32536
32487
32459
32449
32427
32397
32331
32313
32310
32335
32354
32407
32430
32450
32423
32429
32449
32449
32423
32409
32391
32421
32427
32420
32399
32399
32416
32417
32417
32429
32439
32404
32390
32383
32390
32409
32401
32385
32407
32436
32484
32500
32512
32519
32499
32474
32427
32409
32397
32367
32347
32343
32393
32423
32423
32407
32443
32468
32459
32458
32449
32479
32461
32437
32413
32408
32404
32370
32366
32395
32420
32423
32399
32396
32401
32415
32397
32376
32387
32384
32405
32392
32415
32451
32471
32471
32421
32431
32425
32397
32376
32350
32361
32341
32320
32319
32356
32390
32393
32407
32413
32461
32479
32461
32429
32439
32424
32418
32398
32402
32396
32401
32382
32373
32387
32425
32417
32390
32412
32483
32492
32477
32433
32459
32469
32480
32465
32474
32498
32503
32454
32451
32453
32424
32383
32347
32360
32389
32405
32405
32395
32441
32481
32480
32447
32447
32456
32447
32439
32415
32415
32423
32396
32352
32346
32381
32387
32357
32362
32389
32403
32385
32388
32387
32415
32422
32414
32401
32416
32439
32429
32391
32393
32413
32391
32379
32370
32375
32391
32362
32338
32354
32401
32407
32391
32404
32449
32503
32502
32497
32471
32457
32444
32415
32407
32433
32419
32404
32395
32401
32448
32443
32423
32428
32458
32483
32493
32471
32476
32485
32471
32458
32454
32474
32456
32442
32437
32434
32437
32413
32366
32325
32345
32358
32359
32363
32383
32427
32460
32457
32456
32453
32468
32416
32381
32359
32361
32333
32311
32307
32329
32359
32351
32357
32386
32414
32436
32417
32399
32391
32410
32427
32423
32419
32423
32431
32415
32429
32428
32431
32403
32392
32391
32402
32379
32362
32383
32393
32425
32455
32466
32465
32510
32509
32497
32497
32475
32460
32422
32399
32413
32423
32426
32401
32393
32425
32454
32456
32441
32429
32436
32449
32459
32447
32434
32447
32445
32455
32463
32451
32407
32373
32359
32382
32392
32385
32361
32335
32367
32380
32368
32377
32378
32403
32401
32413
32423
32441
32457
32440
32421
32406
32387
32380
32349
32357
32355
32349
32354
32357
32391
32435
32463
32465
32465
32464
32463
32437
32429
32423
32407
32419
32402
32407
32409
32402
32391
32411
32431
32451
32437
32427
32412
32407
32420
32413
32433
32436
32457
32455
32489
32493
32477
32449
32416
32401
32388
32380
32365
32383
32395
32403
32421
32431
32450
32453
32476
32481
32474
32449
32409
32406
32374
32359
32381
32375
32395
32395
32411
32428
32415
32402
32410
32394
32383
32386
32399
32394
32404
32410
32421
32444
32450
32444
32432
32421
32411
32409
32399
32379
32373
32383
32391
32390
32417
32421
32401
32426
32449
32470
32475
32477
32458
32433
32419
32401
32375
32387
32383
32374
32391
32394
32423
32424
32446
32432
32421
32411
32421
32431
32442
32465
32460
32438
32438
32439
32433
32443
32425
32393
32407
32408
32413
32391
32389
32387
32396
32428
32434
32447
32455
32455
32465
32451
32451
32451
32421
32419
32421
32391
32367
32359
32356
32366
32365
32370
32385
32421
32457
32469
32463
32425
32420
32407
32413
32401
32403
32388
32379
32393
32411
32428
32408
32382
32395
32403
32415
32407
32375
32383
32372
32385
32411
32423
32435
32454
32446
32439
32436
32417
32399
32374
32360
32352
32353
32351
32363
32404
32427
32458
32451
32466
32480
32457
32446
32430
32422
32407
32405
32419
32429
32442
32458
32460
32450
32428
32423
32409
32411
32419
32427
32429
32431
32426
32433
32463
32465
32457
32444
32419
32424
32434
32417
32411
32383
32351
32343
32360
32379
32391
32397
32393
32405
32436
32465
32453
32420
32423
32409
32410
32400
32363
32373
32352
32365
32373
32386
32394
32390
32366
32366
32383
32401
32406
32400
32409
32423
32447
32453
32423
32407
32423
32425
32435
32409
32404
32399
32391
32399
32391
32390
32411
32407
32423
32459
32465
32465
32481
32481
32495
32495
32471
32440
32432
32425
32433
32424
32431
32430
32428
32435
32410
32415
32421
32419
32429
32440
32443
32449
32434
32420
32415
32435
32432
32393
32404
32390
32397
32390
32389
32393
32370
32349
32319
32320
32340
32387
32383
32395
32417
32443
32439
32430
32425
32423
32428
32383
32375
32365
32367
32359
32346
32369
32375
32401
32428
32417
32424
32439
32437
32418
32429
32426
32433
32415
32429
32456
32456
32449
32450
32442
32432
32420
32409
32404
32408
32420
32414
32420
32437
32459
32461
32495
32497
32501
32502
32495
32446
32407
32409
32405
32367
32371
32371
32389
32401
32404
32402
32411
32411
32407
32414
32419
32384
32394
32383
32387
32411
32408
32395
32381
32375
32363
32384
32375
32375
32373
32365
32368
32360
32375
32389
32375
32379
32395
32436
32454
32459
32425
32417
32423
32416
32412
32401
32397
32363
32363
32377
32415
32440
32420
32410
32423
32443
32471
32481
32435
32421
32420
32427
32460
32447
32443
32423
32419
32426
32442
32441
32427
32407
32387
32413
32423
32459
32430
32423
32433
32441
32452
32462
32467
32445
32441
32417
32395
32389
32383
32365
32361
32367
32366
32379
32399
32387
32397
32401
32419
32425
32423
32422
32431
32420
32412
32401
32373
32355
32377
32374
32395
32395
32401
32407
32405
32431
32423
32407
32399
32399
32411
32429
32421
32429
32421
32436
32455
32474
32444
32412
32369
32367
32393
32414
32419
32398
32379
32407
32423
32443
32441
32445
32461
32438
32425
32458
32439
32423
32420
32403
32385
32371
32365
32409
32422
32442
32447
32434
32428
32431
32435
32435
32436
32397
32415
32400
32407
32415
32444
32438
32439
32454
32459
32425
32375
32341
32343
32354
32366
32385
32423
32430
32461
32476
32471
32476
32452
32420
32409
32389
32375
32393
32391
32424
32421
32411
32423
32408
32423
32432
32421
32406
32413
32415
32431
32417
32416
32439
32455
32437
32453
32457
32417
32364
32338
32347
32354
32375
32386
32397
32408
32449
32433
32453
32401
32399
32382
32362
32380
32405
32413
32414
32424
32424
32430
32428
32408
32392
32371
32363
32385
32402
32437
32468
32463
32448
32439
32438
32459
32460
32434
32407
32412
32431
32423
32424
32394
32401
32397
32458
32471
32456
32410
32391
32383
32413
32464
32439
32427
32410
32417
32438
32447
32420
32415
32405
32399
32398
32416
32407
32381
32375
32376
32409
32405
32376
32375
32398
32422
32431
32428
32425
32415
32423
32361
32335
32319
32363
32403
32407
32421
32409
32383
32370
32365
32391
32428
32433
32425
32431
32449
32461
32450
32449
32412
32423
32425
32375
