32093
32138
32114
32119
32131
32148
32178
32085
32120
32055
32117
32089
32110
32109
32047
32034
32027
32111
32101
32095
32105
32087
32117
32087
32102
32137
32123
32109
32105
32100
32086
32126
32115
32049
32064
32073
32076
32081
32101
32039
32046
32039
32066
32033
32043
32061
32080
32093
32099
32113
32125
32119
32073
32103
32119
32129
32127
32112
32137
32122
32059
32079
32135
32100
32085
32128
32132
32103
32084
32067
32116
32106
32103
32098
32113
32079
32097
32101
32132
32140
32129
32081
32074
32117
32137
32113
32111
32102
32119
32119
32103
32084
32077
32085
32150
32167
32119
32152
32130
32129
32159
32143
32111
32127
32097
32117
32098
32105
32107
32097
32115
32141
32181
32127
32146
32121
32137
32049
32091
32112
32112
32115
32080
32103
32088
32093
32118
32087
32123
32076
32094
32098
32170
32120
32185
32081
32121
32141
32085
32116
32165
32187
32194
32148
32111
32084
32135
32107
32103
32134
32135
32104
32115
32145
32167
32126
32099
32125
32109
32116
32087
32131
32109
32094
32083
32119
32130
32065
32118
32095
32131
32153
32133
32114
32071
32075
32066
32138
32103
32105
32085
32113
32113
32089
32093
32096
32106
32103
32137
32097
32087
32120
32125
32119
32081
32093
32087
32094
32093
32055
32019
32057
32063
32145
32071
32113
32071
32097
32063
32083
32051
32147
32089
32081
32139
32119
32122
32086
32071
32078
32067
32077
32095
32089
32121
32106
32097
32093
32066
32087
32121
32121
32123
32117
32109
32091
32103
32105
32119
32117
32139
32079
32078
32111
32066
32079
32082
32079
32051
32067
32070
32071
32046
32089
32111
32077
32051
32083
32103
32003
31978
32033
32007
32135
32119
32087
32105
32049
31999
32147
32109
32071
32073
32091
32120
32037
32073
32048
32030
32034
32061
32025
32039
32007
32050
32063
32059
32107
32039
32116
31989
32072
32031
32143
32052
32134
32099
32074
32095
32087
32071
32103
32150
32146
32147
32121
32133
32113
32131
32101
32125
32095
32107
32111
32101
32141
32095
32124
32078
32117
32138
32067
32103
32151
32124
32141
32125
32119
32111
32065
32102
32098
32063
32087
32113
32087
32089
32117
32087
32112
32142
32127
32167
32127
32133
32132
32129
32143
32127
32105
32121
32125
32117
32107
32111
32127
32164
32146
32131
32081
32059
32078
32115
32111
32102
32131
32086
32097
32106
32125
32165
32173
32159
32139
32122
32136
32133
32137
32150
32154
32141
32158
32137
32149
32174
32129
32133
32140
32143
32142
32170
32100
32087
32154
32193
32155
32126
32147
32125
32151
32161
32125
32132
32101
32131
32104
32109
32141
32162
32167
32181
32150
32151
32169
32149
32186
32189
32108
32125
32159
32094
32141
32151
32161
32135
32132
32142
32097
32149
32187
32185
32143
32127
32175
32149
32117
32141
32156
32119
32095
32133
32154
32157
32093
32122
32127
32116
32145
32165
32151
32122
32114
32127
32147
32181
32133
32127
32149
32125
32104
32117
32129
32169
32159
32108
32119
32125
32132
32135
32143
32124
32115
32108
32166
32117
32127
32169
32159
32153
32147
32123
32145
32171
32171
32148
32157
32156
32103
32091
32151
32170
32179
32118
32113
32172
32151
32135
32129
32159
32133
32131
32143
32110
32133
32131
32123
32139
32119
32122
32119
32107
32138
32143
32162
32152
32163
32177
32163
32149
32150
32159
32181
32119
32119
32105
32173
32186
32081
32026
32055
32079
32105
32120
32069
32079
32078
32100
32117
32164
32127
32053
32056
32083
32109
32179
32158
32125
32103
32111
32131
32115
32086
32049
32013
32037
32082
32149
32055
32065
32114
32114
32055
32041
32128
32080
32087
32119
32101
32059
32099
32103
32107
32082
32054
32071
32081
32103
32079
32059
32009
31975
32057
31999
32081
32099
32040
32063
32081
32072
32072
32089
32115
32091
32109
32057
32074
32050
32083
32077
32090
32057
32061
32053
32044
32047
32033
32076
32017
32051
31937
32105
32029
32101
32031
32086
32030
32127
32051
32049
32083
32135
32091
32073
32099
32083
32088
32090
32042
32060
32104
32083
32060
32117
32141
32117
32083
32105
32104
32069
32048
32083
32075
32036
32071
32071
32076
32093
32105
32085
32010
32041
32049
32052
32103
32049
32046
32077
32091
32086
32125
32104
32117
32101
32081
32081
32103
32083
32065
32083
32085
32044
32099
32130
32067
32026
32096
32111
32093
32080
32078
32086
32112
32151
32069
32072
32076
32084
32138
32133
32119
32081
32103
32088
32093
32051
32063
32047
32051
32115
32075
32092
32081
32067
32083
32119
32093
32001
32013
32053
31997
32088
32030
32089
32111
32100
32112
32115
32088
32097
32087
32119
32095
32097
32046
32046
32031
32047
32043
32026
32075
32099
32038
32019
32087
32079
32033
32036
32055
32072
32079
32085
32043
32039
32079
32060
32021
32014
32029
32084
32076
32032
32047
32044
32079
32041
32023
32019
32041
32096
32103
32078
32043
32011
32054
32101
32072
32049
32063
32065
32087
32051
32072
32098
32063
32109
32073
32097
32058
32103
32095
32089
32087
32021
32052
32145
32069
32074
32071
32063
32033
32043
32063
32065
32045
32063
32070
32139
32081
32085
32102
32080
32058
32078
32102
32066
32081
32081
32103
32024
31982
32067
32003
32020
32111
32105
32147
32065
32096
32111
32122
32087
32093
32097
32060
32055
32079
32087
32131
32100
32110
32106
32102
32133
32134
32074
32063
32068
32059
32082
32136
32063
32085
32103
32116
32063
32065
32118
32071
32042
32104
32131
32130
32139
32101
32070
32032
32073
32117
32112
32102
32159
32122
32107
32111
32102
32115
32151
32125
32112
32105
32125
32091
32075
32107
32071
32053
32056
32081
32057
32045
32110
32079
32055
32102
32059
32049
32095
32097
32105
32092
32120
32163
32119
32143
32141
32106
32099
32181
32155
32117
32087
32079
32097
32069
32048
32037
32075
32063
32073
32087
32082
32101
32104
32144
32131
32161
32099
32095
32052
32130
32105
32142
32085
32087
32124
32098
32048
32100
32071
32096
32127
32127
32104
32132
32066
32091
32087
32055
32089
32118
32083
32070
32077
32120
32123
32152
32153
32149
32143
32153
32181
32151
32099
32141
32137
32097
32117
32031
32039
32083
32085
32066
32069
32071
32103
32083
32113
32119
32142
32090
32068
32047
32072
32089
32109
32128
32147
32165
32151
32125
32106
32118
32121
32132
32144
32082
32110
32086
32053
32053
32070
32100
32077
32048
32033
32051
32125
32127
32099
32103
32127
32135
32131
32138
32095
32076
32096
32140
32159
32086
32081
32065
32071
32090
32041
32055
31985
32006
32043
32127
32089
32113
32045
32101
32078
32115
32077
32126
32091
32089
32111
32097
32072
32105
32069
32083
32168
32145
32102
32083
32065
32007
32072
32032
32017
32075
32103
32116
32085
32079
32103
32135
32089
32054
32057
32083
32095
32069
32068
32055
32056
32057
32059
32087
32077
32099
32080
32099
32078
32106
32146
32092
32103
32130
32124
32119
32123
32121
32117
32075
32055
32086
32087
32083
32079
32053
32077
32060
32095
32086
32103
32114
32093
32085
32089
32093
32111
32102
32099
32080
32121
32159
32093
32079
32057
32083
32105
32091
32079
32136
32139
32115
32119
32071
32041
32079
32078
32097
32097
32075
32107
32098
32061
32055
32072
32061
32074
32109
32084
32094
32077
32062
32068
32121
32101
32045
32063
32087
32055
32070
32095
32113
32105
32085
32096
32086
32041
32091
32105
32103
32070
32039
32029
32072
32079
32099
32121
32124
32126
32145
32145
32133
32103
32027
32003
32051
32151
32089
32117
32137
32114
32098
32062
32059
32099
31998
32031
32117
32139
32110
32125
32040
32077
32031
32095
32123
32147
32094
32127
32123
32059
32055
32135
32150
32105
32109
32099
32093
32045
32067
32026
32072
32119
32109
32103
32120
32102
32066
32120
32084
32087
32101
32134
32145
32074
32025
31983
32063
32027
31959
32103
31934
32152
31997
32129
31987
31997
32003
32047
32089
32147
32095
32046
32063
32082
32100
32143
32096
32066
32071
32103
32119
32077
32085
32088
32071
32073
32085
32097
32049
32107
32087
32039
32055
32067
32007
32039
32106
32157
32081
32099
32103
32111
32130
32165
32120
32101
32121
32130
32103
32081
32075
32073
32096
32083
32055
32111
32089
32073
32081
32121
32112
32089
32078
32098
32129
32123
32090
32103
32109
32113
32094
32056
32125
32130
32077
32135
32103
32061
32099
32107
32072
32017
32008
32069
32067
32051
32085
32119
32137
32135
32109
32061
32106
32077
32061
32053
32099
32096
32065
32107
32052
32114
32051
32097
32025
32101
32029
32058
32077
32115
32028
31972
32043
32103
32087
32103
32110
32094
32111
32123
32126
32119
32104
32035
32063
32119
32143
32099
32109
32121
32119
32156
32142
32119
32129
32119
32125
32116
32109
32137
32140
32084
32081
32039
32043
32062
32070
32088
32129
32115
32099
32033
32061
32055
32032
32059
32117
32151
32097
32132
32128
32065
32087
32123
32119
32089
32103
32077
32103
32099
32023
32039
32044
32039
32082
32088
32119
32121
32099
32085
32075
32118
32113
32133
32107
32136
32087
32065
32134
32124
32105
32101
32096
32091
32175
32123
32088
32120
32035
32069
32091
32139
32125
32124
32099
32119
32113
32136
32167
32155
32141
32120
32159
32176
32136
32121
32105
32109
32135
32101
32117
32103
32121
32068
32106
32092
32096
32127
32088
32097
32119
32103
32065
32095
32097
32093
32045
32063
32088
32106
32113
32108
32091
32039
32049
32115
32087
32105
32091
32097
32095
32075
32117
32127
32083
32053
32093
32075
32071
32095
32079
32048
32075
32079
32052
32067
32107
32041
32070
32102
32094
32093
32113
32119
32069
32121
32105
32143
32084
32059
32068
32093
32063
32129
32157
32136
32121
32148
32093
32078
32055
32065
32068
32087
32127
32077
32084
32120
32098
32081
32011
32066
32051
32040
32055
32029
32103
32045
32019
32034
32101
32069
32087
32072
32096
32121
32092
32058
32091
32097
32117
32113
32123
32105
32107
32102
32121
32122
32108
32071
32087
32132
32147
32121
32131
32119
32127
32132
32144
32111
32101
32143
32127
32162
32150
32115
32064
32136
32139
32079
32118
32075
32091
32049
32069
32142
32096
32066
32102
32148
32107
32039
32095
32109
32053
32079
32103
32135
32119
32125
32135
32109
32109
32137
32135
32158
32126
32119
32102
32090
32059
32098
32083
32098
32147
32169
32109
32131
32112
32122
32135
32173
32123
32105
32139
32111
32129
32143
32143
32097
32013
32057
32079
32083
32119
32051
32134
32097
32137
32111
32160
32161
32130
32053
32089
32111
32085
32109
32113
32075
32102
32116
32137
32139
32119
32070
32081
32090
32071
32031
32053
32116
32063
32086
32067
32079
32089
32083
32079
32132
32100
32075
32100
32120
32101
32087
32063
32075
32102
32115
32096
32078
32112
32111
32053
32055
32031
32063
32090
32164
32127
32094
32123
32111
32153
32179
32156
32179
32166
32143
32133
32139
32112
32125
32111
32153
32151
32101
32103
32121
32104
32082
32114
32133
32102
32137
32110
32133
32135
32139
32169
32124
32139
32088
32095
32105
32141
32133
32126
32097
32129
32121
32099
32072
32111
32080
32105
32105
32181
32145
32163
32119
32130
32126
32165
32156
32194
32107
32112
32108
32091
32100
32107
32036
32079
32084
32131
32123
32159
32123
32150
32168
32091
32095
32077
32145
32125
32060
32093
32047
32100
32092
32129
32135
32129
32143
32111
32127
32111
32064
32043
32047
32074
32146
32136
32114
32097
32115
32120
32097
32143
32115
32121
32087
32109
32129
32103
32109
32085
32061
32049
32095
32071
32142
32146
32127
32109
32077
32116
32073
32063
32080
32151
32103
32087
32139
32123
32073
32066
32080
32065
32055
32089
32047
32055
32020
32019
32047
32088
32044
32055
32072
32065
32062
32108
32101
32089
32052
32056
32047
32047
32127
32087
32139
32093
32090
32089
32063
32161
32159
32063
32115
32139
32110
32101
32087
32063
32071
32041
32073
32042
32042
32060
32100
32127
32130
32067
32103
32053
32104
32145
32055
32077
32089
32095
32069
32114
32087
32069
32129
32131
32119
32104
32071
32077
32082
32082
32065
32086
32144
32142
32087
32091
32065
32063
32065
32114
32135
32116
32078
32072
32104
32082
32085
32061
32129
32146
32108
32086
32119
32119
32105
32077
32101
32151
32095
32079
32047
32066
32098
32087
32090
32074
32043
32095
32102
32054
32012
32063
32109
32121
32054
32042
32083
32097
32084
32025
32065
32121
32111
32094
32157
32065
32137
32062
32107
32065
32077
32118
32101
32083
32135
32113
32122
32079
32089
32135
32101
32079
32107
32101
32059
32101
32098
32110
32144
32133
32086
32110
32153
32118
32159
32135
32143
32119
32106
32077
32099
32091
32090
32055
32088
32135
32135
32126
32121
32091
32015
32055
32167
32113
32079
32104
32104
32055
32053
32100
32121
32098
32071
32133
32091
32089
32147
32155
32129
32115
32097
32112
32086
32089
32077
32027
32081
32123
32079
32058
32079
32034
32121
32091
32127
32123
32108
32116
32095
32157
32054
32003
32049
32035
32053
32080
32101
32107
32102
32091
32105
32089
32090
32118
32119
32111
32135
32137
32099
32083
32075
32085
32083
32095
32091
32071
32072
32062
32065
32035
32090
32070
32129
32127
32101
32022
31994
32021
32023
32071
32049
32039
32028
32009
32071
32107
32071
32035
32042
32090
32069
32037
32087
32011
31987
32051
32075
32031
32055
32058
32066
32023
32052
32051
32033
32031
32039
32032
32018
32039
32011
32109
32092
32086
32108
32070
32059
32070
32067
32154
32049
32061
32104
32039
32073
32063
32033
32069
32033
31981
32016
31999
32085
32036
32119
32060
32087
32015
32071
32115
32110
32047
31980
32067
32021
32073
32051
32024
32089
32051
32028
32063
32080
32063
32053
32093
32073
32081
32055
32072
32084
32055
32093
32041
32074
32087
32021
32091
32111
32077
32047
32060
32061
32077
32041
32039
32023
32029
32099
32109
32157
32081
32057
32060
32053
32041
32091
32060
32049
32043
32081
32053
32062
32063
32126
32058
32075
32072
32041
32037
32035
32042
32067
32095
32108
32055
32105
32039
32008
32102
32081
32102
32075
32066
32055
32116
32089
32035
32049
32073
32054
32085
32099
32123
32113
32110
32060
32107
32116
32109
32091
32055
32080
32085
32059
32025
32133
32113
32099
32079
32116
32125
32154
32159
32089
32111
32107
32111
32081
32063
32082
32109
32133
32146
32091
32101
32122
32097
32123
32074
32105
32107
32111
32067
32026
32042
32103
32104
32069
32073
32072
32075
32059
32078
32116
32077
32061
32115
32085
32093
32107
32089
32099
32094
32100
32060
32101
32122
32125
32123
32126
32145
32112
32135
32081
32075
32047
32085
32021
32080
32039
32111
32057
32147
32105
32107
32091
32103
32043
32095
32057
32068
32076
32062
32017
32058
32066
32046
32120
32133
32061
32119
32067
32146
32091
32183
32037
32073
32042
32051
32061
32100
32039
32100
32021
32025
32077
31989
32083
32005
32031
32097
32043
32069
32057
32097
32088
32072
32131
32087
32066
32037
32127
32127
32084
32096
32094
32072
32091
32069
32132
32097
32087
32063
32115
32046
32096
32081
32076
32131
32111
32127
32119
32110
32063
32102
32117
32119
32179
32167
32132
32115
32090
32125
32145
32127
32125
32145
32164
32108
32103
32121
32055
32069
32097
32103
32125
32124
32145
32147
32112
32140
32105
32087
32114
32181
32090
32129
32099
32141
32047
32106
32067
32124
32147
32109
32121
32120
32095
32090
32032
32049
32116
32048
32070
32145
32144
32135
32113
32157
32119
32184
32157
32113
32071
32107
32083
32139
32087
32109
32125
32127
32121
32091
32129
32105
32111
32107
32083
32145
32124
32069
32063
32089
32087
32057
32079
32053
32072
32067
32040
32079
32084
32121
32127
32168
32134
32123
32087
32129
32103
32103
32076
32108
32139
32143
32145
32111
32099
32131
32111
32125
32093
32089
32075
32082
32146
32151
32153
32146
32110
32127
32114
32096
32068
32127
32165
32104
32115
32133
32126
32104
32092
32123
32107
32084
32087
32097
32106
32123
32135
32119
32153
32061
32087
32087
32155
32118
32168
32127
32147
32139
32110
32114
32082
32121
32122
32112
32077
32055
32087
32123
32113
32103
32071
32091
32136
32141
32136
32071
32056
32103
32127
32110
32067
32124
32123
32125
32096
32100
32071
32032
32083
32151
32157
32159
32100
32083
32127
32087
32087
32137
32107
32052
32067
32066
32071
32061
32063
32127
32119
32095
32028
32070
32077
32095
32095
32107
32136
32129
32075
31999
32035
32097
32075
32131
32075
32056
32077
32079
32093
32102
32097
32136
32126
32124
32083
32135
32085
32048
32060
32119
32122
32106
32085
32090
32097
32095
32119
32102
32066
32067
32094
32077
32118
31994
32081
32047
32087
32028
32086
32082
32129
32076
32087
32115
32136
32086
32061
32076
32109
32111
32093
32092
32111
32089
32056
32091
32117
32103
32096
32072
32117
32122
32111
32076
32117
32068
32076
32083
32095
32056
32097
32102
32083
32137
32098
32078
32065
32077
32052
32035
32065
32093
32070
32049
32063
32059
32089
32067
32037
32079
32052
32079
32094
32099
32067
32079
32082
32088
32056
32036
32079
32111
32127
32105
32031
32083
32133
32161
32093
32096
32055
32043
32075
32123
32101
32077
32076
32089
32057
32026
32072
32097
32107
32046
32051
32108
32080
32065
32049
32106
32125
32056
32065
32060
32025
32058
32103
32091
32120
32081
32095
32099
32071
32034
32055
32095
32131
32069
32098
32079
32114
32085
32105
32110
32100
32097
32087
32069
32079
32120
32079
32049
32049
32092
32111
32137
32216
32179
32139
32110
32097
32172
32217
32176
32099
32051
32079
32069
32114
32122
32111
32103
32121
32111
32142
32091
32118
32153
32119
32088
32111
32150
32097
32103
32131
32140
32109
32109
32155
32153
32067
32085
32095
32081
32139
32118
32069
32103
32110
32087
32127
32102
32121
32145
32107
32058
32045
32043
32063
32051
32071
32079
32112
32105
32115
32109
32095
32075
32112
32150
32135
32104
32115
32100
32083
32105
32078
32127
32065
32126
32095
32113
32116
32119
32127
32127
32149
32137
32175
32132
32105
32117
32131
32135
32135
32094
32060
32081
32101
32102
32115
32065
32113
32093
32033
32091
32087
32094
32067
32063
32076
32099
32095
32135
32139
32097
32045
32151
32100
32136
32127
32023
32015
32055
32074
32065
32112
32027
32035
32074
32055
32091
32099
32053
32029
32064
32085
32045
32085
32117
32103
32103
32089
32121
32121
32087
32131
32149
32113
32096
32125
32127
32113
32115
32116
32074
32085
32071
32049
32097
32051
32053
32054
32048
32053
32055
32063
32103
32077
32084
32111
32069
32063
32104
32121
32075
32041
32127
32091
32109
32097
32111
31999
32105
32067
32053
32057
32049
32078
32072
32040
32106
32109
32050
32031
32050
32117
32089
32073
32070
32106
32079
32095
32127
32127
32133
32139
32071
32055
32045
32059
32102
32048
32103
32103
32119
32110
32124
32033
32073
32074
32040
32023
32005
32107
32109
32072
32047
32063
32099
32081
32079
32079
32144
32070
32071
32075
32091
32061
32003
32074
32079
32031
32063
32046
32027
32087
32074
32042
32073
32100
32076
32031
32052
32071
32102
32049
32071
32038
32031
32052
32091
32125
32041
32093
32099
32004
32055
31999
32066
32121
32062
32079
32112
32075
32096
32081
32097
31957
32067
32069
32101
32118
32119
32116
32100
32116
32115
32081
32144
32115
32155
32103
32103
32091
32113
32101
32070
32076
32061
32065
32111
32086
32053
32093
32087
32111
32125
32072
32022
32041
32040
32032
32098
32087
32071
32087
32039
32047
32093
32077
32081
32054
32059
32063
32027
32025
32028
32078
32100
32070
32116
32159
32072
32071
32032
32054
32095
32068
32065
32134
32088
32107
32067
32095
32107
32110
32071
32084
32073
32107
32090
32044
32034
32093
32060
32097
32136
32104
32038
32105
32071
32074
32041
32119
32095
32079
32063
32007
32005
32065
32112
32093
32055
32040
32095
32035
32039
32092
32127
32069
32043
32139
32126
32089
32121
32124
32111
32150
32111
32075
32103
32097
32121
32123
32143
32169
32165
32115
32077
32077
32133
32148
32177
32143
32151
32139
32121
32135
32173
32141
32143
32127
32121
32102
32070
32074
32130
32085
32068
32103
32137
32094
32095
32103
32130
32167
32130
32141
32149
32119
32094
32104
32111
32122
32103
32069
32054
32118
32073
32129
32104
32091
32127
32133
32125
32079
32084
32098
32105
32085
32101
32158
32165
32165
32159
32117
32084
32094
32100
32063
32069
32079
32108
32063
32067
32092
32070
32049
32069
32062
32112
32119
32135
32125
32117
32097
32141
32145
32159
32103
32104
32132
32103
32062
32075
32077
32123
32082
32099
32094
32073
32085
32085
32098
32094
32086
32123
32103
32071
32072
32087
32076
32076
32075
32077
32151
32099
32059
32061
32090
32106
32066
32117
32118
32139
32079
32081
32135
32129
32129
32108
32101
32133
32174
32169
32113
32148
32047
32099
32127
32139
32184
32087
32133
32161
32111
32103
32119
32114
32079
32022
32063
32066
32141
32086
32109
32052
32091
32106
32121
32133
32105
32095
32103
32138
32155
32171
32139
32145
32125
32078
32085
32066
32096
32108
32067
32072
32075
32095
32092
32078
32077
32101
32087
32083
32087
32117
32117
32103
32113
32107
32123
32107
32116
32086
32085
32100
32101
32113
32125
32093
32105
32134
32067
32055
32090
32098
32071
32075
32070
32085
32098
32105
32098
32068
32051
32052
32130
32105
32105
32095
32058
32095
32109
32104
32163
32103
32125
32141
32103
32061
32067
32079
32103
32095
32097
32119
32113
32143
32066
32059
32061
32041
32043
32073
32047
32099
32069
32059
32047
32125
32063
32110
32112
32085
32107
32100
32079
32090
32101
32133
32103
32124
32078
32045
32054
32016
32045
32085
32067
32039
32042
32079
32082
32077
32119
32095
32071
32079
32053
32015
32057
32035
32083
32073
32076
32074
32071
32071
32117
32069
32118
32072
32028
32037
32086
32077
32105
32145
32142
32148
32138
32133
32109
32119
32087
32091
32047
32082
32091
32102
32071
32033
32063
32039
32069
32127
32123
32137
32141
32147
32128
32157
32160
32181
32127
32119
32069
32023
32069
32119
32117
32133
32103
32095
32123
32095
32109
32123
32124
32132
32108
32145
32133
32099
32031
32122
32027
32088
32093
32103
32011
32097
32044
32038
32081
32079
32063
32038
32088
32092
32066
32077
32077
32082
32121
32120
32118
32150
32109
32097
32081
32103
32035
32047
32080
32085
32117
32121
32057
32080
32097
32103
32105
32097
32129
32140
32105
32067
32072
32083
32079
32025
32053
32073
32056
32043
32077
32105
32133
32087
32081
32123
32123
32129
32127
32117
32137
32078
32070
32143
32097
32099
32117
32115
32143
32095
32115
32072
32126
32155
32111
32134
32113
32085
32096
32081
32033
32055
32095
32113
32094
32065
32070
32083
32077
32098
32135
32123
32126
32157
32093
32124
32115
32101
32055
32097
32087
32119
32077
32096
32131
32129
32132
32052
32029
32017
32047
32073
32080
32081
32076
32091
32134
32055
32085
32099
32125
32081
32065
32106
32107
32124
32126
32135
32122
32131
32135
32114
32083
32093
32101
32078
32100
32080
32052
32058
32055
32111
32082
32095
32116
32113
32108
32127
32181
32106
32134
32133
32105
32113
32099
32095
32091
32077
32063
32029
32061
32096
32112
32056
32041
32084
32066
32043
32037
32081
32119
32093
32122
32121
32103
32112
32125
32111
32071
32090
32089
32133
32086
32063
32086
32107
32081
32103
32087
32077
32057
32086
32116
32117
32099
32097
32111
32144
32127
32138
32125
32141
32081
32095
32071
32093
32009
32020
32001
32021
32063
32082
32060
32065
32079
32090
32089
32039
32048
32075
32120
32047
32005
32046
32027
32101
32092
32039
32029
32073
32067
32011
32033
32045
32071
32112
32063
32057
32059
32087
32025
32065
32149
32088
32045
32002
32081
32120
32078
32066
32099
32089
32043
32068
32047
32166
32067
32151
32078
32126
32061
32145
32071
32067
32122
32066
32077
32063
32108
32095
32059
32042
32055
32094
32045
32055
32102
32077
32085
32081
32101
32068
32080
32046
32063
32120
32041
32082
32075
32076
32119
32100
32099
32130
32111
32137
32070
32103
32067
32053
32119
32121
32143
32093
32103
32119
32137
32100
32080
32101
32065
32057
32047
32103
32103
32088
32105
32075
32077
32099
32103
32095
32101
32075
32063
32065
32079
32075
32091
32106
32135
32097
32119
32081
32089
32045
32111
32119
32139
32092
32041
32059
32071
32133
32065
32031
32032
32078
32084
32077
32071
32036
32055
32041
32069
32100
32115
32159
32051
32045
32047
32089
32073
32020
32016
32091
32111
32102
32103
32097
32074
32079
32062
32108
32118
32110
32070
32095
32135
32121
32104
32114
32145
32135
32044
32031
32089
32070
32119
32110
32043
32063
32087
32063
32103
32072
32021
32046
32083
32104
32059
32013
32041
32073
32047
32049
32059
32085
32085
32091
32086
32144
32122
32038
32087
32090
32123
32130
32105
32074
32049
32071
32100
32129
32088
32047
32091
32140
32141
32084
32127
32161
32160
32107
32107
32134
32115
32100
32027
32050
32072
32055
32074
32111
32091
32111
32100
32072
32049
32076
32087
32119
32097
32074
32095
32097
32120
32112
32055
32149
32092
32113
32051
32091
32087
32097
32065
32087
32095
32095
32095
32140
32165
32108
32109
32103
32131
32145
32126
32139
32131
32077
32061
32035
32073
32095
32042
32071
32080
32080
32069
32052
32074
32090
32077
32126
32111
32109
32119
32098
32050
32063
32113
32077
32092
32124
32081
32122
32115
32123
32075
32076
32083
32141
32097
32085
32115
32089
32115
32143
32056
32059
32044
31981
31981
32019
32069
32122
32095
32076
32067
32071
32074
32064
32045
32062
32042
32028
32103
32146
32069
32075
32079
32063
32048
32024
32059
32065
32037
32063
32118
32122
32099
32095
32050
32008
32018
32069
31984
32052
31997
32054
31997
32054
32010
32032
31990
31995
31935
31961
32012
32070
32023
32048
32063
32021
32016
32063
32119
32091
32070
32113
32118
32091
32113
32067
32089
32107
32128
32131
32158
32117
32095
32139
32023
32048
32087
32084
32069
32059
32089
32047
32039
32047
32058
32062
32045
32061
32003
32031
32071
32100
32127
32151
32078
32059
32097
32085
32080
32079
32062
32083
32103
32107
32047
32031
32088
32103
32041
32052
32067
32129
32107
32046
32094
32129
32102
32090
32077
32092
32113
32097
32071
32083
32030
32041
32061
32119
32121
32090
32092
32066
32047
32023
32070
32057
32041
32101
32078
32113
32100
32083
32111
32079
32129
32108
32099
32088
32102
32127
32052
32097
32119
32102
32102
32129
32125
32097
32095
32109
32141
32114
32077
32096
32109
32075
32095
32103
32098
32097
32088
32114
32093
32121
32150
32143
32123
32094
32098
32135
32092
32119
32113
32121
32113
32119
32111
32081
32113
32119
32101
32079
32155
32123
32141
32094
32167
32100
32141
32078
32124
32111
32084
32085
32075
32050
32089
32070
32090
32044
32093
32058
32041
32013
32054
31967
31953
32055
32022
32121
32047
32152
32023
32077
32058
32139
32115
32078
32101
32033
32037
32030
32076
32100
32096
32095
32097
32099
32039
32044
32115
32143
32095
32084
32071
32071
32035
32046
32039
31993
32022
32044
32037
32055
32065
32126
32065
32041
32077
32079
32039
31989
32039
32092
32104
32063
32063
32103
32103
32054
32095
32069
32093
32077
32100
32087
32040
32120
32056
32093
32120
32067
32033
32053
32064
32053
32091
32081
32069
32055
31976
32019
32078
32042
32108
32081
31991
32072
32081
32081
32107
32093
32117
32084
32088
32031
32087
32085
32046
32039
32079
32071
32041
32027
31959
31985
32043
32060
31983
32104
32073
32097
32050
32159
32100
32151
32039
32094
32089
32121
32113
32071
32051
32106
32069
32079
32088
32100
32075
32087
32043
32033
32093
32070
32087
32063
32041
32009
32029
32015
32021
32054
32060
32035
32028
32053
32045
32141
32071
32101
32111
32076
32033
32027
32058
32085
32088
32124
32101
32084
32089
32087
32057
32031
32061
32076
32015
32050
32072
32106
32055
32047
32038
32110
32099
32065
32081
32057
32082
32010
32037
32103
32049
32090
32086
32057
32039
32052
32079
32065
32079
32090
32047
32057
32040
32049
32077
32070
32075
32061
32045
32048
32041
32051
32047
31996
31996
32045
32031
32059
31957
32055
32077
32001
32020
32042
32077
32096
32029
32076
32108
32091
32037
32041
32062
32070
32040
32038
32048
32077
32031
32063
32031
32073
32097
32059
31995
32018
32029
32069
32057
32027
32052
32044
32043
32022
32007
31993
32047
32065
32045
32055
32107
32054
32053
32077
32041
32007
32031
32085
32068
32071
32117
32111
32031
32078
32073
32079
32046
32085
32087
32066
32068
32045
32027
32024
32076
32076
32049
32050
32081
32101
32068
32070
32049
32079
32059
32051
32085
32089
32080
32053
32036
32035
32053
31995
32069
32061
32055
32046
32055
32075
32062
32037
32032
31979
32007
32005
32024
32066
32028
32005
32031
32012
32199
32083
32133
32071
32166
32047
32085
32061
32047
32109
32054
32053
32042
32009
32083
32109
32074
32059
32076
32017
32053
32061
32047
32037
32085
32031
32002
32019
32029
32028
32027
31984
32020
32033
32057
32061
32085
32046
32031
32056
32047
32018
32009
32007
32023
32069
32038
32040
32093
32102
32044
32047
32038
32054
32056
32069
32071
32063
32071
32073
32078
32083
32097
32089
32057
32065
32049
32119
32095
32047
32078
32125
32131
32103
32115
32079
32065
32036
32077
32048
32045
32095
32097
32073
32081
32086
32087
32075
32083
32073
32034
32120
32025
32009
32081
32041
32012
32012
31998
31912
32043
31969
32119
32079
32127
31996
32105
32074
32089
32023
32105
32099
32089
32069
32053
32039
32035
32007
32020
32036
32065
32025
32044
32047
32061
32022
32081
32123
32069
32029
32057
32073
32069
32063
32026
32029
32066
32089
32052
32092
32079
32046
32027
32057
32033
32068
32025
32075
32101
32063
32071
32109
32079
32045
32079
32041
32072
32087
32071
32033
32055
32041
32016
32079
32057
32062
32073
32056
32048
32047
32054
32079
32111
32125
32093
32059
32037
32097
32060
32018
32083
32068
32087
32049
32085
32095
32104
32072
32055
32071
32071
32035
32057
32068
32079
32085
32065
32049
32058
32071
32115
31998
32087
32067
32120
32125
32081
32045
32111
32030
32011
32030
32063
32081
32039
32019
32042
32069
32057
32044
32060
32031
32033
32067
32073
32077
32051
32064
32053
32094
32047
32048
32007
32042
32059
32035
32080
32102
32065
32073
32063
32039
32052
32071
32049
32038
32084
32105
32027
32069
32109
32071
32086
32150
32089
32028
32043
32084
32079
32063
32079
32072
32121
32075
32072
32103
32055
32062
32093
32063
32053
32041
32062
32055
32080
32095
32075
32081
32079
32057
32086
32082
32069
32039
32081
32093
32066
32093
32077
32043
32023
32094
32095
32039
32072
32079
32031
32027
32030
32056
32014
32005
32041
32039
32039
32090
32016
32157
32092
32145
32009
32081
32097
32108
32111
32087
32049
32019
32068
32139
32099
32101
32103
32048
32091
32047
32031
32095
32025
32089
32018
32087
32041
32101
32078
32139
32077
32123
32092
32127
32085
32075
32105
32054
32087
32093
32089
32045
32129
32048
31977
32058
32065
32044
32040
32092
32119
32067
32094
32093
32086
32119
32074
32053
32087
32082
32045
32085
32087
32070
32026
32085
32058
32045
32051
32065
32027
32052
32055
32002
32093
32080
32098
32033
32077
32029
32099
32048
32076
32060
32071
32033
32085
32063
32035
32022
32047
32045
32082
32077
32089
32035
32065
32085
32063
32033
32060
32065
32067
32075
32060
32074
32105
32090
32055
32057
32050
32082
32069
32031
32100
32081
32063
32052
32084
32055
32020
32015
31973
32051
32002
32041
32095
32064
32104
32013
32028
32081
32100
32116
32081
32098
32102
32143
32073
32079
32100
32103
32063
32042
32060
32025
32034
32101
32013
32023
32091
32059
32107
32108
32105
32073
32056
32051
32087
32074
32101
32047
32003
32021
32077
32099
32119
32076
32058
32014
32033
32049
32087
32002
32028
32059
32048
32110
32021
32095
31989
32115
32077
32087
32057
32069
32071
32047
32085
32099
32050
32039
31991
31986
32086
32025
32029
32047
32025
32016
32031
32085
32015
32059
32025
32063
32010
32039
32051
32039
32041
31993
32073
32063
32073
32030
32068
32040
32060
32045
32096
31961
32067
32062
32061
32111
32083
31988
32106
32055
32063
32077
32057
32063
31991
31959
32007
31954
32062
32067
32035
32007
32005
32028
32041
32088
31993
32019
32011
32039
32011
32017
32051
32031
32079
32010
32041
32068
32029
32061
32049
32085
32089
32076
32063
32061
32055
32025
32091
32121
32062
32117
32049
32028
32054
32031
32141
32076
32031
32106
32057
32059
32067
32010
32062
32063
32057
32088
32109
32076
32052
32127
32113
32122
32137
32083
32095
32045
32090
32035
32093
32088
32041
32046
32003
32031
32023
31975
31944
32035
32047
32037
32043
32017
32015
32062
32022
32007
32047
32087
32106
32047
32048
32083
32074
32037
32125
32116
32150
32128
32063
32114
32101
32034
32079
32125
32119
32123
32110
32088
32089
32095
32085
32096
32122
32074
32036
32028
32019
32045
32079
32047
32047
32042
32047
32115
32121
32115
32087
32051
32063
32079
32088
32088
32077
32063
32119
32112
32033
31952
32018
32059
32023
31991
32021
32102
32089
32079
32053
32118
32079
32106
32071
32087
32100
32076
32079
32158
32106
32141
32134
32113
32127
32164
32175
32133
32145
32127
32091
32126
32097
32167
32152
32133
32167
32173
32204
32135
32170
32159
32239
32173
32183
32202
32215
32204
32207
32238
32255
32231
32240
32231
32235
32206
32243
32220
32208
32207
32227
32261
32269
32279
32263
32265
32306
32267
32263
32305
32229
32217
32247
32249
32268
32309
32310
32289
32294
32277
32314
32300
32283
32258
32287
32310
32299
32367
32353
32339
32369
32327
32285
32278
32263
32315
32357
32287
32269
32286
32275
32251
32216
32210
32239
32276
32287
32325
32287
32247
32255
32253
32259
32268
32253
32270
32316
32314
32317
32305
32267
32250
32327
32351
32369
32316
32313
32262
32215
32287
32277
32299
32255
32252
32263
32171
32263
32183
32183
32165
32148
32217
32235
32167
32203
32250
32252
32193
32167
32191
32195
32205
32210
32191
32173
32191
32195
32183
32173
32119
32108
32174
32144
32127
32167
32161
32130
32179
32223
32145
32182
32082
32113
32151
32079
32107
32150
32133
32104
32104
32113
31991
32089
32068
32077
31999
32019
32073
32060
32050
32015
32051
32023
31998
32023
31991
31955
31967
31973
31987
31987
31993
31996
31999
32019
31983
31982
32008
31978
32035
32017
31999
32027
31983
31929
31985
31991
31937
31998
31953
31945
31923
31961
31895
31945
31990
31997
32019
31981
31964
31939
31940
31941
31956
31975
31922
31927
31865
31926
31935
31957
32042
31904
31935
31902
31921
31921
31951
31985
31893
31961
31934
31992
32011
32032
31976
31980
32019
32009
31984
32007
31984
32049
32018
31975
31999
31949
31966
31961
31951
31918
31952
31917
31912
31918
31944
31947
31937
31947
31937
31948
31909
31866
31903
31927
31896
31867
31951
31965
32030
32026
31993
32044
32031
31979
31985
32013
31979
32001
32030
32027
32010
31999
32029
31999
32032
31997
31971
32013
31977
31994
31952
31941
31932
31940
31957
31962
31961
32011
31989
32008
31991
31951
31933
31939
32013
31934
31970
31963
32015
31991
31947
31961
31974
31967
31953
32003
32036
32033
32039
31962
32015
32005
32056
31939
32103
31973
32059
32068
32039
31981
31983
32053
32033
32022
31977
31965
31972
31976
31928
31931
31995
31959
31958
31968
31959
31943
31911
31971
31983
31946
32039
32029
31989
31983
31983
31997
32025
32027
32068
32039
32031
32061
32009
32057
32119
32019
32035
32007
32007
32021
32030
32062
32117
32049
32035
32025
31984
32037
32004
31990
32070
32009
31983
31970
31952
31980
31991
32010
31979
31995
31995
31969
32006
32024
32039
32094
32051
32037
32085
32043
32034
32030
32019
32035
32048
32051
32055
32071
32017
32071
32071
31992
32007
32063
32007
32069
32073
32039
31984
32046
32065
32031
32043
31982
32069
32005
32060
31952
32035
32043
32071
32049
32103
32117
32054
32047
32042
32048
32068
32080
32080
32090
32105
32115
32077
32048
32105
32087
31977
32006
32070
32039
32085
32044
32031
32012
32029
32069
32054
32057
32051
32043
32067
32086
32034
31958
31959
32009
31951
32044
32034
32087
32103
32091
32081
32070
32077
32091
32145
32103
32115
32122
32050
32052
32055
32015
32092
32043
32065
32069
32059
32095
32033
32072
32079
32093
32061
32049
32049
32033
32010
32054
32027
32038
32049
32035
31989
32033
31989
31973
32025
32055
32061
32119
32135
32103
32070
32055
32044
32042
32063
32077
32109
32105
32129
32155
32108
32092
32078
32121
32113
32121
32045
32051
32085
32062
32081
32081
32110
32030
32119
32062
32057
32019
32083
32079
32025
32047
32101
32079
32070
32099
32123
32116
32065
32055
32080
32068
32081
32076
32073
32056
32089
32070
32127
32096
32028
32060
32094
32114
32139
32135
32135
32061
32050
32054
32100
32152
32114
32091
32125
32093
32039
32035
32086
32077
32097
32092
32041
32071
32081
32072
32041
32085
32081
32055
32087
32105
32083
32157
32067
32107
32089
32061
32043
32063
32071
32062
32101
32146
32133
32135
32107
32137
32093
32093
32093
32080
32103
32073
32049
32031
32100
32108
32073
31989
31981
32010
31967
32100
32013
32042
31979
32049
32047
32095
32107
32047
32085
32095
32112
32143
32116
32126
32073
32103
32132
32093
32087
32129
32127
32181
32143
32110
32090
32169
32103
32078
32104
32124
32038
32057
32067
32073
32080
32075
32019
32056
32079
32035
32028
32047
32088
32059
32103
32081
32090
32109
32159
32125
32111
32072
32063
32087
32087
32133
32151
32165
32102
32157
32156
32140
32139
32147
32179
32171
32172
32174
32161
32107
32118
32043
32092
32113
32040
32025
32019
32041
32063
32055
32041
32029
32007
32028
32077
32087
32054
32039
32067
32040
32092
32089
32073
32047
32092
32091
32075
32090
32103
32148
32120
32129
32071
32180
32178
32161
32087
32087
32093
32093
32109
32077
32032
32073
32093
32047
32053
32071
32082
32033
32007
31981
31987
31996
31981
32032
32039
32005
32015
32073
32077
32044
31999
32034
32070
32056
32078
32074
32063
32077
32081
32071
32048
32083
32119
32094
32069
32101
32059
32081
32091
32065
32079
32129
32138
32113
32072
32081
32094
32124
32072
31985
31987
32047
32103
32080
32119
32079
32044
32024
32091
32093
32082
