33178
33217
33127
33102
33121
33137
33147
33099
33131
33136
33132
33109
33085
33127
33161
33145
33124
33127
33134
33079
33111
33121
33087
33160
33169
33109
33117
33141
33158
33113
33127
33122
33105
33109
33115
33065
33145
33174
33097
33097
33097
33095
33103
33064
33068
33083
33111
33103
33143
33116
33114
33145
33093
33082
33050
33111
33108
33139
33125
33131
33111
33153
33111
33107
33111
33058
33079
33066
33097
33117
33114
33084
33103
33070
33095
33081
33113
33107
33077
33093
33090
33147
33126
33120
33125
33081
33035
33071
33137
33154
33127
33108
33117
33099
33104
33153
33125
33098
33137
33098
33093
33109
33115
33135
33119
33113
33105
33110
33127
33115
33119
33133
33124
33141
33087
33098
33139
33130
33107
33119
33111
33129
33106
33101
33113
33139
33142
33175
33167
33135
33095
33106
33119
33091
33122
33111
33127
33107
33120
33124
33109
33101
33103
33083
33082
33053
33097
33117
33120
33095
33113
33125
33127
33126
33116
33159
33111
33069
33103
33084
33082
33063
33061
33127
33145
33124
33075
33122
33150
33140
33122
33099
33114
33109
33139
33150
33127
33082
33087
33101
33113
33113
33099
33120
33117
33115
33095
33103
33116
33165
33148
33118
33144
33173
33181
33145
33105
33154
33124
33135
33131
33154
33187
33165
33135
33117
33118
33111
33131
33133
33090
33097
33133
33127
33121
33113
33132
33162
33139
33121
33117
33121
33137
33128
33125
33087
33065
33123
33138
33148
33185
33173
33146
33154
33173
33156
33101
33135
33141
33135
33133
33159
33127
33139
33177
33159
33146
33135
33086
33151
33131
33110
33129
33133
33122
33143
33147
33143
33122
33135
33141
33125
33131
33118
33101
33087
33127
33131
33141
33126
33121
33122
33125
33142
33147
33141
33143
33123
33090
33125
33157
33142
33150
33141
33126
33171
33150
33150
33143
33170
33161
33141
33142
33185
33196
33169
33138
33157
33155
33167
33135
33098
33156
33105
33090
33111
33126
33163
33162
33127
33145
33164
33137
33135
33174
33175
33167
33123
33112
33074
33147
33142
33139
33138
33155
33122
33143
33127
33121
33121
33161
33159
33159
33143
33131
33144
33133
33119
33112
33177
33153
33091
33097
33111
33089
33160
33174
33156
33148
33099
33143
33181
33142
33133
33100
33116
33126
33167
33198
33181
33150
33131
33139
33135
33151
33166
33142
33160
33121
33091
33105
33101
33144
33109
33111
33117
33114
33117
33133
33130
33087
33124
33121
33131
33130
33119
33119
33143
33124
33095
33089
33094
33092
33163
33144
33135
33117
33143
33145
33152
33143
33149
33175
33158
33129
33191
33188
33136
33091
33095
33151
33130
33123
33129
33126
33111
33129
33159
33152
33143
33097
33135
33120
33160
33121
33127
33119
33137
33128
33143
33178
33149
33095
33111
33151
33165
33171
33187
33191
33197
33157
33151
33152
33146
33161
33159
33163
33179
33135
33151
33169
33125
33159
33168
33176
33166
33172
33130
33185
33118
33155
33159
33161
33165
33154
33121
33178
33143
33139
33141
33137
33151
33193
33199
33202
33151
33128
33141
33113
33151
33149
33157
33143
33071
33104
33101
33133
33125
33137
33095
33156
33150
33197
33228
33175
33161
33149
33172
33147
33159
33164
33165
33166
33139
33187
33154
33135
33121
33126
33103
33121
33139
33158
33135
33144
33174
33175
33146
33159
33185
33165
33143
33175
33166
33176
33160
33171
33185
33177
33127
33103
33111
33129
33132
33135
33142
33147
33123
33102
33123
33142
33149
33143
33132
33174
33127
33135
33163
33177
33131
33135
33115
33150
33151
33105
33117
33136
33145
33124
33165
33145
33174
33203
33155
33127
33124
33136
33162
33147
33162
33113
33129
33135
33113
33150
33155
33120
33125
33125
33103
33099
33071
33100
33145
33098
33103
33126
33122
33094
33087
33108
33170
33127
33097
33113
33169
33146
33129
33125
33090
33079
33077
33101
33109
33157
33133
33136
33102
33127
33149
33127
33095
33175
33091
33131
33138
33119
33108
33116
33104
33093
33081
33116
33079
33113
33118
33099
33068
33073
33119
33120
33119
33126
33101
33121
33120
33132
33138
33143
33104
33114
33139
33126
33093
33079
33133
33139
33099
33095
33118
33141
33151
33120
33135
33160
33163
33111
33110
33159
33119
33050
33109
33099
33116
33127
33121
33127
33087
33138
33107
33048
33095
33095
33144
33157
33127
33127
33127
33119
33114
33099
33101
33111
33101
33111
33089
33083
33090
33116
33123
33089
33080
33089
33047
33091
33100
33151
33139
33139
33111
33095
33107
33122
33143
33140
33130
33133
33142
33124
33121
33127
33089
33078
33089
33110
33125
33109
33129
33134
33124
33120
33110
33068
33090
33118
33127
33135
33109
33115
33119
33125
33140
33133
33101
33109
33131
33105
33114
33129
33132
33147
33151
33115
33101
33065
33075
33099
33119
33129
33096
33095
33109
33103
33129
33175
33105
33095
33123
33133
33118
33118
33113
33125
33169
33122
33085
33125
33139
33136
33119
33092
33110
33097
33134
33140
33112
33110
33111
33143
33130
33107
33113
33111
33103
33142
33125
33113
33081
33093
33127
33119
33141
33162
33115
33142
33124
33059
33103
33147
33123
33143
33129
33083
33179
33149
33118
33127
33145
33125
33133
33141
33114
33116
33114
33125
33102
33095
33093
33093
33084
33143
33145
33151
33171
33115
33159
33134
33187
33151
33151
33158
33095
33123
33157
33143
33136
33105
33111
33133
33119
33167
33175
33175
33172
33143
33145
33149
33129
33132
33139
33135
33090
33113
33124
33153
33169
33123
33111
33141
33112
33096
33123
33120
33105
33121
33121
33102
33158
33145
33165
33143
33115
33126
33153
33116
33109
33107
33087
33087
33096
33107
33110
33121
33098
33124
33069
33139
33157
33095
33127
33133
33105
33087
33105
33127
33132
33096
33095
33127
33083
33111
33129
33118
33113
33091
33086
33103
33131
33108
33147
33165
33149
33143
33139
33134
33124
33148
33135
33175
33136
33145
33127
33107
33148
33139
33131
33102
33094
33047
33079
33089
33108
33114
33142
33119
33151
33175
33135
33136
33145
33111
33127
33100
33117
33146
33143
33151
33105
33137
33130
33137
33147
33117
33129
33121
33159
33166
33118
33136
33143
33127
33142
33131
33150
33127
33135
33135
33132
33131
33157
33153
33154
33149
33148
33147
33153
33143
33155
33118
33141
33139
33121
33147
33133
33127
33141
33167
33201
33165
33138
33170
33175
33149
33126
33097
33133
33099
33102
33195
33176
33162
33187
33159
33153
33193
33159
33127
33103
33125
33091
33134
33112
33065
33086
33087
33125
33130
33091
33115
33097
33140
33132
33069
33073
33129
33183
33160
33148
33123
33149
33125
33124
33091
33079
33077
33081
33111
33157
33129
33094
33113
33156
33135
33115
33127
33096
33127
33115
33107
33115
33083
33053
33086
33153
33124
33090
33083
33131
33135
33082
33127
33165
33149
33140
33145
33121
33126
33120
33103
33149
33149
33117
33123
33075
33114
33161
33160
33111
33134
33111
33077
33075
33119
33125
33163
33158
33119
33088
33105
33159
33115
33115
33129
33137
33073
33093
33142
33127
33107
33143
33141
33116
33086
33083
33119
33095
33085
33064
33105
33056
33127
33140
33099
33112
33138
33111
33098
33083
33101
33087
33133
33130
33133
33103
33135
33122
33103
33144
33125
33109
33089
33075
33073
33165
33101
33103
33087
33115
33111
33106
33087
33048
33080
33072
33098
33124
33157
33106
33109
33049
33030
33091
33109
33104
33105
33075
33082
33057
33087
33135
33158
33081
33073
33106
33079
33063
33083
33147
33137
33107
33094
33092
33050
33105
33148
33089
33142
33120
33107
33102
33037
33041
33129
33130
33101
33100
33123
33125
33111
33079
33080
33234
33106
33081
33112
33151
33119
33079
33115
33145
33136
33095
33119
33102
33082
33060
33093
33070
33031
33081
33107
33117
33095
33159
33154
33149
33141
33109
33081
33109
33101
33136
33107
33119
33157
33131
33120
33137
33142
33145
33161
33127
33079
33091
33095
33097
33106
33112
33092
33103
33095
33136
33150
33158
33087
33111
33111
33079
33090
33117
33123
33143
33105
33113
33159
33130
33127
33095
33129
33147
33127
33125
33132
33151
33132
33136
33135
33147
33123
33137
33085
33111
33122
33114
33159
33142
33135
33151
33120
33128
33135
33119
33131
33129
33106
33085
33125
33165
33153
33104
33100
33110
33085
33069
33113
33162
33171
33159
33166
33169
33148
33132
33106
33136
33125
33125
33149
33159
33169
33145
33108
33131
33140
33100
33124
33143
33105
33101
33135
33121
33127
33119
33129
33095
33135
33143
33115
33127
33145
33143
33123
33139
33109
33145
33151
33121
33135
33143
33108
33147
33099
33115
33093
33113
33103
33131
33156
33171
33153
33119
33141
33167
33143
33126
33093
33099
33128
33117
33145
33175
33151
33127
33109
33133
33117
33119
33127
33106
33105
33083
33142
33153
33135
33135
33144
33108
33096
33146
33151
33135
33150
33171
33149
33146
33145
33119
33106
33112
33087
33113
33114
33115
33113
33095
33103
33141
33135
33123
33122
33077
33103
33119
33121
33128
33131
33119
33085
33160
33142
33047
33100
33123
33149
33135
33115
33111
33125
33150
33145
33165
33177
33147
33137
33143
33130
33120
33105
33130
33127
33101
33087
33113
33148
33113
33124
33108
33111
33114
33101
33112
33128
33083
33151
33147
33153
33125
33079
33105
33114
33106
33116
33111
33145
33131
33144
33185
33109
33143
33138
33130
33097
33110
33135
33129
33167
33161
33127
33135
33173
33143
33128
33143
33165
33144
33133
33143
33141
33119
33150
33098
33069
33111
33133
33114
33127
33164
33169
33189
33140
33145
33121
33095
33122
33166
33163
33150
33136
33139
33153
33167
33117
33123
33138
33104
33100
33151
33155
33141
33172
33151
33159
33136
33127
33173
33127
33165
33191
33166
33145
33137
33148
33117
33143
33155
33052
33065
33135
33155
33154
33159
33155
33103
33094
33119
33141
33098
33136
33154
33121
33167
33167
33071
33141
33181
33183
33136
33091
33131
33127
33117
33117
33135
33149
33127
33162
33142
33137
33129
33119
33107
33081
33119
33137
33139
33152
33165
33145
33151
33157
33135
33113
33137
33136
33117
33111
33107
33119
33153
33124
33169
33159
33167
33135
33111
33115
33103
33135
33147
33153
33114
33136
33143
33137
33109
33084
33138
33173
33150
33138
33137
33173
33167
33171
33160
33161
33129
33143
33125
33109
33125
33105
33084
33089
33127
33151
33171
33198
33149
33113
33134
33111
33115
33153
33127
33109
33136
33105
33120
33111
33114
33128
33139
33099
33114
33097
33109
33095
33093
33119
33151
33120
33161
33096
33093
33135
33113
33121
33141
33183
33173
33251
33144
33166
33167
33123
33125
33127
33160
33146
33162
33157
33159
33107
33131
33166
33167
33169
33169
33171
33143
33155
33167
33111
33135
33133
33163
33113
33106
33131
33141
33158
33134
33117
33093
33106
33153
33131
33109
33143
33145
33177
33149
33123
33167
33130
33119
33149
33143
33143
33149
33127
33185
33159
33122
33106
33134
33163
33161
33136
33111
33100
33063
33118
33171
33151
33105
33121
33117
33149
33113
33127
33086
33123
33140
33125
33151
33070
33111
33121
33131
33143
33153
33143
33122
33127
33089
33175
33119
33115
33159
33175
33168
33143
33145
33123
33095
33119
33116
33109
33084
33095
33149
33115
33119
33114
33151
33155
33143
33113
33133
33165
33123
33159
33157
33118
33140
33104
33135
33137
33127
33143
33159
33130
33119
33167
33181
33133
33119
33081
33128
33151
33091
33111
33123
33154
33173
33164
33167
33187
33145
33185
33173
33239
33173
33220
33195
33145
33151
33135
33143
33122
33135
33165
33165
33119
33103
33175
33117
33095
33141
33163
33131
33131
33173
33133
33112
33149
33121
33155
33130
33150
33143
33166
33156
33163
33193
33134
33148
33180
33161
33159
33187
33146
33177
33162
33113
33115
33109
33129
33117
33125
33111
33109
33137
33182
33127
33135
33119
33148
33173
33171
33126
33097
33110
33143
33177
33167
33181
33130
33124
33122
33159
33163
33127
33143
33137
33124
33115
33111
33101
33141
33105
33143
33116
33074
33088
33121
33111
33147
33112
33104
33115
33140
33126
33128
33105
33113
33151
33129
33137
33133
33169
33151
33116
33145
33135
33086
33089
33087
33072
33069
33141
33117
33135
33127
33151
33115
33126
33100
33101
33163
33163
33165
33160
33134
33114
33151
33165
33099
33178
33170
33107
33055
33071
33093
33098
33138
33146
33135
33177
33162
33114
33112
33161
33162
33092
33117
33123
33140
33108
33071
33111
33151
33127
33134
33105
33128
33127
33103
33119
33095
33067
33112
33095
33092
33077
33071
33064
33073
33123
33099
33087
33060
33143
33157
33118
33140
33123
33074
33057
33080
33049
33095
33125
33135
33113
33095
33066
33109
33107
33081
33069
33064
33069
33115
33103
33146
33091
33055
33082
33119
33065
33091
33150
33164
33137
33167
33118
33131
33113
33111
33129
33140
33111
33123
33103
33075
33109
33116
33143
33143
33118
33190
33161
33153
33148
33118
33109
33121
33134
33132
33139
33137
33149
33131
33146
33156
33129
33111
33113
33135
33145
33119
33172
33141
33143
33122
33113
33133
33152
33166
33170
33155
33143
33173
33112
33108
33071
33100
33151
33155
33095
33089
33095
33147
33144
33109
33113
33161
33153
33142
33111
33107
33144
33147
33151
33129
33102
33105
33123
33181
33121
33117
33083
33125
33164
33147
33156
33135
33122
33137
33119
33127
33121
33135
33127
33133
33143
33156
33127
33116
33111
33111
33106
33140
33071
33087
33107
33148
33134
33143
33126
33128
33107
33086
33129
33116
33090
33127
33127
33123
33125
33150
33111
33144
33135
33142
33150
33104
33117
33115
33107
33121
33103
33125
33185
33129
33111
33119
33113
33121
33116
33094
33137
33130
33101
33155
33154
33127
33127
33096
33087
33089
33115
33145
33117
33137
33133
33111
33093
33115
33121
33111
33153
33147
33114
33115
33130
33117
33114
33164
33113
33137
33091
33070
33078
33133
33089
33090
33117
33128
33110
33147
33140
33132
33127
33099
33144
33154
33136
33170
33159
33117
33117
33129
33141
33109
33162
33147
33151
33164
33163
33140
33099
33107
33111
33125
33135
33120
33105
33121
33100
33109
33145
33157
33151
33111
33131
33107
33087
33087
33109
33131
33128
33141
33101
33118
33161
33127
33107
33105
33150
33122
33119
33105
33089
33128
33126
33093
33071
33095
33163
33156
33074
33097
33151
33159
33169
33100
33101
33063
33102
33079
33127
33093
33113
33121
33116
33107
33095
33087
33109
33115
33119
33139
33134
33117
33152
33101
33135
33133
33159
33161
33101
33094
33109
33141
33191
33163
33131
33112
33143
33145
33122
33140
33130
33165
33151
33121
33137
33116
33159
33155
33151
33159
33141
33123
33177
33156
33132
33117
33115
33116
33135
33123
33159
33176
33093
33119
33185
33167
33139
33077
33094
33133
33143
33168
33146
33075
33101
33107
33121
33135
33115
33169
33133
33120
33147
33129
33109
33153
33134
33137
33176
33135
33127
33173
33163
33150
33126
33121
33148
33151
33152
33141
33111
33121
33162
33162
33139
33113
33135
33167
33136
33157
33137
33126
33123
33099
33150
33131
33120
33127
33145
33121
33159
33142
33087
33167
33153
33111
33190
33159
33147
33142
33112
33133
33127
33111
33128
33123
33144
33171
33179
33121
33127
33133
33191
33189
33145
33151
33172
33145
33145
33151
33158
33155
33132
33163
33173
33151
33189
33128
33115
33148
33135
33158
33159
33127
33099
33076
33109
33107
33145
33133
33113
33135
33139
33140
33069
33120
33175
33133
33135
33137
33140
33120
33132
33163
33115
33144
33139
33162
33107
33113
33151
33135
33106
33143
33149
33167
33113
33135
33097
33113
33134
33143
33144
33116
33158
33130
33120
33148
33123
33145
33173
33177
33151
33111
33159
33156
33089
33101
33143
33155
33099
33109
33124
33112
33125
33159
33118
33116
33133
33093
33127
33132
33165
33132
33120
33124
33094
33127
33104
33132
33126
33143
33160
33172
33143
33143
33135
33151
33141
33113
33112
33100
33137
33135
33143
33124
33121
33117
33110
33113
33121
33159
33133
33113
33124
33120
33145
33139
33121
33092
33079
33101
33113
33127
33105
33135
33071
33095
33121
33082
33108
33081
33125
33143
33104
33105
33108
33087
33097
33083
33144
33177
33123
33141
33099
33101
33149
33191
33136
33151
33119
33106
33137
33164
33130
33154
33127
33142
33129
33152
33133
33117
33107
33168
33123
33123
33117
33127
33135
33139
33111
33141
33146
33107
33171
33159
33141
33145
33161
33115
33147
33153
33115
33073
33089
33142
33131
33125
33111
33161
33143
33126
33139
33127
33139
33142
33126
33105
33133
33147
33133
33131
33160
33141
33161
33171
33125
33114
33101
33096
33125
33133
33107
33136
33135
33118
33100
33125
33103
33087
33079
33063
33105
33124
33132
33145
33181
33079
33082
33085
33113
33114
33087
33103
33102
33083
33134
33133
33143
33137
33138
33117
33105
33117
33103
33088
33130
33096
33129
33093
33074
33101
33135
33145
33135
33136
33143
33115
33109
33108
33136
33106
33085
33104
33149
33135
33116
33131
33177
33143
33157
33106
33152
33095
33133
33113
33133
33129
33157
33123
33162
33145
33120
33145
33142
33095
33127
33099
33122
33119
33150
33119
33104
33103
33094
33128
33095
33083
33125
33111
33107
33107
33129
33149
33125
33107
33185
33119
33130
33145
33149
33154
33131
33152
33151
33121
33179
33173
33107
33095
33106
33075
33165
33147
33153
33137
33108
33153
33163
33154
33162
33141
33112
33149
33125
33125
33127
33145
33147
33127
33133
33128
33099
33101
33080
33121
33135
33131
33148
33135
33143
33128
33111
33106
33121
33126
33111
33118
33149
33129
33135
33143
33125
33141
33195
33189
33202
33171
33113
33095
33107
33060
33131
33163
33129
33122
33141
33172
33229
33153
33135
33164
33171
33129
33155
33181
33137
33153
33075
33110
33152
33096
33101
33099
33143
33166
33137
33134
33142
33125
33118
33113
33120
33132
33148
33142
33120
33111
33129
33141
33139
33117
33118
33185
33148
33129
33071
33119
33142
33158
33111
33103
33135
33101
33144
33144
33123
33143
33136
33137
33122
33155
33127
33114
33130
33143
33133
33119
33111
33119
33125
33159
33120
33101
33100
33135
33122
33095
33123
33143
33109
33087
33110
33143
33143
33151
33151
33147
33167
33145
33106
33119
33177
33140
33145
33169
33167
33163
33173
33126
33108
33155
33183
33151
33185
33171
33142
33143
33141
33097
33120
33127
33129
33103
33111
33117
33129
33139
33127
33114
33104
33132
33128
33087
33094
33175
33132
33123
33117
33117
33075
33099
33120
33161
33137
33052
33105
33101
33127
33135
33118
33084
33127
33132
33166
33159
33125
33127
33109
33071
33111
33143
33139
33122
33081
33123
33171
33113
33069
33070
33089
33091
33111
33107
33095
33127
33093
33149
33169
33170
33165
33182
33165
33111
33127
33150
33149
33133
33113
33093
33116
33172
33095
33086
33105
33133
33105
33119
33148
33130
33117
33063
33081
33121
33139
33141
33111
33091
33117
33121
33119
33122
33129
33127
33111
33086
33127
33122
33157
33193
33155
33109
33111
33131
33156
33151
33143
33137
33138
33151
33129
33104
33122
33081
33098
33117
33095
33117
33129
33135
33138
33127
33109
33075
33063
33119
33083
33118
33131
33166
33187
33158
33168
33128
33139
33155
33127
33078
33128
33133
33154
33099
33111
33121
33095
33111
33128
33121
33125
33147
33178
33127
33155
33113
33115
33097
33083
33117
33095
33094
33113
33145
33095
33109
33135
33143
33146
33113
33037
33056
33085
33127
33138
33121
33111
33109
33151
33125
33113
33144
33141
33109
33135
33143
33129
33159
33122
33137
33166
33169
33151
33125
33098
33143
33157
33107
33138
33131
33102
33087
33121
33125
33113
33111
33135
33105
33104
33133
33138
33119
33094
33110
33147
33144
33124
33101
33106
33103
33123
33163
33143
33127
33145
33150
33124
33107
33123
33100
33103
33153
33113
33111
33133
33151
33113
33151
33111
33085
33108
33094
33141
33136
33177
33159
33138
33139
33151
33151
33115
33130
33137
33105
33104
33083
33087
33097
33145
33123
33111
33149
33141
33139
33159
33155
33159
33125
33105
33087
33103
33171
33144
33119
33143
33145
33131
33091
33095
33101
33113
33155
33106
33127
33111
33138
33123
33089
33117
33114
33119
33129
33105
33147
33159
33127
33121
33117
33129
33140
33091
33131
33127
33165
33129
33094
33125
33117
33077
33095
33121
33160
33159
33109
33111
33135
33100
33079
33103
33117
33093
33090
33083
33102
33106
33083
33112
33079
33110
33122
33106
33119
33104
33047
33111
33126
33106
33101
33104
33077
33063
33063
33113
33115
33095
33095
33133
33095
33101
33098
33097
33087
33093
33087
33093
33094
33098
33107
33101
33128
33135
33077
33085
33053
33053
33100
33099
33123
33100
33106
33096
33076
33075
33069
33129
33129
33089
33133
33111
33093
33079
33112
33091
33079
33099
33115
33078
33083
33132
33089
33113
33139
33127
33124
33085
33107
33108
33139
33109
33129
33142
33051
33085
33134
33130
33093
33108
33085
33140
33072
33112
33108
33101
33126
33107
33061
33077
33081
33085
33135
33123
33067
33102
33099
33114
33067
33061
33063
33100
33108
33095
33096
33089
33151
33147
33101
33105
33151
33143
33133
33125
33105
33077
33125
33091
33149
33120
33079
33068
33103
33107
33080
33080
33089
33141
33131
33145
33159
33101
33106
33155
33165
33157
33129
33112
33171
33159
33096
33103
33129
33131
33159
33173
33143
33111
33115
33126
33169
33130
33126
33143
33145
33114
33108
33127
33127
33142
33129
33143
33145
33139
33086
33123
33115
33073
33111
33166
33119
33115
33147
33147
33101
33082
33118
33130
33121
33115
33113
33112
33162
33175
33149
33117
33149
33127
33111
33157
33149
33139
33111
33138
33151
33124
33115
33110
33129
33107
33103
33119
33164
33095
33095
33101
33143
33126
33095
33112
33109
33082
33131
33086
33069
33096
33125
33167
33157
33121
33131
33122
33087
33091
33153
33183
33125
33123
33143
33104
33129
33130
33127
33144
33098
33104
33112
33145
33167
33141
33175
33135
33173
33175
33169
33165
33146
33146
33121
33140
33157
33180
33147
33127
33089
33128
33141
33213
33171
33130
33135
33129
33142
33161
33138
33173
33149
33136
33159
33130
33120
33102
33110
33130
33163
33124
33145
33145
33128
33081
33121
33105
33111
33112
33127
33147
33148
33153
33157
33153
33173
33167
33147
33113
33094
33117
33143
33159
33156
33122
33146
33199
33139
33149
33153
33166
33163
33137
33105
33122
33137
33131
33079
33110
33151
33194
33147
33129
33116
33126
33161
33129
33137
33117
33176
33112
33111
33153
33121
33126
33109
33141
33175
33127
33098
33135
33156
33173
33159
33143
33131
33151
33112
33137
33125
33147
33149
33149
33135
33143
33197
33133
33169
33133
33136
33171
33156
33147
33119
33129
33137
33131
33113
33107
33146
33183
33127
33119
33171
33143
33140
33113
33123
33138
33142
33127
33090
33130
33135
33097
33115
33105
33145
33109
33143
33136
33124
33109
33144
33119
33114
33125
33113
33113
33109
33128
33153
33148
33103
33112
33132
33159
33184
33175
33159
33153
33147
33164
33151
33113
33114
33139
33179
33124
33117
33176
33159
33132
33143
33141
33144
33137
33167
33147
33169
33149
33159
33185
33153
33151
33111
33147
33138
33142
33147
33167
33163
33113
33085
33106
33156
33180
33147
33107
33126
33128
33091
33105
33107
33116
33120
33125
33150
33159
33176
33153
33132
33143
33185
33115
33100
33111
33115
33138
33153
33161
33156
33151
33147
33119
33127
33140
33144
33126
33122
33107
33139
33150
33162
33093
33087
33143
33159
33107
33149
33127
33128
33139
33142
33139
33115
33098
33104
33159
33161
33180
33145
33113
33148
33175
33143
33121
33131
33141
33090
33089
33106
33138
33177
33184
33176
33143
33139
33138
33137
33153
33141
33151
33231
33099
33113
33118
33074
33114
33099
33129
33087
33147
33113
33093
33107
33169
33179
33151
33105
33133
33122
33113
33125
33099
33094
33080
33103
33114
33094
33086
33071
33101
33123
33087
33085
33138
33134
33157
33110
33139
33100
33114
33089
33045
33103
33128
33148
33111
33043
33111
33159
33114
33087
33122
33089
33047
33053
33062
33087
33076
33053
33065
33043
33054
33106
33123
33142
33129
33090
33122
33112
33116
33113
33079
33107
33099
33061
33094
33116
33103
33140
33059
33095
33126
33135
33144
33097
33089
33093
33107
33100
33082
33107
33073
33059
33078
33097
33101
33081
33079
33129
33136
33105
33138
33121
33092
33081
33142
33180
33133
33165
33143
33168
33161
33111
33130
33146
33163
33122
33129
33134
33105
33143
33146
33141
33127
33117
33111
33171
33127
33138
33154
33137
33118
33104
33153
33162
33123
33136
33098
33115
33113
33157
33167
33173
33140
33155
33163
33182
33191
33192
33178
33121
33153
33141
33166
33192
33145
33152
33143
33113
33167
33188
33144
33138
33103
33125
33119
33167
33163
33116
33159
33141
33180
33188
33178
33176
33150
33165
33212
33141
33152
33137
33133
33135
33169
33135
33144
33150
33096
33075
33118
33148
33118
33145
33088
33129
33127
33120
33153
33111
33100
33131
33119
33147
33183
33170
33094
33125
33139
33144
33109
33134
33087
33102
33127
33129
33136
33113
33129
33121
33095
33095
33105
33089
33165
33139
33124
33119
33096
33131
33143
33162
33136
33132
33111
33133
33134
33137
33143
33137
33146
33138
33125
33145
33124
33119
33159
33167
33133
33155
33157
33112
33137
33130
33124
33092
33153
33149
33175
33159
33151
33181
33173
33151
33154
33150
33137
33143
33128
33143
33173
33147
33158
33152
33126
33127
33121
33147
33123
33151
33157
33156
33157
33137
33133
33107
33148
33119
33149
33129
33118
33159
33151
33095
33131
33139
33125
33137
33131
33135
33091
33080
33122
33118
33153
33121
33127
33145
33104
33151
33143
33149
33163
33157
33216
33173
33131
33122
33107
33143
33171
33143
33136
33137
33134
33108
33150
33159
33153
33151
33169
33165
33138
33131
33137
33141
33156
33103
33125
33143
33130
33116
33097
33107
33151
33121
33159
33134
33124
33125
33127
33108
33121
33138
33172
33158
33125
33151
33146
33143
33142
33179
33174
33174
33143
33116
33093
33089
33138
33138
33139
33139
33128
33091
33086
33125
33142
33106
33111
33113
33063
33079
33127
33110
33113
33123
33099
33137
33121
33146
33127
33111
33119
33146
33148
33113
33153
33186
33184
33213
33187
33173
33145
33158
33167
33129
33143
33143
33125
33142
33127
33123
33161
33145
33142
33124
33093
33116
33128
33133
33105
33135
33111
33078
33083
33127
33161
33189
33161
33151
33123
33125
33149
33115
33125
33135
33112
33137
33153
33161
33162
33154
33137
33129
33131
33099
33121
33143
33151
33169
33145
33143
33141
33139
33121
33107
33115
33070
33083
33164
33197
33166
33123
33143
33135
33113
33128
33108
33129
33159
33159
33161
33159
33160
33175
33157
33133
33131
33160
33159
33114
33153
33182
33148
33144
33133
33137
33149
33157
33113
33146
33129
33131
33144
33139
33134
33119
33154
33149
33134
33092
33109
33131
33108
33145
33127
33129
33153
33156
33133
33126
33100
33133
33167
33118
33133
33123
33111
33186
33191
33177
33132
33146
33116
33182
33151
33148
33143
33174
33129
33130
33158
33146
33133
33119
33128
33174
33133
33150
33161
33126
33115
33093
33143
33143
33113
33121
33121
33143
33111
33134
33146
33148
33114
33127
33087
33079
33109
33093
33153
33149
33127
33130
33134
33115
33123
33111
33101
33111
33107
33109
33103
33108
33167
33143
33075
33065
33110
33116
33111
33089
33133
33075
33063
33107
33116
33130
33129
33096
33111
33100
33101
33161
33145
33158
33145
33101
33066
33071
33095
33082
33137
33153
33115
33116
33085
33108
33095
33098
33143
33115
33116
33137
33122
33105
33157
33170
33091
33111
33118
33098
33083
33073
33067
33113
33117
33079
33109
33143
33077
33123
33142
33103
33115
33145
33100
33077
33091
33103
33073
33101
33140
33097
33116
33143
33141
33119
33132
33169
33142
33140
33149
33119
33098
33103
33138
33157
33131
33114
33099
33063
33081
33147
33127
33099
33115
33079
33103
33118
33084
33127
33145
33116
33117
33107
33099
33106
33152
33149
33085
33109
33066
33097
33095
33089
33192
33181
33145
33098
33116
33143
33110
33135
33139
33140
33135
33169
33135
33147
33137
33141
33170
33085
33111
33132
33119
33120
33087
33093
33139
33125
33123
33157
33115
33139
33111
33119
33134
33135
33149
33106
33116
33154
33173
33153
33149
33133
33107
33121
33123
33163
33167
33119
33153
33148
33122
33121
33136
33140
33181
33125
33147
33165
33143
33087
33135
33134
33147
33143
33119
33155
33174
33153
33109
33085
33130
33085
33091
33086
33120
33153
33125
33118
33071
33055
33147
33151
33097
33137
33135
33157
33131
33052
33095
33091
33121
33156
33089
33099
33172
33173
33185
33123
33147
33163
33189
33168
33143
33106
33111
33150
33151
33111
33160
33143
33122
33109
33100
33105
33169
33168
33155
33127
33109
33139
33177
33142
33099
33118
33082
33066
33104
33098
33105
33158
33175
33141
33113
33115
33169
33201
33129
33100
33142
33105
33077
33135
33142
33128
33115
33098
33113
33139
33111
33151
33165
33180
33143
33149
33150
33135
33135
33127
33127
33131
33176
33157
33113
33173
33141
33137
33179
33141
33122
33163
33175
33139
33159
33154
33121
33141
33127
33101
33155
33169
33159
33128
33108
33079
33095
33097
33125
33125
33116
33127
33150
33167
33181
33115
33073
33073
33119
33125
33143
33134
33151
33160
33112
33143
33153
33157
33159
33127
33132
33150
33145
33172
33119
33109
33099
33134
33143
33119
33153
33126
33121
33139
33123
33159
33167
33129
33089
33137
33146
33135
33175
33111
33095
33135
33169
33143
33099
33147
33184
33203
33151
33144
33128
33135
33151
33169
33144
33103
33132
33175
33141
33148
33181
33135
33111
33123
33151
33199
33161
33167
33111
33093
33119
33085
33081
33141
33197
33111
33111
33115
33114
33113
33125
33116
33124
33137
33127
33116
33147
33141
33141
33137
33159
33127
33133
33140
33154
33160
33192
33195
33182
33141
33123
33132
33155
33127
33155
33163
33155
33184
33191
33122
33118
33167
33179
33111
33134
33166
33177
33171
33157
33151
33145
33125
33143
33145
33151
33186
33179
33146
33125
33113
33137
33143
33107
33127
33164
33167
33145
33141
33157
33133
33135
33208
33172
33135
33149
33119
33154
33170
33109
33127
33139
33138
33109
33119
33127
33079
33050
33096
33083
33131
33153
33160
33143
33151
33160
33183
33170
33180
33203
33165
33137
33127
33126
33145
33181
33184
33153
33159
33164
33141
33191
33163
33152
33191
33145
33129
33131
33075
33108
33165
33137
33173
33134
33072
33127
33167
33086
33098
33125
33141
33147
33149
33151
33130
33134
33125
33157
33139
33133
33160
33155
33177
33157
33150
33119
33146
33145
33148
33121
33170
33168
33158
33138
33143
33143
33147
33131
33141
33116
33112
33121
33091
33109
33140
33119
33107
33149
33127
33141
33111
33075
33112
33089
33095
33137
33137
33121
33084
33085
33105
33151
33137
33123
33107
33115
33153
33113
33118
33121
33135
33159
33146
33127
33135
33119
33143
33155
33125
33185
33166
33132
33124
33109
33128
33104
33089
33151
33127
33108
33129
33125
33072
33114
33109
33110
33132
33119
33155
33143
33129
33143
33118
33125
33113
33127
33129
33146
33187
33163
33113
33121
33150
33183
33143
33141
33151
33178
33175
33137
33149
33135
33144
33147
33187
33159
33138
33145
33166
33194
33180
33135
33123
33111
33105
33129
33100
33112
33155
33122
33120
33158
33145
33089
33095
33126
33125
33136
33155
33122
33151
33141
33161
33183
33154
33151
33147
33169
33176
33138
33161
33143
33161
33161
33152
33139
33151
33180
33127
33159
33145
33094
33146
33164
33145
33117
33143
33105
33147
33143
33173
33131
33114
33113
33105
33145
33171
33135
33127
33127
33157
33154
33143
33174
33119
33151
33156
33192
33182
33159
33156
33149
33148
33151
33153
33188
33134
33058
33095
33098
33183
33163
33125
33132
33155
33151
33143
33147
33125
33105
33112
33125
33127
33135
33107
33111
33125
33116
33103
33119
33119
33127
33150
33160
33141
33098
33135
33137
33157
33135
33131
33128
33159
33177
33145
33111
33129
33123
33106
33109
33166
33164
33115
33113
33139
33135
33161
33151
33165
33127
33128
33103
33109
33175
33097
33097
33115
33138
33135
33159
33143
33119
33093
33127
33164
33178
33129
33143
33167
33151
33149
33141
33115
33115
33145
33184
33123
33158
33165
33123
33143
33129
33117
33097
33111
33087
33111
33131
33109
33115
33101
33070
33144
33146
33139
33111
33122
33111
33115
33111
33153
33179
33184
33140
33165
33111
33122
33144
33173
33173
33151
33141
33177
33150
33149
33146
33151
33139
33157
33150
33165
33203
33196
33141
33120
33093
33094
33115
33084
33101
33127
33123
33105
33127
33162
33092
33102
33141
33197
33175
33113
33161
33136
33148
33155
33117
33136
33159
33158
33153
33128
33069
33129
33165
33113
33135
33149
33163
33133
33115
33143
33175
33133
33143
33151
33204
33163
33135
33129
33158
33137
33100
33122
33157
33177
33143
33106
33128
33097
33171
33171
33145
33167
33208
33200
33202
33142
33079
33153
33181
33177
33181
33177
33138
33135
33115
33151
33142
33171
33146
33133
33159
33155
33177
33180
33145
33157
33137
33131
33151
33137
33125
33150
33169
33119
33127
33143
33127
33117
33133
33119
33128
33129
33145
33098
33129
33141
33075
33105
33119
33113
33103
33097
33119
33097
33087
33095
33081
33069
33066
33094
33055
33038
33068
33042
33102
33087
33048
33073
33042
33038
33097
33087
33033
33047
33031
33044
33076
33091
33101
33139
33078
33101
33087
33043
33060
33038
33040
33078
33034
33011
33040
32991
33006
32977
32959
33023
33001
32983
32981
32959
32963
32984
33000
33023
32965
32929
32953
32986
32983
32982
32983
32948
32945
32935
32915
32893
32915
32981
32970
32943
32937
32939
32907
32923
32939
32951
32944
32863
32897
32936
32915
32887
32903
32987
32957
32963
32951
32959
32981
32975
32971
32895
32895
32903
32929
32924
32939
32923
32917
32931
32888
32967
32989
32942
32932
32952
32978
32956
33019
33055
33031
33038
33014
32991
33019
33058
33069
33023
33019
33058
33090
33067
33094
33060
33066
33087
33079
33058
33082
33071
33053
33077
33057
33079
33083
33128
33158
33121
33119
33117
33074
33143
33097
33055
33081
33090
33103
33153
33169
33109
33110
33182
33191
33175
33189
33196
33203
33187
33193
33223
33201
33216
33209
33169
33141
33177
33219
33204
33152
33181
33154
33191
33189
33159
33170
33175
33139
33115
33082
33103
33161
33131
33135
33159
33133
33189
33175
33140
33172
33163
33154
33193
33207
33232
33257
33221
33243
33262
33239
33271
33252
33237
33245
33238
33247
33223
33255
33293
33225
33199
33240
33209
33184
33155
33166
33154
33146
33140
33162
33199
33173
33154
33161
33181
33201
33141
33143
33191
33197
33212
33181
33223
33221
33217
33210
33255
33255
33239
33267
33287
33258
33244
33240
33240
33199
33210
33234
33230
33210
33184
33207
33198
33148
33149
33141
33212
33210
33168
33171
33154
33152
33097
33140
33111
33133
33192
33149
33153
33139
33173
33200
33223
33215
33196
33176
33181
33191
33198
33233
33221
33223
33227
33249
33266
33277
33229
33227
33242
33233
33229
33177
33159
33160
33154
33141
33142
33123
33135
33119
33083
33142
33173
33199
33167
33141
33129
33159
33162
33196
33209
33207
33158
33211
33163
33164
33146
33128
33173
33195
33207
33193
33223
33186
33203
33180
33207
33213
33208
33205
33183
33183
33175
33155
33164
33189
33147
33113
33153
33145
33119
33139
33142
33116
33127
33151
33132
33141
33115
33096
33091
33116
33089
33100
33095
33112
33125
33143
33177
33155
33215
33162
33202
33188
33135
33170
33163
33177
33189
33219
33194
33129
33159
33135
33175
33144
33132
33139
33102
33119
33142
33137
33095
33092
33075
33067
33088
33123
33100
33119
33091
33087
33135
33095
33132
33190
33154
33151
33190
33160
33095
33145
33164
33167
33201
33173
33177
33156
33145
33161
33207
33193
33213
33144
33106
33119
33172
33170
33127
33139
33155
33121
33111
33089
33067
33087
33127
33098
33073
33087
33093
33105
33080
33111
33122
33081
33118
33115
33097
33171
33147
33142
33186
33209
33187
33153
33168
33183
33173
33186
33195
33189
33207
33215
33159
33119
33135
33122
33146
33127
33159
33143
33125
33115
33153
33113
33144
33155
33169
33171
33130
33122
33119
33113
33107
33140
33146
33177
33205
33143
33178
33175
33173
33155
33128
33165
33158
33167
33173
33160
33159
33174
33144
33186
33177
33211
33187
33113
33139
33151
33153
33089
33149
33190
33159
33141
33092
33127
33160
33135
33097
33077
33091
33111
33192
33150
33121
33149
33131
33143
33135
33117
33134
33145
33194
33155
33163
33199
33187
33186
33231
33187
33189
33209
33188
33186
33167
33113
33211
33211
33147
33143
33129
33120
33110
33073
33081
33083
33097
33110
33130
33129
33102
33097
33129
33133
33097
33075
33107
33113
33138
33114
33140
33117
33091
33102
33108
33145
33122
33119
33157
33163
33174
33169
33132
33167
33122
33135
33149
33183
33162
33165
33182
33147
33157
33147
33151
33135
33121
33093
33039
33121
33131
33114
33173
33146
33141
33079
33143
33171
33183
33125
33148
33153
33156
33213
33207
33225
33159
33138
33169
33207
33238
33186
33153
33193
33249
33168
33110
33128
33179
33176
33128
33127
33186
33135
33079
33123
33113
33108
33137
33132
33111
33097
33105
33075
33106
33111
33111
33081
33071
33120
33113
33131
33102
33121
33139
33149
33151
33133
33127
33180
33201
33180
33145
33154
33165
33175
33175
33175
33143
33180
33149
33147
33111
33105
33126
33087
33101
33151
33133
33109
33128
33103
33070
33133
33175
33157
33100
33132
33131
33127
33168
33185
33191
33179
33203
33180
33158
33130
33139
33182
33150
33170
33188
33174
33148
33186
33194
33169
33139
33127
33118
33129
33112
33129
33101
33128
33101
33122
33090
33097
33089
33125
33122
33127
33135
33162
33115
33083
33108
33106
33123
33160
33138
33165
33151
33205
33176
33143
33127
33143
33150
33189
33141
33169
33190
33132
33121
33141
33155
33168
33162
33141
33137
33138
33160
33147
33033
33033
33057
33079
33061
33083
33071
33086
33109
33115
33147
33129
33113
33127
33161
33137
33097
33141
33159
33194
33190
33190
33183
33163
33191
33189
33161
33161
33170
33177
33179
33184
33178
33187
33154
33141
33175
33119
33108
