32441
32602
32653
32589
32511
32485
32482
32616
32707
32621
32566
32582
32671
32691
32691
32657
32637
32481
32489
32639
32660
32647
32613
32562
32551
32479
32478
32699
32705
32486
32705
32597
32599
32504
32480
32513
32630
32669
32727
32482
32504
32677
32687
32702
32493
32535
32625
32493
32537
32565
32619
32693
32689
32629
32649
32543
32499
32551
32657
32646
32657
32487
32584
32645
32707
32664
32601
32510
32672
32693
32495
32509
32599
32673
32501
32484
32549
32607
32503
32540
32696
32709
32667
32543
32517
32514
32639
32673
32678
32693
32629
32535
32667
32684
32481
32511
32595
32632
32491
32493
32542
32649
32671
32591
32510
32645
32607
32511
32520
32629
32651
32555
32517
32547
32684
32549
32674
32627
32584
32620
32648
32689
32641
32639
32495
32586
32565
32600
32563
32501
32501
32621
32575
32636
32584
32559
32658
32625
32583
32503
32519
32549
32583
32597
32630
32653
32659
32520
32523
32656
32655
32589
32628
32639
32547
32516
32533
32591
32633
32516
32719
32628
32626
32567
32462
32493
32611
32732
32671
32465
32464
32460
32679
32711
32461
32671
32673
32658
32551
32530
32535
32535
32553
32485
32631
32671
32701
32693
32633
32663
32487
32543
32705
32679
32516
32658
32608
32561
32526
32657
32529
32543
32511
32598
32643
32667
32661
32617
32528
32563
32661
32535
32537
32532
32579
32590
32641
32653
32585
32523
32506
32517
32657
32587
32655
32627
32559
32545
32503
32497
32533
32523
32517
32619
32531
32637
32679
32561
32537
32513
32532
32557
32623
32660
32635
32570
32567
32652
32655
32652
32515
32527
32663
32609
32523
32647
32657
32647
32681
32533
32567
32595
32652
32568
32574
32648
32651
32662
32511
32581
32677
32617
32523
32506
32655
32671
32575
32541
32547
32495
32521
32535
32506
32571
32603
32647
32521
32503
32589
32669
32648
32569
32613
32603
32631
32631
32649
32569
32566
32664
32631
32607
32523
32593
32635
32498
32527
32657
32533
32559
32577
32599
32624
32550
32535
32591
32591
32502
32525
32530
32654
32609
32565
32509
32554
32658
32664
32535
32562
32549
32575
32574
32524
32539
32551
32635
32649
32627
32602
32580
32500
32557
32593
32557
32511
32575
32662
32639
32551
32573
32557
32602
32609
32654
32555
32545
32605
32537
32593
32569
32626
32643
32561
32523
32543
32519
32531
32575
32611
32645
32568
32607
32631
32569
32605
32593
32554
32502
32492
32674
32599
32623
32662
32623
32639
32595
32564
32444
32523
32279
32379
32847
32625
32692
32671
32276
32285
32528
33048
32453
32295
32471
32341
32132
32374
33063
32601
32978
32875
32857
32227
32965
32741
32729
32771
32134
32917
32747
32327
32487
31936
32711
32483
32695
32589
32296
32385
32639
32828
32883
33050
32991
32581
32525
32359
32801
32969
32785
32479
32280
32377
32497
32563
32405
32199
32833
32931
32699
32527
32934
32184
32387
32360
32455
32961
32669
32489
32263
32466
32756
32842
32489
32492
32370
32495
32463
32435
32371
32303
32529
32459
32863
32495
32387
32460
32470
32387
32835
32685
32571
32790
32821
32404
32469
32580
32775
32611
32579
32389
32619
32665
32673
32933
32389
32776
32407
32333
32826
32847
32450
32459
32449
32401
32417
32391
32649
32849
32445
32418
32429
32443
32762
32417
32459
32493
32836
32841
32808
32468
32551
32615
32799
32775
32798
32607
32489
32471
32391
32451
32422
32419
32518
32562
32723
32855
32376
32555
32647
32386
32729
31650
32375
32937
35640
31814
34599
31703
31591
32271
33857
33815
35908
34577
33171
31174
34131
32337
32441
33345
33763
33002
31788
33015
33918
32971
32879
33235
35628
31549
31857
31775
30687
33143
35489
30085
33309
32285
32613
31589
32501
33445
32462
32167
32199
32288
32594
33129
31637
32641
33547
30959
31325
32159
33022
33859
32877
31911
30935
32525
31778
