31291
31314
31305
31324
31309
31338
31330
31312
31328
31312
31311
31335
31351
31344
31331
31342
31342
31347
31366
31382
31364
31363
31354
31373
31367
31359
31352
31363
31351
31377
31380
31369
31360
31377
31350
31339
31320
31316
31333
31344
31332
31354
31308
31312
31298
31309
31300
31309
31333
31333
31323
31296
31311
31345
31349
31345
31368
31344
31355
31312
31338
31361
31355
31357
31379
31356
31375
31359
31365
31352
31369
31353
31354
31315
31335
31352
31319
31287
31314
31328
31317
31319
31327
31315
31333
31333
31314
31319
31343
31325
31312
31309
31335
31342
31332
31357
31371
31373
31361
31385
31366
31357
31374
31367
31381
31373
31361
31361
31381
31353
31343
31355
31361
31343
31321
31329
31343
31337
31353
31351
31326
31333
31303
31298
31303
31325
31315
31325
31329
31313
31321
31333
31319
31325
31315
31329
31335
31359
31361
31355
31367
31351
31362
31362
31383
31413
31378
31377
31367
31391
31385
31377
31361
31339
31344
31342
31343
31339
31353
31334
31305
31287
31299
31328
31311
31326
31321
31327
31325
31303
31299
31317
31327
31327
31317
31345
31337
31367
31355
31364
31371
31352
31381
31388
31382
31372
31378
31390
31393
31380
31372
31385
31387
31383
31365
31391
31415
31399
31369
31354
31376
31391
31393
31401
31360
31389
31389
31391
31427
31399
31399
31407
31403
31404
31398
31389
31378
31364
31367
31369
31381
31369
31357
31351
31327
31331
31341
31319
31322
31289
31294
31323
31315
31279
31251
31242
31253
31253
31231
31255
31231
31222
31232
31243
31277
31255
31219
31231
31263
31275
31254
31269
31268
31239
31276
31285
31287
31308
31300
31271
31277
31266
31276
31305
31284
31300
31288
31280
31279
31229
31224
31203
31215
31247
31248
31231
31214
31197
31219
31219
31160
31160
31151
31167
31166
31166
31163
31144
31145
31211
31167
31186
31189
31155
31179
31191
31175
31194
31229
31229
31208
31220
31217
31212
31252
31237
31215
31211
31223
31223
31243
31273
31245
31212
31226
31255
31255
31277
31270
31265
31260
31264
31290
31273
31264
31287
31298
31309
31295
31291
31287
31314
31290
31278
31299
31313
31310
31318
31303
31287
31303
31279
31281
31291
31275
31298
31319
31343
31326
31333
31328
31305
31291
31318
31340
31359
31354
31331
31376
31409
31389
31393
31406
31397
31415
31384
31371
31375
31377
31389
31389
31426
31405
31394
31377
31369
31364
31359
31359
31379
31374
31374
31397
31369
31369
31388
31389
31379
31367
31376
31372
31350
31384
31389
31379
31414
31415
31410
31379
31359
31391
31381
31395
31387
31421
31439
31423
31402
31417
31409
31403
31383
31383
31390
31407
31411
31411
31417
31425
31407
31423
31427
31391
31390
31386
31389
31386
31377
31379
31391
31393
31379
31405
31396
31413
31366
31387
31401
31385
31387
31404
31423
31382
31375
31415
31425
31405
31377
31350
31390
31405
31417
31399
31377
31397
31401
31404
31393
31374
31382
31387
31404
31381
31389
31391
31398
31397
31417
31396
31399
31396
31391
31333
31377
31384
31375
31370
31371
31361
31407
31417
31386
31408
31390
31411
31409
31384
31379
31366
31368
31383
31383
31385
31364
31355
31373
31350
31370
31398
31400
31411
31367
31381
31384
31414
31391
31371
31375
31374
31338
31367
31386
31379
31386
31385
31375
31385
31403
31391
31394
31391
31391
31406
31397
31413
31425
31393
31407
31430
31405
31393
31373
31361
31365
31371
31351
31348
31402
31407
31345
31357
31352
31373
31393
31347
31342
31351
31357
31359
31341
31337
31357
31351
31359
31333
31341
31339
31351
31382
31352
31341
31364
31375
31345
31341
31379
31367
31342
31365
31352
31342
31335
31320
31346
31361
31383
31369
31348
31348
31351
31367
31359
31351
31357
31359
31385
31372
31376
31370
31390
31388
31375
31384
31367
31390
31370
31391
31383
31361
31350
31357
31372
31363
31359
31380
31349
31379
31351
31353
31330
31345
31347
31352
31360
31353
31327
31363
31374
31354
31364
31373
31379
31364
31369
31369
31373
31375
31354
31382
31374
31375
31391
31388
31345
31363
31353
31390
31379
31391
31371
31360
31395
31333
31385
31393
31358
31358
31389
31381
31365
31379
31367
31391
31369
31368
31359
31359
31375
31371
31359
31345
31343
31323
31333
31366
31347
31335
31331
31338
31311
31289
31289
31317
31305
31302
31303
31278
31321
31295
31283
31297
31313
31295
31299
31276
31295
31301
31307
31323
31323
31285
31266
31299
31300
31309
31335
31319
31308
31284
31329
31307
31295
31295
31317
31317
31296
31291
31312
31267
31247
31271
31255
31282
31267
31279
31254
31273
31284
31259
31279
31271
31278
31292
31292
31263
31271
31272
31293
31295
31279
31281
31304
31272
31293
31262
31279
31267
31271
31291
31262
31271
31263
31248
31283
31271
31295
31281
31291
31267
31269
31300
31287
31287
31323
31307
31285
31295
31285
31359
31374
31317
31339
31335
31350
31356
31340
31339
31355
31356
31331
31334
31380
31379
31363
31341
31323
31335
31333
31343
31317
31317
31332
31331
31337
31337
31343
31343
31323
31314
31347
31341
31331
31349
31353
31339
31327
31387
31383
31370
31397
31388
31422
31395
31410
31430
31406
31409
31416
31433
31421
31417
31401
31383
31386
31399
31395
31379
31381
31391
31383
31362
31361
31352
31332
31355
31341
31361
31337
31325
31329
31342
31359
31362
31367
31347
31343
31357
31401
31417
31404
31431
31409
31402
31407
31408
31428
31448
31451
31429
31413
31411
31448
31477
31442
31409
31407
31385
31370
31364
31382
31391
31363
31375
31367
31362
31373
31354
31370
31328
31319
31309
31337
31365
31379
31362
31328
31365
31362
31409
31407
31384
31381
31397
31411
31415
31419
31463
31429
31429
31388
31397
31443
31475
31459
31423
31431
31422
31381
31402
31383
31374
31345
31300
31310
31306
31339
31330
31313
31331
31275
31271
31304
31272
31303
31325
31295
31318
31327
31331
31359
31351
31357
31369
31378
31390
31387
31361
31384
31371
31355
31383
31396
31383
31400
31401
31369
31371
31349
31335
31347
31345
31367
31344
31319
31326
31317
31334
31303
31292
31305
31291
31324
31331
31308
31319
31327
31336
31339
31339
31359
31336
31348
31391
31359
31378
31395
31415
31423
31385
31423
31435
31415
31396
31391
31420
31411
31393
31395
31366
31359
31365
31341
31341
31325
31341
31341
31322
31329
31335
31325
31319
31312
31319
31318
31340
31377
31353
31379
31383
31379
31393
31405
31403
31404
31428
31439
31442
31455
31449
31463
31458
31459
31465
31437
31408
31439
31405
31439
31423
31385
31399
31385
31376
31371
31358
31380
31369
31397
31381
31384
31387
31379
31394
31389
31409
31391
31389
31411
31411
31420
31425
31436
31432
31418
31405
31419
31415
31436
31434
31439
31461
31426
31433
31418
31430
31431
31401
31409
31374
31374
31394
31388
31357
31369
31385
31357
31369
31375
31373
31351
31345
31351
31325
31365
31373
31371
31401
31394
31397
31401
31415
31439
31416
31397
31391
31421
31445
31438
31421
31441
31428
31415
31416
31407
31411
31419
31424
31394
31387
31382
31378
31367
31364
31377
31367
31342
31334
31331
31328
31320
31325
31330
31338
31319
31354
31342
31333
31367
31393
31373
31354
31368
31399
31379
31384
31384
31413
31407
31381
31401
31394
31388
31391
31368
31391
31379
31381
31388
31369
31374
31379
31351
31338
31330
31331
31325
31343
31348
31314
31330
31336
31337
31326
31335
31333
31322
31331
31344
31359
31385
31395
31383
31391
31407
31391
31414
31399
31396
31408
31399
31404
31402
31413
31398
31371
31411
31392
31379
31370
31363
31361
31359
31344
31319
31295
31321
31323
31322
31302
31313
31319
31338
31323
31336
31339
31329
31335
31355
31351
31369
31383
31357
31398
31389
31394
31402
31370
31391
31394
31403
31407
31405
31382
31399
31399
31387
31371
31370
31361
31364
31361
31331
31332
31335
31342
31331
31351
31312
31307
31315
31333
31337
31357
31330
31305
31319
31349
31340
31359
31355
31373
31359
31399
31368
31375
31385
31399
31383
31383
31396
31387
31411
31391
31393
31366
31354
31377
31368
31373
31343
31352
31332
31315
31342
31341
31335
31327
31303
31318
31321
31299
31307
31321
31317
31324
31319
31337
31332
31340
31356
31359
31373
31360
31374
31364
31392
31367
31383
31373
31397
31400
31416
31395
31371
31383
31389
31379
31359
31386
31378
31357
31369
31371
31312
31321
31325
31299
31317
31319
31332
31339
31337
31336
31314
31323
31353
31293
31346
31362
31353
31351
31375
31351
31365
31381
31364
31374
31359
31383
31395
31395
31401
31401
31389
31391
31368
31391
31389
31367
31366
31347
31327
31349
31355
31352
31334
31345
31319
31345
31313
31328
31323
31327
31336
31363
31368
31364
31369
31374
31369
31366
31377
31385
31393
31398
31389
31384
31398
31399
31387
31384
31393
31387
31384
31370
31370
31382
31383
31394
31358
31345
31328
31342
31340
31377
31343
31331
31322
31317
31318
31308
31330
31327
31364
31367
31351
31366
31357
31351
31358
31347
31367
31393
31421
31401
31408
31391
31415
31387
31371
31371
31380
31376
31387
31410
31429
31401
31365
31375
31359
31335
31360
31340
31311
31304
31298
31306
31299
31307
31311
31303
31295
31299
31287
31335
31292
31283
31304
31301
31318
31317
31337
31346
31357
31363
31351
31345
31362
31376
31348
31339
31357
31367
31373
31383
31365
31356
31356
31343
31350
31351
31311
31311
31314
31315
31333
31303
31293
31295
31273
31290
31325
31325
31319
31315
31327
31305
31315
31307
31316
31347
31354
31385
31369
31358
31381
31370
31355
31365
31367
31371
31390
31375
31352
31349
31359
31367
31342
31330
31338
31357
31346
31309
31313
31325
31337
31323
31305
31291
31294
31308
31315
31311
31327
31341
31338
31325
31319
31343
31354
31341
31359
31351
31353
31370
31376
31380
31385
31404
31396
31386
31414
31403
31388
31384
31368
31370
31346
31343
31353
31329
31348
31380
31363
31331
31361
31335
31316
31334
31343
31329
31337
31335
31343
31343
31305
31302
31321
31355
31375
31361
31352
31327
31357
31369
31385
31415
31371
31364
31385
31373
31387
31378
31381
31373
31373
31369
31357
31366
31389
31361
31349
31373
31366
31371
31337
31351
31346
31351
31305
31326
31329
31319
31303
31319
31321
31325
31327
31326
31345
31351
31348
31355
31365
31383
31371
31373
31375
31407
31393
31357
31390
31365
31383
31377
31356
31388
31403
31389
31375
31371
31369
31358
31353
31365
31342
31356
31361
31335
31329
31344
31328
31327
31315
31327
31380
31383
31339
31343
31359
31354
31369
31366
31358
31355
31379
31383
31368
31367
31383
31396
31399
31393
31399
31387
31382
31374
31387
31357
31341
31347
31353
31333
31345
31351
31351
31321
31344
31335
31321
31325
31311
31329
31333
31337
31308
31325
31325
31359
31351
31357
31391
31362
31367
31367
31356
31363
31385
31390
31385
31385
31366
31395
31387
31394
31387
31365
31364
31389
31346
31343
31383
31369
31341
31339
31319
31328
31341
31327
31321
31339
31323
31314
31296
31310
31353
31351
31338
31353
31357
31354
31342
31361
31377
31377
31374
31375
31391
31383
31347
31365
31387
31395
31411
31381
31396
31383
31380
31400
31375
31383
31363
31361
31354
31347
31376
31324
31321
31319
31332
31349
31339
31331
31331
31315
31339
31368
31351
31361
31362
31383
31364
31364
31379
31373
31379
31383
31409
31393
31400
31383
31402
31413
31387
31402
31409
31385
31356
31360
31377
31363
31356
31361
31333
31331
31339
31351
31330
31327
31343
31341
31347
31343
31335
31337
31299
31319
31341
31363
31349
31359
31365
31371
31367
31384
31383
31388
31367
31393
31385
31375
31371
31380
31400
31373
31367
31384
31396
31363
31377
31380
31385
31369
31353
31355
31357
31337
31339
31339
31336
31346
31319
31331
31351
31354
31343
31346
31340
31345
31354
31344
31359
31363
31393
31372
31334
31367
31387
31361
31365
31394
31405
31421
31389
31389
31357
31374
31404
31400
31387
31357
31363
31364
31363
31347
31364
31351
31337
31341
31336
31313
31324
31330
31337
31360
31363
31367
31372
31368
31367
31351
31370
31359
31375
31367
31378
31380
31352
31373
31386
31400
31406
31386
31389
31379
31383
31387
31373
31374
31389
31392
31347
31342
31367
31368
31341
31367
31342
31347
31344
31341
31323
31329
31351
31329
31334
31367
31354
31331
31340
31357
31355
31347
31355
31359
31353
31365
31384
31369
31379
31371
31377
31377
31362
31382
31391
31383
31365
31373
31383
31404
31399
31360
31353
31367
31359
31338
31337
31335
31337
31323
31317
31323
31319
31324
31327
31351
31336
31330
31327
31340
31353
31373
31359
31385
31381
31351
31360
31374
31352
31399
31385
31396
31391
31391
31381
31372
31370
31386
31387
31391
31397
31367
31358
31359
31361
31344
31337
31340
31343
31346
31357
31327
31323
31335
31355
31342
31328
31331
31363
31343
31365
31367
31341
31353
31361
31369
31380
31393
31392
31390
31393
31399
31390
31399
31386
31363
31381
31373
31363
31367
31371
31353
31366
31360
31351
31319
31325
31347
31341
31332
31326
31342
31333
31343
31347
31317
31325
31341
31369
31344
31332
31368
31387
31384
31379
31380
31398
31403
31403
31397
31396
31413
31411
31413
31376
31381
31375
31383
31367
31333
31373
31366
31341
31359
31351
31351
31335
31332
31335
31351
31358
31347
31345
31346
31323
31335
31343
31335
31337
31371
31389
31378
31369
31376
31385
31405
31409
31362
31351
31375
31413
31413
31382
31375
31373
31381
31393
31393
31381
31367
31355
31353
31361
31378
31355
31336
31335
31341
31354
31343
31351
31353
31311
31341
31356
31368
31357
31347
31354
31353
31352
31367
31382
31391
31378
31391
31393
31438
31410
31373
31390
31418
31420
31393
31395
31385
31377
31369
31384
31400
31359
31371
31378
31361
31335
31362
31367
31361
31343
31344
31357
31363
31359
31349
31347
31356
31371
31387
31377
31361
31351
31363
31364
31353
31351
31383
31370
31371
31370
31371
31357
31361
31391
31399
31383
31400
31383
31360
31392
31367
31382
31391
31355
31351
31358
31350
31347
31369
31361
31349
31329
31332
31343
31338
31320
31335
31335
31330
31339
31335
31337
31368
31389
31383
31385
31383
31401
31383
31367
31391
31406
31393
31385
31391
31383
31397
31404
31391
31402
31383
31344
31359
31349
31349
31349
31341
31343
31337
31343
31349
31369
31365
31355
31344
31356
31347
31349
31380
31340
31355
31349
31377
31365
31340
31365
31377
31375
31355
31381
31403
31380
31420
31395
31357
31362
31371
31380
31363
31352
31361
31347
31344
31360
31357
31361
31359
31345
31330
31337
31345
31340
31351
31332
31325
31335
31359
31361
31348
31353
31353
31376
31355
31363
31340
31362
31363
31389
31383
31388
31401
31392
31371
31354
31388
31355
31378
31376
31343
31344
31357
31341
31344
31366
31363
31367
31355
31345
31354
31347
31334
31323
31325
31343
31345
31346
31353
31357
31366
31375
31363
31345
31345
31363
31363
31333
31351
31392
31383
31401
31384
31389
31403
31388
31363
31377
31393
31374
31375
31376
31377
31369
31373
31355
31359
31367
31351
31351
31363
31360
31357
31327
31353
31351
31343
31352
31354
31375
31400
31383
31372
31367
31345
31356
31353
31373
31383
31348
31361
31369
31368
31388
31359
31354
31352
31360
31365
31358
31355
31373
31340
31345
31353
31343
31318
31288
31350
31342
31337
31341
31327
31307
31314
31318
31318
31307
31335
31331
31321
31340
31333
31325
31334
31355
31348
31357
31368
31355
31359
31357
31397
31379
31383
31395
31373
31388
31364
31383
31394
31359
31367
31378
31363
31369
31353
31332
31341
31333
31328
31333
31351
31334
31281
31300
31342
31331
31339
31339
31342
31348
31367
31345
31343
31363
31357
31369
31369
31389
31395
31395
31387
31367
31393
31396
31383
31389
31400
31388
31385
31393
31359
31361
31347
31366
31363
31325
31315
31307
31319
31343
31339
31319
31335
31327
31338
31323
31347
31325
31363
31359
31353
31367
31351
31359
31371
31379
31379
31407
31398
31375
31407
31394
31409
31409
31397
31395
31400
31406
31389
31382
31379
31388
31359
31364
31371
31363
31356
31328
31352
31353
31359
31340
31351
31347
31350
31342
31350
31352
31367
31352
31344
31348
31355
31351
31369
31387
31404
31376
31372
31361
31368
31367
31367
31389
31377
31377
31375
31360
31339
31380
31380
31367
31363
31383
31364
31333
31342
31361
31366
31336
31345
31347
31359
31346
31341
31351
31344
31377
31343
31326
31338
31348
31381
31385
31400
31381
31385
31385
31366
31378
31373
31361
31370
31391
31391
31391
31393
31391
31373
31359
31378
31377
31372
31346
31335
31361
31387
31364
31341
31367
31355
31369
31355
31327
31320
31319
31336
31340
31345
31359
31377
31399
31373
31377
31357
31389
31407
31391
31383
31384
31377
31367
31356
31362
31394
31398
31383
31385
31370
31378
31383
31401
31367
31331
31345
31347
31351
31369
31346
31317
31319
31357
31360
31327
31347
31359
31351
31343
31342
31380
31382
31348
31358
31379
31379
31375
31359
31375
31398
31383
31391
31391
31395
31397
31383
31397
31389
31381
31403
31379
31382
31387
31387
31373
31359
31361
31368
31368
31350
31337
31350
31367
31355
31324
31337
31353
31367
31354
31367
31353
31351
31349
31349
31377
31377
31373
31369
31389
31395
31399
31404
31367
31391
31395
31379
31379
31412
31414
31403
31383
31387
31380
31373
31349
31329
31311
31339
31329
31347
31357
31334
31346
31331
31341
31347
31373
31343
31345
31381
31371
31340
31351
31369
31360
31365
31359
31381
31379
31370
31388
31381
31375
31378
31361
31388
31391
31380
31400
31385
31351
31348
31385
31390
31375
31368
31343
31352
31339
31359
31345
31350
31355
31343
31357
31351
31343
31345
31351
31358
31360
31370
31351
31365
31385
31417
31411
31392
31417
31395
31391
31391
31400
31405
31404
31421
31395
31381
31405
31403
31411
31389
31393
31363
31351
31369
31357
31353
31337
31356
31343
31341
31324
31337
31330
31326
31346
31351
31344
31342
31347
31338
31325
31346
31351
31335
31335
31369
31371
31355
31343
31360
31355
31359
31369
31357
31374
31375
31373
31359
31341
31327
31346
31329
31351
31356
31349
31331
31351
31347
31321
31301
31329
31313
31307
31331
31332
31357
31331
31319
31337
31363
31338
31353
31344
31331
31339
31397
31365
31356
31348
31363
31385
31369
31353
31375
31369
31356
31350
31354
31359
31374
31377
31367
31359
31373
31365
31359
31365
31359
31364
31374
31362
31346
31327
31325
31343
31359
31333
31338
31344
31378
31367
31358
31381
31381
31359
31401
31375
31383
31399
31388
31375
31383
31405
31411
31399
31393
31406
31396
31383
31361
31377
31366
31394
31375
31383
31391
31335
31311
31382
31373
31345
31355
31335
31343
31383
31363
31359
31331
31359
31384
31383
31383
31391
31382
31385
31389
31377
31372
31391
31375
31399
31375
31399
31396
31367
31367
31360
31372
31388
31359
31352
31385
31367
31351
31343
31351
31347
31351
31339
31333
31338
31335
31336
31347
31360
31351
31334
31319
31351
31357
31367
31380
31400
31383
31391
31375
31384
31388
31397
31395
31387
31377
31394
31389
31365
31365
31365
31384
31374
31381
31365
31329
31335
31369
31346
31335
31343
31327
31361
31338
31336
31322
31344
31327
31348
31355
31362
31341
31354
31349
31350
31359
31368
31351
31383
31376
31371
31377
31347
31369
31351
31350
31358
31365
31383
31363
31335
31323
31353
31340
31348
31349
31347
31353
31345
31337
31347
31347
31335
31331
31366
31335
31325
31344
31348
31313
31329
31341
31343
31339
31329
31330
31352
31381
31363
31364
31359
31365
31345
31359
31379
31361
31347
31343
31361
31365
31359
31377
31366
31337
31362
31358
31363
31350
31343
31338
31350
31363
31325
31307
31338
31348
31365
31357
31379
31366
31352
31342
31349
31352
31367
31354
31351
31343
31367
31377
31379
31358
31359
31385
31380
31378
31396
31399
31371
31387
31367
31379
31388
31353
31363
31335
31353
31376
31371
31369
31339
31323
31315
31351
31364
31357
31360
31383
31355
31324
31347
31365
31333
31329
31357
31351
31346
31367
31386
31393
31358
31338
31370
31367
31376
31356
31357
31372
31358
31352
31351
31341
31357
31365
31359
31375
31362
31349
31345
31341
31359
31351
31345
31372
31351
31327
31348
31347
31336
31361
31367
31341
31347
31338
31351
31367
31381
31355
31343
31359
31375
31378
31373
31368
31377
31398
31401
31378
31378
31367
31385
31358
31363
31383
31345
31372
31363
31351
31368
31376
31373
31351
31374
31369
31347
31359
31337
31359
31349
31343
31366
31358
31353
31357
31341
31337
31364
31363
31353
31359
31364
31397
31387
31383
31367
31380
31382
31369
31391
31381
31342
31367
31351
31354
31366
31362
31378
31341
31343
31348
31354
31357
31354
31335
31337
31409
31333
31341
31329
31346
31354
31377
31350
31359
31383
31375
31359
31367
31338
31370
31365
31384
31374
31361
31335
31387
31350
31351
31387
31377
31355
31355
31360
31399
31371
31373
31389
31361
31359
31343
31331
31336
31351
31315
31327
31376
31376
31366
31336
31346
31361
31353
31359
31355
31357
31353
31357
31349
31383
31388
31390
31391
31383
31365
31359
31380
31367
31371
31355
31373
31422
31419
31355
31378
31367
31350
31361
31367
31350
31353
31365
31387
31348
31350
31347
31335
31359
31359
31368
31344
31351
31371
31372
31375
31375
31357
31371
31373
31369
31344
31388
31381
31367
31387
31379
31392
31404
31396
31400
31390
31375
31361
31361
31367
31399
31367
31365
31357
31369
31357
31351
31346
31365
31361
31350
31366
31357
31371
31353
31364
31357
31359
31368
31356
31367
31389
31365
31363
31360
31355
31349
31383
31383
31367
31365
31386
31379
31376
31359
31357
31381
31367
31361
31370
31383
31366
31389
31404
31365
31343
31363
31359
31353
31350
31373
31365
31363
31351
31343
31370
31373
31358
31363
31397
31383
31373
31381
31382
31358
31385
31399
31367
31358
31379
31372
31380
31401
31399
31356
31351
31374
31381
31369
31381
31375
31359
31376
31367
31367
31377
31378
31353
31355
31338
31342
31359
31355
31361
31361
31349
31337
31384
31380
31383
31371
31375
31390
31383
31373
31384
31401
31399
31431
31415
31415
31423
31423
31445
31429
31412
31417
31428
31448
31449
31417
31443
31419
31409
31431
31397
31415
31402
31405
31387
31388
31366
31369
31368
31363
31371
31359
31333
31333
31347
31363
31371
31331
31319
31328
31330
31303
31315
31335
31314
31301
31326
31325
31327
31305
31289
31285
31296
31301
31302
31292
31298
31286
31265
31277
31281
31275
31276
31260
31257
31255
31273
31272
31279
31303
31301
31284
31281
31279
31277
31262
31291
31263
31251
31235
31265
31299
31295
31273
31284
31283
31264
31280
31261
31258
31242
31249
31254
31265
31259
31258
31247
31284
31255
31237
31219
31225
31231
31238
31261
31267
31277
31267
31259
31231
31223
31199
31207
31250
31214
31199
31249
31237
31223
31247
31297
31289
31294
31291
31290
31289
31315
31325
31337
31343
31369
31359
31351
31338
31347
31353
31351
31347
31351
31327
31347
31373
31359
31343
31349
31357
31311
31297
31273
31273
31281
31275
31271
31312
31291
31310
31300
31312
31278
31276
31269
31304
31317
31343
31383
31419
31427
31440
31417
31427
31429
31414
31396
31440
31404
31404
31423
31432
31420
31420
31419
31416
31409
31399
31379
31378
31361
31353
31367
31351
31339
31359
31335
31321
31300
31284
31281
31297
31290
31316
31336
31382
31431
31434
31443
31430
31424
31385
31415
31410
31417
31452
31461
31480
31482
31446
31411
31409
31385
31375
31336
31340
31350
31344
31351
31369
31365
31364
31373
31365
31319
31292
31263
31269
31298
31285
31295
31335
31320
31348
31334
31319
31331
31321
31313
31351
31365
31388
31426
31440
31435
31426
31447
31431
31422
31415
31436
31437
31405
31401
31402
31396
31385
31380
31380
31388
31393
31379
31330
31329
31346
31336
31349
31355
31357
31346
31309
31348
31322
31323
31315
31308
31313
31338
31359
31387
31377
31396
31402
31402
31432
31437
31419
31448
31442
31435
31449
31437
31443
31450
31449
31428
31413
31418
31362
31369
31369
31374
31385
31379
31376
31361
31381
31365
31335
31355
31310
31329
31325
31311
31315
31343
31338
31362
31356
31353
31371
31375
31408
31413
31415
31439
31431
31445
31449
31439
31450
31443
31465
31455
31431
31431
31402
31376
31395
31380
31379
31377
31389
31383
31399
31379
31351
31359
31347
31319
31327
31333
31348
31351
31359
31371
31360
31361
31353
31353
31381
31405
31383
31410
31398
31412
31420
31443
31472
31447
31451
31459
31429
31437
31419
31423
31453
31433
31422
31407
31366
31380
31379
31383
31331
31360
31359
31376
31378
31354
31364
31365
31367
31375
31382
31360
31335
31335
31358
31357
31364
31379
31397
31410
31423
31439
31429
31413
31431
31418
31421
31450
31447
31469
31449
31437
31432
31401
31384
31391
31378
31376
31367
31356
31341
31351
31334
31345
31351
31335
31332
31343
31347
31344
31331
31347
31367
31351
31355
31388
31371
31392
31387
31381
31405
31397
31431
31437
31438
31446
31427
31451
31443
31463
31445
31427
31433
31411
31421
31388
31371
31373
31369
31371
31383
31373
31355
31352
31337
31330
31340
31328
31347
31359
31335
31357
31383
31347
31328
31361
31370
31367
31385
31374
31393
31399
31398
31421
31443
31438
31437
31449
31473
31453
31451
31436
31439
31445
31397
31405
31380
31362
31371
31357
31345
31353
31331
31317
31326
31359
31341
31307
31339
31342
31352
31345
31358
31357
31336
31375
31373
31358
31386
31396
31403
31412
31416
31421
31437
31429
31420
31439
31455
31435
31437
31440
31432
31413
31434
31401
31405
31389
31353
31338
31343
31343
31323
31335
31330
31319
31289
31306
31333
31339
31345
31335
31339
31342
31334
31359
31353
31345
31367
31371
31362
31393
31401
31411
31418
31394
31404
31439
31420
31431
31445
31427
31421
31417
31400
31383
31363
31385
31387
31386
31325
31344
31358
31327
31318
31298
31305
31295
31310
31306
31310
31316
31365
31355
31365
31370
31356
31367
31382
31371
31383
31406
31375
31373
31412
31421
31388
31415
31431
31411
31434
31427
31419
31413
31412
31418
31421
31381
31382
31377
31340
31343
31357
31366
31320
31318
31319
31352
31351
31314
31327
31330
31340
31349
31362
31367
31369
31351
31362
31377
31408
31408
31424
31443
31411
31415
31401
31395
31419
31423
31417
31416
31393
31402
31419
31409
31387
31398
31394
31371
31351
31340
31335
31359
31342
31335
31343
31319
31321
31333
31295
31311
31320
31319
31333
31331
31343
31367
31385
31371
31383
31403
31397
31381
31403
31398
31414
31404
31421
31443
31439
31429
31425
31424
31421
31419
31395
31410
31386
31381
31386
31376
31371
31359
31361
31371
31369
31363
31349
31356
31355
31359
31389
31404
31414
31396
31392
31408
31404
31433
31447
31432
31437
31404
31404
31417
31431
31407
31409
31421
31401
31380
31380
31365
31349
31345
31358
31333
31335
31313
31310
31282
31283
31279
31290
31269
31257
31249
31245
31231
31251
31237
31232
31245
31255
31259
31287
31293
31303
31316
31296
31297
31352
31359
31387
31375
31383
31375
31371
31371
31379
31365
31351
31334
31332
31332
31323
31325
31282
31265
31257
31287
31287
31233
31213
31223
31203
31219
31237
31158
31173
31200
31197
31202
31247
31213
31239
31219
31219
31243
31282
31266
31277
31279
31269
31263
31271
31251
31263
31280
31287
31272
31245
31233
31231
31255
31231
31219
31231
31223
31230
31231
31231
31212
31203
31229
31211
31221
31215
31224
31223
31244
31237
31273
31297
31287
31305
31303
31307
31316
31329
31319
31332
31333
31351
31369
31340
31327
31358
31371
31372
31366
31357
31356
31337
31342
31329
31341
31321
31294
31274
31293
31271
31255
31283
31264
31285
31283
31278
31278
31295
31307
31291
31303
31307
31336
31333
31346
31360
31368
31367
31397
31406
31417
31459
31415
31425
31457
31447
31452
31458
31417
31440
31445
31451
31426
31413
31381
31362
31387
31389
31385
31352
31351
31337
31327
31335
31339
31307
31329
31295
31312
31335
31337
31325
31347
31377
31358
31375
31413
31407
31379
31406
31423
31460
31487
31462
31450
31480
31469
31473
31483
31455
31429
31444
31445
31425
31436
31435
31413
31380
31377
31394
31389
31354
31358
31393
31360
31343
31325
31337
31327
31319
31325
31345
31359
31348
31348
31371
31383
31395
31382
31383
31403
31447
31444
31451
31444
31449
31485
31479
31443
31432
31432
31454
31455
31438
31450
31414
31395
31397
31403
31396
31371
31338
31344
31335
31345
31347
31335
31335
31357
31351
31347
31392
31397
31383
31378
31367
31367
31375
31369
31393
31422
31408
31396
31408
31439
31432
31463
31451
31427
31439
31449
31448
31446
31420
31408
31403
31387
31396
31403
31388
31385
31376
31367
31374
31343
31326
31335
31345
31363
31385
31358
31356
31357
31357
31365
31374
31399
31403
31431
31421
31407
31427
31432
31450
31432
31431
31447
31443
31445
31467
31473
31479
31441
31437
31413
31421
31408
31411
31425
31405
31381
31366
31363
31382
31375
31351
31371
31372
31349
31351
31348
31355
31365
31356
31373
31386
31381
31341
31391
31397
31421
31413
31417
31400
31427
31432
31447
31457
31450
31449
31421
31452
31428
31429
31416
31409
31418
31385
31388
31399
31381
31375
31343
31354
31338
31343
31356
31379
31361
31363
31355
31347
31341
31356
31357
31355
31379
31387
31398
31417
31417
31421
31425
31434
31405
31437
31440
31447
31447
31441
31439
31456
31455
31454
31434
31409
31403
31381
31375
31378
31370
31367
31363
31358
31370
31358
31348
31339
31324
31344
31345
31363
31355
31341
31369
31371
31396
31396
31380
31395
31397
31411
31415
31415
31415
31413
31411
31431
31443
31437
31460
31469
31436
31420
31439
31431
31409
31392
31401
31365
31367
31369
31354
31351
31339
31328
31351
31366
31356
31374
31381
31362
31311
31351
31383
31379
31397
31393
31404
31400
31401
31424
31419
31435
31451
31457
31448
31452
31431
31435
31463
31453
31468
31458
31430
31441
31418
31413
31398
31371
31364
31371
31376
31367
31377
31356
31347
31365
31353
31351
31338
31335
31345
31352
31356
31368
31399
31400
31400
31387
31418
31431
31416
31426
31412
31416
31442
31446
31441
31454
31451
31454
31413
31398
31413
31420
31423
31415
31400
31392
31375
31375
31393
31361
31347
31343
31331
31321
31311
31355
31360
31345
31345
31339
31363
31359
31375
31389
31391
31401
31401
31423
31413
31423
31431
31431
31413
31425
31423
31423
31452
31460
31441
31411
31426
31408
31401
31404
31407
31395
31363
31353
31341
31331
31363
31367
31332
31359
31349
31337
31343
31361
31355
31352
31356
31355
31381
31377
31389
31401
31397
31405
31399
31413
31427
31438
31420
31430
31425
31435
31431
31431
31414
31403
31451
31445
31419
31417
31427
31386
31370
31359
31353
31355
31383
31373
31339
31328
31341
31367
31347
31332
31315
31341
31362
31375
31375
31380
31379
31392
31391
31404
31389
31410
31446
31435
31460
31447
31439
31439
31422
31434
31437
31435
31437
31402
31418
31387
31374
31364
31383
31374
31381
31364
31385
31361
31375
31359
31338
31350
31371
31355
31342
31343
31342
31350
31341
31379
31385
31389
31381
31389
31417
31423
31416
31429
31431
31433
31415
31409
31413
31439
31411
31414
31423
31405
31415
31378
31391
31383
31381
31353
31362
31353
31335
31337
31331
31345
31341
31339
31357
31354
31339
31344
31352
31365
31373
31350
31350
31369
31401
31413
31391
31405
31404
31429
31419
31427
31437
31445
31431
31439
31433
31422
31431
31412
31403
31383
31391
31396
31388
31399
31369
31371
31377
31343
31355
31363
31345
31319
31321
31339
31357
31353
31359
31374
31359
31383
31384
31405
31415
31431
31437
31428
31432
31449
31443
31437
31442
31442
31416
31419
31407
31411
31397
31413
31425
31415
31403
31389
31375
31375
31353
31345
31372
31368
31341
31326
31319
31331
31308
31311
31332
31359
31363
31343
31357
31353
31363
31389
31385
31393
31401
31429
31397
31395
31403
31407
31423
31415
31431
31432
31407
31417
31439
31407
31395
31389
31374
31383
31405
31375
31364
31368
31359
31349
31346
31353
31345
31344
31351
31359
31347
31330
31359
31359
31357
31367
31369
31376
31378
31376
31392
31385
31372
31407
31411
31399
31427
31425
31421
31425
31433
31437
31408
31405
31404
31402
31415
31401
31412
31378
31347
31350
31355
31353
31354
31356
31348
31363
31351
31349
31352
31354
31370
31359
31359
31379
31381
31370
31377
31383
31403
31407
31420
31403
31427
31432
31434
31428
31429
31414
31425
31405
31423
31405
31418
31415
31387
31394
31401
31389
31359
31363
31352
31341
31357
31322
31355
31367
31368
31381
31353
31349
31351
31329
31340
31358
31386
31392
31361
31370
31395
31423
31421
31405
31405
31439
31439
31447
31443
31443
31428
31417
31417
31410
31422
31423
31409
31365
31365
31406
31386
31357
31347
31348
31329
31369
31375
31353
31335
31359
31355
31336
31335
31363
31357
31337
31375
31383
31382
31385
31393
31387
31411
31399
31419
31433
31439
31421
31423
31415
31421
31407
31388
31419
31402
31369
31373
31383
31371
31363
31366
31361
31371
31359
31351
31332
31333
31320
31343
31327
31322
31340
31372
31362
31329
31349
31349
31338
31391
31418
31399
31407
31401
31396
31405
31395
31402
31398
31417
31429
31425
31406
31400
31416
31412
31375
31378
31389
31375
31395
31363
31351
31344
31345
31351
31357
31352
31329
31335
31349
31319
31319
31358
31347
31335
31352
31327
31359
31361
31382
31386
31395
31419
31405
31437
31451
31442
31425
31406
31415
31430
31423
31415
31409
31400
31389
31390
31376
31382
31387
31384
31379
31389
31341
31351
31353
31357
31337
31336
31309
31327
31361
31319
31337
31348
31363
31375
31371
31369
31407
31415
31396
31403
31416
31427
31415
31422
31427
31443
31450
31443
31417
31430
31421
31415
31402
31419
31393
31357
31377
31379
31367
31380
31355
31346
31327
31351
31341
31343
31362
31360
31387
31358
31364
31367
31356
31372
31391
31399
31377
31382
31406
31403
31397
31402
31434
31420
31434
31399
31422
31422
31425
31398
31398
31410
31426
31416
31407
31377
31362
31364
31348
31335
31327
31328
31347
31335
31323
31314
31330
31346
31351
31339
31362
31383
31381
31359
31363
31367
31365
31408
31400
31404
31411
31427
31417
31407
31390
31420
31408
31420
31407
31405
31397
31397
31402
31379
31399
31367
31361
31359
31343
31349
31331
31341
31336
31327
31349
31322
31357
31323
31345
31347
31328
31339
31388
31375
31370
31393
31415
31399
31393
31400
31389
31399
31384
31408
31413
31423
31417
31412
31399
31397
31407
31409
31389
31395
31411
31378
31363
31389
31391
31357
31320
31317
31351
31332
31341
31357
31328
31335
31341
31359
31352
31351
31357
31347
31379
31380
31367
31379
31393
31409
31395
31403
31419
31419
31394
31433
31433
31399
31395
31405
31421
31412
31403
31407
31399
31383
31383
31376
31385
31389
31343
31341
31350
31342
31353
31347
31327
31340
31337
31334
31354
31355
31360
31370
31381
31379
31377
31367
31373
31383
31399
31404
31399
31407
31409
31409
31418
31411
31401
31417
31428
31397
31425
31427
31399
31383
31382
31369
31389
31367
31371
31365
31348
31349
31352
31327
31328
31357
31338
31323
31338
31343
31319
31347
31362
31369
31388
31372
31391
31390
31390
31419
31433
31418
31399
31407
31405
31384
31381
31417
31415
31407
31415
31415
31389
31373
31372
31358
31351
31359
31362
31359
31325
31341
31347
31372
31364
31367
31363
31369
31367
31375
31351
31341
31358
31367
31381
31417
31403
31417
31435
31421
31433
31412
31411
31423
31424
31420
31413
31418
31412
31425
31433
31399
31373
31381
31399
31383
31387
31353
31360
31351
31341
31357
31367
31359
31351
31369
31329
31342
31357
31361
31383
31364
31360
31353
31373
31379
31368
31371
31407
31413
31393
31426
31411
31403
31398
31400
31425
31414
31399
31392
31405
31402
31398
31394
31397
31387
31371
31373
31378
31386
31363
31365
31340
31367
31375
31342
31336
31342
31372
31371
31355
31353
31335
31373
31353
31394
31405
31397
31402
31403
31389
31389
31402
31415
31399
31387
31412
31415
31431
31413
31377
31397
31401
31391
31370
31365
31361
31346
31348
31354
31367
31368
31360
31326
31344
31345
31359
31349
31371
31355
31359
31351
31349
31379
31417
31391
31393
31358
31399
31401
31406
31405
31415
31433
31445
31427
31434
31429
31413
31403
31403
31427
31399
31403
31407
31387
31372
31356
31341
31355
31372
31355
31347
31359
31351
31355
31345
31333
31337
31366
31367
31351
31363
31372
31403
31394
31389
31399
31393
31394
31377
31416
31437
31436
31433
31413
31409
31397
31413
31419
31407
31413
31413
31399
31375
31378
31389
31399
31389
31383
31376
31362
31361
31367
31365
31355
31367
31365
31358
31357
31361
31388
31383
31356
31376
31399
31392
31401
31414
31423
31407
31422
31410
31417
31423
31431
31403
31415
31409
31372
31378
31423
31423
31404
31388
31383
31351
31367
31398
31378
31368
31371
31366
31363
31351
31337
31339
31366
31386
31357
31389
31391
31365
31390
31385
31397
31399
31397
31406
31409
31415
31425
31415
31433
31431
31439
31415
31392
31396
31433
31429
31408
31402
31391
31403
31391
31391
31348
31348
31372
31370
31363
31345
31362
31366
31350
31369
31368
31373
31367
31353
31363
31375
31391
31392
31393
31388
31383
31389
31408
31425
31429
31407
31427
31433
31436
31423
31419
31423
31423
31409
31407
31400
31385
31390
31369
31353
31401
31394
31375
31355
31334
31343
31329
31338
31344
31369
31363
31372
31369
31363
31376
31365
31354
31349
31372
31383
31382
31390
31391
31385
31404
31419
31387
31385
31405
31415
31413
31403
31405
31437
31442
31405
31397
31394
31365
31365
31381
31376
31366
31371
31373
31362
31357
31367
31374
31380
31365
31367
31359
31338
31356
31371
31347
31359
31368
31361
31367
31387
31390
31373
31385
31383
31373
31404
31426
31397
31383
31404
31405
31395
31392
31402
31407
31389
31367
31390
31397
31376
31364
31361
31334
31337
31349
31351
31344
31329
31324
31336
31371
31379
31373
31378
31375
31374
31354
31385
31364
31399
31404
31405
31407
31431
31409
31399
31411
31411
31421
31371
31383
31389
31392
31403
31366
31373
31383
31397
31367
31367
31343
31343
31351
31335
31334
31343
31351
31337
31350
31342
31339
31339
31355
31385
31378
31391
31383
31367
31365
31393
31394
31393
31398
31423
31444
31442
31421
31400
31385
31400
31401
31409
31397
31387
31383
