32996
32996
33000
33065
33159
33229
33255
33191
33087
33027
32989
32992
33061
33083
33123
33131
33104
32989
32839
32729
32727
32738
32812
32867
32915
32897
32795
32666
32609
32556
32575
32563
32597
32644
32617
32523
32406
32315
32307
32317
32304
32342
32414
32433
32419
32367
32349
32326
32265
32199
32193
32225
32281
32348
32383
32478
32533
32498
32458
32443
32471
32499
32516
32502
32541
32563
32623
32682
32739
32733
32708
32673
32723
32873
33029
33101
33095
33067
33012
32949
32919
32948
32997
33056
33095
33166
33206
33193
33135
33037
32973
32997
33019
33013
33027
33061
33054
33033
32963
32892
32859
32839
32842
32864
32869
32806
32744
32672
32677
32691
32625
32573
32517
32493
32499
32528
32531
32487
32447
32411
32376
32335
32319
32343
32359
32375
32359
32349
32317
32234
32209
32222
32305
32432
32511
32471
32434
32369
32334
32321
32341
32375
32455
32538
32576
32636
32673
32705
32744
32768
32787
32826
32834
32842
32859
32878
32888
32913
32967
33007
33022
33021
33020
33087
33149
33145
33151
33110
33103
33090
33077
33043
33018
32987
32963
33016
33122
33164
33093
32995
32890
32861
32844
32801
32784
32743
32735
32727
32720
32704
32615
32532
32546
32595
32668
32667
32553
32410
32269
32207
32213
32278
32351
32427
32458
32463
32415
32352
32257
32232
32249
32309
32352
32321
32264
32208
32203
32257
32359
32455
32508
32541
32528
32543
32559
32614
32659
32659
32644
32641
32681
32731
32781
32795
32797
32862
32963
33065
33130
33127
33097
33010
32959
32929
32953
33042
33127
33143
33158
33164
33169
33187
33173
33130
33121
33082
33014
32976
32937
32883
32865
32885
32906
32891
32897
32895
32879
32797
32677
32551
32501
32502
32483
32510
32551
32557
32567
32539
32511
32465
32415
32411
32383
32328
32225
32135
32103
32167
32233
32333
32369
32336
32294
32304
32323
32379
32403
32353
32327
32375
32466
32543
32633
32611
32539
32471
32449
32531
32635
32695
32673
32712
32783
32861
32937
33023
33094
33102
33039
32964
32957
32979
32951
32939
32970
33079
33214
33273
33297
33277
33207
33067
33009
33009
32933
32876
32861
32953
33015
33079
33061
33057
33001
32903
32778
32757
32699
32651
32569
32508
32515
32618
32737
32695
32629
32497
32421
32333
32347
32331
32297
32280
32207
32264
32340
32395
32445
32508
32438
32326
32254
32208
32199
32161
32217
32327
32349
32479
32567
32571
32531
32452
32389
32408
32440
32499
32702
32792
32781
32745
32711
32814
32927
33029
32952
32749
32629
32759
32900
33027
33026
33016
33167
33257
33151
33121
33251
33185
33173
33086
33007
33003
33015
32949
32871
32889
32981
33033
33112
33176
33008
32789
32739
32645
32771
32753
32617
32647
32761
32792
32801
32643
32484
32505
32510
32428
32431
32549
32356
32113
32071
32269
32389
32521
32507
32383
32535
32491
32031
32148
32322
32283
32481
32493
32447
32613
32103
31999
32087
32281
32359
32567
32635
32928
32817
32770
32926
32615
32525
32328
32311
32408
32715
32531
32525
32152
32191
32913
33567
34208
34287
33785
33213
32381
31791
32021
32546
32997
33162
33137
33003
33127
32811
33186
33003
33023
33023
32759
32726
33170
33218
32779
32533
32238
32206
32427
32621
32639
32861
32991
32447
32479
32485
32955
33234
33255
32462
31995
32051
32033
32365
32250
32441
32753
33126
32632
32695
32876
32319
32184
32451
32716
32833
33119
32729
32311
32027
31916
32132
32357
32169
31821
32391
32447
32883
33636
34037
33491
32514
31743
31231
31931
32633
32969
33082
33421
32969
32326
32391
32069
32308
33353
33897
33841
33389
32631
32107
32548
32705
33372
33927
34046
34324
33515
32937
32758
32301
32285
31928
31365
31485
32469
32727
32915
32849
32743
32979
33187
33350
32583
32143
30889
30156
30192
32061
32731
33855
33643
32785
31591
30949
30439
31077
32543
34083
34973
35165
33921
33425
33054
33335
32607
31971
30917
31254
32352
33778
35246
35815
35786
34519
33137
32255
31991
32221
31967
31521
31543
32335
32861
33826
33723
32497
32312
31461
31073
31564
32273
33732
34305
33589
32031
31320
31502
32262
32367
32513
32973
33105
32457
31735
31676
32758
33375
33347
32954
32109
31817
31900
32482
33453
33847
33686
34047
33719
33333
33247
32770
31510
30441
29859
30497
31798
32583
32401
32452
32505
32027
31759
32315
32814
33255
33449
33093
32383
32113
31921
32401
32951
33389
34227
34764
34663
33478
33117
33153
32927
32294
32273
32758
33639
34619
34856
34434
33893
33409
33070
33391
33641
33762
33851
33144
32023
31000
31651
32481
32780
31960
31353
30592
30762
31112
31067
31729
32176
33063
32696
32048
31703
31827
32363
32407
32385
32567
33231
33247
32647
32559
32116
31847
31965
31496
31623
32346
33627
34047
33911
32641
31558
31059
32235
33030
33950
34307
33869
32685
32039
32195
32270
32853
33116
33259
33725
33691
33483
32519
32455
31891
31833
32371
33138
33295
33317
33161
32764
33193
33351
33597
33951
34591
34335
33452
32927
32303
32477
32873
33433
32918
32167
31110
30191
29983
31107
32309
32827
33101
32477
31926
31918
31983
32080
32711
32407
32031
31927
32507
33399
33527
32976
32492
32309
32757
33432
32647
32220
32162
31905
32315
32717
33075
33852
34171
34123
34593
34443
33987
33539
33415
32967
32411
31739
31455
31365
31559
32600
33569
33424
32991
31917
31115
30597
31100
32675
33559
33197
31791
30556
30223
30917
31869
33255
34471
34641
34438
33967
33633
33125
32602
31841
31199
31454
32328
33345
33331
33507
33397
33535
33520
33289
32876
32283
32017
31825
32199
31681
32297
33099
34000
34178
33865
32595
31579
30860
30822
31826
32712
33415
33572
32562
31237
30545
31202
32315
33303
33615
33795
34000
34139
33671
32811
32503
32421
32456
33256
34389
35374
35111
33921
32712
32037
31327
30813
31211
31633
32667
32986
33093
32991
32904
32624
32358
31690
30773
30374
30663
32123
33405
34426
34503
33810
32371
31344
31209
31954
32719
32492
31945
31597
31704
32183
32844
33107
33019
33041
33209
33597
34319
34749
34636
34160
33527
32853
32410
32347
32325
32393
32392
32650
33019
33283
33001
32479
31537
30986
30759
30867
31237
32167
33373
34575
35097
34523
33151
32199
31813
32055
32756
33417
33767
33114
32273
31561
31862
32546
32911
33047
33087
32951
32799
33051
33047
32835
32231
32286
32526
33414
33740
33931
33493
33213
32330
31705
31305
31370
31047
31199
31466
31615
31658
32443
32927
33125
33402
33037
32321
31704
31336
31677
33011
34367
34558
34065
33361
33242
33379
33915
33686
33137
32451
31846
31782
32439
33119
33439
33327
32755
32800
32917
33295
33575
33589
33280
32839
32127
31731
31803
32031
32201
32503
32387
32535
32799
32885
32641
32331
32009
31766
31927
32359
32641
32888
33315
33215
32635
32190
32239
32861
33754
33999
33433
32920
32375
32229
32382
32779
33255
33392
33035
32446
32206
32155
31993
32091
32085
32189
32472
32665
32691
32285
31763
31714
32089
32531
33015
33389
33455
33111
32543
32319
32560
33040
33610
33990
33881
33613
32561
31971
31643
31617
32268
33269
33831
33961
33770
33365
33119
33072
32999
33105
33059
33011
33032
32771
32307
32043
31903
31773
31883
32483
32765
32779
32273
31895
31831
31729
31684
31679
31756
32097
32539
33115
33562
33711
33975
33875
33367
32831
32751
32694
32700
32419
32301
32439
32426
32351
32420
32719
33086
33283
33034
32975
32823
32479
32489
32841
33000
33013
32835
32687
32807
32872
32817
32599
32442
32390
32197
32098
32068
31782
31797
32082
32154
32726
33424
33770
33733
33516
33171
33171
33040
32892
33148
33526
33667
33625
32946
32175
31755
31701
32127
32611
32874
32887
32830
32419
32110
32041
32104
32203
32391
32806
32914
32765
32588
32269
32055
32311
32540
32769
32884
32690
32462
32474
32415
32514
32711
32792
32627
32584
32821
33045
32985
33122
33266
33284
33416
33591
33552
33355
33014
32820
33035
33133
32965
32639
32361
32203
31871
31911
32238
32350
32491
32753
32668
32484
32301
32290
32471
32527
32401
32758
33135
33011
32677
32487
32687
32839
32653
32451
32337
32405
32698
32810
32647
32924
33085
33009
32935
32927
32867
32877
32541
32376
32388
32615
32808
32877
32876
32788
32420
32505
32748
32835
32642
32227
31963
32031
32233
32502
33015
32985
32641
32282
32279
32525
33125
33513
33608
33453
32725
32601
32695
32920
33309
33299
33371
33177
32848
33417
33109
32559
32071
31982
32381
33129
32777
32633
32700
32352
32073
32015
32261
32549
32498
32520
32797
32467
31972
31811
31703
32167
32387
32455
32855
32910
32444
32231
32437
32630
32645
32173
32191
32546
32945
33188
33143
32819
33343
33905
34705
34327
33412
32400
31547
30723
30249
30771
32816
34455
34999
34441
33620
32554
31656
31829
31678
31751
32437
32635
32363
32689
32937
32506
32148
32328
32919
33773
34552
34065
33489
33204
32067
31111
31311
31819
32861
33757
33930
33789
33722
33458
32790
32468
32764
33180
33042
32815
32524
32187
32184
32285
32402
32485
32209
31463
31275
31603
32299
32518
33127
33191
32823
32845
33203
32935
32637
32110
31651
31477
31410
31879
32770
33672
34439
34493
33992
33133
32245
31607
32343
32607
33062
33328
33372
33006
32825
32203
32343
32920
33901
34167
34309
33451
32750
31095
30212
29913
30445
31487
32971
33189
33339
33441
32797
32494
32269
32571
32804
32993
32700
32951
33171
32382
31575
31433
32430
33635
34151
34192
33453
32919
32855
32644
32735
33261
33268
32574
32327
32105
32759
33299
33817
33563
33796
33843
33327
32129
31215
30679
31247
31899
32200
32347
33282
34161
34203
34061
33193
32521
32107
31556
31417
32456
34189
35006
34623
33773
33011
32404
32329
31954
31783
31794
31840
32146
32924
33799
33927
33692
33967
33607
33157
32657
32077
31393
31063
30758
30673
31232
31901
32022
32039
32087
31778
31456
31921
32002
32689
33912
34135
33393
32966
32390
31662
31212
31801
32729
33269
33491
33334
32936
33099
33147
32932
33031
33031
32567
32351
32391
33003
34315
35169
34988
34419
33985
33575
33064
32239
31409
30868
31079
32208
33395
34403
35055
34760
33815
32697
31951
31804
32055
32254
32293
32913
33985
34749
34593
34393
33325
31819
30835
31185
31911
32623
32759
32144
31833
31660
31730
31783
32759
33414
33287
32564
31926
31253
30862
30983
31330
31555
31559
31288
31406
31853
32166
32664
33231
33467
33284
32166
31143
30148
29200
29511
30636
32499
34981
36756
37171
36556
35016
32981
31569
30615
30839
32001
33170
33686
33597
32973
32903
33317
34152
35115
35323
34895
34063
32941
32229
32131
32232
32135
32305
33106
33984
34281
34623
34656
34154
33399
31900
30415
29902
30669
32109
33624
34181
34120
34142
33947
33599
32998
32690
32848
32342
30879
30246
30631
31479
32526
32825
32894
33271
33293
32745
31834
31029
30375
30199
30705
31522
32294
32929
32583
31863
31793
31781
31987
32597
32904
32007
30521
29505
29609
31076
33191
34911
35885
35939
34895
33531
31861
31010
30914
31437
32254
33197
34036
34851
35096
34871
34444
33947
33357
32981
33245
33723
33566
33037
32465
32399
32757
32993
33163
34092
34653
34680
34231
33710
33401
32748
31342
30346
30229
30793
32138
33369
34072
34639
34729
34059
33059
31971
31055
31059
31257
31627
31781
32331
32959
33147
33343
33682
32647
31270
30234
29857
30417
31349
31555
32259
33106
33450
33391
32934
32209
31771
31705
31566
31561
31709
32093
32106
31623
31513
32037
32935
33479
33746
34087
34253
33631
32581
31245
30833
31438
32621
34011
35563
36445
36518
35641
34262
32578
31497
30941
30799
31559
32534
33173
33911
34855
35084
34871
34433
34149
33895
33487
32233
31174
30723
30797
31385
32577
33547
33769
33602
33384
33405
33407
33287
32928
31979
30749
30329
30361
30519
31444
32837
33971
34984
35267
34462
33118
31407
29827
29339
30187
31018
32143
32839
33048
33001
33013
32447
32016
32005
32031
32216
32527
32262
31769
31806
31719
31903
32159
32853
33218
33347
33129
33171
33399
33226
32791
32578
32574
32247
32392
33005
33993
34769
34833
34008
33671
33241
32582
32421
32652
33229
33861
33936
33684
33629
33476
33266
32752
32549
32561
32399
32007
32246
33037
33781
34319
34257
33596
32538
31606
31277
31398
31586
31952
32351
32836
33013
32629
32331
32247
32295
32782
33337
33349
33391
32965
31967
30897
30390
30514
31289
32261
33067
33565
33847
33487
32378
31563
31205
30828
30779
31115
31553
32387
33364
33602
33681
33414
32927
32567
32272
31954
32077
32313
32463
32353
32142
32135
32535
33141
33803
34295
34824
34979
34279
33521
32962
32614
32451
32205
32155
32806
33622
33953
34139
34261
33933
33918
33624
33196
32746
32068
31487
31675
32346
33154
33641
33739
33613
32977
32802
32649
32538
32727
32896
32489
32238
31965
31369
31061
31147
31911
33129
33727
33701
33420
32898
32423
31943
31394
31012
30884
31087
31623
32488
33355
33649
33278
32519
31559
31184
31529
31727
31767
31981
32031
32183
32512
32594
32617
32685
32634
32841
33331
33439
33264
32925
32769
32741
32637
32517
32325
32511
33047
33295
33543
34105
34435
34493
34143
33800
33441
32974
32618
32563
32853
33763
34648
34675
33895
32801
31735
31474
31863
32561
33493
33938
33681
33078
32914
32775
32625
32337
32164
32323
32595
32604
32371
32038
31987
31951
32083
32317
32233
32344
32417
32245
32135
32121
31916
31687
31549
31737
32283
32725
33026
33035
32727
32346
32075
31627
31353
31236
31260
31515
32130
32697
33015
33088
33233
33325
33164
32856
32471
32136
32159
32044
32177
32839
33437
33813
34069
33758
33776
33847
33397
33155
33269
33248
33437
33291
32665
32608
32930
33241
33779
34358
34756
34703
34204
33477
32735
32245
31651
31361
31811
32388
32967
33805
34111
33719
33103
32427
31879
31843
31863
31685
31640
32007
32119
32546
32977
32899
32563
32351
32111
32198
32025
31493
31231
31195
31289
31526
31974
32423
32975
33487
33489
33244
32774
32032
31406
31144
31138
31473
31911
32243
32556
32871
33093
33561
33818
33634
32980
32351
31983
32201
32639
33125
33338
33601
33797
33887
33771
33403
33036
32973
33295
33568
33475
33098
32687
32647
33041
33546
33903
34165
34537
34543
34009
33162
32519
32039
31807
31915
32208
32767
33177
33346
33150
32934
32789
32571
32297
32070
31743
31611
31712
31828
32233
32647
32741
32525
32241
31890
31918
32083
32217
32141
32031
31924
31897
31971
31984
32078
32319
32593
32655
32487
32259
32185
32199
32195
32116
32255
32501
32759
33229
33467
33428
33265
32955
32481
32409
32369
32123
32258
32551
32832
33242
33847
34018
33839
33560
33373
33196
33289
33303
33217
33323
33117
32831
32805
33053
33512
34045
33995
33671
33435
33117
32644
32188
32055
32321
32715
33012
33277
33470
33546
33400
33043
32600
32095
31576
31180
31213
31679
32196
32615
32752
32803
32753
32613
32503
32321
32249
32141
31885
31707
31691
31691
31838
32099
32304
32572
32655
32538
32605
32745
32811
32597
32247
32127
32219
32205
32109
32182
32531
32971
33207
33385
33318
32983
32516
32070
31823
32041
32461
33009
33607
33757
33778
33555
33192
32935
32994
33149
33157
32967
32903
32855
32860
33071
33283
33488
33733
33757
33611
33367
33087
32864
32599
32422
32335
32511
32883
33278
33459
33456
33275
32819
32620
32494
32275
32092
32221
32179
32208
32405
32530
32471
32457
32376
32145
31973
31847
31935
32137
32101
32099
32287
32515
32705
32759
32739
32586
32364
32135
31916
31819
31863
31729
31717
31900
32183
32577
32986
33331
33598
33585
33391
33018
32435
31911
31875
32057
32285
32630
32815
33098
33346
33303
33175
33033
33083
33235
33353
33177
33115
32883
32925
33165
33355
33359
33331
33325
33293
33155
33037
33106
33071
33054
33131
33001
33062
33337
33449
33433
33259
32997
32921
32628
32533
32417
32067
31929
32061
32381
32759
32857
32729
32568
32348
32344
32347
32323
32262
32220
32023
31835
31799
31923
32033
32109
32008
31969
31959
32057
32396
32403
32441
32555
32511
32614
32600
32452
32509
32527
32440
32382
32281
32413
32391
32342
32559
32665
32883
33103
33147
33415
33697
33395
33084
32814
32531
32366
32564
32992
33386
33496
33347
33200
33186
33273
33375
33518
33651
33501
33455
33398
33324
33097
32858
32591
32468
32701
32969
33151
33362
33400
33223
32933
32533
32389
32404
32527
32665
32787
32925
32963
32551
32139
31819
31762
31881
31851
31887
31959
31865
31930
32061
32105
32292
32459
32524
32569
32654
32608
32425
32221
32085
31995
31922
31913
31882
31926
32139
32477
32871
33145
33263
33268
33169
32843
32587
32399
32458
32705
32977
33045
33187
33248
33261
33183
33099
33103
32997
32855
33009
33229
33383
33367
33295
33186
33034
33118
33437
33617
33747
33709
33328
32859
32530
32446
32631
32879
33073
33303
33489
33415
33189
32845
32429
32113
32086
32175
32351
32397
32328
32305
32427
32500
32499
32499
32515
32329
32199
32098
31855
31743
31740
31780
31967
32059
32141
32277
32311
32341
32393
32351
32353
32449
32469
32386
32307
32328
32394
32611
32878
33001
32927
32815
32634
32377
32327
32429
32659
32907
33137
33340
33703
33833
33694
33406
33015
32743
32675
32774
32935
33099
33212
33207
33154
33019
33026
33205
33347
33453
33517
33455
33263
33063
32879
32731
32806
32944
33084
33119
33061
32935
32829
32691
32441
32205
32079
32089
32244
32481
32657
32787
32782
32745
32671
32659
32527
32109
31582
31319
31316
31528
31885
32291
32551
32647
32663
32602
32327
32139
32012
31957
31995
32005
32071
32446
32763
32802
32824
32898
32904
32900
32901
32844
32804
32631
32455
32359
32388
32585
32916
33277
33492
33602
33723
33570
33181
32899
32676
32593
32570
32702
32948
33225
33539
33743
33699
33542
33245
33063
32949
32743
32439
32306
32331
32552
32999
33237
33385
33659
33591
33314
33102
32639
32249
32331
32221
32051
31979
32035
32235
32407
32492
32655
32755
32746
32477
32211
32059
32009
31943
31983
31933
32103
32455
32475
32477
32358
32050
32077
32059
31965
32189
32305
32037
32282
32529
32665
32876
32858
32817
32924
32883
32765
32735
32745
32583
32540
32745
32937
32839
32883
32961
32993
33170
33267
33132
33174
33143
33125
33162
33178
33270
33545
33455
33428
33274
33139
33049
32660
32401
32465
32694
32949
33159
33106
33289
33451
33391
33364
33135
32871
32471
32162
31987
32142
32321
32619
32776
32848
32937
32999
32886
32565
32240
32051
31956
31783
31757
31654
31687
32059
32484
32815
33109
32877
32587
32343
32039
31976
32043
31899
31711
31734
31969
32380
32709
33027
33175
32977
32871
32750
32506
32260
32031
32101
32597
32975
33279
33365
33384
33321
33279
33227
33025
32711
32631
32768
32864
33131
33243
33089
33085
33047
33071
33289
33346
33350
33352
33303
33271
33305
33223
33079
32837
32615
32477
32537
32727
32935
33051
33027
33015
32987
32975
32846
32615
32442
32389
32511
32755
32737
32719
32659
32478
32383
32285
32023
31787
31856
32009
32279
32461
32519
32580
32569
32349
32196
32158
32151
32081
31950
31943
32104
32542
32770
32641
32503
32432
32232
32219
32299
32299
32551
32638
32628
32863
33067
33079
33177
33104
32989
32983
32951
32841
32783
32749
32727
32759
32825
33041
33193
33404
33559
33607
33447
33077
32759
32721
32735
32906
33172
33259
33336
33311
33155
33135
33162
32877
32830
32703
32631
32849
32997
32859
32710
32568
32537
32575
32616
32626
32627
32663
32686
32641
32663
32681
32611
32511
32231
31944
31971
31955
31898
32071
32229
32317
32423
32271
32205
32243
32226
32222
32247
32209
32279
32310
32396
32546
32757
32826
32702
32489
32409
32437
32459
32496
32443
32386
32375
32496
32909
33330
33392
33369
33369
33273
33279
33195
32895
32761
32893
32939
33099
33203
33199
33259
33247
33112
33170
33208
33102
32963
32927
33045
33134
33081
32967
32895
32991
33062
33085
33130
33025
32760
32655
32600
32501
32521
32495
32410
32484
32487
32645
32847
32805
32633
32356
32049
31894
31864
31954
32061
32181
32408
32580
32634
32615
32437
32245
32097
32019
31903
32001
32040
32095
32197
32226
32297
32415
32471
32621
32619
32687
32769
32729
32639
32532
32480
32710
32895
32975
33128
33224
33175
33172
33119
32987
32979
32879
32711
32847
33146
33455
33611
33519
33372
33237
33163
33096
33019
32978
32967
32961
33056
33042
32984
32991
32949
32915
33031
32987
32895
32931
32865
32695
32551
32312
32199
32255
32306
32479
32733
32744
32698
32457
32196
32049
32071
32095
32091
32239
32423
32493
32563
32608
32475
32348
32079
31750
31679
31747
31923
32249
32446
32523
32630
32676
32689
32647
32545
32567
32629
32625
32568
32535
32553
32551
32607
32722
32919
33095
33291
33443
33505
33449
33197
32855
32584
32475
32615
32896
33107
33425
33545
33546
33583
33489
33279
33031
32659
32495
32615
32786
33021
33321
33429
33301
33085
32888
32759
32671
32577
32418
32287
32301
32373
32511
32593
32632
32647
32643
32541
32595
32710
32691
32625
32435
32177
32009
31885
31885
32047
32236
32375
32497
32455
32335
32305
32256
32219
32243
32217
32251
32445
32695
32774
32740
32615
32379
32243
32299
32459
32657
32865
32948
32951
32946
32859
32853
32812
32675
32635
32692
32750
32927
33162
33210
33181
33150
33142
33129
33183
33225
33284
33321
33281
33179
33058
32902
32728
32627
32580
32693
32903
33016
33023
33119
33102
32947
32791
32604
32489
32567
32671
32807
32887
32852
32787
32729
32594
32532
32477
32329
32203
32116
32053
32013
32082
32252
32423
32587
32674
32697
32768
32807
32667
32513
32343
32108
32009
31973
32009
32191
32263
32391
32609
32755
32803
32829
32760
32591
32451
32345
32279
32273
32447
32697
32913
33036
33037
33075
33111
33009
32947
32919
32849
32870
32933
32922
32897
32871
32861
32897
32987
33086
33215
33316
33231
33131
33023
32890
32819
32841
32901
32997
33052
33079
33038
32963
32847
32735
32719
32717
32646
32573
32567
32536
32555
32605
32626
32692
32727
32673
32659
32659
32597
32511
32385
32335
32281
32319
32359
32308
32255
32278
32289
32295
32365
32412
32444
32510
32542
32530
32471
32395
32380
32357
32296
32281
32289
32306
32359
32445
32580
32679
32759
32849
32861
32889
32935
32879
32807
32752
32705
32742
32802
32860
32921
32997
33028
33047
33029
33003
33049
33085
33096
33128
33086
33056
33079
33127
33163
33087
33055
33005
32921
32873
32919
32932
32984
32990
32901
32781
32714
32657
32633
32587
32575
32663
32724
32746
32784
32777
32655
32509
32377
32249
32219
32275
32354
32403
32447
32482
32486
32465
32416
32307
32185
32106
32064
32044
32055
32167
32302
32383
32463
32553
32628
32679
32679
32640
32633
32532
32431
32300
32230
32321
32473
32605
32742
32807
32888
32992
33035
33067
33024
32909
32889
32917
33014
33140
33210
33207
33229
33191
33215
33201
33159
33019
32887
32780
32853
32943
33031
33132
33191
33189
33189
33127
33057
32957
32849
32784
32733
32669
32649
32642
32622
32579
32541
32533
32555
32582
32618
32625
32553
32435
32311
32214
32127
32084
32143
32270
32338
32357
32421
32425
32401
32385
32357
32305
32231
32143
32093
32166
32265
32355
32436
32471
32517
32542
32539
32525
32482
32443
32471
32565
32718
32837
32949
33029
33042
33027
32991
32890
32831
32889
32909
32955
33015
33047
33075
33116
33183
33285
33327
33279
33229
33175
33143
33136
33131
33072
32985
32950
32958
32983
33005
33001
32924
32862
32776
32708
32703
32699
32698
32672
32647
32677
32717
32664
32563
32453
32327
32248
32217
32197
32197
32249
32339
32425
32468
32490
32471
32403
32319
32241
32169
32069
32020
32039
32091
32228
32392
32503
32582
32597
32559
32538
32550
32518
32465
32439
32407
32454
32569
32711
32816
32919
32943
32968
33017
33043
32967
32899
32839
32831
32907
33015
33125
33225
33256
33271
33288
33267
33194
33083
32999
32987
32977
32928
32857
32841
32849
32965
33131
33253
33279
33243
33096
32885
32669
32521
32417
32391
32411
32500
32612
32721
32727
32678
32571
32477
32442
32383
32311
32283
32309
32333
32323
32301
32286
32317
32326
32345
32327
32300
32339
32343
32333
32343
32359
32367
32373
32337
32345
32420
32491
32537
32590
32603
32613
32678
32703
32701
32673
32656
32698
32743
32823
32953
33060
33077
32949
32855
32799
32785
32855
32905
32971
33071
33169
33213
33186
33175
33132
33079
33043
33012
32975
32984
32965
33002
33031
33035
32997
32935
32863
32782
32709
32680
32635
32595
32588
32629
32778
32887
32901
32812
32679
32557
32480
32415
32341
32291
32231
32217
32233
32307
32421
32516
32545
32563
32535
32515
32465
32362
32254
32195
32181
32247
32341
32406
32479
32548
32616
32665
32624
32555
32507
32479
32457
32439
32444
32507
32602
32711
32836
32942
33010
32984
32878
32773
32723
32728
32783
32868
32937
32990
33047
33071
33079
33061
32991
32961
32992
33020
33070
33094
33093
33025
32933
32874
32875
32927
32993
32963
32945
32977
32977
32912
32783
32676
32627
32615
32591
32591
32594
32629
32660
32701
32756
32722
32631
32532
32427
32383
32376
32392
32416
32383
32347
32353
32407
32431
32388
32343
32279
32323
32375
32397
32437
32477
32496
32546
32515
32515
32508
32451
32392
32375
32386
32462
32509
32571
32591
32609
32674
32721
32770
32779
32799
32845
32902
32903
32893
32873
32853
32879
32940
32967
33035
33096
33084
33049
32988
32949
32967
32933
32894
32905
32967
33049
33104
33115
33108
33071
33055
32987
32938
32883
32827
32750
32687
32674
32713
32763
32771
32747
32712
32635
32578
32512
32473
32441
32423
32435
32469
32470
32456
32478
32497
32493
32469
32411
32385
32383
32343
32285
32202
32181
32183
32225
32262
32311
32410
32525
32565
32567
32539
32517
32514
32474
32463
32502
32551
32610
32641
32693
32743
32773
32834
32813
32769
32749
32757
32812
32856
32905
32967
33005
33064
33076
33127
33137
33159
33124
33057
32987
32987
33012
33026
33017
33029
33056
33083
33110
33054
33000
32957
32916
32847
32807
32760
32776
32774
32737
32687
32663
32666
32677
32641
32615
32617
32577
32515
32399
32311
32268
32279
32317
32331
32324
32375
32429
32447
32407
32329
32282
32239
32199
32174
32212
32298
32440
32491
32503
32517
32517
32486
32415
32373
32369
32396
32477
32580
32693
32791
32815
32818
32793
32749
32752
32797
32842
32871
32875
32911
32962
33025
33063
33097
33131
33182
33184
33143
33090
33063
33040
33038
33028
33029
33046
33095
33074
33073
33076
33063
32995
32903
32839
32786
32751
32745
32731
32751
32775
32783
32805
32765
32679
32509
32391
32315
32270
32285
32319
32393
32447
32465
32462
32415
32393
32338
32266
32248
32259
32278
32299
32293
32281
32304
32309
32351
32408
32463
32529
32550
32537
32487
32437
32441
32441
32457
32498
32567
32656
32773
32844
32880
32919
32954
32953
32937
32871
32824
32871
32891
32937
33003
33070
33141
33181
33180
33141
33121
33073
32994
32929
32954
32975
33000
33026
33033
33036
33075
33110
33106
33044
32919
32841
32781
32704
32616
32583
32570
32616
32657
32689
32708
32682
32619
32524
32408
32371
32351
32333
32318
32327
32365
32401
32430
32407
32379
32353
32352
32312
32297
32287
32307
32327
32346
32375
32379
32414
32436
32447
32431
32427
32478
32541
32595
32633
32697
32696
32727
32731
32760
32799
32851
32849
32829
32796
32805
32829
32812
32839
32867
32937
33044
33112
33128
33096
33047
33025
32987
32970
32973
33006
33045
33081
33087
33071
33038
32994
32937
32895
32843
32829
32826
32773
32715
32693
32727
32761
32752
32725
32725
32727
32689
32613
32547
32489
32433
32373
32295
32309
32339
32430
32480
32499
32517
32490
32442
32383
32295
32230
32193
32204
32290
32407
32466
32541
32587
32587
32550
32524
32534
32540
32514
32463
32459
32509
32549
32567
32575
32615
32711
32786
32851
32881
32882
32901
32859
32817
32803
32817
32863
32902
32927
32965
33002
33050
33093
33085
33014
32966
32923
32865
32823
32876
32937
33035
33063
33064
33047
33020
32969
32897
32823
32785
32764
32745
32730
32701
32685
32661
32654
32656
32642
32677
32701
32682
32635
32551
32453
32378
32343
32347
32383
32433
32490
32501
32487
32469
32459
32429
32363
32327
32304
32353
32396
32456
32503
32508
32511
32503
32477
32447
32435
32455
32481
32498
32556
32625
32683
32728
32721
32722
32684
32715
32719
32733
32766
32791
32813
32827
32850
32889
32950
32993
33031
33010
32958
32953
32949
32935
32955
32956
32969
32997
33017
33017
32990
32979
32973
32971
32933
32901
32895
32905
32882
32837
32816
32811
32793
32765
32715
32677
32671
32653
32614
32561
32535
32523
32487
32466
32465
32497
32533
32545
32537
32515
32509
32457
32399
32295
32243
32215
32207
32270
32323
32404
32465
32529
32522
32492
32491
32487
32471
32437
32431
32445
32516
32555
32583
32607
32653
32703
32753
32773
32742
32711
32719
32736
32762
32792
32857
32917
32940
32968
33020
33082
33093
33079
32994
32953
32922
32911
32921
32930
32966
33047
33111
33156
33141
33081
33011
32923
32837
32796
32779
32810
32821
32823
32837
32847
32836
32803
32760
32674
32630
32597
32552
32525
32458
32431
32417
32405
32415
32435
32417
32415
32397
32378
32340
32348
32357
32351
32346
32341
32345
32361
32365
32384
32393
32443
32455
32449
32409
32419
32414
32434
32479
32545
32586
32659
32745
32795
32811
32819
32788
32759
32716
32696
32723
32786
32867
32917
32985
33043
33097
33098
33082
33042
33015
32995
32970
32983
33014
33074
33094
33111
33111
33085
33063
33014
32953
32887
32841
32827
32837
32845
32875
32865
32851
32824
32763
32696
32676
32635
32566
32465
32412
32388
32419
32447
32487
32503
32493
32484
32469
32437
32395
32322
32251
32213
32177
32186
32255
32321
32373
32412
32438
32479
32495
32493
32447
32391
32367
32343
32397
32475
32579
32652
32727
32771
32791
32755
32717
32698
32703
32703
32755
32807
32865
32925
32963
33023
33075
33091
33095
33041
33003
32977
32955
32934
32951
33008
33019
33045
33077
33125
33112
33077
33037
33000
32934
32903
32853
32794
32763
32753
32743
32757
32786
32782
32756
32708
32672
32615
32569
32527
32486
32467
32445
32449
32461
32451
32388
32363
32344
32328
32320
32279
32309
32351
32391
32465
32435
32405
32412
32387
32419
32359
32357
32405
32459
32455
32447
32471
32534
32645
32701
32687
32647
32620
32697
32751
32753
32887
32945
32904
32791
32656
32703
32841
32911
32903
32903
33019
33099
33129
33066
32983
32922
32937
33015
32917
32941
33000
32982
33038
32990
32999
32997
32971
32883
32806
32714
32669
32781
32777
32806
32891
32919
32965
32884
32719
32559
32515
32400
32450
32513
32554
32545
32491
32485
32541
32546
32569
32493
32439
32273
32250
32256
32307
32475
32485
32533
32473
32445
32505
32485
32415
32335
32349
32468
32561
32589
32626
32581
32569
32578
32523
32555
32649
32677
32725
32639
32597
32640
32743
32839
32947
32943
32937
32977
32960
32949
32923
32794
32771
32754
32691
32745
32785
32891
32993
33105
33159
33171
33175
33045
32968
32871
32807
32829
32887
32913
32961
32965
32920
32894
32791
32745
32627
32597
32607
32672
32775
32787
32752
32705
32660
32665
32623
32534
32532
32497
32456
32455
32417
32438
32481
32491
32406
32327
32361
32445
32455
32366
32382
32397
32481
32476
32444
32443
32423
32445
32407
32445
32503
32577
32590
32545
32533
32595
32671
32649
32573
32591
32616
32691
32769
32783
32739
32753
32737
32805
32863
32846
32865
32941
32992
33093
33143
33113
33143
33150
33035
32909
32757
32745
32835
32915
32923
33023
33095
33165
33157
33131
32967
32839
32792
32837
32867
32965
32951
32882
32785
32666
32621
32557
32413
32363
32464
32557
32663
32706
32651
32606
32511
32404
32352
32290
32183
32136
32151
32203
32321
32472
32527
32523
32455
32409
32322
32227
32182
32238
32314
32350
32368
32413
32463
32532
32575
32649
32700
32751
32791
32744
32625
32580
32569
32639
32765
32904
33016
33074
33047
33089
33107
33060
32993
32935
32907
32902
32917
32935
33011
33157
33184
33250
33302
33299
33304
33256
33120
33007
32949
32889
32769
32659
32647
32750
32853
32893
32925
32947
32927
32842
32725
32654
32519
32455
32422
32356
32337
32362
32348
32365
32337
32359
32375
32301
32237
32231
32178
32201
32207
32210
32223
32269
32278
32300
32308
32314
32349
32425
32486
32466
32432
32417
32429
32460
32559
32616
32699
32803
32826
32819
32798
32742
32743
32784
32849
32945
33047
33107
33111
33066
33055
33077
33102
33087
33045
33058
33149
33181
33224
33234
33191
33171
33061
32947
32876
32827
32841
32938
32997
33091
33172
33130
33029
32936
32752
32631
32581
32501
32485
32503
32409
32428
32476
32471
32483
32466
32479
32479
32505
32448
32340
32218
32119
32083
32135
32141
32200
32226
32259
32355
32455
32498
32440
32401
32333
32263
32251
32224
32348
32458
32539
32625
32721
32811
32874
32873
32797
32786
32741
32667
32677
32724
32766
32868
32905
32983
33101
33184
33205
33201
33196
33169
33135
33033
32933
32887
32911
32941
32973
33095
33179
33198
33189
33128
33023
32921
32823
32783
32789
32785
32777
32765
32716
32723
32711
32672
32672
32655
32675
32665
32567
32455
32404
32400
32421
32437
32397
32300
32253
32251
32270
32336
32377
32361
32329
32345
32351
32401
32431
32453
32447
32432
32392
32348
32348
32365
32412
32428
32479
32603
32695
32759
32773
32750
32705
32671
32658
32669
32781
32844
32903
32935
32969
33025
33031
32983
32936
32877
32897
32887
32885
32941
32989
32986
32975
32947
32971
33048
33035
33025
33070
33071
33029
32939
32792
32733
32699
32697
32719
32791
32821
32853
32869
32849
32793
32727
32657
32547
32503
32486
32455
32464
32511
32546
32607
32669
32639
32569
32448
32327
32297
32331
32355
32386
32423
32446
32463
32459
32426
32425
32438
32459
32461
32465
32462
32435
32473
32519
32605
32631
32661
32669
32681
32663
32639
32657
32633
32638
32676
32717
32791
32853
32861
32865
32879
32869
32835
32825
32831
32879
32921
32938
32941
32981
32948
32922
32933
32964
32931
32894
32847
32871
32911
32875
32871
32899
32925
32937
32893
32873
32851
32813
32785
32743
32783
32811
32745
32715
32699
32657
32644
32605
32526
32572
32631
32609
32579
32530
32519
32527
32509
32471
32447
32426
32403
32373
32397
32421
32444
32453
32471
32493
32467
32441
32443
32427
32441
32441
32493
32533
32519
32515
32479
32491
32541
32593
32659
32699
32711
32703
32713
32710
32681
32701
32784
32845
32879
32869
32847
32827
32823
32816
32858
32950
32998
33006
33020
32991
32959
32928
32898
32911
32967
32997
32952
32939
32983
33069
33109
33038
32949
32842
32748
32679
32649
32737
32837
32890
32871
32825
32735
32700
32663
32628
32559
32529
32535
32555
32551
32570
32538
32456
32351
32317
32311
32363
32416
32443
32431
32442
32437
32461
32404
32333
32254
32255
32279
32301
32333
32425
32486
32511
32570
32623
32605
32581
32591
32572
32583
32603
32596
32599
32637
32721
32827
32888
32941
32990
33007
33018
33015
32974
32887
32777
32747
32834
32979
33099
33181
33220
33171
33086
33064
33097
33103
33093
32982
32929
32903
32860
32788
32787
32841
32903
32983
33025
32994
32905
32789
32722
32631
32594
32548
32501
32455
32448
32444
32483
32514
32538
32565
32527
32471
32327
32253
32211
32197
32181
32239
32289
32330
32350
32294
32273
32314
32379
32425
32503
32535
32493
32415
32285
32259
32367
32527
32631
32664
32705
32749
32743
32663
32631
32725
32858
32927
32991
32999
32983
32960
32935
32887
32935
33001
33014
33050
33158
33039
33117
33235
33178
33135
33019
32897
32952
32842
32867
32881
32895
33019
33070
33178
33223
33045
32794
32773
32643
32625
32619
32391
32323
32547
32561
32639
32623
32357
32491
32541
32555
32527
32372
32322
32238
32291
32399
32463
32248
32285
32290
32382
32515
32327
32155
32111
32135
32297
32393
32395
32479
32577
32607
32581
32550
32533
32618
32734
32722
32811
32809
32714
32727
32790
32921
32907
32737
32642
32685
32924
33079
33015
32939
33071
33078
33183
33269
33227
33157
33173
33151
33091
33142
33077
33088
33201
33135
32999
32760
32700
32647
32747
32943
32771
32582
32557
32490
32586
32812
32850
32830
32773
32741
32857
32759
32585
32386
32303
32329
32337
32242
32197
32220
32130
32247
32245
32195
32341
32603
32629
32537
32501
32399
32205
32198
32293
32493
32681
32716
32727
32765
32631
32596
32729
32775
32711
32514
32372
32363
32480
32758
32980
32992
32938
32945
32919
32994
33014
32987
32955
33045
33048
33107
33070
32995
33104
33149
33114
32966
32701
32596
32593
32684
32847
32862
32900
32990
32944
32913
32959
32913
32905
32883
32865
32835
32824
32748
32670
32541
32400
32307
32313
32515
32543
32392
32328
32329
32405
32600
32741
32647
32682
32607
32552
32531
32611
32496
32331
32175
32105
32117
32186
32303
32441
32716
32991
33010
32871
32712
32607
32570
32537
32522
32445
32487
32509
32620
32817
32935
32787
32695
32631
32513
32509
32697
32840
33029
33235
33325
33285
33321
33209
32967
32779
32647
32515
32528
32551
32671
32863
32967
32911
32845
32971
33069
33047
33065
32936
32845
32791
32754
32741
32796
32765
32679
32623
32597
32539
32598
32664
32717
32619
32470
32341
32169
32151
32316
32495
32722
32802
32723
32625
32644
32567
32593
32567
32494
32383
32289
32319
32478
32541
32626
32631
32607
32594
32510
32432
32399
32349
32359
32433
32485
32661
32911
32949
32874
32896
32841
32895
32853
32758
32725
32629
32455
32469
32694
32899
33028
32932
32799
32677
32569
32615
32667
32847
33165
33277
33297
33292
33154
33029
32899
32803
32700
32703
32598
32527
32634
32787
32927
32896
32898
32895
32841
32821
32797
32826
32829
32679
32575
32545
32493
32432
32417
32481
32654
32665
32602
32570
32553
32535
32577
32591
32446
32341
32276
32344
32471
32683
32781
32730
32592
32495
32375
32215
32149
32171
32345
32514
32596
32783
32852
32727
32661
32630
32685
32729
32711
32751
32670
32541
32535
32483
32477
32548
32669
32805
32967
33101
33006
33135
33019
32876
32815
32712
32761
32755
32719
32873
33119
33277
33413
33316
33229
32924
32642
32431
32607
32689
32887
32847
32809
32824
32717
32606
32592
32540
32830
33194
33243
33171
32766
32392
32196
32219
32322
32638
32746
32562
32459
32427
32433
32279
32204
32261
32392
32513
32554
32288
32266
32390
32676
32929
33005
32773
32450
32239
32263
32491
32632
32625
32471
32367
32383
32375
32196
32351
32485
32779
33047
33048
33018
32988
32907
32895
32905
32905
32955
32974
32923
32719
32608
32640
32682
32653
32853
33050
33135
33219
33255
33255
33333
33135
32870
32825
32804
32845
32775
32729
32669
32739
32897
33077
33003
32862
32756
32583
32503
32474
32496
32548
32599
32707
32803
32651
32357
32075
32066
32332
32682
32933
32961
32692
32270
32073
31891
32062
32265
32525
32741
32883
32752
32606
32394
32261
32205
32301
32443
32659
32831
32867
32847
32782
32736
32663
32587
32541
32380
32261
32380
32577
32898
33023
33062
33103
33097
32972
32803
32791
32753
32796
32926
33030
33052
33050
32954
32718
32519
32662
32803
32963
33199
33183
33083
32925
32839
32809
32818
32781
32881
33032
33295
33354
33181
32741
32310
32005
32119
32339
32545
32659
32661
32615
32573
32614
32576
32551
32575
32743
32812
32722
32407
32137
32121
32204
32193
32284
32463
32495
32490
32457
32419
32422
32586
32734
32741
32718
32605
32363
32314
32415
32493
32637
32783
32917
33033
33069
32887
32587
32480
32537
32720
32861
32869
32763
32717
32808
32883
32956
32999
32982
32939
32929
32973
32935
32883
32815
32782
32829
32933
32959
33098
33145
33067
32859
32708
32613
32629
32659
32693
32725
32751
32722
32739
32723
32705
32697
32613
32695
32763
32753
32521
32345
32279
32327
32391
32435
32463
32499
32503
32400
32283
32207
32351
32567
32693
32821
32754
32540
32368
32359
32378
32396
32393
32439
32543
32635
32625
32519
32529
32698
33004
33305
33309
32946
32612
32393
32351
32455
32579
32658
32740
32871
33046
33137
33010
32903
32839
32894
32929
32869
32846
32799
32711
32671
32857
33030
33127
33104
33085
32881
32652
32444
32429
32599
32851
32863
32813
32803
32771
32775
32807
32807
32820
32902
32907
32826
32583
32357
32229
32286
32407
32501
32480
32461
32467
32618
32811
32814
32707
32605
32519
32441
32375
32337
32265
32201
32266
32483
32714
32875
32905
32861
32828
32661
32449
32327
32329
32408
32547
32621
32705
32783
32813
32797
32855
32910
32957
32978
32898
32792
32647
32523
32460
32509
32631
32773
32965
33150
33184
33062
32810
32592
32519
32650
32821
32941
32957
32839
32781
32799
32849
32915
32921
32951
32958
32875
32683
32465
32347
32443
32689
32921
32991
32914
32654
32531
32567
32703
32882
32986
32900
32693
32503
32348
32182
32209
32416
32599
32653
32628
32564
32495
32463
32391
32462
32606
32751
32895
32925
32724
32463
32244
32254
32457
32590
32613
32551
32477
32530
32669
32767
32806
32776
32727
32703
32759
32769
32641
32585
32615
32695
32812
32934
32920
32967
32937
32824
32711
32614
32443
32485
32598
32713
32831
32947
33017
32997
32967
32983
33010
32979
32972
32815
32637
32518
32507
32707
32922
33032
33020
32895
32753
32673
32671
32621
32587
32581
32700
32813
32814
32719
32614
32539
32559
32647
32713
32807
32752
32625
32494
32371
32266
32263
32349
32440
32455
32463
32585
32631
32677
32655
32569
32495
32449
32455
32557
32643
32619
32579
32552
32583
32684
32700
32625
32601
32568
32577
32613
32673
32635
32653
32721
32787
32803
32851
33001
33040
33026
32979
32889
32787
32633
32492
32535
32613
32729
32893
33071
33128
33118
33047
32995
32955
32883
32813
32733
32667
32693
32768
32890
32975
32919
32844
32823
32787
32742
32718
32681
32624
32551
32567
32524
32439
32475
32583
32710
32790
32785
32690
32589
32459
32399
32349
32315
32283
32326
32395
32430
32383
32415
32479
32546
32647
32731
32699
32603
32535
32516
32554
32501
32463
32469
32543
32649
32729
32719
32719
32718
32764
32851
32893
32823
32719
32660
32661
32732
32791
32871
32947
32993
33009
33006
33014
32935
32841
32841
32866
32876
32857
32850
32834
32783
32759
32751
32781
32856
32997
33055
33031
33023
32945
32839
32737
32633
32619
32615
32599
32539
32517
32557
32623
32666
32685
32642
32583
32532
32503
32452
32424
32419
32359
32353
32401
32449
32478
32505
32503
32589
32656
32628
32539
32435
32349
32235
32179
32239
32369
32516
32729
32847
32906
32910
32871
32789
32713
32679
32653
32663
32667
32643
32654
32713
32783
32887
33013
33103
33059
32929
32833
32807
32860
32947
32924
32876
32785
32729
32801
32908
32987
33036
33041
33013
32965
32893
32801
32674
32578
32591
32671
32768
32893
32918
32879
32807
32754
32688
32623
32598
32575
32471
32385
32388
32511
32627
32673
32673
32629
32543
32454
32453
32447
32434
32445
32471
32502
32479
32449
32397
32401
32452
32516
32537
32576
32601
32609
32577
32541
32545
32609
32663
32719
32770
32843
32847
32819
32713
32607
32567
32593
32727
32911
33059
33055
32917
32799
32750
32732
32784
32885
32919
32940
32903
32831
32798
32827
32845
32935
32999
32983
32917
32893
32796
32676
32603
32639
32725
32799
32815
32803
32749
32681
32621
32655
32742
32834
32839
32729
32583
32475
32487
32541
32627
32707
32685
32607
32492
32393
32352
32353
32386
32487
32583
32619
32622
32550
32479
32474
32481
32591
32713
32749
32691
32547
32435
32379
32391
32483
32584
32649
32721
32774
32761
32779
32787
32715
32661
32655
32728
32839
32881
32868
32844
32828
32769
32779
32829
32894
32813
32663
32608
32669
32843
32985
32955
32985
32932
32844
32825
32807
32659
32680
32709
32771
32842
32879
32859
32789
32689
32618
32657
32784
32882
32783
32697
32687
32641
32615
32646
32655
32694
32671
32655
32687
32551
32470
32495
32693
32683
32676
32582
32397
32407
32433
32571
32575
32548
32555
32423
32519
32599
32593
32637
32629
32618
32537
32637
32561
32554
32604
32550
32583
32661
32743
32729
32727
32631
32549
32717
32694
32616
32700
32888
32756
32825
32940
32759
32755
32899
32923
32865
32915
32763
32595
32615
32487
32356
32571
32881
32965
33037
33138
33000
32827
32794
32695
32727
32719
32764
32867
32823
32653
32663
32788
32779
32951
32816
32805
32612
32117
32361
32517
32551
32578
32779
32819
32865
32721
32887
33101
32674
32219
32218
32230
32069
32247
31984
32358
32159
31809
32669
32983
33191
32977
33041
32888
32233
31962
31885
32413
32455
32621
32717
32492
32481
32313
32852
32504
32494
32787
32914
33157
33177
32931
32707
32881
32087
32065
32495
32621
32565
32980
32415
31891
32301
32655
33561
33507
33307
33249
33073
32667
32428
33078
33441
33584
33093
32757
32743
32993
32783
32327
32324
32249
32830
33376
33135
33103
33331
32999
32879
33161
32624
32647
33039
32948
32931
33394
33753
33005
32590
31927
31383
31681
31944
31595
31584
32456
32367
32096
32641
32575
32746
32918
32817
32480
32703
32707
32113
32093
32151
32351
33074
33895
33617
33317
33353
32553
31475
31163
31126
31351
32031
32279
32345
32112
31805
31685
32189
32870
33233
33435
33295
33077
31975
31519
31911
32089
32914
33971
33699
32585
31967
31436
31253
32063
32955
33616
34427
34970
34831
35160
35297
34721
34183
34089
33543
33035
33335
33232
33482
33819
33790
33070
32771
32679
32575
32262
31435
30664
30454
30929
31483
32366
33429
33503
33187
33187
33323
32647
31821
31865
31808
31975
32068
32073
31768
31907
32257
32647
33514
33483
32721
31993
32560
32969
33395
33606
33058
32263
32371
32691
32126
32279
32199
31611
31511
31400
30817
31525
32355
31481
30391
29587
28755
29405
30557
30777
31070
32119
32699
33119
34177
34467
34368
34118
34096
33985
34849
35530
35467
34915
35047
35759
35917
36218
35295
35161
35151
35131
34281
33743
33801
34071
34782
35265
35506
34935
34187
32897
31677
31310
31314
31035
30635
30180
29527
29263
29418
28815
28438
28277
29259
30089
31086
31835
32261
32359
32355
32054
31831
32968
33553
33273
32953
32532
32485
33392
34509
35129
35520
35191
34653
33990
32790
32213
31909
31929
31814
31640
31987
32725
33069
32501
31857
30973
30467
30257
30950
31638
32236
31998
31483
30693
30567
31080
31695
32533
32895
32855
32785
32816
33227
33949
34447
34559
34823
35578
36145
36359
36289
36447
36683
36880
36922
36705
36060
34881
33791
32496
31343
30729
30351
30247
31034
31735
31648
31747
31299
30581
30822
31403
31367
31487
31209
30039
29401
29689
30139
30743
31272
31147
31241
31973
32971
33108
33083
32568
32327
32624
33283
33425
34165
34983
34941
34830
34405
33839
33389
33298
33173
33201
33054
33087
33157
32401
31431
30815
30315
29847
30072
30516
31150
31601
31260
30791
30630
30706
30629
31870
33404
33921
33738
33439
33133
33433
34265
35092
36215
37032
36537
35583
34621
33607
33296
33712
34029
34115
34793
35089
35031
34351
33542
33500
33833
34040
33805
33591
32739
31519
30331
29671
29420
29803
30583
30906
31095
30087
28870
28734
29626
30221
31221
31719
31381
31199
31214
31641
32423
33409
33991
34505
34794
35040
35016
34771
34129
33449
33255
33258
33351
33232
33135
33038
32971
32674
32563
32033
31397
31681
32136
32163
32191
31889
31470
31741
31836
32031
32372
32669
32210
31934
32070
32070
31909
32073
31933
31793
32222
32849
33439
34497
35301
35293
35407
35162
34983
35562
36397
36509
36451
35983
35168
34366
33343
32635
32239
32535
32518
32250
31597
30871
30745
30715
30965
31034
31077
30791
30699
30370
29949
29989
30161
30513
31123
31799
32509
33027
32651
31743
31312
31425
31629
32005
32627
33031
33255
33167
32988
33041
33735
34633
35412
35927
35150
33606
32335
31806
32112
32873
33536
33795
34003
33464
32843
32525
31853
30819
30099
29616
29909
30747
31579
31589
31349
31437
32019
33273
34477
35138
35111
34597
33608
32887
33353
34052
34608
34942
35103
35099
35118
34753
34272
33999
33913
33839
33787
33647
33205
33104
32983
32684
32350
32407
32602
32601
32483
32378
31980
31107
29969
29509
29386
29514
29941
29991
30152
30567
30804
31205
32057
32070
31249
30777
30934
31609
32623
33235
33722
34205
34503
34527
34715
34874
34685
34355
33945
33367
32802
32643
32429
32155
32322
32980
33219
33159
32579
32177
32140
32148
31978
31843
32059
32489
32790
32747
32628
32587
32389
32415
32588
32917
33324
33273
32564
31937
32099
32847
33795
34853
35471
35573
35255
34523
33927
34105
34403
34668
34923
34937
34598
34019
33143
32368
32210
32092
31952
31881
31614
31220
30647
30167
30131
30375
30519
30581
30625
30648
30580
30325
30119
30249
30946
32009
32455
32561
32612
32259
32059
32181
32469
33243
33907
33726
33327
33046
32745
32663
33083
33666
34319
34591
34375
34039
33815
33639
33559
33816
33727
33161
32726
32555
32575
32333
31969
31889
32073
32177
32127
32099
31921
31666
31619
31885
32415
33021
33574
34003
34083
33991
33897
34319
34763
34859
34723
34646
34153
33555
33243
33281
33741
34193
34013
33373
32834
32175
31769
31868
32153
32337
32431
31995
31266
30845
30936
30985
31109
31247
31271
31267
30961
30353
29948
29931
30135
30651
31292
31789
31885
31767
31339
31256
31714
32477
33279
34087
34649
34811
34717
34423
34114
34041
34234
34556
34807
34650
33875
32865
32108
31859
32234
32962
33603
33795
33491
32853
32259
31957
32163
32624
32963
33113
33182
33040
32795
32464
32159
32420
33005
33335
33474
33353
32971
32589
32471
32546
32935
33705
34381
34557
34331
34006
33619
33430
33632
33949
34103
33845
33055
32037
31350
31193
31453
31851
32127
31847
31279
30775
30496
30551
30721
30587
30349
30415
30540
30577
30681
30960
31319
31717
32327
32935
33169
33146
32839
32291
32108
32377
32889
33599
34040
34008
33923
33788
33485
33649
34354
34967
34968
34557
33988
33365
33011
33081
33303
33697
33755
33317
32822
32627
32487
32599
32667
32529
32390
32310
32091
31927
31779
31739
32039
32585
33166
33759
34017
33669
33265
32871
32567
32665
33255
33809
34061
33815
33365
33143
33155
33220
33303
33501
33419
33011
32397
31711
31201
31207
31324
31447
31599
31557
31317
31044
30959
31049
31366
31619
31577
31299
30991
30781
30767
31026
31620
32231
32620
32719
32668
32376
32033
32168
32653
33270
34027
34579
34743
34657
34398
34047
33891
33965
34071
34340
34519
34300
33791
33121
32774
32901
33231
33499
33532
33238
32602
31914
31677
31868
32198
32666
33052
33133
32867
32335
31965
32098
32481
32833
33027
33079
33137
32983
32573
32345
32523
32887
33321
33753
33845
33602
33165
32709
32447
32629
32903
33014
32917
32587
32101
31803
31824
31959
32173
32290
32049
31689
31245
30661
30243
30231
30477
30967
31437
31725
31871
31916
31867
31874
32093
32473
32831
32984
32904
32702
32565
32727
33200
33801
34271
34516
34507
34231
33767
33521
33548
33771
34085
34243
34127
33861
33436
33099
33193
33515
33718
33711
33305
32786
32315
31871
31703
31909
32306
32751
32957
32771
32383
32069
31878
32096
32610
33102
33318
33139
32547
32173
32231
32551
32966
33403
33627
33568
33377
33165
32867
32587
32449
32535
32815
33033
32860
32421
31919
31345
31077
31344
31807
32182
32304
31951
31289
30848
30836
31108
31577
31933
31921
31693
31393
31201
31415
32007
32641
33204
33447
33308
33049
32811
32831
33076
33464
33939
34321
34459
34371
34143
33783
33498
33487
33828
34310
34499
34276
33767
33103
32603
32421
32807
33456
33771
33591
33070
32432
32010
31987
32165
32385
32565
32536
32263
31925
31767
31903
32263
32802
33198
33371
33247
32825
32369
32183
32268
32603
32977
33328
33415
33184
32825
32509
32363
32469
32719
32840
32665
32183
31583
31261
31182
31385
31852
32231
32229
31983
31580
31198
31088
31239
31561
31939
32205
32277
32059
31693
31612
31843
32398
33031
33511
33623
33493
33159
32833
32761
33064
33639
34246
34654
34635
34327
33901
33706
33785
34146
34478
34632
34389
33705
32883
32316
32226
32581
33065
33394
33501
33268
32685
32025
31674
31881
32376
32799
32997
32815
32330
31822
31609
31850
32410
32968
33279
33157
32791
32368
31977
31800
31948
32271
32680
33065
33171
32967
32595
32199
32025
32252
32623
32786
32695
32287
31692
31286
31225
31537
32001
32345
32403
32064
31547
31148
31076
31254
31633
32080
32430
32517
32337
32175
32295
32653
33078
33525
33815
33831
33628
33382
33255
33415
33841
34241
34439
34404
34095
33706
33450
33411
33624
33991
34291
34257
33808
33341
32881
32571
32716
33146
33455
33505
33238
32660
32063
31679
31631
31895
32283
32558
32565
32203
31805
31650
31694
31919
32354
32799
32971
32725
32292
31940
31795
31946
32373
32975
33427
33373
32938
32353
31835
31711
31965
32311
32533
32519
32174
31803
31551
31436
31603
31899
32242
32480
32501
32217
31728
31387
31457
31819
32442
33035
33338
33194
32799
32435
32430
32681
33304
33852
33972
33736
33355
32935
32915
33476
34097
34552
34769
34507
34100
33870
33671
33533
33729
33923
33881
33734
33463
32976
32573
32361
32393
32653
32863
32873
32579
32108
31605
31329
31600
32005
32291
32478
32547
32275
31943
31807
31961
32407
32753
32791
32621
32326
31835
31537
31653
32005
32453
32793
32833
32511
32271
32119
31934
32055
32413
32775
32913
32609
31942
31919
32010
32014
32185
32505
32641
32768
32126
31651
31551
31531
31785
32343
32981
33511
33395
32942
32804
32591
32811
33375
33743
33862
33937
33635
33565
33588
33095
33159
33667
34350
34630
34471
34006
33313
33127
33269
33385
33631
33218
32582
32235
32307
32491
32747
33015
32602
32648
32385
32020
31709
31831
31793
32509
32778
32408
31760
31359
31135
31494
31670
31541
31539
31917
31905
31938
31753
32277
32751
33452
33578
33943
34005
33058
31791
31065
30995
31697
32621
32730
32789
33220
32978
32381
31519
31518
32241
33172
33479
33575
33391
33090
32453
32067
32175
32549
33087
33515
33682
33394
33049
32985
32359
32413
32566
32845
33337
33496
33565
34045
34789
35022
34583
34067
33526
33052
32434
32045
31878
32759
33511
34056
33874
33519
32910
32702
32237
31963
31950
32226
32732
32278
31879
31455
31117
31458
31669
31981
31751
31841
31798
32049
31987
31852
31791
31417
30863
31110
32174
32967
32987
32568
31771
31683
31280
31435
31773
32842
33451
33919
33601
33321
33808
33977
33682
32737
32195
31997
32322
32679
32861
33583
34102
33623
32990
32821
32743
33505
34222
33525
32933
32807
32730
32705
33013
33231
33333
33457
32962
32510
32895
33365
33647
33976
34050
33911
33922
33110
32357
31759
32138
32391
32518
33143
34043
34717
34485
33591
32214
31263
30886
30770
31329
32605
33394
33549
33641
33359
32862
32354
31707
30757
29595
28940
28982
29719
31067
32314
33889
34682
34453
32903
31550
30507
30011
30273
31235
31848
32413
33035
33069
33223
33237
33149
32673
32041
31653
31835
32943
33962
33921
33221
33029
32601
32763
33571
34000
34185
33909
32987
32249
32476
33289
33807
34183
33904
33296
32858
32739
32721
33063
33640
33711
33367
33029
33030
32903
33255
32963
32611
32851
33175
33688
34471
35047
34750
33987
32891
32234
31814
32093
32411
32663
32775
32839
32654
32581
32350
31848
31314
31175
31257
31404
31995
32507
32903
33075
32793
31825
30931
30177
30161
30467
30605
30199
30015
30027
30515
31955
33102
33429
33056
32399
31543
31395
31741
32491
32872
33034
33477
33731
33909
33785
33321
32998
33099
32952
33036
33312
33319
33609
33644
33402
33415
33495
33873
34336
34433
34751
34673
33895
32601
31921
31840
32643
33249
33277
33092
32961
33055
33620
34075
34135
34083
33988
33467
32516
31622
31209
31137
31625
32721
33609
34311
35028
34633
33693
32141
30747
30171
30559
31409
32604
33469
33229
32529
31837
31295
31253
31185
31102
31126
31510
31610
31271
31115
31274
31823
32282
31943
31207
31429
32016
32635
32983
32544
31927
31942
32041
32224
32699
32931
33156
33207
32827
33019
33784
33779
33307
32943
33081
33511
33827
33483
33339
33391
33233
33354
33383
33167
33338
33517
33499
33580
33649
33509
33269
33142
33336
33353
33260
32462
31887
31927
32391
32879
33461
33473
33063
32590
32415
32887
33651
33958
33660
33035
32267
31693
31364
31575
32089
32756
32959
33079
32755
32282
31657
30935
30700
30805
31335
32024
32423
32627
32465
32210
31975
31410
30989
31491
32125
32387
32255
31631
31093
31219
31339
31559
32017
32711
33511
33925
33461
32773
32411
32357
32719
33256
33567
33895
34275
34339
33869
33008
32600
32733
33175
33625
34107
34114
33941
33493
32792
32539
32703
32661
32678
32880
33192
33643
33976
33629
33242
33263
33518
33764
33343
32581
32363
32344
31975
31879
32376
32971
33320
33229
33005
32671
32204
31935
32009
32287
32618
32976
33067
32778
32494
32287
31973
31788
31840
32107
32313
32350
31670
31071
30597
30589
30849
31223
31773
32448
32814
32701
32059
31716
31693
32095
32404
32889
33275
33062
32616
32169
31975
31975
32074
32621
33551
34477
34915
34645
33822
32756
32049
32025
32383
33290
34415
34883
34614
34266
33679
33011
32797
32827
33087
33515
33833
33897
33541
32830
32243
32367
32572
32870
33289
33433
33335
32881
32325
32034
32451
32951
33351
33345
33119
32799
32447
32087
32013
32277
32459
32499
32273
32079
32151
32147
31883
31597
31636
31708
31865
32079
32138
32192
32223
31881
31587
31395
31438
31861
32237
32170
32126
31815
31663
31857
31987
32067
32488
32641
32559
32460
32549
33068
33317
33371
33503
33906
34077
33773
32922
32113
32135
32691
33318
33861
34421
34903
34895
34479
33797
33063
32729
32635
32828
33051
33356
33411
33268
33035
32961
33255
33717
33842
33541
32936
32479
32222
32173
32066
31951
32263
32942
33371
33423
33469
33075
32541
31971
31399
31343
31906
32287
32311
32401
32368
32195
32189
32303
32191
32145
32119
31964
31766
31559
31317
31367
31499
31648
31993
32343
32471
32506
32391
32141
31807
31637
31727
32018
32445
32772
32945
32919
32735
32663
32735
33067
33383
33529
33517
33454
33383
33540
33765
33719
33612
33681
33889
33763
33352
33063
33119
33281
33253
33215
33451
33788
33816
33631
33350
33296
33375
33195
32938
32921
32835
32723
32555
32283
32201
32332
32437
32635
32970
33165
33077
32777
32229
31767
31648
31715
31999
32351
32567
32840
33035
32788
32296
31837
31498
31381
31521
31734
31893
31993
31984
31839
31681
31751
32110
32509
32551
32315
32144
31991
31705
31531
31636
32007
32654
33068
33123
33093
33151
33079
32921
32777
32727
32831
32967
33058
33151
33280
33383
33325
33275
33511
34011
34549
34725
34416
33795
33198
32707
32490
32766
33249
33599
33726
33639
33554
33445
33140
32667
32255
32263
32517
32836
33068
33135
32980
32866
32660
32507
32655
32740
32550
32297
32055
31929
31909
31847
31940
32147
32307
32310
32263
32075
31990
32059
32255
32476
32565
32423
32139
31787
31519
31381
31447
31747
32211
32497
32649
32553
32284
31965
31672
31671
31925
32245
32561
32820
33015
33049
32887
32643
32703
32974
33256
33335
33387
33339
33341
33392
33391
33407
33614
33695
33529
33377
33226
33231
33446
33476
33480
33720
33873
33879
33781
33537
33250
33091
32865
32575
32566
32879
33217
33303
33057
32614
32262
32255
32306
32217
32361
32532
32553
32584
32485
32433
32455
32379
32266
32259
32258
32349
32299
32088
31923
31941
31959
31865
31767
31788
31904
31984
31943
32063
32307
32554
32683
32535
32189
31915
31657
31479
31651
32053
32427
32643
32762
32746
32671
32641
32692
32759
32828
32887
32947
32944
32985
33124
33197
33215
33322
33504
33728
33937
34043
33953
33800
33477
33131
33029
33105
33236
33455
33647
33733
33781
33599
33293
33063
32923
32879
32946
32870
32739
32639
32581
32532
32687
32901
32929
32849
32830
32708
32361
32081
31852
31700
31717
31913
32201
32561
32651
32511
32324
32106
32018
32031
32039
32061
32133
32081
31937
31858
31957
32055
32031
31991
31953
31983
32180
32371
32497
32631
32561
32329
32166
32051
32036
32169
32349
32571
32861
33199
33443
33456
33241
33023
32807
32639
32705
32979
33483
33896
34124
34101
33863
33545
33295
33113
33095
33227
33439
33624
33687
33647
33535
33405
33179
33091
33018
33049
33211
33233
33163
33065
32889
32679
32487
32425
32442
32452
32414
32395
32348
32274
32307
32307
32247
32183
32158
32155
32151
32079
32077
32119
32147
32169
32072
32004
31999
31989
31985
32089
32204
32211
32163
32140
32159
32125
32115
32144
32068
32024
31957
31955
32123
32403
32643
32851
32983
33081
33159
33097
32860
32660
32556
32556
32743
33075
33365
33542
33645
33591
33439
33399
33406
33383
33397
33382
33365
33519
33735
33789
33767
33738
33603
33415
33261
33285
33321
33323
33186
32938
32636
32387
32303
32347
32456
32649
32879
33056
33018
32805
32573
32331
32023
31759
31659
31830
32155
32427
32515
32473
32391
32267
32008
31788
31770
31820
31823
31822
31827
31919
32132
32240
32226
32297
32362
32357
32323
32231
32193
32241
32293
32305
32363
32425
32479
32483
32527
32561
32620
32652
32703
32788
32894
32997
33157
33261
33295
33272
33313
33404
33599
33701
33745
33695
33613
33541
33397
33287
33231
33265
33213
33233
33381
33557
33584
33529
33384
33233
33025
32825
32717
32733
32843
32879
32937
32977
32971
32831
32537
32212
32057
31998
31917
31972
32121
32218
32275
32257
32157
32120
32127
32111
32161
32169
32102
31950
31854
31885
32001
32107
32270
32320
32245
32205
32240
32224
32185
32135
32095
32047
32013
32040
32258
32513
32740
32874
32930
32953
32897
32787
32657
32621
32823
32967
33029
33123
33199
33251
33280
33287
33329
33451
33497
33482
33420
33350
33238
33228
33279
33501
33689
33780
33818
33751
33487
33188
33005
32881
32855
32899
32983
33083
33137
33013
32797
32568
32471
32411
32364
32341
32406
32507
32493
32323
32165
32052
32033
32009
32027
32110
32279
32336
32254
32087
31976
31969
31954
31930
31942
31953
32009
32153
32259
32366
32432
32409
32245
32108
31985
32059
32217
32407
32541
32625
32697
32766
32721
32679
32625
32602
32612
32709
32856
33021
33083
33117
33107
33057
33105
33252
33355
33475
33519
33395
33279
33285
33330
33409
33450
33537
33660
33671
33615
33505
33361
33232
33098
32997
32982
33018
33057
32992
32897
32800
32775
32712
32682
32641
32575
32525
32497
32390
32245
32220
32253
32227
32191
32171
32215
32241
32201
32097
31997
31937
31906
31879
31806
31855
32017
32159
32235
32304
32364
32406
32365
32313
32205
32204
32193
32200
32247
32327
32391
32467
32523
32631
32658
32633
32637
32675
32679
32657
32707
32811
32881
32951
33041
33277
33463
33551
33496
33433
33347
33293
33206
33199
33216
33278
33293
33311
33369
33438
33437
33389
33297
33283
33324
33335
33255
33161
33085
32981
32916
32882
32881
32847
32827
32771
32678
32494
32363
32263
32228
32181
32152
32121
32173
32261
32300
32235
32176
32136
32102
32135
32206
32231
32155
32041
31997
32018
32029
32030
32099
32187
32187
32212
32219
32284
32295
32311
32285
32306
32357
32423
32465
32597
32700
32803
32838
32876
32799
32791
32771
32773
32819
32919
33013
33135
33183
33211
33171
33155
33103
33169
33231
33363
33477
33635
33550
33458
33376
33405
33399
33499
33503
33508
33399
33234
33041
32925
32815
32797
32865
32954
33048
33136
33051
32873
32693
32428
32269
32236
32243
32304
32383
32475
32490
32443
32302
32112
31955
31875
31849
31893
31911
31987
31991
32045
32029
32161
32183
32174
32098
32181
32207
32335
32251
32237
32151
32236
32223
32315
32399
32584
32630
32719
32742
32805
32731
32652
32557
32571
32614
32713
32829
32952
33117
33251
33372
33380
33428
33392
33307
33274
33381
33341
33268
33159
33235
33307
33450
33479
33545
33571
33529
33415
33373
33301
33197
33031
32949
32930
33013
33091
33093
33095
32985
32841
32661
32520
32344
32283
32211
32229
32213
32328
32255
32209
32088
32044
31973
32053
32143
32237
32207
32107
31907
31799
31699
31721
31865
32079
32289
32442
32452
32345
32229
32090
32047
32077
32207
32287
32446
32529
32602
32624
32681
32631
32634
32615
32670
32729
32903
32999
33099
33126
33152
33183
33167
33133
33115
33177
33191
33245
33304
33373
33394
33484
33475
33421
33319
33335
33316
33407
33448
33462
33372
33321
33233
33091
32975
32977
32984
33001
32976
32974
32925
32830
32648
32424
32319
32315
32324
32319
32319
32271
32285
32228
32157
32150
32184
32127
32081
31971
31900
31839
31894
31958
32037
32167
32266
32293
32296
32204
32067
31979
31947
31993
32083
32223
32438
32621
32681
32730
32759
32756
32696
32691
32665
32690
32781
32826
32836
32863
32897
32951
32999
33036
33101
33193
33263
33279
33343
33343
33343
33304
33264
33191
33264
33297
33437
33519
33581
33459
33389
33255
33146
33053
33045
32931
32944
32962
33037
33099
33107
32988
32901
32804
32700
32613
32549
32443
32349
32319
32289
32331
32399
32368
32247
32117
32007
31997
32065
32081
32035
31990
31949
31904
31939
31990
32078
32112
32210
32293
32413
32427
32413
32297
32262
32223
32325
32387
32397
32423
32533
32597
32679
32680
32693
32699
32745
32783
32861
32909
32951
33015
33093
33149
33249
33315
33287
33221
33151
33116
33067
33063
33053
33173
33348
33426
33399
33386
33303
33221
33194
33195
33197
33227
33244
33279
33261
33185
33086
32959
32817
32727
32799
32829
32792
32661
32573
32445
32425
32389
32375
32274
32291
32270
32283
32229
32201
32147
32119
32065
32063
32111
32175
32163
32085
31991
32003
32091
32177
32226
32215
32242
32209
32151
32089
32135
32225
32329
32492
32655
32777
32842
32803
32723
32613
32612
32694
32735
32752
32773
32837
32953
33031
33023
33049
33044
33093
33127
33181
33185
33213
33214
33200
33189
33339
33449
33453
33359
33278
33211
33230
33207
33253
33260
33245
33134
33054
32968
32922
32925
32954
33007
33070
33065
32970
32775
32551
32369
32271
32303
32341
32455
32523
32586
32551
32435
32207
32037
31926
31944
32010
32079
32087
32110
32041
32025
32045
32111
32105
32110
32109
32151
32232
32313
32324
32341
32345
32345
32363
32439
32503
32571
32599
32585
32656
32697
32699
32707
32759
32749
32823
32865
32949
33033
33185
33247
33312
33280
33213
33070
33028
33033
33123
33198
33287
33327
33397
33361
33365
33397
33374
33253
33170
33082
33077
33073
33095
33125
33157
33115
33047
32999
32977
32982
32931
32819
32647
32544
32472
32453
32468
32459
32441
32423
32321
32243
32147
32103
32023
31999
32029
32030
32030
32063
32071
32105
32112
32126
32129
32176
32187
32239
32237
32201
32093
32016
32007
32151
32343
32503
32612
32651
32655
32628
32624
32633
32709
32759
32793
32829
32899
32967
33062
33100
33107
33112
33111
33137
33190
33187
33183
33125
33078
33082
33179
33335
33473
33511
33452
33305
33197
33203
33236
33268
33283
33239
33178
33144
33079
33071
33061
33015
32968
32919
32841
32750
32613
32537
32435
32372
32311
32331
32404
32487
32490
32453
32372
32248
32062
31977
31991
32031
32020
32003
32009
32041
32044
32087
32039
32042
32023
32032
31999
32057
32155
32290
32386
32446
32487
32550
32595
32625
32596
32591
32564
32586
32655
32729
32805
32884
32921
32963
32979
33001
33073
33126
33157
33160
33191
33243
33249
33207
33203
33250
33339
33385
33366
33380
33393
33400
33326
33239
33161
33087
33007
32983
33034
33150
33193
33152
33033
32921
32856
32872
32836
32807
32724
32635
32501
32475
32443
32471
32446
32420
32389
32317
32218
32146
32041
31983
31863
31832
31877
32041
32138
32247
32244
32207
32126
32092
32072
32100
32175
32179
32174
32177
32232
32298
32390
32421
32511
32584
32659
32661
32678
32657
32687
32679
32768
32859
32938
33017
33111
33163
33218
33224
33205
33169
33159
33085
33112
33143
33211
33195
33223
33266
33323
33353
33351
33286
33197
33096
33067
33063
33122
33162
33231
33223
33134
33023
32955
32925
32921
32859
32767
32719
32692
32647
32571
32441
32361
32317
32311
32317
32388
32419
32399
32319
32184
32069
32026
31995
32056
32079
32143
32140
32152
32115
32079
32043
32089
32121
32141
32114
32151
32263
32363
32391
32443
32451
32497
32557
32622
32655
32690
32711
32695
32719
32794
32887
32982
33075
33067
33063
33043
33023
33065
33095
33088
33120
33149
33170
33163
33189
33260
33296
33278
33243
33233
33289
33309
33244
33081
33069
33071
33099
33095
33087
33111
33105
33019
32885
32763
32721
32738
32735
32700
32664
32585
32533
32500
32491
32501
32537
32487
32398
32323
32195
32127
32089
32055
32054
32049
32118
32191
32184
32135
32138
32138
32133
32077
32037
32118
32257
32317
32295
32281
32251
32349
32504
32604
32699
32692
32615
32595
32583
32646
32663
32663
32687
32791
32887
33063
33157
33136
33121
33077
33061
33099
33107
33093
33169
33196
33255
33271
33245
33251
33303
33276
33217
33197
33099
33083
33004
32963
32955
33044
33103
33133
33110
33015
32999
32938
32884
32794
32732
32653
32685
32661
32612
32553
32474
32424
32403
32327
32353
32307
32292
32269
32179
32117
32157
32161
32121
32126
32121
32161
32219
32236
32249
32240
32167
32139
32119
32121
32199
32306
32316
32343
32339
32395
32543
32602
32597
32598
32591
32637
32735
32825
32871
32909
33005
33063
33072
33079
33051
33043
33061
33039
33060
33200
33218
33159
33096
33067
33119
33289
33295
33291
33279
33226
33218
33229
33137
33049
33087
33020
33047
33112
33105
33080
33057
32861
32787
32780
32735
32623
32585
32545
32592
32689
32669
32596
32565
32466
32365
32311
32273
32271
32265
32209
32118
32141
32165
32201
32205
32148
32067
32069
32121
32126
32099
32065
32027
32061
32224
32287
32393
32449
32484
32483
32552
32511
32551
32578
32579
32561
32695
32735
32841
32869
32873
32872
32967
33029
33083
33115
33121
33079
33105
33151
33139
33194
33261
33270
33311
33293
33263
33278
33346
33271
33193
33079
33010
32989
33073
33066
33139
33122
33130
33069
33065
33015
32933
32806
32655
32611
32635
32720
32685
32678
32581
32559
32548
32463
32359
32259
32203
32196
32271
32233
32146
32120
32045
32035
32063
32170
32199
32246
32166
32085
32097
32153
32178
32187
32140
32099
32233
32349
32463
32534
32501
32464
32410
32482
32549
32659
32695
32677
32683
32861
32985
33105
33132
33081
33036
33079
33063
33077
33085
33138
33146
33228
33251
33279
33304
33318
33225
33187
33178
33221
33279
33226
33157
33089
33085
33121
33142
33096
33015
32997
32991
33006
32978
32914
32746
32646
32545
32548
32608
32663
32602
32511
32425
32378
32439
32420
32308
32157
32131
32077
32124
32225
32207
32228
32253
32182
32183
32170
32101
32045
32045
31975
32016
32103
32163
32255
32349
32369
32391
32429
32419
32437
32483
32567
32609
32699
32713
32727
32823
32930
32956
32956
32994
33008
33061
33109
33077
33087
33089
33122
33151
33230
33264
33311
33285
33290
33266
33279
33227
33191
33153
33174
33191
33206
33143
33033
33027
33060
33095
33074
32972
32860
32803
32781
32751
32712
32640
32557
32551
32535
32590
32662
32663
32545
32401
32284
32205
32235
32268
32215
32145
32127
32115
32147
32161
32147
32100
32065
32024
32065
32137
32215
32186
32203
32208
32269
32294
32377
32399
32433
32495
32525
32539
32560
32543
32546
32649
32687
32783
32869
32911
32976
33041
33107
33121
33129
33083
33025
33026
33103
33202
33251
33311
33309
33319
33309
33267
33237
33175
33087
33055
33058
33056
33090
33153
33135
33118
33080
33015
32951
32959
32933
32874
32807
32745
32703
32714
32711
32659
32603
32519
32455
32421
32393
32359
32361
32337
32249
32149
32157
32182
32251
32236
32246
32222
32233
32228
32215
32195
32191
32146
32131
32054
32087
32159
32245
32297
32391
32421
32479
32503
32487
32485
32524
32555
32599
32670
32738
32815
32894
32951
32995
32983
32999
32995
33041
33069
33109
33111
33138
33126
33124
33153
33237
33230
33244
33221
33185
33182
33239
33183
33179
33139
33103
33070
33089
33087
33128
33093
32991
32889
32871
32856
32803
32736
32672
32589
32610
32623
32603
32609
32571
32515
32514
32502
32395
32347
32302
32263
32285
32289
32257
32228
32226
32164
32194
32176
32182
32141
32141
32105
32143
32189
32222
32281
32314
32333
32326
32375
32404
32455
32493
32499
32473
32505
32545
32647
32765
32831
32827
32846
32871
32903
32969
32991
32993
33037
33084
33063
33074
33110
33150
33192
33231
33271
33287
33303
33289
33259
33179
33083
33009
33020
33027
33083
33123
33135
33112
33061
32943
32863
32835
32841
32825
32777
32709
32701
32723
32737
32715
32671
32605
32549
32478
32443
32403
32336
32255
32229
32236
32270
32299
32306
32229
32237
32238
32197
32201
32193
32161
32194
32185
32143
32130
32175
32235
32345
32391
32412
32437
32463
32425
32407
32443
32491
32539
32612
32626
32697
32795
32841
32888
32955
32985
33017
33068
33047
33023
33081
33080
33128
33181
33191
33183
33205
33226
33217
33229
33167
33125
33095
33065
33077
33125
33154
33127
33113
33081
33047
33039
33021
32978
32884
32815
32701
32701
32710
32706
32657
32599
32527
32551
32545
32542
32503
32447
32336
32286
32272
32291
32265
32290
32263
32260
32279
32268
32235
32187
32139
32086
32111
32113
32135
32227
32263
32263
32295
32327
32308
32343
32357
32389
32448
32469
32505
32572
32611
32699
32792
32865
32885
32893
32881
32875
32925
32942
32980
32999
33031
33077
33121
33155
33194
33218
33240
33237
33241
33226
33224
33218
33220
33184
33165
33127
33103
33085
33123
33101
33050
32975
32887
32859
32832
32807
32788
32744
32710
32675
32692
32686
32677
32633
32573
32519
32445
32358
32313
32269
32264
32273
32295
32295
32275
32245
32204
32192
32207
32178
32139
32085
32096
32161
32223
32229
32237
32255
32287
32350
32389
32408
32454
32431
32434
32431
32471
32521
32603
32627
32673
32698
32791
32875
32954
32954
32955
32962
33000
33031
33074
33136
33204
33233
33245
33239
33240
33226
33220
33171
33156
33113
33130
33125
33149
33137
33155
33119
33091
33049
33043
33021
32996
32947
32913
32828
32767
32737
32693
32669
32659
32623
32599
32557
32501
32461
32469
32424
32363
32333
32296
32269
32267
32253
32235
32257
32276
32260
32237
32215
32159
32171
32165
32177
32181
32194
32204
32255
32316
32351
32357
32377
32356
32366
32403
32482
32513
32569
32572
32651
32727
32845
32886
32912
32895
32913
32930
32967
32999
33032
33033
33077
33135
33179
33185
33186
33157
33155
33178
33206
33195
33221
33179
33155
33126
33143
33129
33112
33071
33039
33031
33031
32937
32875
32813
32760
32735
32761
32747
32711
32657
32597
32588
32582
32571
32501
32416
32327
32319
32335
32378
32357
32329
32273
32272
32277
32310
32277
32231
32159
32142
32119
32158
32191
32226
32225
32222
32238
32303
32378
32419
32416
32430
32444
32489
32511
32547
32570
32612
32639
32701
32759
32817
32877
32877
32886
32881
32897
32941
32985
33039
33056
33097
33145
33198
33242
33246
33230
33196
33165
33143
33111
33141
33125
33104
33087
33082
33119
33106
33075
33023
32969
32891
32831
32813
32821
32813
32765
32720
32696
32700
32681
32648
32588
32536
32476
32453
32438
32407
32359
32319
32279
32270
32295
32299
32289
32274
32246
32205
32215
32222
32255
32250
32240
32221
32275
32315
32355
32357
32353
32342
32357
32411
32447
32422
32414
32439
32498
32587
32663
32719
32757
32801
32822
32870
32907
32895
32935
32953
32967
33032
33086
33099
33135
33152
33169
33171
33174
33157
33143
33136
33117
33095
33110
33121
33143
33147
33125
33099
33074
33019
32999
32928
32904
32866
32842
32807
32754
32698
32699
32709
32681
32647
32586
32532
32483
32429
32377
32374
32373
32361
32348
32330
32361
32405
32404
32341
32289
32231
32206
32193
32202
32209
32208
32217
32253
32287
32320
32327
32307
32283
32279
32314
32395
32475
32527
32571
32583
32604
32648
32675
32700
32722
32749
32803
32823
32880
32908
32937
32975
32971
33007
33065
33113
33159
33187
33172
33161
33159
33162
33177
33170
33133
33121
33133
33155
33167
33162
33129
33063
32988
32954
32924
32903
32871
32820
32807
32801
32825
32815
32748
32641
32577
32545
32565
32583
32571
32536
32474
32375
32299
32301
32341
32381
32311
32251
32219
32255
32268
32261
32224
32183
32183
32191
32235
32276
32269
32300
32331
32311
32337
32376
32425
32439
32435
32453
32487
