32133
32121
32092
32091
32091
32097
32088
32103
32142
32184
32193
32173
32159
32189
32200
32223
32222
32222
32243
32273
32281
32291
32307
32313
32343
32367
32405
32421
32425
32433
32431
32468
32495
32483
32490
32486
32501
32503
32495
32491
32521
32553
32567
32529
32519
32512
32523
32524
32493
32487
32487
32514
32516
32511
32491
32461
32429
32415
32426
32431
32391
32327
32311
32325
32343
32303
32258
32282
32289
32255
32235
32201
32157
32137
32181
32217
32201
32146
32091
32121
32149
32129
32097
32114
32143
32101
32103
32133
32124
32071
32073
32157
32199
32158
32132
32151
32185
32229
32259
32290
32265
32279
32284
32287
32304
32327
32373
32375
32383
32421
32439
32409
32375
32376
32457
32522
32495
32507
32484
32475
32491
32495
32545
32579
32546
32519
32547
32549
32510
32451
32463
32490
32518
32496
32492
32480
32449
32440
32432
32441
32426
32379
32364
32361
32356
32333
32307
32323
32301
32282
32253
32213
32213
32241
32239
32209
32159
32112
32089
32103
32156
32163
32119
32090
32108
32151
32152
32110
32057
32039
32095
32170
32256
32241
32159
32151
32151
32113
32180
32228
32238
32341
32249
32341
32265
32125
32159
32193
32434
32645
32458
32333
32280
32287
32395
32535
32598
32584
32465
32357
32417
32399
32419
32492
32516
32691
32601
32402
32493
32429
32485
32567
32579
32571
32430
32337
32427
32415
32385
32449
32520
32515
32503
32438
32396
32373
32383
32469
32395
32256
32215
32119
32131
32225
32195
32159
32217
32202
32246
32287
32201
32193
32179
32137
32219
32139
32103
32022
31984
32083
32130
32161
32189
32142
32163
32144
32197
32223
32159
32111
32070
32240
32320
32347
32264
32191
32295
32383
32438
32409
32231
32221
32346
32445
32495
32346
32277
32362
32523
32557
32496
32387
32349
32435
32588
32547
32511
32451
32522
32586
32519
32551
32493
32521
32633
32500
32503
32413
32334
32415
32354
32397
32501
32495
32494
32446
32397
32416
32417
32374
32307
32297
32253
32231
32262
32288
32303
32253
32186
32253
32260
32220
32155
32084
32119
32028
32055
32085
32055
32122
32183
32223
32224
32182
32155
32153
32155
32138
32200
32231
32097
32047
32083
32113
32231
32218
32231
32279
32236
32287
32373
32358
32327
32333
32423
32464
32400
32359
32397
32481
32517
32424
32363
32400
32434
32479
32487
32433
32415
32507
32561
32535
32481
32431
32508
32651
32679
32612
32405
32331
32415
32515
32539
32460
32385
32407
32415
32433
32421
32313
32300
32353
32434
32419
32345
32293
32264
32282
32266
32257
32201
32134
32121
32117
32097
32116
32135
32223
32310
32303
32304
32269
32223
32135
32007
31987
31900
31923
31983
32067
32167
32148
32168
32212
32260
32345
32383
32351
32247
32203
32261
32222
32191
32175
32225
32399
32455
32407
32426
32334
32360
32431
32486
32511
32391
32340
32371
32465
32511
32455
32477
32477
32529
32587
32580
32552
32513
32477
32537
32555
32568
32491
32427
32429
32433
32499
32542
32446
32369
32287
32315
32321
32255
32287
32298
32393
32471
32395
32379
32335
32294
32330
32329
32279
32216
32150
32169
32121
32070
31971
31992
32094
32131
32123
32104
32094
32181
32218
32227
32211
32166
32182
32279
32274
32199
32119
32073
32136
32199
32167
32151
32204
32223
32259
32329
32309
32321
32314
32349
32408
32386
32393
32406
32484
32521
32412
32351
32391
32426
32469
32469
32494
32533
32500
32521
32543
32534
32487
32457
32465
32451
32472
32489
32455
32420
32372
32455
32539
32581
32537
32391
32387
32411
32343
32357
32319
32353
32433
32354
32272
32171
32151
32264
32300
32252
32187
32146
32195
32231
32200
32122
32125
32207
32265
32247
32115
32018
32047
32143
32225
32170
32072
32056
32142
32230
32199
32103
32089
32151
32267
32324
32289
32255
32231
32220
32273
32248
32219
32260
32315
32325
32311
32317
32354
32401
32481
32573
32573
32481
32387
32414
32461
32463
32439
32435
32447
32457
32483
32480
32461
32383
32377
32531
32650
32631
32510
32399
32470
32546
32585
32550
32375
32272
32363
32442
32453
32287
32135
32209
32372
32479
32383
32180
32099
32199
32374
32498
32365
32149
32057
32143
32259
32257
32081
31966
32007
32164
32291
32231
32079
32030
32103
32283
32336
32200
32037
31955
32071
32234
32249
32149
32066
32114
32295
32415
32413
32265
32134
32151
32359
32457
32400
32279
32251
32370
32479
32465
32375
32263
32275
32446
32578
32569
32434
32302
32371
32539
32629
32564
32453
32427
32543
32652
32635
32549
32372
32345
32471
32557
32527
32345
32273
32372
32460
32501
32471
32391
32353
32383
32478
32479
32311
32150
32155
32297
32383
32299
32167
32117
32191
32314
32331
32250
32106
32102
32213
32297
32253
32071
31954
32014
32135
32217
32135
32026
32009
32107
32213
32259
32223
32140
32157
32263
32340
32329
32231
32188
32207
32243
32271
32230
32209
32211
32255
32358
32400
32371
32343
32375
32447
32499
32479
32464
32459
32511
32551
32539
32483
32438
32450
32481
32502
32461
32421
32414
32493
32552
32525
32455
32406
32426
32487
32540
32484
32441
32417
32466
32503
32475
32367
32253
32236
32359
32380
32342
32233
32182
32272
32319
32358
32301
32171
32120
32177
32234
32205
32084
32051
32115
32200
32248
32184
32131
32112
32149
32221
32249
32169
32085
32095
32158
32200
32137
32091
32085
32125
32178
32264
32265
32260
32247
32280
32375
32420
32385
32317
32331
32375
32391
32395
32349
32332
32357
32410
32469
32492
32471
32405
32469
32530
32537
32489
32482
32487
32521
32515
32501
32469
32441
32460
32479
32487
32489
32463
32451
32428
32407
32424
32444
32418
32395
32377
32366
32386
32358
32339
32301
32249
32279
32257
32244
32212
32199
32196
32223
32228
32214
32177
32183
32201
32233
32220
32179
32127
32087
32091
32112
32127
32079
32049
32059
32119
32181
32168
32169
32206
32255
32293
32287
32244
32237
32199
32255
32299
32296
32253
32213
32266
32348
32383
32392
32385
32359
32407
32455
32477
32430
32406
32414
32438
32457
32456
32451
32462
32502
32516
32547
32535
32490
32462
32456
32486
32496
32463
32425
32405
32435
32447
32407
32401
32371
32381
32385
32387
32403
32380
32327
32309
32319
32305
32319
32283
32263
32258
32224
32219
32205
32167
32145
32141
32154
32139
32119
32123
32124
32156
32173
32167
32170
32180
32195
32193
32209
32168
32138
32129
32145
32178
32170
32162
32166
32175
32217
32272
32294
32305
32330
32343
32368
32372
32357
32348
32319
32365
32389
32412
32383
32356
32395
32465
32517
32491
32467
32427
32452
32507
32528
32498
32439
32401
32466
32495
32498
32479
32436
32426
32439
32491
32478
32419
32362
32379
32439
32461
32415
32359
32323
32351
32363
32357
32319
32273
32239
32251
32268
32265
32207
32175
32189
32220
32238
32218
32204
32173
32144
32159
32176
32155
32130
32091
32131
32167
32179
32162
32146
32139
32152
32175
32214
32235
32193
32215
32255
32264
32235
32194
32208
32275
32299
32311
32310
32307
32333
32365
32411
32447
32415
32397
32401
32431
32445
32438
32430
32437
32447
32455
32469
32449
32431
32423
32469
32511
32509
32478
32491
32500
32475
32485
32459
32439
32409
32411
32437
32419
32369
32376
32383
32376
32357
32347
32347
32326
32295
32307
32296
32265
32248
32250
32269
32246
32193
32197
32167
32162
32153
32158
32174
32165
32167
32166
32169
32161
32167
32155
32159
32169
32161
32148
32167
32158
32151
32161
32194
32196
32217
32253
32278
32267
32270
32277
32296
32315
32328
32358
32346
32345
32350
32380
32387
32375
32389
32403
32405
32427
32447
32444
32455
32458
32465
32502
32501
32487
32499
32495
32495
32491
32469
32465
32447
32462
32457
32445
32449
32423
32413
32414
32407
32391
32371
32379
32359
32347
32328
32333
32311
32299
32280
32271
32267
32243
32244
32238
32222
32204
32193
32180
32159
32136
32133
32141
32149
32134
32131
32133
32125
32132
32152
32147
32176
32187
32207
32213
32210
32220
32205
32222
32215
32231
32219
32223
32214
32235
32247
32297
32303
32337
32367
32379
32385
32409
32428
32442
32441
32410
32433
32465
32468
32474
32463
32455
32437
32447
32469
32486
32463
32447
32471
32486
32496
32467
32458
32444
32451
32473
32487
32448
32415
32398
32397
32413
32382
32343
32311
32315
32324
32330
32303
32291
32257
32252
32281
32279
32235
32199
32187
32191
32199
32179
32151
32141
32159
32186
32196
32180
32141
32129
32139
32167
32160
32149
32130
32125
32177
32203
32191
32179
32165
32191
32239
32265
32258
32231
32237
32290
32345
32363
32345
32315
32307
32353
32399
32401
32382
32364
32391
32434
32464
32463
32450
32439
32443
32502
32507
32486
32453
32438
32471
32498
32480
32459
32443
32445
32461
32489
32471
32450
32383
32399
32416
32437
32424
32365
32338
32326
32347
32353
32327
32291
32261
32272
32297
32295
32243
32210
32206
32209
32234
32255
32225
32207
32165
32177
32203
32175
32144
32130
32127
32142
32153
32148
32120
32112
32149
32196
32237
32212
32188
32204
32244
32271
32265
32259
32227
32221
32257
32295
32308
32288
32277
32295
32343
32391
32396
32386
32395
32418
32457
32465
32439
32423
32417
32446
32482
32487
32475
32443
32444
32463
32489
32487
32476
32438
32447
32473
32483
32469
32445
32413
32406
32445
32416
32395
32377
32378
32383
32406
32381
32335
32297
32279
32278
32311
32269
32244
32231
32245
32259
32246
32209
32179
32177
32197
32203
32200
32153
32135
32167
32177
32193
32178
32169
32145
32180
32191
32187
32160
32160
32155
32191
32197
32196
32182
32203
32241
32287
32288
32291
32297
32319
32329
32347
32359
32332
32333
32316
32364
32369
32385
32382
32394
32422
32451
32487
32479
32459
32452
32460
32475
32459
32453
32437
32453
32468
32478
32455
32434
32430
32437
32455
32449
32433
32396
32392
32408
32415
32404
32359
32355
32346
32351
32332
32323
32285
32268
32246
32257
32254
32240
32209
32205
32232
32240
32227
32189
32183
32183
32181
32187
32165
32132
32131
32161
32183
32178
32167
32138
32151
32175
32214
32213
32197
32195
32196
32241
32247
32256
32254
32243
32251
32269
32300
32319
32308
32320
32354
32374
32395
32375
32399
32381
32413
32433
32435
32441
32423
32423
32451
32447
32452
32439
32435
32455
32475
32488
32485
32465
32447
32445
32446
32445
32424
32422
32403
32401
32407
32415
32387
32364
32365
32343
32347
32337
32312
32296
32275
32279
32291
32282
32248
32225
32203
32193
32199
32191
32183
32181
32182
32191
32186
32190
32179
32183
32167
32167
32179
32164
32151
32150
32143
32155
32173
32180
32161
32176
32198
32226
32249
32252
32261
32279
32277
32327
32335
32317
32313
32313
32329
32380
32381
32364
32352
32371
32411
32423
32416
32418
32414
32439
32489
32509
32489
32454
32455
32459
32491
32499
32480
32436
32421
32432
32452
32449
32423
32401
32434
32421
32430
32407
32359
32330
32343
32352
32375
32343
32301
32295
32295
32315
32303
32273
32257
32233
32253
32262
32225
32189
32156
32152
32170
32187
32181
32145
32144
32158
32177
32196
32179
32151
32157
32175
32209
32216
32191
32174
32183
32207
32223
32229
32215
32214
32229
32271
32274
32285
32275
32287
32318
32364
32389
32395
32368
32361
32395
32412
32434
32410
32399
32417
32440
32446
32439
32441
32445
32441
32461
32468
32481
32471
32441
32454
32465
32465
32467
32445
32417
32440
32419
32415
32381
32352
32362
32384
32375
32367
32335
32332
32313
32310
32295
32281
32255
32248
32249
32259
32255
32223
32197
32199
32198
32194
32187
32191
32175
32179
32191
32165
32182
32178
32155
32144
32157
32177
32185
32188
32180
32201
32202
32207
32210
32223
32232
32241
32261
32294
32299
32296
32299
32326
32348
32357
32353
32359
32350
32361
32377
32393
32406
32421
32425
32441
32453
32451
32457
32461
32455
32457
32450
32457
32455
32437
32451
32458
32466
32444
32451
32438
32431
32442
32413
32395
32365
32362
32369
32349
32347
32361
32349
32335
32309
32309
32289
32282
32268
32255
32246
32252
32251
32233
32185
32218
32199
32191
32200
32183
32177
32162
32151
32161
32177
32163
32158
32164
32173
32185
32197
32201
32198
32207
32209
32235
32230
32217
32223
32229
32271
32275
32278
32287
32285
32311
32329
32344
32362
32349
32373
32380
32405
32418
32427
32420
32431
32443
32430
32436
32443
32441
32457
32454
32455
32457
32457
32437
32455
32461
32452
32442
32421
32417
32418
32413
32407
32376
32391
32394
32391
32385
32368
32348
32319
32319
32313
32303
32282
32275
32261
32264
32247
32249
32241
32207
32213
32202
32196
32201
32195
32195
32171
32155
32159
32165
32171
32165
32151
32169
32171
32200
32181
32181
32171
32194
32207
32223
32226
32213
32231
32257
32271
32279
32284
32289
32311
32323
32333
32333
32329
32335
32348
32367
32393
32394
32389
32383
32415
32450
32454
32455
32432
32445
32443
32445
32437
32456
32465
32459
32451
32436
32426
32439
32437
32421
32423
32419
32403
32398
32376
32382
32383
32389
32357
32331
32323
32323
32315
32294
32289
32291
32262
32234
32237
32243
32251
32231
32220
32216
32219
32204
32187
32184
32163
32161
32183
32195
32174
32159
32169
32167
32183
32179
32199
32186
32179
32207
32223
32241
32249
32233
32247
32274
32274
32271
32263
32265
32269
32311
32346
32351
32359
32345
32349
32373
32409
32417
32414
32391
32419
32421
32435
32425
32420
32435
32441
32457
32471
32463
32453
32449
32457
32456
32445
32447
32425
32423
32439
32419
32409
32379
32385
32397
32395
32391
32353
32339
32297
32277
32307
32313
32309
32275
32236
32253
32255
32247
32237
32211
32213
32207
32212
32201
32188
32171
32198
32209
32194
32196
32148
32153
32157
32167
32167
32165
32144
32181
32214
32225
32232
32193
32197
32223
32279
32303
32288
32241
32242
32295
32338
32333
32327
32342
32331
32319
32343
32378
32381
32389
32407
32406
32428
32443
32424
32434
32459
32476
32467
32454
32454
32451
32453
32441
32446
32431
32417
32431
32425
32441
32397
32380
32410
32399
32423
32394
32365
32355
32341
32358
32342
32303
32289
32295
32307
32311
32273
32233
32199
32223
32255
32264
32216
32188
32167
32175
32181
32217
32207
32155
32137
32168
32216
32215
32173
32139
32163
32199
32230
32215
32191
32173
32200
32230
32239
32240
32215
32215
32251
32295
32295
32283
32285
32318
32359
32382
32367
32338
32344
32379
32401
32404
32370
32386
32433
32442
32425
32419
32399
32435
32456
32473
32455
32439
32450
32456
32451
32447
32435
32433
32455
32455
32439
32407
32366
32363
32369
32391
32387
32354
32325
32336
32327
32349
32319
32297
32275
32246
32255
32257
32265
32233
32217
32231
32225
32224
32170
32164
32181
32211
32239
32195
32143
32139
32151
32199
32221
32184
32180
32162
32189
32211
32222
32223
32200
32223
32241
32258
32263
32241
32259
32308
32346
32345
32297
32275
32302
32325
32382
32370
32381
32378
32379
32389
32387
32423
32441
32434
32429
32437
32451
32445
32419
32441
32434
32479
32493
32482
32431
32394
32401
32417
32433
32434
32405
32383
32393
32391
32391
32376
32338
32331
32339
32346
32321
32310
32277
32266
32271
32299
32300
32258
32216
32207
32226
32253
32248
32204
32176
32144
32177
32188
32179
32169
32173
32223
32216
32173
32153
32144
32187
32248
32251
32211
32184
32167
32219
32247
32287
32233
32251
32244
32263
32287
32274
32285
32304
32319
32347
32351
32367
32344
32361
32385
32403
32399
32387
32389
32415
32428
32435
32423
32420
32421
32433
32441
32447
32427
32427
32419
32445
32451
32440
32419
32409
32406
32407
32397
32387
32379
32392
32373
32355
32321
32325
32348
32338
32327
32311
32267
32252
32260
32271
32287
32262
32217
32201
32203
32237
32239
32200
32183
32173
32201
32186
32183
32140
32149
32175
32203
32216
32185
32176
32185
32173
32204
32207
32199
32197
32204
32244
32262
32259
32251
32258
32274
32307
32311
32312
32281
32300
32337
32363
32348
32347
32328
32351
32398
32439
32465
32427
32396
32404
32400
32407
32442
32443
32447
32452
32458
32431
32410
32407
32411
32418
32432
32433
32425
32409
32393
32377
32402
32385
32378
32367
32359
32342
32322
32295
32301
32291
32295
32279
32279
32315
32288
32249
32223
32203
32223
32207
32216
32201
32191
32181
32180
32189
32196
32187
32189
32189
32192
32198
32195
32198
32201
32190
32201
32219
32233
32207
32215
32227
32265
32271
32242
32248
32258
32289
32315
32319
32329
32332
32353
32365
32379
32370
32359
32385
32414
32423
32415
32383
32381
32410
32453
32462
32429
32421
32411
32436
32459
32459
32428
32391
32420
32450
32465
32445
32403
32375
32373
32405
32405
32405
32369
32322
32323
32327
32348
32337
32329
32283
32281
32298
32278
32263
32236
32225
32253
32279
32253
32221
32198
32182
32198
32232
32219
32176
32137
32151
32183
32208
32207
32186
32151
32161
32209
32229
32208
32201
32206
32227
32259
32263
32263
32255
32247
32255
32294
32322
32300
32298
32309
32335
32356
32353
32346
32327
32368
32397
32428
32427
32405
32377
32403
32453
32461
32439
32420
32424
32450
32465
32446
32425
32412
32404
32433
32455
32435
32397
32377
32400
32410
32420
32398
32360
32333
32327
32377
32381
32329
32283
32279
32321
32325
32295
32253
32227
32230
32267
32282
32260
32216
32174
32182
32199
32230
32219
32175
32177
32181
32189
32172
32165
32154
32190
32207
32215
32215
32193
32180
32191
32223
32253
32247
32229
32215
32223
32254
32295
32309
32289
32291
32294
32320
32353
32359
32328
32353
32366
32377
32401
32414
32383
32391
32406
32429
32431
32415
32415
32414
32417
32442
32451
32431
32446
32447
32444
32435
32403
32387
32387
32420
32429
32429
32391
32359
32343
32352
32378
32364
32349
32305
32305
32317
32345
32309
32282
32215
32223
32279
32285
32249
32197
32151
32207
32239
32252
32203
32178
32163
32205
32232
32228
32171
32113
32158
32203
32247
32215
32162
32143
32167
32232
32271
32251
32195
32207
32259
32323
32302
32267
32231
32247
32339
32366
32345
32279
32259
32299
32406
32421
32381
32319
32343
32409
32473
32466
32377
32348
32383
32445
32521
32484
32387
32345
32394
32468
32487
32431
32371
32363
32408
32479
32453
32399
32327
32334
32402
32427
32403
32313
32267
32306
32348
32357
32311
32255
32247
32298
32323
32272
32205
32175
32218
32263
32279
32240
32191
32163
32182
32227
32237
32207
32153
32153
32183
32230
32236
32188
32161
32175
32208
32258
32250
32205
32183
32189
32253
32262
32261
32247
32225
32262
32310
32341
32317
32305
32305
32332
32381
32373
32343
32329
32343
32383
32405
32430
32396
32383
32406
32452
32467
32423
32375
32377
32447
32465
32453
32436
32428
32411
32439
32435
32416
32377
32375
32379
32389
32384
32369
32365
32339
32354
32374
32359
32327
32295
32294
32319
32305
32267
32231
32222
32252
32257
32253
32228
32204
32226
32227
32255
32241
32180
32156
32185
32219
32210
32199
32173
32173
32169
32212
32235
32233
32207
32211
32231
32227
32228
32219
32235
32266
32295
32326
32304
32255
32263
32287
32343
32347
32330
32332
32333
32382
32388
32372
32351
32357
32387
32437
32465
32433
32384
32383
32421
32451
32427
32421
32393
32395
32421
32454
32431
32404
32375
32397
32426
32447
32433
32386
32344
32345
32368
32363
32307
32265
32266
32329
32379
32351
32334
32295
32295
32297
32271
32217
32166
32150
32190
32240
32263
32237
32232
32235
32239
32245
32215
32165
32123
32141
32191
32208
32183
32160
32195
32255
32287
32247
32203
32190
32197
32263
32294
32248
32203
32199
32241
32337
32367
32332
32295
32323
32369
32387
32367
32315
32288
32295
32327
32422
32435
32423
32399
32422
32455
32447
32393
32371
32364
32403
32445
32447
32429
32399
32399
32461
32465
32425
32348
32327
32364
32368
32398
32415
32359
32335
32340
32353
32329
32289
32273
32297
32311
32317
32297
32265
32221
32227
32254
32262
32215
32169
32201
32253
32291
32281
32199
32127
32129
32179
32206
32200
32194
32193
32214
32247
32269
32240
32165
32135
32183
32238
32290
32284
32275
32247
32273
32325
32274
32237
32216
32236
32321
32310
32345
32385
32329
32439
32447
32467
32429
32327
32336
32304
32306
32333
32295
32377
32539
32617
32596
32407
32347
32355
32349
32458
32464
32377
32258
32241
32391
32497
32507
32489
32346
32285
32394
32478
32488
32255
32186
32238
32231
32282
32312
32344
32299
32254
32334
32287
32207
32177
32155
32190
32111
32169
32213
32255
32371
32449
32387
32165
32031
32117
32207
32201
32181
32045
32058
32141
32269
32369
32239
32239
32234
32310
32399
32313
32267
32122
32118
32281
32304
32327
32377
32411
32527
32422
32351
32301
32227
32285
32305
32269
32250
32293
32486
32575
32569
32545
32431
32357
32332
32367
32387
32384
32419
32402
32441
32489
32483
32471
32389
32311
32339
32365
32388
32345
32289
32280
32281
32367
32343
32302
32355
32385
32388
32349
32225
32174
32197
32317
32369
32277
32173
32105
32184
32229
32196
32200
32178
32202
32213
32229
32217
32173
32229
32226
32179
32197
32227
32310
32303
32258
32229
32153
32199
32204
32171
32254
32309
32341
32377
32303
32329
32335
32311
32276
32131
32151
32271
32465
32611
32504
32375
32308
32381
32515
32484
32383
32263
32246
32383
32431
32414
32385
32415
32535
32527
32471
32358
32284
32334
32329
32335
32348
32363
32439
32489
32531
32464
32321
32219
32203
32267
32305
32306
32253
32185
32211
32325
32398
32375
32259
32207
32226
32253
32298
32263
32162
32111
32145
32263
32229
32149
32137
32214
32287
32243
32169
32145
32137
32239
32285
32251
32213
32231
32310
32353
32290
32205
32162
32173
32261
32375
32335
32225
32226
32279
32342
32397
32363
32352
32351
32416
32501
32455
32379
32266
32344
32408
32419
32460
32425
32373
32425
32491
32479
32367
32298
32342
32403
32443
32427
32380
32363
32383
32457
32464
32385
32341
32264
32295
32385
32389
32364
32287
32285
32353
32339
32277
32191
32185
32226
32255
32285
32231
32159
32199
32222
32235
32243
32230
32253
32264
32258
32220
32149
32121
32160
32234
32261
32200
32167
32173
32196
32203
32153
32136
32191
32282
32351
32330
32290
32255
32280
32305
32297
32343
32351
32327
32296
32302
32336
32314
32335
32335
32346
32439
32453
32443
32431
32385
32402
32397
32356
32395
32423
32465
32494
32465
32422
32326
32328
32383
32423
32440
32403
32375
32411
32421
32366
32265
32222
32285
32426
32459
32369
32291
32246
32253
32270
32226
32209
32230
32265
32331
32334
32279
32205
32174
32166
32207
32260
32225
32163
32156
32151
32203
32258
32233
32197
32171
32205
32255
32253
32171
32077
32147
32211
32296
32341
32263
32218
32235
32276
32314
32262
32222
32255
32306
32427
32447
32407
32321
32271
32325
32363
32347
32323
32327
32343
32388
32421
32449
32430
32396
32408
32439
32441
32442
32408
32379
32383
32414
32457
32477
32409
32365
32327
32309
32332
32321
32305
32316
32365
32400
32399
32365
32295
32273
32299
32301
32286
32261
32257
32302
32327
32279
32214
32194
32203
32212
32235
32196
32165
32185
32213
32232
32245
32204
32174
32139
32155
32250
32279
32273
32203
32167
32205
32291
32291
32254
32201
32207
32275
32319
32266
32258
32267
32291
32320
32333
32324
32284
32293
32318
32339
32367
32386
32407
32487
32459
32423
32412
32384
32384
32385
32369
32347
32337
32399
32432
32439
32433
32388
32373
32404
32392
32380
32359
32363
32381
32411
32417
32398
32361
32355
32381
32391
32309
32227
32218
32260
32271
32305
32293
32249
32211
32234
32279
32285
32223
32184
32178
32247
32277
32252
32215
32180
32221
32269
32291
32197
32168
32169
32213
32213
32197
32185
32206
32220
32268
32255
32258
32221
32221
32264
32261
32255
32285
32322
32344
32345
32359
32311
32303
32321
32313
32338
32372
32343
32314
32307
32346
32397
32407
32405
32396
32381
32383
32383
32386
32425
32429
32443
32423
32388
32409
32411
32393
32345
32328
32347
32375
32385
32371
32367
32402
32350
32331
32304
32313
32294
32272
32310
32330
32349
32327
32290
32289
32284
32233
32199
32175
32193
32226
32237
32229
32225
32247
32235
32233
32215
32183
32173
32161
32188
32229
32268
32247
32238
32239
32248
32215
32203
32197
32207
32250
32281
32311
32283
32243
32270
32321
32350
32348
32292
32278
32313
32367
32347
32300
32327
32371
32426
32424
32395
32374
32321
32320
32383
32458
32457
32397
32415
32442
32431
32403
32375
32377
32382
32413
32472
32426
32361
32343
32324
32331
32337
32351
32329
32301
32333
32410
32394
32313
32248
32274
32275
32299
32271
32234
32240
32226
32271
32303
32257
32229
32201
32222
32221
32161
32165
32167
32157
32149
32204
32277
32285
32277
32249
32217
32217
32209
32225
32257
32250
32238
32245
32246
32241
32269
32287
32267
32210
32237
32279
32344
32321
32322
32343
32333
32351
32393
32415
32419
32408
32425
32399
32382
32359
32343
32353
32368
32371
32388
32371
32417
32441
32455
32439
32401
32367
32357
32393
32402
32399
32301
32367
32485
32417
32461
32321
32324
32262
32231
32327
32202
32274
32356
32140
32188
32110
32152
32338
32268
32439
32341
32313
32272
32191
32313
32111
32202
32119
31999
32154
32081
32313
32411
32183
32331
32163
32136
32209
31999
32279
32232
32181
32257
32215
32366
32394
32463
32373
32157
32243
32231
32275
32311
32202
32336
32349
32311
32415
32325
32501
32445
32324
32410
32346
32509
32465
32367
32469
32344
32469
32426
32259
32447
32369
32433
32471
32241
32278
32261
32434
32524
32390
32452
32355
32529
32549
32319
32365
32141
32229
32403
32318
32442
32143
32132
32295
32175
32269
32123
32124
32311
32323
32457
32303
32242
32271
32167
32290
32163
32135
32199
32172
32347
32189
32131
32220
32141
32271
32125
32108
32254
32215
32343
32223
32173
32359
32294
32375
32239
32139
32343
32392
32471
32299
32167
32348
32435
32625
32522
32349
32290
32165
32279
32284
32263
32363
32321
32481
32498
32415
32521
32381
32407
32490
32531
32609
32433
32430
32479
32425
32409
32176
32146
32192
32235
32399
32321
32255
32205
32163
32372
32377
32438
32473
32345
32429
32362
32359
32351
32135
32136
32164
32217
32253
32044
32045
32071
32145
32244
32149
32195
32199
32285
32391
32287
32276
32237
32286
32409
32244
32182
32162
32115
32231
32183
32229
32229
32239
32376
32326
32319
32331
32282
32394
32345
32351
32395
32305
32383
32395
32377
32354
32303
32337
32313
32377
32458
32463
32457
32343
32387
32457
32359
32323
32263
32246
32380
32447
32493
32490
32455
32480
32488
32403
32306
32280
32335
32317
32281
32311
32294
32330
32287
32371
32361
32193
32130
32102
32199
32293
32312
32353
32323
32344
32436
32353
32250
32039
31953
32121
32133
32177
32177
32180
32225
32169
32182
32188
32152
32199
32213
32341
32382
32363
32415
32369
32322
32247
32196
32249
32153
32169
32244
32259
32315
32260
32300
32418
32423
32431
32341
32333
32363
32375
32427
32379
32383
32455
32499
32551
32433
32307
32281
32374
32437
32370
32311
32338
32383
32511
32466
32402
32415
32367
32377
32361
32349
32363
32361
32419
32402
32311
32303
32345
32352
32367
32286
32272
32215
32223
32166
32211
32336
32260
32215
32159
32129
32170
32207
32241
32273
32223
32215
32193
32218
32300
32263
32206
32148
32137
32157
32216
32295
32244
32253
32194
32153
32183
32239
32352
32363
32270
32240
32222
32338
32418
32365
32377
32342
32351
32359
32332
32357
32343
32367
32399
32393
32397
32360
32417
32447
32386
32383
32383
32473
32436
32339
32329
32342
32447
32483
32461
32415
32305
32375
32476
32481
32450
32326
32265
32319
32291
32345
32420
32425
32287
32182
32180
32219
32280
32262
32254
32238
32189
32231
32285
32319
32294
32231
32247
32212
32141
32195
32233
32239
32163
32137
32135
32099
32064
32117
32275
32343
32296
32239
32242
32250
32251
32272
32277
32251
32241
32301
32356
32328
32289
32286
32321
32337
32261
32263
32321
32359
32371
32372
32394
32383
32394
32483
32537
32485
32345
32312
32347
32375
32399
32405
32407
32383
32366
32427
32473
32432
32406
32378
32397
32345
32317
32345
32400
32386
32403
32391
32339
32305
32306
32371
32348
32217
32164
32208
32319
32379
32343
32233
32195
32139
32164
32251
32291
32245
32188
32155
32221
32255
32263
32237
32165
32151
32163
32205
32197
32163
32148
32244
32281
32255
32202
32192
32213
32254
32271
32295
32303
32326
32391
32435
32383
32275
32165
32196
32295
32395
32411
32359
32300
32298
32359
32393
32382
32342
32335
32415
32490
32521
32501
32435
32394
32457
32469
32418
32349
32280
32311
32344
32359
32312
32268
32335
32393
32457
32454
32399
32363
32346
32360
32345
32341
32348
32345
32349
32317
32259
32224
32161
32134
32167
32260
32279
32199
32155
32189
32264
32281
32214
32185
32180
32211
32294
32322
32287
32203
32143
32176
32215
32219
32186
32182
32207
32210
32247
32259
32233
32215
32235
32308
32336
32309
32303
32317
32355
32357
32361
32373
32398
32399
32367
32344
32321
32293
32328
32371
32377
32381
32329
32355
32359
32406
32455
32433
32400
32400
32400
32447
32446
32408
32365
32353
32399
32413
32414
32359
32320
32324
32285
32269
32264
32263
32276
32317
32383
32383
32315
32296
32313
32379
32346
32248
32217
32163
32199
32224
32219
32179
32150
32153
32224
32253
32238
32195
32167
32194
32251
32275
32250
32224
32196
32229
32255
32259
32210
32184
32267
32309
32278
32231
32191
32205
32250
32321
32347
32332
32319
32343
32396
32406
32397
32353
32287
32303
32307
32308
32298
32315
32405
32444
32463
32451
32409
32369
32339
32365
32379
32346
32334
32365
32429
32445
32472
32470
32411
32341
32339
32357
32373
32301
32294
32326
32339
32354
32357
32341
32311
32309
32296
32295
32268
32246
32214
32247
32279
32310
32300
32258
32217
32196
32211
32220
32191
32178
32175
32191
32197
32209
32199
32205
32236
32207
32193
32209
32229
32247
32295
32293
32299
32261
32253
32240
32195
32235
32262
32283
32317
32303
32334
32335
32298
32325
32333
32342
32351
32379
32417
32419
32407
32367
32331
32357
32353
32387
32415
32383
32383
32361
32391
32399
32371
32418
32393
32377
32406
32389
32470
32467
32419
32355
32273
32271
32255
32251
32347
32345
32359
32333
32325
32368
32297
32337
32317
32301
32295
32227
32210
32162
32194
32191
32162
32165
32204
32335
32322
32285
32237
32206
32148
32141
32207
32191
32080
32103
32172
32284
32263
32222
32321
32305
32325
32348
32273
32204
32073
32195
32277
32301
32285
32254
32335
32385
32369
32406
32343
32310
32341
32331
32317
32221
32262
32436
32520
32569
32471
32480
32477
32460
32417
32338
32217
32189
32199
32343
32492
32484
32453
32429
32470
32562
32470
32349
32263
32261
32320
32361
32309
32223
32243
32389
32445
32383
32276
32241
32285
32257
32218
32135
32140
32196
32329
32418
32298
32116
32071
32171
32332
32267
32119
32040
32076
32220
32301
32271
32145
32144
32288
32383
32305
32136
32142
32226
32291
32365
32273
32155
32117
32133
32266
32303
32241
32215
32273
32483
32579
32512
32365
32250
32367
32422
32413
32335
32252
32334
32435
32469
32439
32299
32265
32311
32398
32453
32375
32356
32339
32405
32532
32497
32435
32340
32335
32487
32507
32417
32322
32257
32351
32377
32383
32301
32162
32154
32162
32245
32323
32242
32295
32373
32431
32483
32367
32268
32164
32073
32143
32107
32081
32087
32118
32298
32356
32419
32391
32212
32134
32105
32134
32165
32069
32059
32153
32262
32389
32373
32317
32249
32251
32349
32329
32270
32147
32178
32344
32425
32466
32370
32240
32245
32335
32415
32372
32239
32209
32299
32479
32543
32481
32365
32311
32391
32503
32483
32369
32269
32329
32483
32537
32467
32345
32254
32290
32374
32376
32271
32173
32287
32514
32606
32527
32323
32229
32282
32343
32423
32311
32161
32153
32270
32412
32399
32244
32119
32119
32207
32259
32271
32184
32159
32311
32411
32391
32264
32114
32130
32175
32248
32243
32072
32057
32109
32301
32385
32254
32217
32154
32248
32380
32319
32262
32149
32178
32357
32429
32442
32319
32220
32250
32255
32343
32295
32250
32350
32425
32557
32406
32231
32249
32247
32417
32428
32351
32403
32396
32520
32559
32415
32328
32221
32360
32458
32414
32387
32179
32231
32340
32430
32465
32321
32262
32333
32404
32478
32349
32275
32299
32381
32513
32418
32323
32255
32215
32297
32250
32236
32192
32175
32253
32251
32222
32136
32091
32190
32239
32293
32231
32165
32279
32382
32459
32399
32245
32215
32179
32205
32249
32149
32069
32063
32153
32300
32299
32254
32191
32153
32246
32298
32343
32358
32371
32449
32467
32495
32501
32411
32306
32239
32271
32273
32249
32245
32269
32340
32399
32377
32421
32352
32345
32399
32361
32379
32367
32395
32459
32477
32489
32439
32416
32403
32417
32426
32335
32264
32273
32295
32361
32358
32337
32296
32237
32265
32273
32275
32272
32213
32263
32327
32417
32424
32329
32288
32243
32245
32296
32289
32247
32149
32141
32183
32197
32159
32081
32077
32113
32187
32233
32287
32232
32234
32329
32360
32362
32305
32293
32313
32263
32261
32212
32231
32257
32240
32308
32279
32261
32237
32243
32334
32329
32339
32341
32335
32439
32407
32455
32428
32353
32368
32375
32472
32487
32367
32327
32317
32370
32420
32391
32343
32279
32279
32422
32478
32432
32359
32293
32367
32398
32408
32349
32199
32231
32314
32428
32463
32351
32359
32353
32367
32387
32251
32158
32079
32113
32213
32175
32143
32127
32195
32365
32348
32299
32215
32152
32255
32263
32253
32189
32107
32180
32234
32296
32222
32099
32129
32171
32277
32287
32211
32232
32211
32291
32367
32305
32283
32270
32365
32401
32359
32328
32255
32282
32341
32393
32425
32319
32255
32327
32397
32442
32343
32345
32391
32465
32559
32451
32362
32311
32276
32441
32471
32448
32359
32260
32305
32348
32377
32409
32381
32390
32345
32377
32397
32307
32259
32303
32403
32401
32278
32213
32208
32235
32241
32234
32245
32229
32225
32297
32291
32243
32165
32129
32171
32161
32182
32218
32173
32179
32169
32255
32298
32249
32263
32275
32293
32287
32197
32212
32157
32116
32142
32185
32315
32307
32305
32364
32341
32341
32331
32341
32406
32396
32437
32452
32435
32391
32323
32339
32352
32333
32355
32343
32337
32338
32295
32365
32327
32366
32389
32441
32520
32487
32446
32411
32373
32472
32434
32425
32395
32327
32327
32282
32276
32247
32189
32221
32231
32321
32315
32269
32283
32272
32308
32339
32321
32317
32258
32299
32299
32259
32238
32118
32103
32137
32177
32271
32231
32197
32223
32177
32213
32205
32166
32173
32134
32207
32298
32327
32317
32264
32307
32364
32365
32350
32271
32243
32210
32243
32299
32271
32255
32233
32295
32373
32367
32357
32353
32366
32378
32391
32447
32423
32370
32401
32413
32467
32455
32391
32372
32311
32328
32342
32316
32319
32285
32337
32394
32403
32391
32360
32363
32371
32354
32354
32357
32362
32331
32331
32346
32321
32278
32245
32235
32232
32215
32199
32217
32232
32259
32277
32284
32277
32264
32225
32255
32245
32221
32219
32205
32237
32236
32199
32160
32135
32176
32214
32249
32262
32264
32285
32283
32291
32303
32275
32252
32248
32243
32264
32283
32288
32294
32291
32343
32388
32421
32395
32319
32308
32300
32321
32344
32330
32381
32367
32377
32405
32381
32430
32411
32391
32409
32365
32373
32327
32311
32329
32327
32375
32390
32375
32359
32349
32351
32315
32287
32319
32357
32374
32382
32341
32329
32285
32299
32311
32294
32303
32270
32276
32263
32220
32231
32191
32194
32201
32205
32273
32271
32255
32249
32238
32255
32248
32264
32261
32253
32265
32231
32194
32167
32197
32252
32229
32212
32189
32201
32269
32276
32289
32283
32264
32319
32352
32369
32347
32311
32295
32289
32350
32391
32377
32341
32293
32309
32319
32343
32369
32385
32363
32358
32372
32398
32367
32342
32337
32398
32413
32375
32383
32411
32407
32367
32365
32407
32381
32350
32327
32339
32336
32277
32292
32313
32305
32273
32271
32307
32335
32294
32266
32258
32279
32253
32294
32355
32288
32270
32277
32274
32251
32212
32223
32181
32127
32117
32175
32221
32181
32145
32210
32259
32273
32261
32239
32257
32253
32297
32301
32254
32229
32242
32299
32309
32255
32248
32263
32249
32252
32279
32328
32348
32305
32305
32302
32331
32364
32416
32467
32419
32412
32343
32343
32356
32380
32415
32374
32313
32340
32385
32428
32391
32327
32307
32315
32352
32402
32399
32377
32334
32359
32375
32372
32372
32336
32341
32333
32326
32335
32289
32251
32234
32251
32289
32277
32235
32191
32203
32237
32205
32145
32335
32345
32311
32222
32158
32269
32203
32241
32249
32114
32255
32221
32105
32160
32031
32143
32197
32321
32369
32167
32385
32253
32359
32291
32229
32364
32218
32240
32221
32262
32544
32261
32220
32407
32207
32403
32197
32289
32472
32267
32415
32373
32351
32442
32483
32614
32382
32269
32344
32421
32527
32341
32349
32438
32227
32344
32313
32367
32494
32289
32346
32303
32285
32497
32387
32319
32320
32321
32605
32391
32279
32255
32112
32335
32218
32121
32117
32101
32402
32356
32255
32243
32211
32410
32186
32185
32177
31991
32322
32267
32381
32410
32067
32278
32175
32071
32161
31994
32262
32315
32334
32410
32188
32253
32173
32215
32252
32033
32257
32291
32449
32468
32225
32466
32401
32462
32577
32243
32341
32362
32279
32382
32147
32280
32350
32382
32477
32291
32417
32474
32424
32437
32281
32403
32541
32626
32658
32369
32347
32310
32295
32391
32248
32325
32288
32245
32325
32175
32244
32329
32271
32400
32363
32407
32461
32363
32373
32243
32245
32197
32070
32217
32201
32240
32249
32110
32135
32084
32078
32199
32221
32371
32386
32291
32311
32181
32244
32182
32094
32191
32134
32289
32304
32176
32194
32151
32242
32287
32216
32309
32295
32397
32367
32276
32402
32333
32408
32389
32203
32325
32289
32340
32379
32225
32334
32403
32511
32573
32393
32365
32313
32384
32472
32341
32369
32319
32377
32519
32434
32401
32317
32227
32349
32381
32440
32453
32391
32400
32298
32372
32317
32165
32174
32088
32221
32255
32261
32488
32395
32359
32377
32317
32361
32221
32147
32168
32129
32180
32208
32314
32220
32168
32239
32043
31968
31938
32017
32319
32314
32335
32427
32411
32428
32312
32231
32135
32038
32117
32135
32241
32292
32251
32293
32230
32251
32233
32179
32258
32312
32435
32471
32438
32439
32320
32432
32460
32378
32417
32287
32309
32362
32302
32369
32385
32459
32426
32348
32451
32370
32339
32381
32326
32390
32353
32391
32482
32503
32486
32320
32311
32294
32239
32337
32361
32386
32412
32354
32402
32335
32210
32228
32164
32171
32124
32209
32331
32311
32302
32272
32255
32255
32211
32311
32336
32212
32137
32074
32155
32263
32237
32253
32158
32086
32166
32203
32229
32171
32129
32223
32233
32258
32310
32277
32328
32310
32263
32159
32194
32352
32403
32401
32255
32164
32263
32346
32436
32458
32343
32284
32313
32491
32507
32394
32383
32302
32355
32375
32377
32445
32406
32375
32423
32470
32420
32359
32401
32421
32391
32405
32431
32511
32347
32215
32248
32293
32437
32423
32300
32256
32165
32253
32397
32357
32281
32183
32267
32357
32293
32269
32323
32377
32290
32089
32038
32116
32247
32249
32145
32042
31974
32153
32360
32350
32268
32162
32165
32193
32155
32247
32303
32324
32255
32202
32215
32195
32163
32167
32188
32321
32379
32371
32311
32256
32328
32386
32372
32299
32252
32345
32443
32455
32478
32397
32363
32343
32354
32402
32462
32481
32474
32407
32383
32345
32351
32440
32519
32508
32400
32364
32348
32351
32405
32393
32367
32335
32247
32375
32467
32428
32349
32223
32223
32231
32243
32312
32295
32257
32245
32255
32278
32233
32227
32245
32225
32174
32119
32208
32241
32251
32181
32156
32249
32201
32098
32109
32125
32199
32191
32153
32203
32204
32285
32374
32361
32301
32193
32240
32266
32215
32194
32290
32357
32295
32232
32280
32327
32341
32275
32301
32419
32404
32503
32565
32527
32458
32354
32383
32411
32379
32437
32431
32428
32398
32335
32335
32337
32326
32326
32359
32446
32439
32456
32461
32448
32397
32320
32382
32414
32375
32350
32284
32253
32223
32185
32256
32246
32221
32209
32247
32314
32250
32175
32157
32183
32279
32311
32263
32220
32205
32234
32207
32173
32164
32169
32164
32159
32201
32200
32175
32199
32159
32152
32212
32245
32268
32247
32219
32256
32245
32255
32287
32391
32436
32361
32325
32303
32329
32359
32334
32293
32272
32331
32393
32387
32355
32337
32341
32359
32389
32437
32492
32495
32462
32454
32457
32407
32407
32419
32422
32404
32335
32287
32287
32293
32331
32362
32367
32327
32342
32369
32354
32325
32319
32313
32312
32320
32311
32288
32297
32247
32219
32206
32183
32181
32196
32201
32241
32197
32170
32225
32249
32314
32270
32237
32207
32180
32167
32166
32181
32212
32222
32234
32215
32203
32210
32223
32211
32220
32255
32293
32340
32355
32303
32301
32304
32278
32260
32274
32367
32403
32354
32298
32305
32361
32392
32390
32369
32379
32381
32398
32390
32383
32397
32391
32425
32441
32397
32379
32368
32369
32357
32381
32399
32413
32376
32362
32393
32383
32315
32271
32255
32277
32295
32311
32363
32343
32335
32311
32272
32288
32257
32266
32291
32270
32243
32193
32214
32247
32247
32219
32190
32155
32198
32225
32243
32217
32172
32154
32201
32284
32287
32293
32267
32253
32267
32239
32208
32169
32126
32190
32247
32302
32315
32255
32247
32272
32283
32331
32329
32331
32345
32344
32371
32358
32364
32337
32306
32355
32383
32407
32393
32377
32367
32337
32347
32378
32407
32433
32453
32459
32407
32339
32364
32365
32369
32369
32359
32385
32367
32343
32351
32345
32329
32335
32345
32361
32347
32337
32324
32311
32265
32260
32245
32235
32233
32233
32251
32255
32222
32212
32244
32271
32285
32257
32226
32201
32197
32199
32201
32215
32241
32234
32239
32187
32165
32165
32175
32207
32215
32200
32237
32262
32297
32308
32287
32261
32247
32263
32309
32336
32307
32304
32294
32303
32323
32351
32351
32339
32343
32391
32399
32384
32381
32345
32379
32431
32434
32414
32385
32381
32403
32403
32404
32433
32418
32426
32429
32409
32424
32359
32315
32309
32337
32351
32352
32329
32307
32307
32309
32339
32323
32287
32305
32322
32311
32305
32247
32237
32261
32243
32253
32217
32175
32178
32151
32135
32150
32173
32185
32214
32213
32257
32263
32234
32181
32169
32199
32223
32219
32214
32233
32192
32203
32220
32217
32242
32211
32233
32267
32263
32277
32288
32335
32369
32369
32383
32391
32375
32349
32314
32331
32332
32361
32385
32391
32398
32385
32413
32413
32398
32407
32399
32434
32447
32419
32403
32399
32375
32365
32369
32407
32432
32388
32361
32337
32331
32305
32294
32305
32295
32307
32324
32316
32293
32269
32284
32286
32259
32219
32224
32245
32279
32259
32225
32191
32171
32166
32175
32167
32191
32183
32199
32206
32167
32147
32155
32171
32215
32237
32277
32292
32256
32233
32239
32229
32210
32217
32215
32283
32329
32315
32289
32223
32203
32228
32298
32372
32393
32396
32383
32406
32413
32437
32391
32397
32407
32412
32419
32391
32361
32355
32338
32346
32378
32393
32424
32410
32396
32409
32431
32393
32409
32394
32409
32385
32369
32358
32359
32326
32323
32292
32293
32293
32289
32261
32226
32213
32236
32267
32255
32267
32261
32247
32235
32242
32264
32247
32193
32183
32167
32188
32215
32208
32214
32203
32247
32253
32192
32153
32175
32196
32201
32194
32193
32247
32298
32295
32311
32302
32304
32280
32247
32236
32263
32308
32339
32358
32367
32385
32345
32293
32309
32349
32383
32397
32405
32388
32350
32329
32357
32382
32439
32494
32492
32436
32393
32359
32308
32285
32340
32401
32446
32394
32361
32369
32385
32375
32348
32325
32289
32278
32320
32364
32344
32293
32250
32278
32331
32339
32261
32183
32184
32247
32297
32256
32187
32141
32168
32279
32349
32304
32227
32151
32209
32239
32193
32128
32117
32159
32265
32310
32291
32215
32152
32192
32275
32341
32304
32205
32133
32215
32343
32359
32284
32215
32235
32364
32375
32325
32285
32250
32299
32369
32407
32383
32303
32338
32419
32460
32426
32368
32347
32311
32331
32362
32423
32436
32414
32367
32355
32402
32446
32388
32309
32273
32335
32430
32431
32333
32275
32344
32430
32431
32303
32215
32219
32270
32299
32306
32295
32282
32243
32218
32268
32348
32342
32237
32177
32218
32277
32283
32139
32090
32171
32292
32336
32231
32183
32246
32307
32245
32137
32118
32200
32247
32219
32191
32232
32322
32312
32249
32215
32249
32270
32297
32255
32285
32313
32334
32309
32263
32259
32289
32370
32386
32396
32322
32296
32332
32354
32357
32375
32415
32481
32481
32363
32303
32314
32418
32439
32347
32327
32410
32481
32424
32331
32297
32367
32428
32363
32295
32277
32333
32423
32408
32398
32362
32325
32327
32327
32281
32241
32172
32204
32289
32343
32269
32103
32075
32245
32455
32458
32283
32119
32117
32205
32233
32181
32171
32223
32281
32269
32241
32211
32147
32150
32168
32274
32339
32256
32105
32081
32209
32348
32391
32325
32225
32238
32307
32357
32319
32211
32237
32347
32442
32408
32287
32183
32201
32334
32479
32496
32397
32336
32345
32351
32335
32356
32465
32532
32477
32375
32337
32406
32413
32351
32303
32371
32459
32491
32372
32264
32245
32327
32369
32383
32349
32329
32334
32383
32351
32293
32245
32253
32279
32296
32309
32263
32206
32207
32252
32294
32262
32151
32090
32133
32249
32328
32279
32159
32125
32243
32319
32291
32177
32109
32157
32235
32264
32241
32183
32155
32190
32238
32289
32301
32264
32227
32244
32276
32312
32311
32276
32287
32345
32408
32422
32355
32308
32319
32323
32337
32318
32339
32391
32415
32426
32425
32365
32343
32379
32417
32461
32429
32410
32421
32431
32407
32353
32361
32389
32417
32392
32327
32316
32332
32337
32321
32325
32342
32315
32311
32316
32311
32307
32267
32239
32255
32276
32326
32284
32175
32154
32211
32286
32255
32167
32152
32196
32264
32239
32179
32137
32160
32213
32268
32273
32220
32167
32161
32223
32326
32336
32244
32164
32165
32237
32303
32307
32277
32238
32248
32289
32321
32342
32317
32311
32323
32373
32384
32375
32357
32343
32388
32437
32425
32412
32344
32307
32348
32385
32429
32427
32379
32367
32378
32407
32427
32401
32359
32326
32379
32433
32434
32369
32295
32293
32369
32408
32370
32285
32229
32225
32267
32354
32349
32273
32210
32276
32355
32369
32284
32127
32093
32211
32327
32337
32230
32140
32151
32270
32339
32268
32158
32097
32148
32239
32293
32267
32212
32184
32199
32267
32293
32271
32185
32147
32217
32325
32353
32277
32212
32225
32337
32410
32375
32265
32221
32326
32395
32363
32278
32273
32335
32397
32409
32389
32375
32354
32357
32395
32387
32390
32359
32327
32363
32391
32455
32467
32415
32337
32295
32320
32375
32377
32341
32317
32346
32398
32407
32335
32267
32252
32305
32325
32328
32303
32271
32268
32277
32273
32277
32250
32232
32237
32255
32281
32268
32207
32169
32199
32245
32252
32225
32202
32195
32237
32231
32232
32235
32269
32305
32238
32156
32139
32213
32303
32324
32273
32245
32251
32258
32277
32255
32249
32255
32283
32335
32368
32327
32274
32275
32303
32412
32466
32415
32334
32288
32327
32371
32369
32337
32303
32374
32461
32503
32425
32289
32253
32295
32385
32439
32425
32397
32374
32397
32411
32407
32369
32303
32307
32348
32366
32312
32247
32248
32301
32350
32375
32357
32301
32279
32263
32271
32243
32207
32207
32265
32326
32330
32273
32215
32207
32221
32211
32219
32168
32127
32150
32218
32287
32322
32309
32210
32145
32163
32253
32299
32264
32172
32177
32304
32393
32330
32203
32145
32200
32340
32432
32367
32230
32158
32237
32374
32410
32339
32259
32305
32428
32507
32448
32343
32244
32279
32365
32463
32430
32351
32315
32347
32463
32484
32380
32268
32262
32363
32475
32475
32372
32304
32296
32353
32416
32374
32328
32306
32347
32400
32400
32302
32178
32142
32207
32288
32337
32311
32283
32244
32262
32314
32295
32237
32167
32140
32181
32248
32279
32261
32219
32239
32240
32248
32245
32179
32149
32132
32168
32241
32283
32247
32220
32234
32331
32361
32301
32163
32107
32216
32343
32369
32327
32237
32228
32311
32407
32405
32282
32231
32297
32398
32449
32361
32266
32268
32377
32511
32532
32449
32302
32244
32364
32465
32470
32348
32231
32317
32449
32515
32473
32319
32243
32291
32405
32452
32363
32279
32284
32335
32434
32447
32373
32237
32192
32245
32306
32307
32237
32196
32240
32287
32349
32297
32190
32092
32113
32251
32320
32255
32156
32151
32289
32367
32309
32135
32047
32131
32272
32301
32244
32159
32103
32165
32302
32387
32348
32254
32166
32106
32203
32386
32418
32296
32199
32271
32391
32443
32359
32265
32277
32347
32407
32385
32326
32302
32336
32417
32383
32313
32289
32371
32459
32503
32481
32439
32382
32315
32339
32391
32391
32321
32300
32360
32422
32415
32410
32320
32270
32375
32331
32295
32267
32227
32410
32390
32361
32158
31993
32279
32369
32330
32275
32067
32148
32166
32340
32461
32253
32337
32131
32168
32159
32068
32373
32191
32159
32082
31973
32344
32273
32279
32385
32164
32279
32077
32123
32383
32218
32431
32251
32198
32368
32346
32517
32265
32163
32305
32252
32410
32246
32209
32405
32325
32602
32456
32303
32435
32233
32450
32421
32292
32425
32281
32405
32473
32373
32561
32318
32445
32531
32377
32494
32265
32251
32241
32222
32513
32359
32319
32228
32164
32552
32495
32459
32303
32007
32302
32277
32397
32386
32023
32315
32295
32311
32345
32086
32200
32141
32185
32323
32092
32206
32183
32288
32401
32141
32171
32107
32167
32324
32169
32321
32215
32235
32431
32163
32218
32100
32071
32283
32158
32379
32459
32445
32503
32229
32260
32237
32159
32207
32058
32255
32424
32573
32720
32456
32550
32493
32353
32340
32000
32092
32229
32345
32566
32431
32475
32550
32517
32617
32370
32246
32154
32091
32332
32343
32429
32482
32387
32525
32407
32345
32297
32125
32281
32295
32369
32419
32262
32405
32326
32254
32255
32087
32153
32113
32089
32277
32275
32411
32333
32247
32385
32303
32245
32084
31956
32087
32119
32259
32243
32189
32381
32382
32441
32325
32051
32157
32129
32217
32232
32136
32249
32310
32421
32481
32283
32201
32201
32327
32461
32313
32273
32211
32303
32503
32490
32481
32339
32245
32345
32367
32375
32282
32211
32290
32394
32556
32547
32403
32352
32259
32359
32426
32369
32357
32293
32357
32562
32616
32551
32309
32175
32194
32251
32287
32201
32151
32199
32288
32490
32493
32373
32326
32309
32425
32370
32201
32150
32128
32237
32210
32107
32106
32032
32123
32213
32213
32247
32221
32326
32389
32307
32294
32227
32183
32155
32151
32249
32197
32081
31975
32003
32255
32378
32445
32415
32315
32392
32391
32378
32314
32087
32097
32189
32344
32469
32452
32455
32444
32352
32335
32219
32251
32383
32438
32549
32513
32493
32407
32277
32351
32351
32335
32375
32330
32394
32327
32393
32470
32412
32418
32407
32481
32525
32354
32325
32264
32236
32233
32203
32347
32383
32341
32367
32243
32219
32115
32105
32215
32195
32324
32407
32459
32401
32212
32181
32145
32086
32073
32010
32161
32263
32255
32201
32065
32103
32151
32178
32260
32285
32343
32335
32310
32278
32278
32327
32269
32207
32177
32119
32215
32242
32231
32239
32243
32367
32474
32527
32492
32381
32326
32330
32369
32364
32326
32330
32347
32389
32420
32375
32437
32418
32391
32355
32307
32388
32482
32537
32539
32366
32286
32283
32389
32459
32377
32276
32209
32184
32343
32444
32427
32367
32351
32425
32311
32184
32183
32305
32343
32247
32139
32135
32223
32295
32239
32127
32030
32051
32269
32352
32258
32179
32206
32239
32215
32203
32253
32261
32159
32039
32049
32159
32259
32283
32231
32202
32203
32307
32397
32339
32209
32201
32290
32354
32387
32376
32407
32414
32293
32222
32221
32230
32334
32441
32523
32471
32391
32366
32407
32439
32431
32395
32386
32380
32389
32419
32424
32401
32373
32328
32353
32374
32359
32378
32381
32382
32345
32341
32387
32480
32523
32443
32318
32178
32069
32114
32150
32173
32234
32288
32330
32373
32346
32367
32317
32214
32113
32065
32108
32247
32304
32271
32161
32087
32103
32141
32105
32112
32187
32239
32281
32311
32328
32323
32267
32200
32163
32152
32223
32268
32310
32287
32295
32323
32311
32289
32279
32315
32376
32373
32295
32270
32342
32434
32475
32475
32443
32372
32342
32335
32369
32374
32312
32309
32359
32451
32471
32419
32432
32361
32298
32339
32389
32463
32451
32399
32382
32350
32317
32282
32232
32239
32247
32323
32395
32383
32347
32297
32324
32342
32284
32219
32195
32205
32207
32187
32182
32159
32179
32215
32261
32303
32252
32227
32229
32239
32257
32211
32189
32175
32188
32183
32179
32173
32175
32207
32235
32215
32231
32243
32295
32356
32321
32322
32343
32359
32344
32287
32289
32305
32325
32315
32255
32265
32309
32353
32387
32382
32407
32405
32392
32439
32422
32409
32395
32389
32426
32444
32407
32341
32312
32335
32377
32391
32332
32285
32323
32336
32421
32451
32391
32338
32275
32356
32415
32359
32292
32217
32271
32343
32295
32286
32215
32153
32147
32190
32319
32307
32245
32250
32261
32330
32289
32219
32175
32138
32179
32175
32191
32145
32132
32195
32271
32299
32267
32208
32226
32255
32273
32249
32216
32181
32205
32271
32327
32268
32242
32270
32327
32357
32293
32304
32345
32381
32387
32403
32446
32383
32319
32296
32361
32351
32267
32247
32355
32459
32507
32427
32359
32375
32404
32447
32425
32393
32384
32387
32389
32358
32334
32337
32298
32328
32363
32370
32327
32259
32301
32363
32357
32335
32288
32293
32310
32361
32354
32291
32233
32203
32245
32327
32279
32196
32075
32075
32191
32223
32224
32214
32222
32313
32377
32343
32209
32104
32169
32193
32168
32187
32174
32237
32280
32215
32189
32233
32199
32331
32351
32488
32393
32187
32173
32129
32321
32491
32341
32303
32248
32287
32335
32228
32423
32421
32558
32459
32461
32360
32179
32359
32405
32511
32584
32287
32298
32169
32172
32464
32407
32517
32509
32479
32441
32331
32259
32278
32327
32382
32385
32422
32271
32255
32381
32432
32489
32361
32223
32142
32077
32131
32216
32235
32343
32291
32297
32347
32237
32209
32135
32161
32323
32298
32359
32211
32003
32104
32091
32229
32288
32197
32191
32255
32355
32341
32255
32210
32102
32306
32341
32269
32211
32053
32155
32297
32393
32527
32341
32399
32455
32415
32444
32240
32236
32227
32331
32402
32285
32264
32289
32394
32563
32423
32370
32244
32285
32468
32421
32490
32483
32477
32601
32450
32413
32327
32203
32257
32129
32235
32289
32279
32415
32437
32472
32443
32355
32412
32344
32341
32287
32204
32213
32202
32263
32291
32228
32266
32278
32343
32299
32137
32132
32151
32205
32231
32136
32199
32208
32302
32345
32199
32153
32134
32169
32343
32335
32279
32181
32116
32182
32200
32277
32259
32212
32322
32405
32490
32439
32213
32108
32094
32231
32401
32412
32391
32327
32424
32479
32355
32279
32203
32299
32435
32523
32525
32351
32284
32329
32327
32395
32341
32337
32480
32502
32497
32341
32183
32271
32383
32516
32518
32431
32279
32184
32243
32315
32278
32216
32141
32289
32439
32475
32439
32303
32263
32317
32397
32430
32247
32067
31993
32115
32197
32141
32107
32049
32111
32335
32488
32479
32309
32168
32149
32255
32351
32319
32243
32152
32055
32102
32186
32221
32130
32135
32291
32397
32441
32310
32137
32185
32265
32397
32472
32330
32227
32221
32318
32380
32394
32316
32297
32371
32448
32439
32316
32175
32242
32412
32607
32561
32267
32115
32121
32261
32441
32532
32551
32365
32305
32447
32445
32409
32409
32537
32451
32266
32071
31931
32187
32334
32467
32483
32173
32211
32043
32161
32459
32319
32329
32162
32327
32434
32311
32343
32253
32269
32147
32236
32479
32124
31885
31934
32045
32473
32338
32251
32214
32035
32424
32257
32302
32261
31989
32217
32047
32279
32508
32406
32443
32261
32511
32423
32175
32336
32135
32299
32386
32231
32325
32159
32367
32493
32370
32315
32091
32222
32404
32287
32431
32339
32376
32559
32377
32571
32451
32483
32535
32427
32478
32276
32261
32402
32359
32386
32247
32074
32165
32117
32292
32388
32191
32355
32286
32475
32582
32451
32460
32230
32286
32323
32217
32268
32296
32311
32403
32219
32235
32030
31975
32200
32135
32348
32161
32146
32275
32279
32461
32363
32267
32262
32023
32190
32239
32231
32374
32191
32355
32358
32321
32490
32345
32367
32183
31992
32133
32039
32215
32272
32253
32498
32465
32680
32633
32369
32390
32242
32441
32342
32055
32068
32119
32735
32975
32663
32473
32039
32052
32192
32297
32598
32263
32412
32464
32475
32476
31988
32039
32152
32412
32814
32715
32337
31978
31949
32440
32473
32497
32273
32040
32503
32342
32311
32113
31701
31933
32120
32541
32565
32256
32260
32148
32383
32630
32249
32134
32021
32055
32396
32191
32243
32012
31925
32386
32494
32657
32361
32028
32269
32292
32429
32292
32009
32134
32101
32475
32695
32552
32575
32304
32471
32490
32187
32046
31707
31942
32263
32455
32833
32619
32638
32703
32637
32831
32460
32138
32155
32068
32387
32070
31830
32133
32410
32693
32505
32337
32274
32132
32333
32293
32175
32320
32307
32490
32551
32627
32472
32191
32186
32089
32057
32182
31991
32145
32127
32202
32301
32110
32063
32028
32167
32359
32411
32637
32567
32244
32223
32122
32247
32253
32140
32090
32102
32419
32390
32197
32259
32132
32191
32215
32313
32431
32147
32060
32052
32229
32609
32584
32732
32669
32461
32471
32283
32317
32220
31987
32143
32159
32341
32333
32159
32377
32367
32415
32525
32443
32540
32402
32478
32555
32365
32389
32182
32208
32380
32297
32392
32342
32284
32324
32260
32342
32221
32141
32199
32122
32281
32250
32296
32469
32421
32459
32369
32363
32486
32364
32316
32153
31963
32020
32108
32211
32231
32115
32127
32187
32339
32346
32221
32343
32261
32251
32346
32346
32409
32255
32080
32217
32280
32360
32279
32271
32340
32189
32129
32105
32140
32281
32273
32331
32327
32391
32535
32422
32417
32377
32363
32578
32461
32321
32191
32057
32193
32303
32441
32388
32277
32389
32386
32531
32576
32343
32250
32257
32519
32635
32477
32295
32023
32085
32294
32467
32555
32285
32209
32340
32309
32372
32231
32143
32179
32229
32399
32349
32261
32151
32138
32422
32493
32299
32101
32012
32211
32355
32353
32220
32011
32011
32217
32407
32392
32066
31971
32135
32346
32519
32309
32102
32013
32130
32432
32577
32499
32307
32117
32213
32362
32382
32258
32118
32201
32255
32290
32227
32089
32107
32248
32502
32713
32737
32640
32455
32354
32381
32378
32305
32186
32278
32451
32403
32259
32154
32249
32423
32441
32534
32459
32349
32276
32200
32357
32393
32371
32390
32419
32487
32424
32282
32190
32108
32212
32283
32332
32343
32223
32197
32182
32182
32209
32185
32231
32164
32236
32353
32301
32221
32086
32115
32315
32291
32241
32191
32215
32269
32229
32316
32308
32225
32153
32112
32222
32235
32234
32263
32175
32153
32175
32314
32437
32345
32372
32411
32419
32461
32394
32355
32371
32347
32429
32461
32425
32302
32122
32108
32167
32255
32374
32411
32487
32489
32425
32447
32538
32525
32431
32401
32497
32450
32359
32289
32257
32205
32223
32325
32456
32452
32358
32250
32132
32125
32179
32284
32301
32219
32196
32287
32377
32382
32315
32285
32285
32329
32333
32228
32057
31991
32055
32230
32392
32381
32170
32043
32111
32196
32173
32051
32074
32208
32401
32536
32497
32341
32149
32193
32412
32483
32355
32164
32149
32263
32355
32313
32215
32108
32149
32289
32496
32525
32349
32158
32207
32413
32539
32495
32424
32486
32617
32661
32567
32343
32159
32139
32208
32287
32255
32106
32121
32327
32535
32654
32586
32385
32201
32193
32395
32549
32471
32333
32249
32339
32423
32298
32103
32017
32075
32177
32267
32329
32276
32198
32207
32323
32383
32310
32247
32218
32171
32209
32263
32267
32243
32220
32335
32339
32265
32127
31989
32030
32202
32425
32448
32226
31983
32024
32271
32545
32795
32559
32106
31903
32040
32395
32497
32415
32369
32303
32365
32348
32260
32279
32187
32215
32403
32500
32423
32119
32165
32460
32663
32647
32409
32144
32085
32280
32620
32657
32351
32273
32536
32846
32761
32260
31912
31729
31719
31887
32125
32401
32521
32671
32759
32709
32616
32263
32286
32478
32471
32318
31655
31452
31769
32238
32675
32579
32407
32282
32089
32165
32100
31923
32087
32189
32556
32683
32551
32559
32405
32445
32325
32159
31876
31653
31792
32054
32113
32311
32447
32671
32831
32613
32481
32179
31929
32040
32073
32371
32335
32285
32383
32363
32417
32301
32249
32321
32368
32541
32347
32011
31998
32183
32596
32666
32492
32319
32243
32399
32488
32374
32191
31981
32115
32512
32679
32701
32524
32511
32571
32567
32471
32177
31919
31984
32079
32281
32327
32052
31967
32106
32471
32729
32654
32420
32278
32449
32541
32476
32311
32105
32108
32143
32159
32031
31893
32104
32291
32303
32177
31959
32079
32245
32473
32808
32836
32683
32394
32228
32273
32239
32015
31761
31695
31838
32081
32247
32413
32511
32546
32574
32482
32433
32353
32199
32116
32033
31978
32026
32151
32336
32526
32615
32629
32574
32263
32094
32155
32200
32352
32441
32518
32499
32397
32401
32461
32425
32292
32132
32171
32277
32307
32439
32493
32399
32383
32352
32445
32623
32685
32603
32550
32593
32525
32211
31793
31595
31747
32073
32229
32310
32357
32527
32749
32769
32621
32355
32241
32263
32142
31987
31921
31991
32144
32242
32369
32294
32169
32060
31998
31973
31932
31996
32131
32381
32524
32645
32608
32383
32241
32107
31958
31920
31935
32119
32287
32319
32383
32331
32353
32452
32455
32294
32117
32181
32352
32451
32483
32443
32450
32477
32515
32528
32389
32231
32183
32359
32452
32443
32477
32517
32599
32655
32634
32516
32321
32141
32241
32301
32242
32180
32163
32401
32712
32837
32659
32303
32114
32143
32272
32369
32254
32154
32277
32371
32311
31977
31642
31627
31823
32247
32485
32592
32511
32336
32392
32332
32165
31917
31706
31887
32088
32251
32313
32117
32121
32199
32376
32473
32235
31974
31863
32017
32258
32336
32452
32591
32761
32921
32806
32507
32093
31838
31955
32167
32347
32296
32248
32425
32547
32605
32591
32510
32356
32345
32507
32759
32739
32462
32239
32343
32484
32325
32169
32055
32119
32293
32383
32491
32446
32379
32415
32454
32389
32189
31913
31879
31967
32199
32379
32345
32338
32319
32492
32618
32527
32315
31952
31769
31886
32069
32169
32125
32143
32237
32288
32317
32165
32087
32127
32194
32370
32431
32441
32517
32569
32618
32560
32459
32313
32076
32039
32164
32305
32409
32266
32160
32141
32159
32257
32239
32191
32182
32311
32535
32694
32923
33006
32821
32656
32519
32397
32164
31833
31701
31688
31865
32108
32199
32268
32251
32295
32425
32376
32247
32166
32283
32535
32583
32504
32419
32413
32525
32493
32316
32174
32028
31921
31906
32080
32247
32117
32046
32167
32325
32469
32447
32489
32482
32408
32450
32449
32438
32369
32401
32579
32686
32570
32422
32227
32130
32157
32323
32407
32129
31969
31983
32169
32321
32214
32085
32198
32447
32671
32739
32743
32658
32453
32288
32324
32285
32023
31879
31951
32089
32295
32286
32281
32003
31741
31751
31747
32053
32151
32206
32431
32345
32597
32503
32361
32703
32481
32405
32203
31886
32149
32062
32131
32150
31973
32055
31960
32355
32571
32589
32752
32441
32330
32324
32129
32655
32684
32689
32731
32517
32835
32633
32345
32286
32017
32275
32279
32416
32689
32463
32569
32379
32316
32283
32057
32349
32337
32383
32496
32231
32309
32209
32183
32570
32422
32545
32256
31885
32053
31973
32279
32031
31674
31852
31999
32357
32304
31890
31831
31922
32375
32728
32360
32133
31893
32079
32374
32137
32141
31879
32095
32519
32461
32438
31992
31841
32161
32286
32451
32292
32065
32371
32495
32761
32747
32432
32615
32641
32791
32637
32174
32090
31977
32202
32501
32631
32894
32789
32761
32740
32456
32445
32313
32298
32303
32277
32625
32736
32696
32523
32303
32412
32297
32041
31889
31830
32174
32317
32363
32456
32325
32359
32318
32293
32219
31929
31903
31980
32023
32151
32027
31975
32071
32093
32194
32159
32133
32011
31891
31973
32059
32136
32040
32097
32233
32329
32363
32318
32311
32324
32264
32322
32299
32231
32327
32359
32545
32513
32339
32263
32132
32370
32543
32446
32386
32331
32465
32685
32637
32728
32660
32613
32661
32560
32695
32679
32691
32642
32293
32213
32109
32237
32306
32196
32287
32321
32302
32399
32449
32669
32582
32201
32007
31963
32303
32583
32462
32353
32144
32145
32282
32004
31903
31766
31729
31877
31893
31988
32006
32083
32282
32238
32265
32249
32200
32203
32115
32255
32319
32143
32118
32239
32414
32383
32187
32165
32103
32185
32307
32417
32424
32170
32085
32160
32267
32476
32563
32684
32757
32671
32689
32645
32549
32357
32228
32448
32560
32563
32505
32335
32335
32383
32446
32243
32028
32183
32351
32461
32404
32310
32423
32575
32715
32606
32323
32245
32229
32304
32281
32105
32067
32069
32109
32055
31909
32015
32092
32067
32147
32207
32285
32183
32118
32232
32295
32317
32254
32213
32216
32217
32237
32241
32175
32083
32066
32085
32177
32211
32239
32252
32303
32382
32407
32495
32444
32323
32265
32231
32375
32505
32513
32637
32534
32379
32287
32255
32384
32344
32311
32379
32433
32459
32309
32279
32456
32431
32511
32559
32483
32389
32201
32213
32191
32145
32247
32302
32408
32431
32443
32545
32341
32116
32065
32065
32215
32174
32198
32196
32162
32255
32263
32382
32431
32318
32261
32111
32119
32165
32153
32181
32125
32235
32348
32279
32308
32181
32197
32357
32375
32360
32263
32287
32436
32416
32323
32231
32215
32236
32191
32366
32467
32408
32289
32271
32415
32298
32120
32149
32321
32438
32431
32461
32463
32446
32437
32391
32345
32239
32151
32233
32279
32277
32277
32242
32187
32119
32214
32344
32301
32197
32101
32279
32488
32515
32428
32295
32267
32255
32241
32315
32239
32094
32072
32148
32281
32355
32351
32369
32409
32368
32227
32137
32116
32171
32319
32442
32499
32471
32455
32584
32532
32352
32283
32261
32242
32208
32277
32353
32386
32331
32241
32224
32300
32357
32351
32373
32355
32232
32125
32245
32443
32515
32378
32283
32303
32284
32269
32287
32255
32167
32085
32139
32154
32162
32141
32221
32271
32180
32129
32153
32114
32101
32225
32415
32497
32355
32295
32319
32383
32279
32183
32175
32096
32146
32302
32413
32341
32193
32159
32237
32344
32412
32423
32459
32447
32398
32458
32398
32379
32375
32415
32523
32575
32573
32372
32297
32495
32347
32361
32183
32204
32377
32343
32571
32441
32324
32507
32276
32235
32257
32146
32333
32108
32351
32543
32424
32368
32169
32354
32318
32181
32014
31871
31871
31909
32068
32184
32186
32380
32329
32339
32254
31999
32125
32162
32199
32189
32047
31957
32197
32415
32543
32487
32184
32050
32077
32181
32358
32301
32189
32161
32212
32312
32389
32526
32636
32541
32456
32534
32514
32373
32306
32350
32351
32394
32339
32423
32533
32685
32714
32427
32102
32078
32415
32682
32689
32474
32266
32332
32563
32649
32524
32205
32111
32187
32405
32428
32145
31999
32001
32199
32441
32306
32087
32067
32197
32370
32319
32115
31977
32065
32232
32247
32137
31921
31901
32177
32271
32347
32199
31950
32019
32011
32063
32157
32107
32192
32231
32264
32529
32517
32524
32438
32311
32294
32273
32222
32121
32121
32321
32513
32681
32727
32621
32524
32421
32415
32415
32279
32175
32234
32434
32584
32593
32644
32679
32755
32852
32740
32460
32121
31988
32111
32202
32321
32411
32361
32301
32197
32247
32305
32214
32203
32193
32275
32386
32393
32455
32343
32247
32247
32088
31981
31922
31922
31973
31992
32133
32055
31889
31987
32175
32304
32239
32087
32065
32195
32513
32618
32457
32224
32079
32231
32343
32265
32125
31951
32001
32210
32343
32329
32151
32165
32375
32631
32663
32500
32425
32531
32743
32849
32657
32345
32240
32379
32442
32399
32239
32135
32311
32567
32710
32632
32271
32109
32256
32385
32453
32327
32183
32255
32507
32760
32697
32358
32129
32190
32371
32326
32100
31948
31924
32206
32455
32318
31995
31771
31920
32236
32389
32261
31980
31917
32128
32337
32470
32288
32071
32190
32361
32444
32357
32031
31901
32063
32343
32335
32059
31880
31951
32239
32441
32443
32317
32247
32354
32540
32731
32583
32344
32234
32328
32571
32599
32351
32151
32103
32329
32479
32399
32264
32201
32322
32502
32551
32437
32324
32401
32534
32636
32608
32439
32282
32187
32244
32357
32314
32207
32119
32278
32469
32367
32255
32186
32209
32237
32239
32309
32288
32303
32313
32291
32296
32211
32123
32119
32163
32231
32255
32211
32141
32159
32291
32348
32373
32346
32264
32168
32113
32127
32222
32235
32190
32223
32280
32363
32426
32411
32305
32249
32238
32257
32251
32285
32347
32435
32383
32269
32289
32221
32213
32288
32338
32429
32393
32317
32301
32274
32355
32409
32335
32311
32301
32308
32407
32391
32293
32199
32176
32223
32261
32273
32267
32345
32445
32479
32399
32287
32280
32368
32438
32416
32226
32095
32090
32204
32327
32331
32257
32239
32333
32415
32399
32305
32279
32279
32341
32403
32353
32195
32193
32303
32407
32379
32229
32199
32290
32329
32356
32331
32249
32147
32151
32271
32325
32295
32307
32365
32412
32385
32303
32254
32183
32140
32167
32211
32223
32217
32229
32286
32369
32380
32316
32212
32126
32145
32241
32303
32261
32177
32145
32212
32255
32313
32325
32325
32363
32347
32316
32347
32362
32427
32395
32327
32318
32231
32205
32232
32341
32377
32305
32281
32323
32389
32485
32493
32401
32375
32383
32450
32476
32443
32423
32441
32382
32346
32377
32332
32277
32252
32259
32283
32214
32214
32275
32312
32371
32430
32359
32291
32234
32259
32312
32264
32239
32235
32191
32229
32227
32218
32143
32039
31999
32127
32213
32193
32205
32171
32205
32271
32215
32157
32096
32119
32216
32275
32349
32344
32239
32281
32311
32303
32231
32157
32231
32290
32301
32356
32315
32257
32239
32325
32434
32415
32395
32365
32417
32495
32551
32591
32534
32475
32456
32422
32417
32380
32337
32351
32360
32416
32419
32321
32292
32345
32397
32458
32487
32452
32354
32343
32403
32405
32309
32223
32252
32293
32281
32267
32184
32023
31945
32055
32218
32229
32164
32110
32143
32307
32345
32303
32164
32035
32071
32162
32252
32195
32060
32017
32101
32243
32274
32146
32047
32120
32248
32342
32295
32177
32109
32231
32450
32602
32531
32375
32318
32306
32371
32357
32214
32219
32299
32496
32677
32575
32455
32279
32245
32456
32524
32551
32477
32391
32518
32487
32489
32441
32309
32395
32497
32548
32511
32333
32285
32201
32251
32411
32411
32314
32154
32233
32301
32249
32214
32070
32105
32267
32409
32547
32347
32223
32127
31979
32039
32003
32045
32099
32075
32202
32183
32147
32138
32068
32139
32207
32211
32147
31983
32123
32291
32438
32469
32324
32243
32169
32218
32315
32221
32181
32176
32285
32452
32407
32373
32307
32289
32457
32463
32432
32357
32380
32516
32581
32621
32511
32367
32411
32423
32423
32381
32257
32250
32249
32379
32534
32570
32501
32311
32346
32481
32489
32445
32203
32087
32199
32309
32409
32228
32069
32215
32383
32551
32391
32113
32046
32127
32262
32279
32134
32079
32093
32267
32359
32233
32131
32053
32170
32287
32247
32117
31983
32078
32210
32297
32341
32263
32249
32272
32294
32373
32263
32207
32198
32162
32327
32351
32359
32277
32085
32268
32524
32635
32583
32329
32220
32311
32410
32425
32231
32118
32291
32579
32745
32548
32294
32228
32353
32538
32470
32273
32125
32247
32503
32582
32436
32129
32031
32182
32328
32432
32311
32193
32255
32337
32483
32552
32433
32333
32208
32208
32294
32205
32070
31965
32090
32384
32549
32428
32175
32047
32163
32315
32303
32076
31954
32101
32483
32741
32591
32229
32007
32086
32321
32368
32211
32047
32041
32293
32492
32455
32212
32041
32182
32431
32527
32378
32123
32091
32254
32473
32543
32429
32215
32115
32283
32449
32423
32236
32055
32239
32560
32671
32497
32094
31928
32096
32343
32486
32323
32151
32227
32450
32643
32518
32199
32009
32078
32397
32543
32437
32199
32121
32349
32584
32577
32313
32039
32084
32290
32473
32387
32155
32068
32196
32485
32618
32461
32215
32083
32232
32458
32448
32302
32145
32223
32445
32562
32467
32162
31968
32079
32321
32457
32311
32113
32069
32280
32501
32429
32210
32007
32061
32333
32451
32392
32232
32088
32248
32403
32471
32372
32138
32058
32151
32303
32317
32175
32015
32063
32275
32458
32421
32196
32059
32185
32414
32526
32399
32223
32219
32365
32499
32463
32272
32155
32167
32311
32477
32415
32239
32141
32219
32407
32465
32375
32263
32232
32399
32552
32589
32487
32343
32307
32417
32528
32524
32369
32229
32229
32345
32391
32255
32100
32071
32249
32463
32516
32385
32202
32223
32355
32408
32322
32176
32140
32232
32330
32319
32219
32121
32111
32217
32288
32237
32086
31973
32014
32135
32203
32228
32228
32265
32333
32379
32328
32223
32132
32119
32235
32315
32352
32325
32244
32231
32282
32331
32273
32196
32162
32237
32372
32415
32375
32333
32335
32439
32524
32499
32431
32383
32407
32453
32434
32389
32345
32369
32420
32443
32407
32308
32301
32313
32372
32421
32399
32409
32436
32421
32394
32373
32353
32344
32298
32265
32300
32385
32381
32272
32179
32129
32121
32123
32126
32173
32217
32253
32274
32200
32117
32131
32169
32221
32183
32160
32205
32253
32271
32205
32151
32110
32129
32179
32175
32179
32126
32136
32214
32273
32338
32359
32343
32391
32365
32318
32243
32242
32318
32401
32466
32451
32412
32427
32411
32394
32332
32291
32327
32382
32432
32449
32455
32465
32450
32416
32393
32376
32398
32410
32427
32438
32435
32413
32364
32341
32366
32388
32339
32283
32264
32255
32248
32255
32269
32265
32253
32243
32255
32247
32230
32213
32191
32193
32204
32239
32233
32228
32231
32221
32164
32122
32091
32100
32121
32165
32201
32211
32174
32145
32175
32200
32213
32235
32291
32342
32376
32391
32348
32249
32212
32211
32293
32347
32337
32347
32331
32353
32347
32323
32315
32338
32373
32418
32441
32479
32476
32457
32483
32453
32392
32380
32402
32403
32380
32333
32311
32320
32321
32356
32405
32357
32307
32298
32346
32357
32315
32292
32315
32317
32341
32332
32286
32250
32249
32271
32281
32247
32220
32191
32200
32175
32151
32127
32133
32153
32169
32196
32255
32322
32337
32255
32254
32247
32269
32239
32203
32203
32207
32234
32255
32255
32233
32251
32251
32229
32199
32204
32264
32295
32287
32324
32394
32415
32451
32447
32411
32387
32353
32347
32359
32345
32360
32329
32313
32297
32287
32300
32268
32300
32355
32369
32365
32345
32381
32447
32491
32487
32403
32312
32253
32266
32268
32239
32208
32263
32269
32315
32343
32313
32243
32187
32215
32282
32301
32287
32300
32367
32383
32365
32319
32295
32224
32209
32221
32259
32291
32279
32241
32200
32199
32227
32229
32204
32201
32269
32312
32291
32307
32306
32353
32379
32367
32304
32251
32217
32271
32286
32231
32229
32217
32227
32302
32348
32327
32252
32201
32229
32306
32321
32319
32322
32341
32383
32439
32451
32318
32225
32254
32339
32375
32295
32194
32153
32207
32284
32310
32283
32293
32321
32405
32473
32475
32365
32267
32255
32271
32355
32379
32373
32402
32355
32358
32332
32235
32153
32119
32225
32337
32373
32343
32316
32351
32424
32463
32415
32294
32222
32259
32315
32350
32295
32254
32227
32257
32355
32381
32257
32113
32044
32119
32286
32336
32279
32215
32282
32363
32346
32225
32241
32312
32213
32127
32229
32278
32202
32168
32282
32408
32316
32169
32185
32213
32244
32275
32186
32150
32211
32419
32494
32395
32299
32391
32372
32225
32320
32485
32380
32267
32177
32303
32379
32230
32278
32383
32509
32502
32348
32327
32329
32351
32412
32398
32461
32491
32414
32245
32150
32370
32531
32423
32323
32349
32471
32399
32083
32115
32276
32277
32143
32233
32440
32301
32225
32339
32517
32551
32139
32089
32194
32215
32171
31969
32073
32198
32280
32359
32144
32093
32233
32268
32283
32189
32211
32266
32169
32100
32153
32327
32362
32276
32234
32243
32327
32296
32274
32241
32161
32164
32205
32365
32591
32575
32471
32395
32336
32307
32279
32271
32279
