25493
25506
25476
25479
25495
25505
25517
25537
25555
25574
25596
25623
25635
25655
25675
25699
25721
25741
25748
25761
25765
25766
25770
25768
25761
25753
25740
25725
25701
25676
25652
25630
25609
25592
25579
25556
25533
25516
25504
25495
25489
25479
25474
25481
25485
25495
25509
25521
25535
25554
25573
25598
25629
25627
25647
25670
25685
25712
25733
25750
25761
25758
25759
25769
25763
25757
25745
25735
25718
25699
25681
25661
25629
25611
25596
25587
25561
25541
25527
25517
25497
25489
25474
25475
25481
25489
25489
25497
25511
25528
25556
25582
25597
25625
25631
25653
25673
25697
25713
25740
25763
25775
25783
25785
25783
25788
25783
25786
25769
25757
25736
25717
25703
25687
25664
25642
25631
25615
25592
25586
25581
25570
25579
25577
25569
25576
25583
25595
25609
25617
25639
25668
25690
25721
25743
25779
25811
25837
25863
25887
25901
25921
25927
25927
25933
25933
25985
25985
25894
25875
25859
25825
25805
25781
25753
25722
25702
25668
25641
25619
25597
25597
25583
25569
25557
25557
25543
25541
25546
25553
25560
25582
25599
25610
25619
25633
25658
25676
25694
25713
25727
25745
25759
25772
25776
25777
25778
25785
25773
25761
25745
25729
25719
25705
25687
25665
25635
25603
25584
25578
25554
25541
25519
25507
25497
25495
25490
25488
25486
25493
25495
25511
25523
25539
25559
25578
25599
25623
25623
25649
25675
25699
25715
25725
25740
25750
25749
25760
25757
25757
25749
25737
25723
25710
25693
25679
25653
25630
25615
25597
25579
25563
25549
25539
25526
25507
25501
25499
25489
25495
25501
25507
25515
25527
25541
25563
25579
25601
25610
25635
25653
25671
25697
25702
25715
25727
25736
25748
25756
25755
25749
25742
25727
25712
25705
25685
25671
25649
25635
25609
25594
25595
25575
25555
25537
25520
25510
25511
25501
25502
25501
25509
25518
25526
25540
25550
25567
25579
25597
25617
25629
25660
25683
25697
25713
25727
25736
25746
25756
25765
25761
25755
25749
25735
25725
25719
25695
25677
25653
25631
25615
25592
25584
25567
25553
25531
25519
25506
25498
25489
25494
25494
25505
25517
25529
25535
25546
25556
25583
25605
25612
25631
25647
25672
25694
25708
25725
25732
25746
25752
25753
25749
25754
25743
25730
25722
25711
25687
25671
25656
25627
25599
25599
25577
25565
25550
25531
25521
25509
25503
25502
25489
25495
25503
25513
25523
25544
25553
25574
25589
25609
25615
25642
25656
25675
25695
25711
25721
25737
25747
25752
25750
25751
25747
25735
25727
25719
25709
25691
25671
25652
25630
25603
25592
25585
25559
25551
25535
25528
25509
25503
25499
25497
25503
25507
25511
25527
25535
25551
25573
25597
25612
25605
25625
25647
25666
25683
25695
25710
25727
25740
25751
25751
25739
25738
25727
25727
25716
25703
25684
25661
25643
25622
25602
25584
25585
25564
25547
25535
25528
25522
25511
25501
25507
25505
25506
25513
25525
25531
25547
25569
25590
25607
25611
25639
25651
25661
25683
25704
25711
25726
25735
25742
25743
25745
25747
25738
25727
25709
25695
25687
25659
25639
25623
25607
25593
25585
25567
25544
25530
25521
25513
25503
25505
25501
25507
25514
25517
25518
25543
25559
25571
25588
25609
25611
25632
25650
25675
25681
25703
25717
25727
25730
25742
25744
25742
25743
25736
25719
25703
25696
25679
25657
25641
25616
25597
25599
25589
25570
25544
25537
25520
25511
25510
25513
25511
25513
25525
25529
25535
25549
25569
25586
25603
25604
25627
25644
25663
25684
25703
25716
25720
25728
25735
25739
25744
25747
25744
25737
25726
25707
25699
25689
25669
25651
25627
25607
25593
25583
25578
25555
25538
25530
25523
25519
25515
25514
25521
25522
25524
25538
25554
25565
25585
25599
25619
25623
25631
25657
25670
25688
25707
25726
25731
25737
25741
25745
25751
25746
25734
25726
25705
25697
25674
25657
25643
25627
25604
25591
25589
25573
25553
25539
25533
25527
25520
25513
25516
25511
25511
25523
25535
25553
25569
25587
25598
25614
25617
25641
25661
25680
25693
25707
25719
25731
25729
25742
25746
25748
25741
25733
25719
25715
25702
25683
25668
25661
25630
25605
25593
25589
25565
25553
25543
25533
25531
25526
25512
25511
25510
25521
25531
25542
25559
25575
25585
25605
25611
25619
25638
25660
25689
25695
25709
25723
25729
25731
25741
25746
25742
25737
25727
25722
25707
25688
25669
25656
25646
25627
25606
25590
25585
25573
25563
25543
25529
25517
25523
25518
25519
25520
25531
25541
25542
25559
25575
25588
25601
25608
25628
25647
25662
25681
25691
25699
25717
25715
25727
25734
25735
25739
25736
25726
25721
25703
25691
25679
25665
25643
25620
25601
25588
25584
25574
25564
25555
25535
25525
25525
25523
25516
25534
25533
25538
25539
25555
25574
25590
25599
25612
25621
25637
25661
25683
25693
25700
25709
25719
25723
25739
25737
25739
25735
25727
25715
25703
25693
25681
25661
25647
25629
25608
25584
25587
25583
25567
25553
25534
25528
25522
25513
25512
25518
25525
25535
25551
25572
25582
25592
25599
25623
25631
25649
25667
25683
25698
25711
25727
25735
25739
25743
25745
25741
25741
25735
25727
25718
25705
25683
25664
25648
25625
25603
25593
25602
25563
25567
25559
25547
25539
25535
25528
25533
25537
25541
25547
25559
25572
25585
25599
25616
25618
25636
25651
25670
25691
25704
25703
25719
25735
25737
25741
25736
25747
25735
25727
25721
25705
25694
25680
25666
25646
25633
25608
25597
25598
25582
25564
25555
25542
25535
25525
25530
25532
25535
25543
25551
25564
25573
25586
25604
25601
25619
25634
25645
25667
25672
25694
25709
25712
25722
25733
25733
25732
25738
25731
25720
25717
25703
25684
25680
25665
25646
25622
25607
25594
25599
25585
25565
25554
25554
25544
25539
25535
25537
25531
25543
25547
25562
25570
25579
25595
25609
25614
25629
25652
25672
25680
25690
25703
25717
25733
25727
25727
25731
25730
25730
25721
25711
25705
25684
25671
25658
25639
25624
25611
25595
25593
25572
25554
25548
25541
25537
25531
25527
25534
25537
25537
25554
25564
25572
25586
25599
25619
25608
25627
25647
25662
25677
25693
25699
25717
25720
25727
25733
25743
25735
25731
25726
25711
25691
25681
25663
25649
25633
25615
25603
25585
25583
25575
25565
25559
25538
25535
25535
25535
25528
25530
25539
25547
25555
25570
25579
25597
25610
25619
25631
25646
25659
25678
25687
25706
25718
25714
25720
25721
25717
25709
25709
25708
25701
25691
25681
25660
25645
25631
25612
25603
25591
25593
25575
25566
25544
25539
25539
25537
25535
25535
25535
25539
25550
25565
25579
25594
25601
25597
25629
25630
25645
25653
25668
25690
25707
25709
25714
25720
25719
25715
25713
25717
25717
25707
25699
25688
25675
25653
25639
25623
25609
25591
25599
25582
25569
25559
25551
25551
25551
25535
25534
25540
25545
25555
25565
25578
25592
25605
25603
25615
25645
25659
25666
25680
25699
25705
25721
25727
25732
25729
25731
25731
25723
25719
25711
25701
25687
25669
25663
25648
25631
25610
25593
25595
25576
25567
25559
25553
25543
25543
25551
25549
25554
25559
25568
25571
25586
25599
25609
25612
25625
25641
25659
25680
25698
25701
25715
25719
25725
25733
25736
25735
25733
25723
25721
25713
25701
25690
25669
25658
25641
25629
25613
25599
25605
25583
25583
25567
25560
25557
25552
25555
25552
25557
25563
25568
25590
25602
25594
25622
25623
25637
25651
25662
25680
25699
25699
25717
25727
25725
25724
25727
25730
25735
25722
25717
25711
25697
25677
25669
25657
25637
25605
25593
25593
25579
25569
25555
25546
25542
25528
25526
25529
25526
25526
25535
25550
25564
25567
25581
25599
25606
25599
25635
25637
25650
25662
25678
25687
25695
25691
25698
25703
25705
25700
25699
25693
25679
25667
25655
25643
25627
25617
25601
25595
25595
25571
25562
25554
25543
25535
25528
25529
25530
25523
25527
25533
25551
25551
25561
25575
25589
25611
25602
25621
25633
25645
25663
25679
25686
25692
25698
25699
25713
25708
25709
25700
25690
25693
25672
25661
25647
25631
25615
25605
25583
25586
25572
25554
25554
25544
25529
25532
25527
25528
25521
25526
25542
25547
25555
25568
25578
25591
25609
25609
25623
25638
25653
25670
25681
25690
25690
25704
25711
25711
25703
25699
25687
25679
25673
25667
25651
25638
25634
25617
25597
25605
25575
25574
25563
25551
25545
25539
25535
25538
25533
25532
25543
25554
25555
25572
25581
25591
25602
25599
25629
25629
25639
25651
25671
25676
25678
25693
25693
25693
25697
25702
25709
25702
25676
25667
25661
25651
25637
25629
25621
25605
25585
25595
25579
25561
25551
25540
25537
25543
25536
25535
25533
25541
25543
25548
25558
25569
25581
25587
25605
25607
25620
25641
25654
25671
25673
25673
25685
25699
25697
25701
25699
25704
25695
25691
25681
25671
25655
25648
25631
25617
25604
25595
25601
25567
25569
25552
25549
25545
25541
25528
25533
25543
25545
25555
25567
25573
25579
25591
25603
25599
25627
25631
25641
25654
25669
25687
25693
25699
25705
25704
25715
25718
25708
25705
25701
25687
25673
25653
25645
25639
25626
25597
25604
25580
25579
25575
25567
25555
25550
25543
25539
25543
25541
25533
25542
25555
25567
25571
25582
25602
25599
25620
25621
25635
25655
25653
25669
25679
25694
25686
25687
25695
25691
25687
25681
25673
25667
25658
25655
25641
25624
25609
25600
25583
25585
25571
25565
25554
25553
25541
25533
25533
25543
25541
25545
25555
25559
25569
25583
25591
25599
25611
25610
25623
25639
25644
25655
25666
25677
25689
25695
25691
25695
25683
25681
25682
25678
25663
25656
25645
25635
25623
25607
25603
25586
25586
25579
25571
25560
25547
25547
25541
25539
25542
25543
25550
25545
25551
25565
25569
25581
25598
25605
25605
25623
25639
25641
25655
25671
25679
25683
25689
25696
25695
25691
25695
25687
25679
25671
25659
25650
25645
25629
25613
25599
25603
25567
25575
25569
25558
25547
25541
25535
25541
25532
25539
25547
25554
25563
25570
25584
25597
25605
25601
25615
25635
25648
25660
25675
25678
25686
25703
25715
25717
25723
25715
25711
25708
25693
25689
25681
25676
25663
25653
25642
25631
25618
25616
25604
25597
25599
25597
25585
25591
25593
25587
25596
25599
25603
25601
25611
25618
25633
25646
25660
25677
25688
25705
25711
25729
25729
25741
25753
25754
25749
25751
25756
25755
25754
25750
25743
25735
25727
25712
25699
25687
25681
25670
25663
25658
25643
25634
25626
25622
25623
25627
25629
25629
25631
25638
25640
25657
25665
25671
25679
25699
25697
25703
25724
25728
25737
25751
25759
25769
25764
25754
25765
25757
25750
25743
25744
25736
25727
25713
25693
25685
25680
25660
25649
25645
25629
25615
25615
25608
25597
25599
25607
25595
25614
25601
25597
25623
25622
25635
25645
25657
25663
25671
25677
25693
25705
25709
25717
25731
25736
25730
25735
25731
25729
25721
25716
25709
25699
25686
25681
25667
25654
25636
25622
25607
25597
25591
25591
25587
25579
25576
25575
25575
25575
25573
25581
25595
25607
25591
25607
25607
25623
25633
25639
25649
25661
25673
25679
25697
25706
25704
25704
25703
25702
25691
25678
25681
25675
25665
25651
25633
25624
25615
25605
25591
25597
25585
25575
25565
25559
25553
25547
25550
25553
25547
25559
25569
25571
25575
25591
25603
25599
25630
25620
25627
25643
25655
25662
25673
25674
25685
25679
25687
25692
25687
25686
25685
25681
25675
25664
25652
25633
25628
25601
25598
25611
25586
25583
25578
25571
25566
25568
25567
25559
25563
25557
25562
25571
25571
25580
25595
25601
25601
25601
25613
25628
25639
25647
25666
25681
25687
25681
25689
25699
25697
25698
25699
25693
25691
25675
25661
25656
25651
25623
25625
25620
25599
25608
25579
25584
25575
25566
25562
25563
25563
25548
25555
25564
25574
25577
25587
25600
25599
25612
25609
25625
25637
25647
25657
25675
25683
25686
25691
25695
25699
25696
25703
25701
25691
25685
25676
25672
25663
25647
25635
25623
25609
25597
25597
25588
25581
25581
25568
25573
25566
25556
25559
25565
25565
25567
25576
25587
25597
25601
25596
25622
25629
25635
25650
25661
25672
25671
25678
25693
25698
25693
25687
25689
25690
25676
25671
25657
25649
25639
25635
25629
25621
25600
25584
25598
25590
25581
25577
25572
25567
25567
25564
25564
25567
25570
25575
25583
25597
25605
25596
25627
25622
25629
25637
25641
25663
25671
25672
25673
25684
25691
25690
25694
25693
25683
25677
25674
25661
25655
25639
25628
25622
25617
25601
25597
25599
25595
25585
25583
25583
25580
25579
25583
25591
25591
25586
25591
25603
25607
25606
25619
25636
25648
25673
25687
25695
25708
25715
25727
25737
25751
25763
25763
25767
25766
25763
25756
25756
25759
25755
25741
25742
25742
25727
25720
25716
25717
25703
25692
25686
25685
25679
25676
25672
25674
25678
25684
25694
25700
25700
25703
25706
25715
25721
25737
25740
25741
25749
25751
25759
25761
25757
25759
25754
25755
25743
25735
25730
25717
25707
25685
25677
25665
25649
25630
25619
25607
25598
25607
25588
25597
25593
25581
25589
25593
25589
25592
25599
25605
25599
25622
25614
25624
25641
25652
25669
25679
25687
25685
25691
25695
25701
25695
25691
25695
25687
25673
25672
25667
25653
25631
25629
25621
25607
25595
25607
25574
25579
25575
25565
25560
25563
25563
25559
25562
25571
25570
25578
25589
25599
25607
25594
25628
25626
25630
25650
25661
25662
25671
25683
25687
25692
25699
25700
25703
25707
25696
25679
25678
25677
25657
25639
25625
25623
25612
25605
25593
25603
25567
25578
25575
25577
25569
25558
25561
25560
25559
25561
25577
25588
25597
25599
25615
25607
25614
25625
25639
25657
25661
25676
25687
25693
25695
25695
25701
25699
25699
25693
25690
25683
25665
25655
25649
25639
25626
25610
25599
25607
25590
25592
25577
25567
25567
25553
25557
25550
25559
25565
25575
25588
25586
25593
25599
25615
25615
25619
25636
25647
25665
25667
25683
25693
25700
25699
25699
25707
25704
25696
25693
25690
25683
25671
25655
25648
25634
25619
25607
25595
25603
25579
25585
25583
25586
25574
25564
25568
25572
25565
25557
25563
25572
25585
25590
25594
25607
25605
25615
25631
25643
25650
25659
25671
25687
25685
25686
25686
25687
25687
25682
25687
25673
25665
25662
25653
25636
25623
25610
25599
25612
25581
25585
25577
25575
25568
25562
25555
25555
25555
25561
25566
25572
25570
25577
25597
25601
25599
25622
25611
25621
25639
25643
25653
25663
25679
25684
25683
25687
25690
25683
25687
25684
25672
25661
25649
25647
25639
25625
25615
25607
25593
25597
25592
25580
25574
25569
25563
25561
25559
25560
25561
25558
25561
25572
25584
25589
25598
25607
25608
25620
25635
25642
25647
25658
25671
25676
25673
25683
25689
25683
25684
25687
25683
25673
25663
25657
25647
25637
25631
25614
25599
25610
25582
25591
25585
25569
25559
25553
25556
25552
25557
25565
25570
25567
25570
25581
25599
25607
25597
25623
25625
25636
25640
25658
25681
25676
25680
25685
25687
25693
25702
25695
25687
25683
25674
25665
25665
25643
25630
25626
25620
25608
25601
25602
25583
25591
25583
25575
25582
25587
25583
25584
25583
25588
25593
25601
25599
25629
25621
25634
25645
25649
25683
25693
25702
25701
25707
25713
25727
25733
25731
25729
25729
25727
25729
25722
25718
25708
25694
25688
25679
25671
25655
25640
25631
25634
25625
25617
25614
25609
25603
25617
25620
25620
25622
25629
25639
25657
25663
25677
25692
25705
25709
25729
25744
25765
25781
25791
25791
25791
25798
25805
25813
25806
25802
25791
25783
25775
25762
25761
25751
25735
25722
25703
25691
25686
25671
25663
25648
25642
25623
25615
25623
25621
25617
25619
25619
25623
25631
25639
25651
25662
25663
25681
25690
25700
25709
25715
25719
25734
25737
25735
25729
25737
25734
25733
25729
25724
25717
25703
25689
25679
25672
25659
25643
25631
25621
25611
25597
25607
25591
25601
25583
25597
25591
25597
25595
25599
25611
25594
25613
25613
25620
25625
25634
25641
25655
25663
25678
25693
25691
25693
25695
25698
25703
25692
25695
25697
25679
25669
25653
25647
25639
25641
25633
25623
25603
25583
25597
25587
25575
25579
25573
25566
25561
25552
25567
25574
25573
25578
25589
25595
25606
25599
25623
25625
25635
25633
25640
25655
25666
25665
25669
25682
25685
25685
25687
25681
25674
25668
25662
25657
25648
25643
25631
25620
25609
25599
25604
25578
25590
25576
25573
25571
25567
25564
25570
25577
25571
25575
25574
25577
25590
25599
25606
25601
25616
25627
25639
25645
25661
25655
25661
25669
25686
25691
25697
25698
25696
25692
25684
25676
25671
25659
25648
25638
25629
25614
25607
25599
25615
25584
25589
25581
25577
25575
25575
25575
25576
25580
25585
25595
25605
25596
25615
25607
25615
25623
25630
25639
25652
25661
25671
25681
25684
25685
25695
25697
25699
25694
25687
25679
25677
25669
25651
25642
25634
25624
25608
25598
25609
25593
25605
25581
25589
25583
25579
25581
25579
25578
25579
25583
25599
25599
25601
25596
25627
25615
25622
25635
25646
25655
25669
25670
25680
25687
25677
25683
25693
25695
25688
25676
25671
25668
25669
25660
25643
25635
25617
25607
25604
25590
25597
25594
25591
25587
25580
25577
25579
25581
25581
25580
25589
25589
25597
25605
25595
25627
25614
25616
25631
25649
25649
25657
25665
25672
25681
25689
25686
25689
25680
25680
25687
25683
25670
25662
25652
25637
25626
25620
25610
25607
25597
25604
25593
25603
25572
25582
25584
25581
25576
25573
25580
25589
25592
25597
25603
25595
25631
25613
25629
25640
25647
25651
25663
25672
25676
25677
25683
25693
25697
25689
25683
25683
25676
25675
25654
25652
25642
25635
25623
25615
25606
25591
25599
25599
25589
25583
25577
25577
25583
25581
25584
25584
25586
25590
25594
25607
25604
25603
25616
25624
25630
25634
25655
25661
25666
25669
25686
25687
25684
25683
25683
25683
25690
25675
25663
25651
25649
25635
25621
25619
25603
25595
25602
25589
25595
25588
25580
25583
25583
25579
25575
25590
25583
25581
25587
25592
25611
25605
25610
25631
25640
25633
25643
25656
25665
25668
25669
25671
25683
25687
25681
25671
25672
25673
25667
25660
25656
25645
25637
25626
25618
25609
25603
25597
25607
25591
25595
25591
25592
25587
25591
25597
25587
25598
25601
25596
25619
25609
25615
25637
25650
25659
25665
25675
25695
25708
25711
25722
25739
25745
25747
25757
25753
25753
25751
25751
25753
25751
25745
25735
25726
25723
25720
25715
25715
25703
25704
25703
25707
25707
25715
25725
25735
25735
25735
25753
25761
25775
25785
25803
25809
25815
25819
25836
25849
25855
25859
25869
25869
25863
25863
25859
25853
25845
25841
25829
25827
25812
25791
25770
25759
25745
25728
25711
25693
25677
25663
25647
25639
25629
25619
25612
25615
25617
25607
25606
25607
25611
25619
25628
25644
25653
25654
25665
25671
25679
25699
25703
25711
25725
25715
25719
25725
25729
25730
25717
25714
25709
25696
25685
25669
25659
25653
25634
25623
25622
25599
25599
25588
25580
25579
25577
25561
25560
25556
25555
25563
25575
25579
25581
25591
25607
25604
25610
25625
25644
25652
25662
25669
25681
25689
25685
25700
25714
25715
25714
25711
25706
25701
25685
25683
25671
25655
25637
25629
25627
25615
25599
25599
25597
25586
25578
25569
25563
25563
25560
25572
25567
25579
25575
25575
25588
25608
25594
25623
25609
25630
25644
25663
25679
25689
25679
25689
25695
25709
25705
25702
25707
25705
25694
25687
25681
25669
25657
25646
25635
25624
25603
25593
25601
25580
25579
25569
25559
25559
25558
25563
25566
25569
25569
25585
25587
25595
25599
25607
25607
25629
25645
25653
25659
25667
25684
25687
25690
25700
25706
25707
25703
25709
25700
25687
25687
25687
25671
25655
25647
25634
25614
25599
25607
25581
25585
25588
25583
25571
25561
25560
25558
25569
25577
25581
25587
25597
25607
25596
25626
25629
25633
25639
25655
25669
25675
25687
25699
25714
25719
25711
25711
25710
25709
25703
25695
25692
25687
25671
25666
25651
25644
25622
25615
25599
25610
25579
25582
25577
25568
25563
25568
25565
25575
25576
25581
25587
25597
25603
25598
25627
25619
25632
25643
25651
25665
25672
25681
25687
25699
25705
25713
25713
25709
25703
25693
25693
25692
25682
25671
25663
25649
25631
25628
25615
25599
25601
25575
25591
25581
25572
25575
25573
25567
25570
25576
25575
25577
25583
25601
25599
25625
25621
25628
25643
25658
25657
25669
25681
25691
25685
25695
25705
25709
25709
25708
25706
25702
25693
25681
25669
25663
25645
25631
25626
25619
25599
25597
25588
25575
25569
25563
25563
25569
25572
25573
25580
25580
25579
25581
25597
25607
25603
25599
25623
25626
25631
25637
25647
25664
25663
25675
25686
25688
25682
25685
25677
25684
25675
25662
25649
25641
25633
25623
25611
25598
25601
25576
25592
25584
25559
25555
25548
25547
25552
25551
25547
25551
25563
25563
25571
25578
25592
25596
25614
25612
25623
25629
25645
25659
25662
25667
25665
25679
25683
25679
25671
25671
25673
25663
25659
25658
25647
25631
25615
25604
25597
25595
25583
25579
25575
25559
25557
25559
25554
25555
25553
25551
25559
25559
25573
25575
25590
25587
25599
25612
25611
25622
25626
25641
25655
25661
25671
25680
25679
25672
25678
25685
25673
25677
25669
25666
25659
25647
25631
25623
25609
25599
25605
25586
25588
25577
25564
25569
25565
25555
25550
25548
25549
25549
25561
25559
25573
25584
25593
25606
25604
25613
25618
25628
25645
25643
25660
25675
25678
25680
25683
25682
25685
25685
25679
25674
25669
25655
25641
25635
25629
25618
25599
25603
25583
25586
25573
25561
25559
25559
25559
25559
25560
25558
25559
25563
25571
25575
25589
25599
25614
25605
25619
25629
25644
25655
25662
25671
25676
25681
25679
25691
25695
25688
25676
25669
25667
25653
25644
25639
25627
25621
25612
25599
25605
25576
25581
25575
25575
25567
25559
25555
25553
25553
25557
25564
25574
25578
25583
25586
25607
25604
25609
25621
25630
25645
25647
25643
25665
25671
25667
25673
25673
25677
25681
25679
25671
25665
25649
25639
25639
25633
25623
25603
25594
25603
25577
25591
25578
25575
25572
25563
25563
25566
25565
25563
25571
25579
25585
25586
25599
25612
25599
25617
25610
25621
25641
25649
25656
25673
25673
25673
25685
25687
25682
25677
25673
25669
25661
25651
25642
25639
25635
25623
25611
25602
25593
25593
25591
25590
25584
25559
25561
25562
25559
25553
25549
25557
25569
25581
25593
25599
25604
25589
25617
25615
25635
25643
25650
25659
25663
25665
25679
25683
25681
25678
25676
25681
25675
25661
25660
25654
25636
25626
25617
25614
25601
25589
25596
25587
25572
25562
25561
25561
25575
25559
25555
25559
25567
25574
25577
25588
25594
25602
25597
25619
25621
25629
25643
25655
25658
25665
25666
25678
25681
25673
25669
25668
25671
25667
25649
25640
25636
25628
25624
25614
25605
25589
25595
25587
25577
25571
25565
25565
25561
25565
25562
25563
25564
25573
25575
25579
25595
25594
25615
25608
25614
25623
25624
25637
25647
25655
25653
25655
25661
25674
25675
25678
25683
25673
25663
25657
25644
25645
25637
25631
25628
25619
25599
25603
25581
25588
25575
25577
25575
25571
25567
25571
25572
25575
25573
25581
25588
25595
25597
25607
25601
25616
25625
25645
25654
25663
25663
25667
25672
25681
25683
25681
25683
25687
25675
25670
25663
25663
25647
25634
25631
25624
25609
25601
25589
25599
25587
25577
25575
25573
25561
25562
25566
25575
25575
25580
25589
25595
25595
25599
25609
25601
25619
25629
25637
25645
25646
25657
25663
25678
25677
25678
25676
25676
25679
25677
25667
25665
25649
25639
25630
25619
25607
25598
25604
25583
25597
25589
25584
25575
25563
25561
25567
25565
25565
25571
25583
25589
25595
25599
25609
25599
25629
25616
25629
25645
25650
25655
25662
25671
25679
25676
25679
25679
25677
25671
25676
25662
25658
25652
25645
25639
25632
25615
25605
25597
25607
25583
25591
25582
25577
25567
25569
25573
25565
25567
25573
25577
25587
25588
25599
25612
25603
25601
25612
25623
25635
25635
25649
25653
25668
25670
25677
25683
25679
25675
25672
25669
25670
25655
25651
25644
25635
25625
25621
25604
25599
25603
25581
25591
25588
25577
25570
25575
25577
25567
25567
25575
25581
25578
25587
25596
25611
25605
25613
25622
25631
25631
25643
25662
25671
25662
25663
25670
25671
25671
25676
25673
25664
25657
25647
25646
25645
25643
25629
25612
25608
25599
25594
25591
25594
25587
25577
25567
25573
25584
25583
25599
25602
25585
25601
25601
25609
25629
25642
25657
25665
25671
25679
25695
25718
25725
25731
25741
25748
25745
25747
25749
25759
25755
25741
25737
25736
25723
25718
25718
25713
25711
25713
25707
25707
25703
25691
25696
25701
25711
25714
25722
25729
25729
25729
25740
25747
25765
25775
25785
25799
25807
25798
25802
25813
25817
25809
25813
25822
25824
25805
25800
25795
25781
25775
25764
25760
25741
25719
25705
25693
25689
25666
25653
25633
25627
25616
25610
25609
25605
25599
25615
25635
25607
25603
25603
25607
25620
25623
25633
25645
25660
25657
25662
25677
25691
25699
25701
25703
25709
25706
25709
25705
25713
25701
25688
25680
25670
25655
25641
25635
25628
25611
25593
25599
25591
25583
25573
25566
25568
25563
25551
25561
25567
25561
25563
25566
25573
25585
25599
25611
25617
25621
25638
25647
25656
25665
25673
25681
25691
25697
25703
25703
25707
25699
25683
25684
25676
25672
25657
25650
25637
25629
25612
25602
25591
25595
25576
25573
25564
25559
25559
25565
25571
25571
25564
25566
25581
25587
25595
25601
25595
25634
25618
25623
25647
25661
25665
25675
25683
25690
25694
25700
25696
25693
25690
25681
25683
25682
25661
25647
25635
25627
25614
25607
25610
25595
25595
25590
25575
25566
25557
25564
25562
25561
25562
25572
25577
25581
25587
25596
25617
25603
25608
25627
25636
25649
25654
25664
25671
25687
25678
25685
25687
25690
25690
25700
25693
25689
25667
25658
25643
25639
25627
25610
25598
25609
25585
25591
25584
25578
25567
25563
25570
25565
25561
25559
25567
25579
25576
25580
25589
25600
25599
25623
25611
25630
25641
25649
25661
25678
25681
25681
25688
25692
25692
25685
25682
25679
25675
25665
25667
25655
25640
25628
25616
25609
25603
25588
25599
25591
25582
25564
25562
25567
25562
25555
25549
25562
25571
25581
25598
25604
25595
25617
25608
25621
25637
25646
25656
25669
25687
25695
25697
25695
25707
25700
25691
25695
25693
25678
25679
25681
25672
25646
25627
25616
25616
25599
25613
25581
25591
25584
25577
25580
25570
25563
25570
25569
25573
25574
25579
25592
25602
25596
25619
25617
25635
25640
25656
25668
25672
25673
25686
25695
25697
25696
25699
25694
25695
25689
25682
25675
25662
25656
25644
25638
25627
25611
25599
25605
25578
25582
25574
25579
25579
25570
25571
25569
25571
25575
25580
25587
25591
25599
25613
25613
25629
25643
25644
25655
25661
25663
25668
25687
25701
25710
25711
25718
25713
25710
25699
25701
25700
25698
25690
25679
25674
25661
25650
25655
25650
25647
25637
25628
25627
25617
25623
25629
25635
25643
25641
25643
25659
25672
25677
25690
25703
25724
25735
25749
25769
25789
25789
25805
25819
25816
25805
25806
25805
25796
25797
25795
25783
25773
25757
25747
25734
25715
25710
25698
25684
25665
25647
25633
25620
25615
25614
25607
25603
25593
25609
25589
25608
25599
25618
25603
25615
25621
25626
25637
25643
25653
25651
25657
25667
25679
25687
25684
25690
25689
25694
25691
25691
25686
25670
25658
25651
25649
25635
25617
25609
25599
25606
25583
25595
25585
25577
25565
25570
25559
25554
25561
25563
25567
25573
25567
25573
25582
25591
25595
25608
25601
25610
25617
25630
25653
25656
25655
25659
25663
25671
25673
25666
25671
25676
25664
25655
25651
25647
25636
25629
25623
25613
25603
25601
25595
25604
25581
25603
25588
25603
25578
25599
25609
25597
25621
25616
25619
25628
25629
25641
25657
25671
25679
25699
25711
25718
25733
25735
25751
25752
25751
25759
25763
25756
25753
25760
25757
25745
25741
25739
25737
25721
25703
25694
25690
25688
25686
25684
25683
25673
25657
25659
25654
25655
25662
25665
25668
25679
25687
25697
25705
25715
25728
25731
25733
25743
25748
25751
25762
25766
25763
25753
25750
25757
25759
25750
25740
25731
25716
25703
25695
25689
25683
25669
25667
25657
25641
25635
25638
25636
25640
25643
25639
25635
25639
25639
25655
25671
25680
25688
25695
25703
25705
25715
25726
25735
25741
25745
25748
25757
25764
25765
25765
25761
25759
25756
25745
25739
25735
25725
25726
25722
25705
25692
25687
25674
25665
25659
25651
25651
25643
25641
25643
25643
25641
25638
25641
25650
25665
25673
25680
25683
25688
25693
25709
25709
25717
25717
25712
25705
25717
25705
25701
25698
25697
25691
25679
25667
25663
25648
25635
25633
25627
25613
25601
25596
25607
25587
25596
25590
25585
25577
25586
25590
25599
25599
25601
25595
25613
25597
25627
25615
25633
25632
25635
25638
25650
25655
25661
25666
25662
25657
25662
25660
25662
25657
25642
25634
25625
25616
25603
25599
25614
25589
25595
25587
25582
25573
25574
25577
25575
25567
25553
25562
25562
25565
25576
25580
25591
25595
25604
25597
25625
25621
25626
25632
25641
25651
25655
25656
25659
25669
25665
25660
25663
25663
25651
25643
25639
25628
25621
25621
25613
25596
25595
25596
25591
25584
25573
25569
25567
25569
25568
25567
25570
25577
25575
25575
25584
25599
25604
25595
25622
25607
25611
25621
25639
25655
25653
25655
25657
25665
25661
25663
25665
25662
25648
25643
25639
25633
25625
25619
25610
25605
25597
25604
25576
25587
25574
25570
25570
25575
25577
25565
25567
25568
25571
25588
25591
25599
25604
25591
25619
25615
25623
25628
25637
25649
25659
25650
25658
25668
25674
25670
25663
25666
25659
25657
25651
25645
25640
25637
25625
25621
25607
25598
25597
25599
25596
25585
25584
25583
25575
25573
25576
25571
25577
25588
25596
25604
25593
25613
25603
25612
25621
25633
25651
25665
25671
25673
25685
25702
25704
25703
25709
25706
25713
25715
25713
25704
25705
25696
25693
25698
25699
25691
25680
25674
25671
25671
25665
25666
25665
25655
25645
25652
25663
25663
25668
25683
25689
25698
25719
25732
25745
25758
25775
25789
25805
25810
25819
25832
25848
25855
25862
25855
25869
25863
25871
25877
25874
25869
25863
25857
25859
25844
25838
25837
25831
25815
25807
25796
25797
25793
25797
25793
25793
25789
25801
25799
25816
25816
25832
25841
25860
25869
25885
25902
25921
25928
25939
25947
25957
25965
25973
25989
26002
25991
25977
25977
25973
25969
25949
25939
25934
25912
25899
25887
25876
25853
25833
25822
25810
25792
25779
25771
25766
25759
25747
25753
25756
25756
25761
25775
25781
25789
25802
25815
25825
25833
25850
25861
25867
25881
25879
25890
25898
25903
25896
25894
25895
25895
25887
25879
25867
25862
25849
25839
25822
25805
25795
25781
25775
25775
25753
25737
25722
25715
25710
25713
25707
25701
25685
25673
25685
25679
25677
25676
25680
25695
25697
25697
25709
25711
25709
25733
25741
25738
25733
25738
25755
25767
25760
25758
25755
25757
25752
25755
25751
25752
25731
25723
25719
25711
25697
25681
25665
25655
25639
25619
25599
25605
25575
25587
25589
25583
25572
25561
25567
25577
25581
25585
25587
25594
25607
25610
25619
25634
25647
25665
25683
25686
25696
25703
25709
25709
25702
25699
25703
25707
25683
25679
25671
25661
25635
25617
25620
25607
25591
25591
25575
25557
25555
25552
25549
25543
25535
25530
25539
25539
25548
25552
25563
25583
25599
25614
25615
25631
25647
25655
25659
25671
25686
25693
25701
25698
25715
25727
25727
25725
25715
25711
25705
25692
25693
25673
25663
25646
25645
25639
25630
25623
25607
25599
25607
25595
25606
25587
25610
25601
25607
25607
25618
25630
25639
25644
25665
25681
25687
25703
25715
25735
25747
25747
25763
25771
25775
25777
25775
25771
25768
25760
25757
25758
25757
25743
25728
25720
25716
25703
25693
25679
25662
25643
25636
25636
25635
25627
25621
25615
25613
25621
25623
25624
25633
25632
25641
25649
25659
25675
25686
25699
25701
25701
25711
25722
25729
25729
25727
25726
25727
25730
25729
25724
25719
25703
25689
25680
25667
25656
25643
25633
25628
25614
25610
25599
25599
25597
25591
25585
25575
25575
25580
25582
25575
25580
25584
25588
25599
25609
25602
25615
25617
25633
25641
25644
25646
25655
25655
25664
25667
25671
25662
25658
25658
25658
25648
25647
25643
25639
25623
25609
25599
25609
25594
25599
25593
25583
25567
25560
25566
25573
25569
25573
25576
25577
25582
25591
25591
25599
25599
25609
25611
25613
25627
25634
25641
25653
25660
25667
25666
25672
25664
25666
25663
25669
25657
25655
25651
25640
25633
25615
25607
25609
25601
25591
25592
25591
25581
25576
25575
25577
25563
25557
25559
25562
25562
25564
25580
25597
25602
25591
25623
25613
25623
25631
25639
25649
25663
25667
25669
25680
25677
25688
25683
25680
25674
25669
25667
25660
25642
25639
25627
25621
25609
25597
25601
25579
25590
25579
25575
25579
25575
25570
25565
25576
25578
25576
25581
25599
25611
25601
25607
25613
25619
25624
25639
25651
25656
25657
25665
25677
25678
25683
25685
25679
25667
25663
25657
25655
25641
25629
25625
25623
25611
25599
25607
25596
25604
25577
25585
25577
25584
25583
25598
25599
25599
25599
25605
25599
25625
25623
25637
25650
25663
25667
25684
25698
25707
25721
25727
25731
25738
25737
25740
25746
25753
25753
25754
25752
25752
25747
25739
25733
25739
25729
25733
25731
25728
25733
25729
25727
25731
25726
25726
25735
25735
25723
25727
25736
25747
25745
25745
25742
25751
25755
25763
25763
25767
25766
25770
25765
25767
25762
25765
25757
25757
25741
25721
25713
25703
25699
25687
25669
25660
25648
25628
25623
25619
25608
25591
25599
25595
25592
25589
25584
25591
25585
25583
25599
25605
25587
25607
25606
25613
25616
25624
25639
25641
25655
25656
25665
25667
25659
25661
25663
25656
25654
25651
25647
25643
25629
25623
25613
25606
25598
25597
25589
25577
25565
25559
25555
25543
25543
25543
25541
25539
25542
25543
25553
25563
25574
25585
25591
25599
25615
25608
25619
25634
25645
25646
25655
25671
25676
25672
25672
25674
25673
25661
25653
25652
25650
25633
25623
25609
25597
25610
25579
25593
25582
25567
25557
25551
25549
25545
25543
25544
25548
25548
25552
25558
25564
25573
25591
25599
25607
25599
25631
25629
25637
25649
25655
25658
25663
25669
25667
25664
25671
25663
25657
25657
25649
25647
25634
25623
25611
25599
25605
25581
25586
25571
25561
25563
25559
25553
25551
25549
25555
25549
25547
25551
25560
25567
25585
25588
25599
25613
25599
25629
25625
25635
25642
25647
25667
25670
25670
25666
25666
25672
25659
25653
25655
25644
25633
25633
25620
25615
25597
25602
25585
25585
25575
25566
25563
25563
25553
25541
25543
25551
25541
25544
25553
25563
25575
25569
25583
25599
25607
25607
25614
25625
25633
25639
25651
25651
25656
25663
25668
25668
25670
25663
25651
25648
25643
25639
25632
25622
25607
25598
25608
25585
25581
25575
25567
25559
25547
25552
25558
25554
25556
25561
25551
25553
25562
25569
25582
25597
25599
25607
25603
25615
25630
25635
25647
25661
25661
25665
25662
25673
25677
25676
25665
25662
25658
25647
25644
25644
25636
25631
25625
25614
25603
25591
25605
25583
25590
25585
25586
25589
25581
25583
25597
25597
25606
25591
25612
25611
25616
25621
25631
25651
25666
25667
25672
25680
25697
25701
25710
25707
25709
25713
25709
25713
25711
25705
25697
25689
25678
25674
25660
25652
25641
25635
25631
25625
25623
25609
25610
25607
25613
25607
25607
25608
25606
25613
25621
25633
25644
25646
25653
25663
25676
25695
25707
25705
25719
25725
25729
25741
25743
25745
25743
25743
25743
25734
25725
25714
25711
25705
25695
25685
25671
25663
25653
25641
25637
25623
25607
25607
25605
25596
25607
25599
25617
25599
25616
25603
25615
25623
25635
25633
25647
25659
25669
25680
25687
25692
25699
25706
25717
25713
25711
25717
25716
25717
25705
25709
25695
25679
25674
25667
25655
25641
25621
25621
25613
25605
25595
25607
25591
25597
25589
25591
25589
25595
25604
25593
25604
25594
25619
25609
25627
25629
25635
25643
25655
25659
25662
25674
25683
25687
25683
25682
25683
25681
25671
25666
25658
25658
25651
25647
25636
25621
25608
25599
25607
25592
25593
25590
25575
25573
25571
25569
25567
25570
25567
25569
25581
25591
25599
25599
25607
25593
25609
25604
25613
25619
25622
25626
25639
25648
25650
25653
25658
25660
25661
25653
25649
25639
25629
25627
25621
25606
25599
25611
25586
25601
25571
25581
25573
25575
25573
25574
25572
25567
25561
25557
25558
25572
25572
25572
25592
25599
25603
25597
25619
25615
25609
25619
25637
25647
25647
25641
25655
25655
25650
25653
25653
25655
25645
25636
25632
25630
25625
25617
25601
25597
25597
25587
25582
25583
25572
25561
25564
25567
25568
25567
25569
25579
25575
25574
25585
25591
25606
25592
25615
25617
25624
25629
25634
25637
25647
25649
25656
25661
25665
25663
25663
25655
25653
25645
25634
25631
25629
25615
25614
25615
25599
25609
25580
25595
25589
25575
25572
25570
25569
25564
25572
25569
25575
25575
25583
25585
25599
25607
25597
25620
25608
25619
25632
25639
25646
25641
25646
25652
25657
25650
25651
25658
25649
25643
25642
25636
25633
25629
25614
25604
25599
25601
25581
25591
25589
25577
25575
25573
25565
25564
25568
25569
25572
25568
25576
25581
25596
25595
25598
25607
25601
25610
25623
25626
25630
25637
25640
25652
25660
25655
25655
25655
25659
25659
25645
25634
25625
25625
25621
25613
25607
25596
25603
25590
25598
25588
25579
25580
25567
25558
25559
25569
25569
25567
25572
25574
25584
25591
25599
25604
25592
25615
25609
25613
25625
25639
25642
25643
25645
25660
25655
25657
25661
25661
25651
25645
25647
25640
25631
25621
25618
25607
25599
25607
25581
25587
25579
25584
25570
25567
25567
25573
25577
25572
25575
25583
25591
25597
25599
25605
25598
25621
25607
25623
25629
25635
25643
25649
25649
25656
25654
