33169
33237
33242
33203
33191
33201
33215
33172
33135
33149
33127
33111
33143
33101
33119
33157
33131
33165
33174
33168
33149
33092
33100
33143
33126
33089
33119
33131
33125
33111
33102
33151
33176
33121
33140
33112
33248
33204
33172
33182
33173
33199
33178
33169
33187
33243
33213
33134
33111
33143
33143
33148
33135
33075
33087
33102
33089
33094
33099
33079
33119
33110
33099
33071
33065
33097
33098
33120
33111
33138
33143
33105
33161
33168
33161
33169
33151
33178
33137
33147
33139
33179
33163
33127
33147
33157
33159
33189
33172
33161
33175
33172
33093
33127
33178
33173
33150
33098
33171
33141
33101
33123
33110
33116
33079
33095
33099
33109
33080
33077
33079
33111
33143
33116
33103
33116
33107
33119
33173
33166
33136
33146
33151
33127
33135
33139
33169
33206
33187
33178
33150
33151
33154
33134
33127
33095
33121
33111
33094
33075
33064
33099
33090
33111
33082
33105
33109
33127
33108
33105
33126
33118
33132
33177
33163
33153
33167
33141
33163
33191
33183
33139
33143
33171
33139
33156
33181
33231
33219
33159
33137
33156
33126
33203
33208
33170
33117
33091
33131
33177
33160
33145
33184
33186
33159
33132
33111
33118
33133
33125
33109
33136
33143
33151
33183
33155
33175
33179
33136
33158
33179
33199
33215
33239
33184
33181
33265
33227
33213
33211
33227
33215
33240
33219
33183
33232
33219
33194
33213
33199
33168
33174
33156
33145
33134
33157
33147
33159
33117
33102
33144
33126
33125
33143
33141
33161
33117
33139
33117
33179
33165
33184
33184
33208
33245
33283
33255
33172
33194
33209
33195
33153
33182
33191
33142
33179
33186
33149
33158
33161
33131
33174
33171
33117
33131
33088
33127
33163
33129
33167
33149
33180
33147
33148
33140
33183
33179
33133
33161
33170
33191
33213
33239
33220
33195
33179
33197
33205
33226
33231
33211
33185
33162
33194
33189
33214
33232
33203
33139
33179
33223
33175
33174
33172
33179
33193
33217
33196
33127
33134
33142
33147
33143
33143
33165
33177
33154
33151
33173
33163
33155
33169
33196
33145
33194
33199
33205
33207
33227
33185
33194
33201
33197
33200
33165
33176
33162
33201
33181
33157
33151
33180
33222
33140
33146
33183
33167
33111
33146
33185
33159
33167
33121
33072
33079
33109
33135
33195
33190
33195
33171
33109
33101
33159
33163
33190
33171
33112
33172
33192
33203
33223
33259
33223
33186
33243
33223
33217
33148
33175
33193
33169
33159
33148
33148
33135
33151
33136
33155
33119
33111
33130
33149
33181
33169
33159
33179
33170
33171
33182
33123
33183
33175
33167
33151
33164
33154
33137
33175
33200
33175
33175
33207
33209
33203
33191
33188
33203
33151
33177
33167
33151
33135
33143
33133
33157
33175
33159
33137
33143
33115
33132
33123
33159
33145
33127
33132
33139
33157
33143
33145
33158
33189
33183
33172
33165
33191
33190
33192
33181
33216
33181
33201
33197
33181
33163
33180
33186
33213
33195
33207
33201
33157
33195
33186
33194
33167
33161
33174
33160
33141
33174
33194
33149
33113
33142
33157
33125
33095
33105
33109
33083
33103
33163
33175
33195
33177
33157
33159
33189
33183
33202
33182
33218
33212
33189
33175
33198
33219
33208
33181
33181
33182
33187
33203
33169
33143
33127
33131
33148
33177
33150
33117
33095
33155
33123
33143
33154
33158
33131
33162
33145
33113
33181
33145
33128
33145
33164
33194
33201
33223
33217
33185
33209
33161
33163
33196
33168
33157
33163
33183
33161
33144
33153
33139
33177
33131
33177
33121
33139
33129
33107
33121
33100
33102
33113
33151
33143
33188
33135
33135
33161
33146
33129
33127
33153
33167
33199
33211
33177
33185
33181
33229
33211
33225
33220
33208
33207
33223
33199
33168
33190
33213
33207
33188
33201
33139
33138
33162
33170
33124
33122
33107
33119
33159
33178
33151
33063
33142
33159
33085
33119
33103
33181
33172
33179
33143
33149
33144
33153
33168
33203
33185
33159
33148
33155
33207
33172
33176
33198
33206
33186
33173
33199
33167
33165
33198
33165
33170
33146
33193
33192
33155
33141
33120
33121
33087
33109
33141
33134
33113
33111
33150
33123
33116
33143
33175
33169
33145
33122
33162
33144
33152
33161
33209
33240
33232
33253
33209
33168
33154
33151
33182
33217
33185
33175
33170
33155
33148
33143
33166
33110
33125
33136
33107
33113
33160
33141
33159
33126
33134
33163
33170
33155
33146
33118
33125
33163
33197
33155
33157
33185
33181
33199
33199
33167
33166
33173
33173
33151
33143
33175
33193
33176
33179
33191
33164
33175
33159
33168
33149
33169
33123
33136
33163
33125
33113
33117
33119
33143
33131
33143
33142
33159
33200
33144
33128
33129
33117
33157
33200
33193
33231
33205
33155
33210
33203
33180
33177
33187
33206
33183
33179
33161
33195
33170
33161
33116
33103
33114
33171
33159
33172
33207
33159
33133
33099
33140
33107
33120
33103
33145
33122
33097
33104
33112
33128
33169
33195
33191
33151
33183
33187
33150
33161
33183
33197
33213
33183
33181
33179
33137
33180
33172
33174
33217
33217
33158
33149
33123
33118
33166
33184
33153
33157
33131
33109
33175
33150
33118
33095
33109
33134
33177
33161
33139
33136
33138
33165
33136
33162
33159
33161
33181
33206
33223
33178
33148
33169
33160
33215
33153
33180
33232
33243
33194
33206
33219
33177
33163
33201
33156
33154
33145
33136
33148
33155
33146
33153
33148
33145
33154
33185
33151
33163
33143
33141
33158
33143
33150
33127
33111
33150
33192
33197
33179
33196
33183
33181
33201
33213
33233
33248
33197
33153
33171
33185
33183
33170
33169
33175
33177
33183
33129
33127
33164
33159
33127
33119
33113
33125
33139
33204
33172
33169
33150
33137
33129
33104
33134
33131
33124
33182
33204
33149
33113
33131
33137
33126
33161
33160
33179
33123
33161
33195
33169
33193
33201
33159
33143
33244
33170
33151
33153
33169
33167
33161
33175
33160
33130
33142
33161
33111
33124
33105
33119
33113
33143
33167
33141
33123
33143
33175
33167
33157
33189
33174
33165
33170
33165
33171
33179
33191
33138
33161
33207
33230
33139
33147
33181
33169
33183
33221
33191
33133
33117
33150
33119
33149
33135
33163
33141
33153
33171
33139
33089
33110
33087
33091
33127
33165
33168
33159
33211
33187
33175
33155
33132
33134
33173
33166
33175
33222
33227
33151
33124
33172
33225
33180
33157
33162
33127
33117
33124
33168
33123
33127
33163
33174
33107
33077
33105
33126
33136
33132
33090
33120
33105
33138
33146
33145
33127
33159
33180
33138
33125
33161
33159
33189
33147
33168
33199
33156
33190
33179
33163
33133
33146
33168
33163
33190
33187
33179
33159
33135
33154
33215
33175
33137
33129
33169
33138
33141
33141
33122
33127
33126
33121
33121
33134
33143
33154
33114
33115
33144
33139
33167
33171
33196
33173
33183
33161
33163
33169
33159
33173
33192
33164
33190
33171
33179
33173
33225
33193
33175
33207
33165
33164
33149
33151
33141
33080
33159
33151
33191
33161
33161
33125
33095
33083
33118
33115
33113
33130
33122
33163
33128
33145
33144
33158
33185
33125
33139
33201
33223
33185
33157
33159
33171
33232
33215
33172
33192
33175
33166
33179
33151
33129
33128
33173
33148
33097
33119
33100
33086
33146
33167
33167
33115
33096
33085
33107
33088
33087
33079
33122
33103
33133
33119
33151
33121
33120
33161
33187
33165
33153
33127
33143
33122
33151
33151
33159
33143
33159
33163
33170
33153
33143
33143
33157
33135
33115
33124
33119
33149
33127
33137
33105
33119
33098
33118
33089
33093
33127
33134
33166
33151
33157
33095
33116
33103
33127
33125
33135
33166
33139
33199
33149
33143
33127
33095
33149
33141
33176
33181
33210
33166
33119
33176
33163
33137
33147
33153
33143
33114
33103
33114
33147
33132
33121
33109
33127
33104
33093
33064
33132
33145
33157
33131
33141
33179
33143
33151
33166
33167
33118
33127
33151
33170
33166
33204
33215
33181
33209
33181
33160
33182
33193
33159
33178
33165
33151
33182
33141
33150
33146
33124
33151
33142
33162
33105
33126
33135
33097
33120
33099
33123
33145
33127
33123
33155
33165
33165
33143
33164
33157
33161
33156
33125
33199
33205
33209
33173
33143
33177
33163
33168
33129
33178
33157
33111
33141
33183
33151
33147
33106
33096
33083
33145
33143
33119
33096
33092
33115
33135
33142
33169
33123
33147
33154
33188
33186
33168
33158
33165
33151
33117
33127
33127
33131
33186
33169
33194
33182
33157
33133
33143
33201
33185
33157
33138
33190
33151
33166
33156
33143
33162
33164
33158
33208
33147
33135
33155
33161
33195
33158
33113
33120
33186
33160
33164
33146
33138
33147
33213
33195
33228
33202
33147
33143
33143
33168
33167
33157
33187
33181
33167
33167
33199
33200
33141
33174
33217
33167
33175
33167
33183
33178
33178
33143
33143
33135
33131
33131
33113
33118
33129
33149
33128
33147
33142
33147
33145
33183
33194
33189
33191
33173
33141
33178
33214
33187
33177
33189
33184
33199
33215
33166
33185
33188
33191
33192
33145
33179
33187
33151
33179
33155
33137
33133
33141
33127
33151
33173
33159
33127
33094
33111
33109
33101
33101
33129
33161
33183
33145
33111
33166
33189
33151
33159
33164
33149
33159
33179
33202
33203
33143
33164
33171
33215
33208
33182
33156
33173
33185
33130
33125
33153
33206
33149
33142
33145
33205
33171
33128
33088
33124
33120
33127
33160
33161
33127
33163
33179
33173
33166
33167
33166
33172
33174
33213
33220
33206
33221
33167
33143
33177
33181
33151
33166
33224
33193
33206
33187
33147
33166
33174
33201
33165
33157
33191
33159
33141
33169
33141
33185
33176
33166
33176
33136
33101
33107
33155
33143
33197
33190
33160
33137
33170
33207
33200
33159
33169
33183
33182
33173
33155
33188
33195
33255
33181
33164
33163
33177
33229
33175
33197
33166
33121
33117
33141
33193
33149
33194
33201
33153
33102
33127
33187
33132
33135
33157
33165
33217
33205
33185
33177
33215
33217
33169
33147
33184
33188
33175
33141
33136
33190
33136
33239
33223
33155
33171
33162
33157
33185
33169
33153
33167
33133
33136
33151
33138
33073
33063
33069
33087
33086
33038
33081
33107
33095
33119
33128
33147
33133
33132
33083
33152
33167
33167
33132
33144
33131
33141
33117
33109
33143
33161
33135
33119
33142
33172
33148
33143
33112
33109
33171
33127
33148
33150
33137
33122
33153
33146
33123
33141
33127
33113
33134
33151
33170
33153
33175
33157
33119
33141
33167
33127
33156
33187
33170
33167
33172
33155
33175
33225
33224
33161
33183
33143
33161
33155
33213
33134
33137
33174
33171
33200
33200
33126
33126
33149
33145
33129
33157
33141
33202
33143
33124
33158
33145
33153
33224
33187
33157
33148
33150
33188
33171
33184
33149
33131
33124
33176
33172
33185
33161
33177
33183
33157
33181
33178
33204
33207
33179
33198
33144
33172
33155
33159
33167
33151
33197
33159
33097
33084
33131
33140
33137
33111
33123
33139
33143
33162
33155
33177
33156
33149
33103
33110
33103
33149
33159
33157
33137
33148
33176
33193
33167
33205
33157
33133
33143
33105
33180
33166
33164
33151
33195
33170
33177
33151
33159
33165
33175
33188
33194
33157
33111
33115
33121
33164
33209
33171
33158
33137
33101
33127
33150
33127
33156
33187
33189
33125
33157
33178
33177
33145
33129
33181
33183
33167
33188
33148
33175
33225
33239
33249
33229
33213
33216
33209
33225
33212
33175
33186
33188
33136
33176
33198
33163
33157
33123
33128
33165
33182
33159
33195
33203
33133
33159
33188
33173
33179
33140
33117
33191
33222
33199
33151
33172
33167
33185
33189
33153
33151
33153
33198
33191
33191
33180
33157
33185
33207
33154
33152
33169
33210
33171
33145
33147
33142
33119
33183
33201
33135
33122
33189
33231
33220
33136
33175
33145
33138
33194
33175
33127
33203
33187
33202
33171
33207
33195
33163
33209
33205
33143
33157
33200
33168
33153
33137
33143
33154
33131
33166
33191
33206
33150
33162
33154
33127
33108
33101
33138
33141
33175
33151
33157
33139
33099
33131
33173
33175
33131
33180
33191
33179
33161
33147
33136
33157
33148
33119
33164
33215
33186
33128
33147
33189
33164
33183
33158
33127
33127
33151
33166
33113
33159
33197
33187
33144
33165
33145
33121
33133
33155
33126
33155
33126
33149
33143
33171
33190
33151
33149
33129
33141
33187
33174
33143
33194
33214
33191
33221
33165
33151
33185
33194
33159
33176
33168
33178
33175
33189
33175
33159
33128
33122
33162
33110
33113
33151
33123
33139
33164
33169
33123
33141
33143
33167
33155
33154
33173
33162
33185
33155
33162
33161
33138
33150
33189
33178
33155
33131
33143
33179
33191
33223
33177
33215
33219
33175
33174
33187
33159
33125
33146
33195
33196
33143
33130
33134
33127
33135
33141
33145
33137
33148
33149
33146
33197
33197
33146
33148
33168
33180
33181
33130
33163
33153
33167
33173
33164
33129
33187
33199
33155
33173
33173
33127
33143
33206
33199
33151
33111
33144
33109
33130
33144
33160
33135
33087
33118
33109
33143
33135
33146
33186
33122
33136
33172
33105
33137
33160
33156
33162
33163
33143
33162
33167
33193
33207
33191
33173
33205
33181
33165
33143
33185
33227
33154
33198
33190
33153
33179
33163
33154
33118
33162
33190
33192
33187
33183
33183
33156
33156
33141
33099
33127
33143
33195
33156
33173
33203
33215
33163
33120
33148
33161
33150
33153
33161
33239
33221
33204
33199
33165
33219
33217
33165
33193
33147
33175
33215
33171
33179
33172
33153
33134
33157
33159
33173
33127
33121
33103
33127
33164
33181
33117
33139
33185
33174
33127
33166
33172
33181
33168
33175
33133
33109
33156
33197
33166
33174
33169
33162
33159
33164
33191
33152
33209
33244
33228
33183
33143
33139
33150
33187
33189
33190
33157
33123
33150
33155
33147
33136
33141
33129
33138
33127
33134
33111
33109
33129
33143
33145
33162
33159
33159
33127
33094
33143
33200
33189
33131
33140
33173
33181
33137
33114
33151
33168
33148
33134
33182
33159
33111
33126
33137
33125
33116
33159
33139
33118
33109
33143
33181
33127
33141
33169
33144
33149
33122
33141
33173
33159
33143
33131
33157
33141
33163
33164
33181
33205
33172
33184
33178
33185
33163
33151
33182
33224
33195
33186
33203
33195
33209
33220
33168
33191
33145
33114
33135
33126
33157
33143
33154
33135
33112
33134
33149
33130
33159
33189
33132
33117
33109
33147
33147
33111
33137
33181
33159
33130
33169
33191
33221
33172
33164
33187
33175
33153
33176
33209
33185
33185
33186
33178
33175
33159
33178
33113
33139
33151
33163
33173
33145
33143
33173
33175
33145
33115
33143
33141
33139
33107
33137
33173
33176
33187
33207
33161
33162
33167
33159
33169
33182
33217
33172
33196
33199
33115
33160
33135
33147
33147
33143
33161
33133
33105
33164
33153
33201
33238
33202
33177
33143
33178
33198
33186
33176
33129
33151
33174
33138
33121
33136
33154
33133
33137
33152
33131
33123
33171
33159
33159
33151
33133
33155
33157
33198
33176
33126
33135
33147
33179
33127
33119
33175
33186
33167
33169
33143
33136
33127
33121
33094
33127
33136
33175
33151
33142
33120
33120
33131
33104
33134
33167
33151
33155
33195
33143
33137
33159
33159
33151
33161
33176
33195
33159
33148
33191
33138
33131
33159
33164
33143
33185
33170
33090
33139
33177
33141
33145
33143
33137
33103
33125
33140
33159
33137
33143
33163
33170
33128
33126
33142
33151
33185
33121
33116
33123
33113
33156
33181
33131
33142
33179
33149
33115
33163
33171
33149
33141
33121
33145
33183
33155
33123
33173
33179
33139
33125
33108
33123
33110
33139
33165
33112
33114
33118
33128
33113
33120
33105
33093
33094
33111
33084
33124
33122
33143
33138
33141
33182
33158
33139
33147
33129
33139
33151
33149
33173
33159
33175
33199
33173
33153
33162
33173
33145
33117
33171
33151
33143
33133
33116
33169
33173
33164
33117
33129
33149
33170
33164
33151
33179
33139
33165
33180
33179
33181
33160
33139
33167
33130
33119
33180
33203
33169
33153
33124
33126
33122
33125
33146
33183
33176
33230
33180
33176
33173
33181
33182
33156
33129
33143
33175
33206
33160
33107
33141
33145
33132
33167
33150
33137
33151
33192
33137
33111
33127
33126
33097
33125
33097
33150
33193
33203
33182
33211
33184
33157
33208
33180
33163
33146
33157
33191
33135
33134
33146
33130
33158
33193
33183
33141
33152
33185
33173
33175
33139
33153
33167
33157
33177
33189
33199
33151
33153
33175
33177
33145
33149
33157
33163
33181
33187
33219
33182
33152
33206
33228
33208
33208
33215
33179
33207
33209
33199
33191
33219
33172
33197
33181
33188
33206
33188
33167
33187
33197
33153
33161
33203
33159
33131
33172
33132
33127
33168
33163
33166
33157
33167
33159
33161
33136
33127
33177
33189
33215
33168
33193
33209
33201
33192
33215
33237
33193
33190
33161
33161
33208
33215
33183
33181
33188
33163
33190
33184
33207
33215
33168
33183
33131
33109
33134
33169
33161
33135
33151
33139
33137
33186
33196
33197
33197
33219
33170
33189
33189
33100
33145
33181
33159
33164
33124
33144
33191
33141
33126
33148
33196
33193
33221
33201
33193
33192
33183
33187
33233
33181
33179
33143
33127
33169
33175
33189
33179
33197
33143
33191
33151
33194
33172
33162
33151
33145
33169
33172
33139
33161
33155
33124
33135
33169
33175
33146
33141
33163
33175
33164
33185
33199
33178
33151
33144
33166
33162
33178
33161
33159
33139
33133
33186
33171
33155
33144
33167
33129
33119
33143
33166
33187
33146
33107
33117
33128
33181
33183
33171
33185
33209
33157
33179
33194
33189
33193
33194
33185
33173
33181
33134
33151
33227
33215
33207
33157
33162
33179
33168
33116
33123
33127
33127
33165
33145
33121
33096
33135
33136
33143
33159
33168
33151
33174
33167
33153
33172
33200
33189
33158
33148
33148
33151
33194
33177
33161
33171
33213
33202
33145
33135
33142
33190
33211
33161
33191
33138
33212
33188
33153
33153
33162
33177
33169
33153
33172
33120
33127
33135
33139
33151
33173
33181
33192
33199
33149
33158
33136
33129
33127
33127
33130
33166
33164
33143
33143
33129
33190
33187
33156
33181
33163
33167
33190
33161
33165
33159
33099
33148
33192
33113
33144
33157
33192
33199
33147
33129
33136
33141
33135
33131
33169
33193
33168
33161
33146
33175
33173
33175
33196
33179
33198
33181
33185
33164
33143
33116
33115
33163
33176
33167
33151
33169
33151
33182
33193
33203
33183
33165
33132
33116
33099
33116
33154
33143
33151
33131
33102
33082
33102
33079
33103
33138
33137
33139
33095
33127
33159
33155
33199
33156
33173
33151
33129
33117
33127
33139
33140
33123
33095
33129
33189
33113
33128
33141
33139
33163
33151
33154
33183
33179
33187
33178
33139
33174
33174
33155
33112
33138
33143
33130
33111
33127
33158
33127
33179
33183
33155
33188
33142
33108
33133
33108
33122
33129
33145
33175
33147
33168
33164
33169
33149
33119
33147
33193
33193
33157
33121
33128
33137
33135
33135
33203
33178
33152
33149
33143
33131
33131
33129
33124
33131
33164
33161
33167
33154
33179
33173
33145
33127
33121
33161
33117
33118
33143
33159
33141
33133
33168
33116
33157
33185
33151
33191
33172
33198
33207
33227
33202
33176
33175
33207
33187
33171
33148
33167
33161
33127
33167
33185
33167
33143
33142
33129
33118
33119
33126
33109
33147
33111
33121
33191
33154
33125
33219
33196
33165
33211
33175
33207
33194
33165
33161
33187
33195
33179
33157
33113
33173
33189
33157
33185
33215
33189
33198
33163
33149
33165
33162
33166
33179
33187
33193
33185
33181
33188
33175
33194
33135
33122
33137
33100
33117
33187
33162
33115
33167
33189
33185
33155
33165
33179
33156
33181
33167
33143
33160
33168
33156
33199
33147
33143
33154
33158
33169
33232
33172
33163
33113
33169
33179
33159
33175
33123
33170
33203
33167
33125
33175
33202
33137
33169
33169
33193
33200
33130
33125
33164
33151
33188
33192
33175
33184
33176
33212
33153
33173
33168
33157
33207
33185
33167
33186
33139
33159
33159
33191
33154
33127
33142
33151
33171
33134
33127
33122
33175
33124
33145
33175
33166
33127
33153
33167
33167
33158
33139
33131
33143
33126
33080
33093
33146
33187
33159
33193
33183
33189
33222
33154
33163
33190
33180
33153
33164
33173
33190
33173
33197
33142
33134
33169
33150
33155
33147
33134
33171
33138
33154
33153
33133
33103
33156
33125
33106
33125
33193
33179
33159
33185
33169
33157
33179
33185
33200
33143
33146
33145
33171
33156
33165
33164
33177
33169
33198
33191
33159
33147
33198
33179
33141
33144
33128
33143
33163
33119
33137
33162
33176
33135
33117
33144
33119
33077
33067
33121
33133
33138
33138
33115
33103
33116
33181
33185
33138
33127
33167
33151
33130
33133
33132
33165
33178
33182
33143
33164
33151
33139
33141
33177
33203
33162
33159
33130
33125
33095
33102
33118
33113
33145
33154
33119
33159
33139
33175
33141
33144
33118
33122
33130
33135
33126
33205
33183
33141
33128
33155
33131
33155
33156
33207
33180
33142
33162
33149
33167
33181
33167
33189
33135
33172
33175
33148
33139
33107
33113
33162
33157
33123
33163
33163
33148
33148
33134
33109
33099
33113
33094
33121
33096
33095
33126
33107
33117
33119
33093
33174
33193
33165
33097
33186
33191
33165
33142
33196
33172
33137
33153
33138
33100
33155
33184
33179
33148
33150
33131
33159
33184
33153
33119
33143
33166
33135
33144
33149
33166
33161
33158
33132
33121
33123
33134
33109
33124
33121
33149
33163
33135
33119
33144
33183
33173
33177
33159
33161
33170
33166
33222
33207
33163
33157
33143
33133
33199
33189
33162
33143
33147
33135
33157
33197
33193
33173
33139
33143
33143
33154
33108
33105
33147
33167
33162
33155
33197
33189
33133
33084
33128
33144
33151
33179
33186
33151
33157
33171
33161
33145
33175
33133
33115
33160
33207
33169
33198
33193
33184
33171
33145
33143
33143
33164
33147
33119
33128
33145
33151
33166
33194
33152
33149
33119
33154
33153
33134
33100
33094
33127
33116
33139
33150
33135
33159
33177
33193
33184
33183
33190
33168
33174
33178
33161
33171
33175
33145
33159
33161
33171
33157
33153
33168
33161
33127
33148
33154
33128
33132
33139
33109
33080
33133
33118
33082
33129
33201
33141
33128
33157
33180
33173
33149
33204
33170
33162
33149
33159
33197
33219
33202
33148
33151
33161
33173
33184
33145
33164
33167
33162
33181
33206
33133
33149
33194
33181
33148
33196
33164
33177
33231
33238
33227
33175
33143
33119
33167
33134
33183
33150
33165
33156
33159
33145
33193
33187
33163
33209
33215
33178
33161
33197
33207
33193
33187
33164
33132
33155
33147
33149
33159
33176
33159
33131
33138
33156
33155
33191
33149
33151
33145
33127
33143
33177
33166
33140
33149
33165
33151
33165
33160
33144
33137
33121
33171
33177
33177
33151
33208
33175
33161
33166
33178
33191
33175
33133
33164
33193
33155
33177
33161
33175
33173
33169
33157
33183
33163
33132
33142
33151
33195
33143
33136
33133
33151
33137
33161
33177
33187
33175
33122
33148
33165
33184
33171
33143
33172
33175
33186
33205
33172
33200
33188
33197
33163
33141
33149
33185
33195
33220
33161
33155
33155
33164
33200
33210
33167
33159
33120
33127
33125
33144
33127
33128
33167
33153
33173
33164
33161
33209
33201
33165
33143
33155
33171
33201
33225
33141
33133
33159
33181
33182
33166
33161
33197
33163
33195
33207
33219
33132
33159
33191
33138
33081
33110
33160
33181
33175
33164
33143
33139
33134
33127
33159
33149
33173
33167
33120
33124
33124
33140
33151
33143
33141
33140
33163
33129
33121
33145
33167
33143
33153
33149
33143
33137
33162
33170
33197
33186
33215
33163
33174
33177
33163
33201
33151
33172
33181
33159
33186
33165
33182
33169
33190
33199
33211
33161
33141
33125
33151
33121
33139
33181
33128
33118
33169
33181
33137
33162
33177
33189
33166
33150
33193
33215
33181
33163
33161
33147
33195
33223
33136
33129
33151
33159
33132
33155
33168
33141
33112
33166
33141
33124
33143
33145
33148
33161
33125
33175
33133
33140
33147
33187
33169
33176
33145
33143
33189
33133
33092
33158
33182
33171
33111
33144
33122
33167
33163
33166
33143
33167
33153
33151
33201
33173
33169
33207
33179
33191
33167
33182
33158
33196
33171
33186
33183
33153
33181
33127
33148
33187
33175
33128
33116
33171
33171
33165
33174
33124
33153
33147
33130
33143
33174
33186
33178
33143
33162
33201
33153
33168
33155
33176
33175
33159
33159
33188
33188
33166
33176
33139
33147
33157
33171
33181
33194
33169
33173
33183
33171
33175
33164
33139
33148
33154
33150
33138
33159
33174
33138
33175
33167
33183
33124
33189
33176
33127
33175
33219
33183
33194
33151
33171
33153
33151
33151
33169
33191
33149
33141
33155
33145
33127
33127
33128
33196
33184
33165
33166
33159
33199
33134
33151
33143
33120
33171
33131
33145
33129
33155
33167
33143
33164
33119
33131
33143
33172
33158
33162
33172
33158
33191
33144
33152
33141
33130
33162
33130
33119
33149
33114
33159
33165
33141
33167
33191
33175
33169
33183
33109
33151
33166
33133
33112
33124
33149
33159
33175
33175
33145
33169
33171
33235
33175
33147
33157
33169
33175
33150
33184
33176
33186
33184
33128
33175
33225
33191
33172
33155
33185
33208
33169
33161
33217
33189
33133
33114
33131
33140
33145
33155
33155
33122
33126
33149
33129
33169
33121
33159
33143
33139
33143
33146
33167
33156
33191
33197
33184
33191
33179
33175
33168
33176
33181
33213
33223
33194
33186
33167
33148
33172
33147
33155
33159
33119
33131
33145
33179
33139
33150
33161
33134
33143
33192
33161
33160
33138
33133
33137
33186
33166
33165
33163
33180
33161
33137
33158
33148
33099
33121
33115
33134
33174
33155
33158
33187
33188
33197
33174
33142
33102
33138
33191
33203
33189
33167
33134
33175
33156
33117
33159
33131
33138
33139
33127
33123
33107
33127
33150
33157
33147
33131
33163
33177
33139
33152
33203
33188
33177
33130
33163
33226
33169
33144
33157
33146
33153
33168
33205
33189
33201
33199
33166
33155
33167
33153
33125
33139
33139
33190
33146
33151
33160
33186
33143
33181
33165
33143
33100
33091
33135
33159
33142
33146
33141
33125
33167
33200
33179
33195
33198
33198
33143
33163
33191
33191
33201
33183
33179
33185
33177
33170
33175
33175
33161
33155
33143
33144
33153
33137
33146
33157
33167
33127
33143
33151
33127
33175
33167
33183
33179
33163
33169
33167
33163
33159
33159
33117
33154
33175
33237
33241
33195
33213
33205
33182
33177
33141
33143
33167
33194
33205
33201
33151
33152
33169
33169
33175
33185
33148
33124
33138
33148
33137
33125
33164
33185
33139
33189
33189
33123
33179
33195
33199
33174
33175
33186
33196
33173
33147
33170
33168
33209
33178
33112
33192
33203
33213
33208
33231
33239
33225
33209
33209
33183
33215
33197
33116
33135
33157
33173
33129
33147
33163
33163
33159
33161
33171
33199
33190
33175
33177
33155
33173
33149
33159
33127
33110
33163
33185
33167
33193
33177
33191
33150
33143
33137
33191
33206
33191
33205
33138
33117
33217
33236
33189
33203
33156
33162
33165
33113
33134
33128
33132
33186
33213
33190
33159
33151
33109
33143
33114
33103
33152
33100
33103
33127
33149
33127
33149
33111
33132
33134
33113
33153
33167
33159
33162
33138
33141
33164
33175
33191
33162
33116
33137
33173
33164
33115
33139
33162
33149
33140
33118
33130
33111
33095
33148
33135
33143
33151
33127
33109
33108
33147
33175
33121
33128
33175
33122
33105
33116
33117
33139
33139
33137
33126
33097
33140
33130
33131
33131
33119
33105
33083
33137
33122
33111
33162
33138
33108
33083
33151
33163
33116
33115
33102
33110
33095
33166
33108
33092
33131
33129
33147
33120
33124
33169
33101
33119
33158
33134
33151
33144
33128
33129
33159
33138
33175
33165
33190
33195
33142
33127
33159
33159
33107
33095
33116
33171
33191
33154
33166
33179
33148
33143
33143
33171
33163
33143
33159
33140
33124
33167
33131
33138
33155
33145
33117
33097
33153
33145
33189
33183
33162
33177
33187
33153
33175
33212
33121
33143
33191
33143
33145
33087
33137
33139
33125
33153
33163
33151
33153
33126
33135
33151
33203
33175
33134
33147
33158
33151
33147
33141
33136
33159
33139
33153
33159
33145
33130
33122
33133
33121
33117
33143
33207
33151
33169
33171
33187
33197
33202
33191
33151
33204
33203
33205
33163
33183
33175
33167
33133
33142
33141
33203
33189
33179
33182
33161
33152
33103
33132
33143
33143
33120
33131
33166
33142
33175
33120
33119
33139
33165
33172
33183
33167
33144
33144
33157
33179
33160
33151
33164
33199
33188
33149
33143
33151
33159
33125
33142
33161
33181
33172
33146
33134
33168
33131
33131
33105
33098
33143
33147
33163
33119
33134
33134
33143
33167
33151
33141
33155
33156
33183
33147
33100
33105
33151
33205
33193
33151
33136
33119
33101
33121
33188
33205
33167
33126
33143
33149
33141
33151
33155
33142
33161
33164
33151
33127
33125
33140
33143
33158
33143
33161
33180
33159
33135
33145
33155
33149
33131
33175
33156
33196
33217
33181
33181
33164
33175
33197
33199
33151
33139
33155
33153
33156
33223
33207
33203
33175
33176
33160
33183
33168
33156
33151
33153
33175
33167
33144
33170
33154
33141
33180
33218
33197
33176
33151
33167
33186
33151
33151
33147
33137
33191
33195
33175
33195
33202
33167
33175
33170
33221
33228
33127
33168
33197
33199
33159
33164
33143
33135
33143
33182
33177
33181
33177
33176
33149
33133
33163
33161
33171
33231
33175
33123
33159
33168
33168
33185
33143
33147
33151
33151
33191
33147
33154
33159
33152
33190
33174
33175
33178
33186
33199
33181
33165
33167
33226
33191
33234
33229
33202
33201
33185
33183
33171
33193
33215
33215
33173
33153
33185
33161
33165
33165
33151
33167
33111
33134
33170
33174
33215
33205
33158
33147
33171
33177
33164
33175
33163
33191
33211
33208
33189
33238
33207
33178
33179
33219
33173
33193
33213
33164
33208
33223
33181
33160
33219
33209
33207
33165
33189
33175
33194
33175
33165
33178
33177
33162
33167
33217
33194
33182
33185
33184
33179
33145
33172
33195
33184
33145
33141
33130
33093
33063
33162
33131
33185
33176
33209
33205
33193
33143
33131
33199
33173
33153
33125
33101
33135
33120
33068
33059
33008
33002
33011
32993
32987
32977
32966
33008
32993
32985
32987
33007
33090
33045
33023
33037
33059
33075
33081
33027
33050
33092
33056
33094
33086
33086
33109
33085
33049
33081
33039
33060
33053
33071
33075
33074
33045
33053
33049
33066
33079
33085
33089
33073
33061
33026
33095
33091
33063
33057
33061
33092
33077
33088
33105
33147
33157
33165
33113
33123
33131
33143
33187
33185
33191
33162
33120
33095
33117
33156
33133
33126
33120
33125
33129
33126
33111
33123
33089
33103
33094
33112
33102
33127
33116
33151
33122
33139
33133
33092
33072
33084
33131
33127
33155
33180
33157
33159
33166
33176
33157
33167
33171
33182
33187
33203
33165
33166
33209
33123
33164
33160
33173
33143
33147
33169
33173
33141
33154
33144
33128
33115
33191
33167
33135
33129
33127
33211
33205
33185
33151
33135
33129
33143
33195
33190
33157
33140
33122
33137
33160
33121
33189
33160
33133
33157
33128
33173
33164
33191
33209
33189
33185
33183
33239
33189
33225
33216
33200
33239
33225
33231
33192
33227
33213
33247
33275
33223
33203
33174
33203
33227
33180
33186
33199
33215
33154
33195
33215
33227
33167
33143
33184
33210
33172
33215
33219
33245
33223
33245
33183
33205
33231
33184
33195
33242
33266
33275
33217
33202
33242
33194
33185
33192
33205
33170
33221
33188
33211
33195
33147
33148
33171
33228
33195
33206
33226
33181
33171
33174
33192
33215
33165
33179
33233
33236
33223
33235
33271
33251
33251
33286
33252
33207
33200
33177
33223
33201
33232
33197
33203
33197
33206
33207
33185
33155
33159
33160
33149
33169
33136
33135
33113
33142
33121
33141
33129
33143
33189
33197
33159
33188
33218
33237
33220
33227
33192
33185
33198
33169
33183
33191
33202
33245
33261
33161
33155
33157
33190
33153
33183
33203
33183
33124
33119
33149
33209
33211
33159
33204
33175
33135
33167
33135
33151
33155
33165
33145
33131
33138
33199
33225
33195
33180
33211
33171
33156
33146
33176
33168
33201
33203
33163
33197
33167
33172
33187
33184
33177
33156
33152
33202
33222
33177
33191
33134
33105
33105
33127
33167
33159
33171
33127
33138
33181
33186
33170
33175
33165
33187
33177
33184
33176
33151
33161
33178
33183
33161
33191
33151
33130
33155
33184
33159
33173
33188
33162
33168
33209
33223
33171
33200
33217
33203
33175
33199
33183
33178
33201
33225
33201
33164
33173
33183
33143
33186
33165
33207
33215
33204
33175
33153
33176
33186
33175
33159
33169
33193
33142
33156
33143
33155
33191
33163
33191
33246
33209
33199
33197
33205
33197
33165
33150
33203
33231
33232
33199
33148
33169
33180
33157
33174
33159
33180
33172
33132
33130
33135
33129
33127
33129
33129
33143
33186
33201
33168
33172
33165
33127
33149
33160
33213
33207
33207
33193
33185
33223
33236
33219
33189
33205
33181
33179
33222
33237
33227
33195
33249
33192
33211
33209
33173
33149
33153
33215
33191
33169
33149
33182
33223
33231
33191
33192
33148
33151
33193
33205
33191
33208
33232
33183
33172
33148
33195
33237
33267
33239
33153
33179
33206
33167
33223
33207
33188
33212
33179
33182
33226
33180
33159
33182
33156
33151
33167
33159
33199
33158
33186
33173
33160
33137
33134
33143
33181
33143
33156
33163
33243
33189
33143
33179
33239
33197
33177
33207
33196
33155
33181
33218
33173
33188
33176
33190
33215
33159
33160
33173
33159
33169
33189
33214
33221
33191
33185
33141
33104
33143
33184
33140
33155
33161
33141
33137
33139
33117
33134
33149
33162
33176
33161
33207
33183
33155
33180
33146
33115
33118
33084
33141
33117
33131
33128
33151
33111
33107
33081
33111
33155
33149
33137
33124
33167
33159
33123
33098
33079
33102
33101
33147
33153
33127
33109
33093
33067
33124
33100
33059
33094
33130
33146
33073
33121
33167
33129
33159
33124
33164
33153
33140
33113
33111
33169
33183
33199
33179
33151
33181
33207
33171
33175
33157
33141
33165
33162
33188
33143
33126
33120
33189
33165
33135
33121
33105
33169
33174
33141
33139
33143
33189
33146
33131
33137
33155
33132
33186
33185
33131
33195
33192
33173
33173
33178
33181
33156
33147
33128
33190
33185
33175
33203
33202
33183
33131
33129
33160
33151
33083
33085
33125
33076
33061
33077
33095
33104
33106
33112
33137
33119
33140
33117
33127
33112
33099
33111
33106
33148
33123
33133
33172
33146
33145
33180
33203
33175
33131
33145
33133
33162
33147
33145
33163
33166
33146
33144
33143
33122
33126
33172
33160
33181
33123
33126
33129
33119
33116
33125
33099
33127
33117
33119
33145
33180
33194
33145
33127
33187
33181
33189
33206
33173
33185
33213
33174
33160
33165
33223
33239
33247
33233
33145
33159
33218
33174
33149
33151
33141
33159
33151
33167
33146
33143
33149
33188
33143
33183
33141
33149
33139
33177
33163
33171
33185
33165
33186
33209
33159
33147
33144
33178
33205
33196
33167
33195
33209
33144
33119
33189
33181
33204
33197
33142
33141
33195
33159
33154
33205
33185
33165
33174
33140
33157
33163
33166
33195
33184
33215
33203
33205
33203
33194
33145
33117
33131
33113
33131
33161
33151
33160
33157
33207
33211
33207
33195
33173
33163
33167
33169
33177
33184
33187
33169
33211
33191
33137
33147
33165
33176
33169
33161
33085
33118
33134
33113
33153
33175
33161
33127
33118
33121
33149
33135
33120
33087
33108
33106
33084
33119
33156
33165
33165
33127
33120
33113
33145
33131
33121
33164
33161
33129
33101
33081
33105
33140
33097
33144
33129
33100
33141
33151
33127
33163
33095
33123
33160
33128
33130
33131
33149
33111
33099
33123
33081
33115
33132
33141
33146
33119
33142
33129
33139
33150
33131
33172
33196
33202
33165
33135
33179
33153
33205
33178
33151
33136
33109
33151
33176
33103
33110
33153
33184
33175
33157
33135
33161
33168
33120
33161
33157
33125
33116
33134
33127
33126
33101
33079
33143
33161
33148
33155
33166
33147
33184
33193
33179
33220
33183
33185
33171
33160
33202
33223
33206
33203
33127
33174
33195
33151
33162
33181
33151
33153
33167
33146
33127
33159
33175
33151
33139
33142
33131
33163
33173
33173
33119
33153
33124
33189
33180
33151
33185
33242
33223
33182
33187
33159
33179
33191
33159
33177
33225
33237
33225
33233
33199
33179
33191
33180
33191
33197
33173
33179
33161
33182
33191
33236
33207
33168
33196
33166
33160
33205
33191
33202
33159
33180
33131
33207
33215
33200
33190
33169
33144
33191
33165
33195
33191
33192
33227
33207
33169
33192
33218
33199
33244
33217
33149
33179
33181
33201
33207
33157
33135
33151
33159
33199
33175
33143
33122
33111
33121
33151
33207
33207
33153
33228
33229
33173
33175
33128
33143
33181
33177
33177
33185
33186
33187
33184
33203
33175
33213
33185
33191
33180
33162
33183
33192
33183
33148
33144
33139
33161
33182
33165
33165
33153
33177
33153
33173
33188
33163
33158
33181
33199
33173
33179
33219
33229
33177
33183
33161
33155
33161
33184
33197
33151
33137
33180
33203
33193
33203
33157
33168
33159
33148
33172
33142
33151
33215
33145
33175
33167
33153
33175
33177
33103
33105
33148
33173
33207
33185
33118
33132
33187
33165
33127
33181
33176
33191
33156
33195
33214
33162
33183
33173
33167
33109
33137
33173
33215
33211
33150
33159
33195
33170
33170
33199
33186
33187
33217
33212
33147
33174
33214
33175
33149
33127
33135
33120
33109
33138
33137
33191
33169
33169
33158
33140
33177
33146
33151
33167
33133
33197
33177
33189
33240
33205
33189
33209
33165
33145
33195
33193
33180
33158
33207
33191
33168
33179
33163
33167
33153
33164
33190
33163
33172
33181
33184
33144
33134
33155
33118
33137
33188
33143
33143
33155
33180
33187
33218
33188
33191
33163
33159
33165
33199
33187
33187
33196
33205
33211
33225
33210
33206
33194
33183
33211
33222
33191
33189
33195
33191
33177
33223
33215
33224
33231
33207
33153
33163
33181
33211
33211
33191
33179
33167
33191
33159
33165
33157
33222
33230
33217
33215
33178
33181
33171
33239
33192
33176
33221
33178
33209
33247
33161
33173
33231
33223
33151
33161
33167
33215
33184
33199
33192
33161
33163
33163
33173
33146
33148
33163
33228
33236
33185
33191
