33039
33037
32991
32933
32841
32793
32805
32843
32937
33027
33085
33193
33313
33368
33389
33336
33253
33155
33069
33031
33017
32958
32974
33014
33043
33052
33034
33037
33040
33041
33019
32945
32867
32801
32821
32828
32808
32747
32663
32645
32689
32720
32697
32620
32519
32438
32416
32380
32363
32375
32377
32424
32513
32538
32547
32541
32492
32447
32423
32307
32233
32204
32195
32235
32255
32253
32327
32446
32565
32683
32711
32646
32615
32589
32581
32627
32627
32623
32645
32681
32737
32804
32860
32959
33034
33081
33064
33037
33046
33063
33067
33043
33015
33027
33069
33127
33197
33187
33179
33177
33167
33168
33149
33057
33005
33000
33003
33055
33058
33005
32981
32974
32961
32917
32848
32751
32687
32670
32677
32667
32639
32613
32613
32659
32697
32726
32716
32633
32556
32498
32402
32347
32311
32225
32219
32244
32288
32337
32379
32439
32479
32487
32492
32487
32478
32449
32418
32337
32309
32302
32311
32391
32471
32545
32618
32687
32757
32779
32810
32807
32806
32840
32871
32873
32853
32862
32899
32979
33047
33103
33126
33138
33139
33155
33135
33089
33041
33013
33095
33185
33245
33277
33241
33184
33177
33143
33078
32999
32918
32875
32823
32795
32790
32812
32828
32893
32935
32983
32963
32880
32813
32725
32606
32503
32462
32422
32390
32377
32375
32408
32471
32545
32572
32559
32504
32467
32447
32388
32293
32196
32173
32224
32311
32378
32408
32425
32430
32475
32550
32542
32519
32485
32447
32477
32522
32542
32583
32669
32741
32785
32855
32860
32847
32857
32876
32915
32937
32959
32985
33047
33089
33161
33176
33165
33191
33191
33207
33190
33130
33071
33041
32986
32980
32996
33014
33085
33155
33217
33207
33163
33111
33029
32989
32917
32812
32722
32660
32619
32631
32597
32572
32635
32695
32733
32740
32684
32637
32591
32546
32511
32440
32371
32349
32352
32377
32373
32337
32324
32356
32407
32436
32441
32416
32365
32370
32415
32423
32434
32436
32449
32509
32541
32557
32580
32590
32575
32627
32639
32641
32648
32657
32722
32812
32896
32951
33006
33047
33069
33080
33047
32997
32972
32973
32981
33009
33028
33058
33093
33127
33175
33217
33249
33263
33236
33189
33084
32999
32929
32885
32864
32850
32861
32867
32915
32949
32970
32951
32907
32859
32791
32742
32667
32565
32527
32508
32503
32525
32551
32557
32562
32552
32556
32532
32489
32437
32394
32390
32398
32397
32385
32385
32379
32407
32438
32434
32423
32423
32409
32411
32375
32373
32421
32471
32541
32599
32672
32723
32776
32804
32774
32746
32712
32679
32708
32719
32702
32736
32795
32913
33042
33130
33171
33163
33148
33159
33159
33121
33073
33031
33007
33008
33019
33018
33014
33030
33073
33103
33138
33113
33069
33029
32988
32939
32903
32859
32833
32839
32833
32834
32792
32759
32731
32683
32685
32641
32593
32567
32561
32552
32537
32527
32535
32551
32583
32557
32503
32430
32380
32357
32343
32349
32345
32354
32401
32440
32489
32478
32479
32477
32519
32538
32535
32500
32466
32455
32445
32477
32514
32557
32626
32710
32794
32846
32870
32873
32886
32877
32908
32905
32897
32897
32891
32904
32946
32985
33048
33089
33137
33171
33171
33161
33131
33137
33096
33086
33063
33046
33061
33049
33038
33007
32958
32949
32948
32947
32929
32872
32827
32823
32815
32821
32807
32751
32731
32739
32727
32701
32649
32567
32527
32487
32461
32425
32415
32385
32418
32465
32504
32535
32513
32511
32515
32495
32441
32407
32355
32325
32319
32343
32351
32372
32411
32449
32531
32571
32610
32645
32650
32639
32626
32619
32607
32644
32678
32703
32744
32775
32835
32904
32962
32989
32999
33002
33032
33048
33041
33025
33012
33025
33065
33125
33169
33173
33160
33138
33118
33083
33051
33025
33006
33007
33007
33005
32995
32991
32973
32962
32942
32931
32862
32823
32778
32719
32637
32594
32574
32586
32636
32649
32639
32643
32622
32608
32557
32511
32451
32399
32350
32335
32325
32307
32327
32358
32417
32465
32501
32478
32480
32463
32451
32436
32402
32383
32385
32423
32455
32500
32537
32579
32605
32653
32677
32706
32728
32730
32775
32796
32840
32862
32907
32931
32971
33019
33031
33016
33028
33031
33051
33056
33065
33061
33087
33095
33126
33135
33157
33172
33197
33195
33158
33109
33027
32964
32916
32901
32878
32863
32862
32867
32871
32869
32848
32807
32791
32780
32735
32678
32631
32567
32537
32522
32497
32481
32477
32449
32484
32496
32480
32469
32439
32410
32396
32397
32391
32368
32352
32357
32375
32405
32418
32453
32468
32480
32497
32503
32495
32503
32527
32548
32566
32591
32649
32696
32738
32761
32767
32805
32834
32852
32872
32874
32903
32931
32973
33006
33035
33085
33081
33119
33147
33161
33162
33130
33113
33097
33061
33053
33022
32999
33026
33056
33081
33120
33109
33071
33039
32999
32939
32900
32841
32758
32713
32702
32687
32699
32666
32674
32667
32672
32643
32632
32605
32558
32503
32480
32415
32403
32395
32409
32443
32433
32438
32445
32433
32431
32403
32387
32373
32376
32389
32409
32420
32445
32502
32558
32587
32603
32600
32598
32588
32573
32573
32582
32607
32641
32707
32769
32821
32878
32925
32958
33012
33013
33003
32983
32950
32936
32933
32976
32988
33035
33071
33139
33131
33159
33149
33135
33116
33092
33047
33023
32985
32982
32983
32976
32970
32955
32948
32955
32929
32900
32855
32793
32744
32695
32659
32646
32633
32639
32623
32617
32600
32597
32587
32557
32532
32484
32447
32431
32407
32403
32397
32405
32430
32439
32481
32498
32481
32477
32434
32410
32417
32401
32416
32429
32452
32498
32544
32579
32627
32648
32671
32694
32711
32736
32726
32703
32700
32695
32729
32773
32829
32888
32928
32947
32999
32999
33049
33057
33075
33063
33063
33046
33027
33025
33042
33055
33077
33078
33073
33083
33075
33051
33027
32991
32952
32938
32922
32899
32885
32877
32847
32851
32828
32813
32807
32783
32735
32675
32614
32575
32558
32533
32529
32509
32523
32523
32527
32542
32529
32516
32521
32476
32446
32403
32374
32349
32386
32367
32392
32421
32463
32503
32534
32549
32538
32523
32527
32527
32520
32533
32516
32552
32583
32623
32680
32730
32783
32814
32848
32851
32855
32836
32843
32865
32870
32899
32941
32965
33015
33053
33077
33111
33111
33111
33090
33062
33047
33034
33039
33033
33029
33033
33045
33055
33075
33063
33042
32991
32929
32871
32855
32824
32787
32765
32737
32737
32749
32777
32783
32735
32691
32639
32600
32560
32523
32479
32447
32431
32440
32446
32463
32466
32484
32488
32506
32487
32481
32457
32423
32406
32380
32392
32403
32403
32441
32478
32500
32528
32553
32550
32571
32610
32621
32624
32645
32656
32673
32714
32730
32767
32818
32865
32887
32909
32915
32903
32920
32914
32935
32972
33004
33029
33079
33096
33131
33127
33135
33122
33129
33101
33076
33057
33036
33006
32981
32967
32975
32979
32981
32971
32969
32934
32891
32855
32817
32791
32763
32717
32671
32647
32591
32591
32600
32603
32615
32608
32556
32543
32509
32477
32455
32421
32391
32378
32393
32403
32436
32422
32422
32425
32421
32448
32467
32489
32487
32451
32446
32451
32489
32520
32546
32557
32589
32633
32677
32682
32709
32721
32719
32731
32760
32797
32840
32855
32891
32938
32987
33026
33043
33033
33044
33038
33019
33023
33047
33020
33020
33051
33063
33083
33125
33125
33123
33097
33093
33079
33046
32990
32942
32877
32850
32833
32829
32812
32823
32820
32804
32809
32775
32750
32689
32628
32604
32557
32538
32513
32495
32484
32477
32488
32473
32476
32458
32423
32418
32392
32391
32381
32377
32393
32431
32445
32487
32479
32501
32492
32492
32513
32502
32503
32489
32495
32548
32598
32630
32675
32679
32727
32773
32823
32854
32862
32853
32847
32847
32871
32888
32903
32935
32974
33018
33063
33085
33095
33107
33118
33105
33084
33057
33040
33021
33040
33033
33034
33065
33039
33023
33018
32999
32985
32941
32907
32869
32850
32834
32794
32785
32754
32726
32687
32675
32671
32641
32623
32585
32543
32532
32505
32482
32497
32486
32471
32466
32450
32471
32453
32455
32435
32441
32408
32407
32410
32427
32434
32439
32447
32472
32529
32563
32599
32617
32611
32611
32629
32625
32639
32646
32655
32659
32695
32734
32775
32816
32842
32887
32919
32935
32961
32985
33009
33014
32999
32977
32969
32983
32997
33031
33057
33059
33051
33045
33062
33078
33065
33035
33026
33005
32993
32949
32933
32941
32924
32878
32864
32855
32819
32797
32784
32731
32700
32673
32635
32631
32659
32641
32619
32572
32537
32539
32543
32545
32501
32465
32440
32423
32411
32422
32426
32446
32458
32458
32474
32509
32527
32530
32503
32475
32470
32463
32510
32519
32537
32541
32584
32631
32693
32713
32719
32727
32732
32767
32781
32777
32777
32787
32787
32815
32860
32903
32957
32953
32973
32985
32980
33006
33029
33030
33015
33009
33018
33019
33011
33027
33031
33016
33021
32998
32975
32949
32932
32913
32900
32896
32898
32887
32873
32856
32829
32825
32777
32743
32689
32693
32655
32618
32585
32545
32549
32559
32552
32584
32577
32562
32565
32546
32499
32492
32471
32459
32463
32460
32449
32453
32475
32519
32535
32535
32517
32507
32554
32585
32589
32591
32575
32601
32625
32656
32684
32675
32693
32705
32727
32763
32759
32798
32805
32821
32869
32887
32872
32895
32935
32964
32977
32980
32940
32959
32994
33033
33043
33021
32989
32959
32959
32981
33006
33034
33032
32983
32965
32963
32956
32931
32885
32841
32807
32795
32802
32804
32780
32767
32733
32689
32703
32703
32697
32663
32620
32579
32559
32535
32519
32484
32467
32478
32487
32506
32499
32469
32503
32517
32525
32520
32492
32482
32469
32485
32487
32479
32465
32492
32511
32563
32609
32607
32613
32630
32635
32649
32655
32680
32705
32746
32773
32770
32785
32841
32869
32863
32859
32871
32881
32914
32935
32932
32943
32976
33023
33057
33059
33045
33020
33029
33079
33087
33047
33014
32959
32959
32957
32969
32952
32913
32918
32923
32940
32955
32931
32877
32800
32741
32735
32751
32708
32665
32650
32634
32601
32609
32621
32625
32594
32558
32522
32501
32469
32447
32442
32461
32445
32471
32481
32469
32465
32439
32445
32465
32477
32481
32500
32505
32502
32526
32538
32541
32563
32624
32645
32673
32657
32673
32677
32687
32702
32737
32767
32807
32858
32858
32879
32909
32917
32942
32967
32975
32971
32986
32995
33005
32977
32977
32999
33043
33055
33059
33081
33085
33075
33046
33023
32986
32970
32940
32936
32921
32891
32865
32859
32837
32833
32834
32802
32759
32719
32687
32667
32697
32667
32631
32579
32533
32511
32536
32524
32510
32471
32429
32437
32473
32489
32471
32439
32410
32403
32430
32470
32479
32488
32475
32483
32495
32515
32531
32558
32557
32539
32547
32575
32619
32634
32642
32699
32717
32762
32789
32806
32831
32847
32845
32871
32872
32892
32905
32941
32951
32959
32973
32992
33031
33041
33058
33047
33053
33044
33022
33017
33007
32983
32999
33004
33003
32997
32967
32965
32965
32951
32927
32886
32855
32816
32777
32755
32751
32705
32690
32677
32659
32660
32650
32607
32595
32556
32533
32509
32487
32467
32466
32475
32459
32471
32466
32470
32463
32463
32462
32456
32451
32439
32431
32461
32503
32519
32526
32559
32601
32607
32632
32633
32631
32650
32679
32677
32663
32688
32713
32760
32791
32834
32871
32885
32900
32902
32915
32959
32972
32955
32923
32935
32953
32991
33006
33001
33025
33022
33035
33031
33051
33035
33000
32967
32951
32928
32948
32935
32935
32931
32918
32863
32871
32857
32816
32767
32716
32692
32687
32673
32673
32655
32639
32621
32599
32583
32581
32551
32541
32538
32503
32487
32477
32461
32463
32452
32453
32461
32468
32497
32514
32503
32495
32511
32532
32523
32511
32514
32544
32562
32610
32612
32606
32627
32644
32713
32749
32751
32726
32718
32740
32770
32800
32823
32837
32836
32869
32903
32940
32965
32975
32939
32954
32972
32971
32993
33007
33000
32980
32966
32974
32970
32989
32999
32982
32977
32973
32939
32933
32927
32894
32853
32837
32848
32832
32810
32787
32784
32760
32743
32725
32681
32647
32621
32603
32585
32559
32546
32539
32545
32550
32555
32531
32531
32503
32484
32485
32491
32477
32473
32483
32474
32473
32497
32495
32525
32543
32553
32567
32581
32584
32579
32595
32609
32630
32639
32647
32655
32697
32753
32783
32794
32773
32799
32815
32825
32832
32857
32853
32871
32893
32915
32949
32965
32975
32984
32981
32973
32979
32981
32974
32989
32981
32959
32946
32964
32967
32963
32943
32949
32939
32928
32920
32892
32835
32825
32796
32785
32780
32745
32747
32729
32708
32695
32676
32637
32613
32576
32565
32550
32529
32519
32527
32519
32527
32510
32505
32498
32473
32458
32462
32463
32477
32501
32497
32485
32479
32495
32511
32532
32547
32568
32574
32604
32616
32627
32631
32641
32658
32662
32703
32737
32769
32788
32797
32807
32839
32867
32871
32860
32868
32883
32903
32930
32951
32977
32991
32988
32983
32982
33017
33013
33015
32983
32965
32981
32991
32975
32949
32949
32946
32935
32918
32908
32878
32847
32844
32823
32819
32791
32759
32699
32698
32697
32680
32667
32633
32609
32583
32581
32582
32548
32519
32485
32483
32494
32517
32493
32467
32439
32449
32491
32513
32509
32472
32462
32477
32493
32497
32520
32516
32499
32519
32561
32589
32656
32642
32637
32659
32696
32714
32733
32751
32749
32745
32772
32792
32844
32877
32887
32905
32911
32933
32967
32955
32977
32967
32951
32964
32987
32993
32987
32987
33007
32991
33035
33043
33023
32993
32963
32934
32929
32902
32887
32881
32869
32862
32843
32843
32801
32781
32748
32732
32701
32687
32668
32625
32596
32571
32563
32551
32551
32533
32509
32523
32536
32520
32498
32468
32433
32431
32431
32449
32429
32451
32483
32501
32534
32531
32527
32511
32528
32551
32570
32569
32577
32585
32620
32663
32674
32697
32735
32731
32765
32806
32834
32839
32838
32831
32845
32893
32923
32933
32929
32944
32947
32977
32998
33003
32993
32983
32997
33007
33004
33009
32985
32976
32980
32981
32987
32967
32953
32925
32891
32859
32847
32821
32814
32811
32777
32771
32756
32757
32737
32689
32656
32617
32623
32609
32585
32560
32543
32521
32505
32491
32486
32467
32486
32495
32490
32493
32491
32450
32445
32483
32503
32503
32494
32485
32515
32534
32558
32530
32549
32583
32611
32636
32663
32663
32671
32685
32710
32711
32748
32775
32803
32839
32834
32848
32864
32885
32908
32931
32943
32935
32943
32949
32972
32983
32965
32968
32980
32989
33003
33008
32994
32975
32979
32967
32957
32929
32927
32915
32923
32922
32889
32881
32865
32823
32799
32784
32739
32710
32707
32701
32693
32659
32631
32602
32588
32587
32604
32589
32564
32545
32536
32519
32507
32480
32464
32434
32463
32479
32501
32511
32487
32501
32509
32535
32539
32555
32532
32540
32543
32579
32608
32608
32632
32656
32661
32698
32737
32732
32733
32743
32755
32765
32806
32823
32856
32873
32882
32887
32908
32923
32941
32935
32941
32931
32932
32947
32943
32935
32948
32965
32999
32988
32990
32985
32962
32950
32933
32915
32883
32889
32869
32859
32849
32840
32833
32812
32803
32787
32756
32742
32720
32689
32653
32647
32619
32592
32589
32591
32593
32571
32572
32540
32537
32539
32509
32495
32494
32463
32484
32493
32499
32502
32496
32506
32521
32541
32536
32547
32541
32563
32567
32581
32614
32633
32647
32663
32696
32697
32717
32746
32759
32771
32765
32767
32804
32807
32835
32846
32861
32887
32902
32923
32934
32955
32950
32969
32976
32976
32957
32951
32949
32935
32943
32959
32935
32951
32951
32953
32941
32943
32935
32896
32877
32879
32869
32826
32812
32782
32760
32751
32762
32737
32713
32691
32675
32662
32633
32639
32587
32567
32559
32561
32565
32544
32517
32515
32501
32517
32519
32505
32497
32473
32473
32475
32487
32509
32519
32538
32521
32531
32563
32577
32593
32591
32617
32643
32646
32679
32693
32688
32687
32712
32743
32772
32821
32841
32858
32842
32853
32871
32903
32894
32886
32905
32919
32943
32945
32961
32975
32971
32986
32981
33009
33002
32978
32960
32947
32934
32930
32917
32919
32903
32886
32879
32867
32869
32858
32813
32779
32769
32764
32749
32721
32687
32654
32637
32635
32630
32617
32601
32567
32553
32530
32515
32519
32491
32481
32473
32479
32489
32509
32523
32480
32477
32481
32505
32505
32507
32510
32500
32519
32552
32567
32579
32605
32627
32649
32659
32672
32681
32701
32725
32725
32747
32767
32782
32810
32851
32867
32876
32901
32909
32936
32945
32941
32947
32965
32975
32965
32976
32983
32991
32998
32998
32974
32951
32946
32964
32967
32947
32918
32911
32899
32907
32889
32869
32835
32815
32791
32787
32787
32767
32734
32710
32666
32647
32644
32618
32613
32603
32567
32577
32564
32549
32519
32497
32463
32456
32471
32476
32487
32484
32473
32473
32487
32485
32503
32509
32509
32517
32541
32548
32567
32577
32587
32593
32625
32639
32661
32687
32701
32727
32729
32777
32798
32799
32828
32847
32868
32874
32871
32871
32897
32908
32931
32957
32972
32953
32967
32973
32963
32966
32979
32985
32974
32975
32981
32990
32958
32921
32911
32903
32917
32908
32875
32847
32805
32790
32788
32779
32767
32743
32720
32721
32689
32671
32647
32627
32605
32599
32589
32581
32552
32531
32528
32507
32487
32495
32502
32507
32521
32510
32495
32492
32487
32490
32483
32495
32507
32519
32537
32549
32568
32583
32604
32625
32637
32666
32683
32651
32673
32685
32706
32759
32767
32776
32800
32850
32859
32863
32881
32879
32874
32881
32911
32925
32947
32969
32965
32968
32953
32940
32937
32967
32954
32945
32936
32922
32933
32931
32919
32896
32878
32887
32877
32885
32871
32855
32817
32790
32763
32725
32725
32717
32689
32671
32655
32658
32663
32641
32615
32600
32582
32551
32543
32535
32519
32509
32500
32492
32500
32513
32510
32517
32515
32520
32503
32507
32505
32527
32545
32549
32563
32588
32602
32619
32607
32627
32638
32651
32677
32693
32719
32738
32751
32767
32775
32793
32821
32852
32861
32872
32861
32874
32891
32901
32909
32927
32924
32931
32935
32945
32959
32943
32951
32934
32941
32931
32923
32939
32897
32911
32917
32899
32891
32889
32862
32848
32824
32822
32811
32801
32767
32737
32720
32697
32703
32681
32670
32641
32639
32617
32606
32585
32567
32558
32550
32539
32546
32534
32523
32521
32525
32513
32522
32512
32509
32495
32505
32523
32527
32543
32543
32559
32571
32586
32608
32624
32627
32645
32677
32687
32696
32716
32727
32725
32746
32775
32786
32814
32836
32840
32871
32871
32887
32898
32911
32913
32920
32912
32927
32935
32929
32921
32945
32955
32937
32941
32927
32911
32933
32929
32917
32898
32903
32884
32843
32845
32814
32811
32793
32803
32792
32781
32774
32737
32723
32689
32660
32639
32622
32615
32617
32592
32586
32575
32548
32557
32561
32565
32541
32531
32521
32519
32511
32519
32505
32500
32527
32514
32546
32560
32567
32569
32583
32583
32595
32585
32599
32602
32627
32639
32665
32707
32713
32729
32765
32781
32786
32799
32817
32825
32825
32828
32846
32872
32892
32907
32904
32894
32895
32935
32951
32955
32957
32954
32935
32927
32930
32910
32907
32907
32895
32881
32902
32911
32898
32897
32857
32819
32805
32788
32764
32767
32747
32727
32721
32726
32709
32703
32695
32667
32631
32619
32605
32617
32609
32589
32584
32556
32567
32551
32536
32535
32543
32565
32560
32571
32556
32535
32561
32545
32565
32579
32566
32575
32583
32619
32649
32630
32664
32676
32677
32697
32688
32723
32723
32741
32752
32765
32778
32781
32807
32827
32823
32847
32863
32866
32873
32893
32895
32892
32871
32863
32871
32908
32910
32919
32909
32887
32879
32899
32892
32889
32881
32875
32836
32809
32831
32813
32825
32806
32789
32779
32767
32767
32733
32717
32721
32697
32678
32665
32664
32645
32628
32611
32607
32604
32585
32589
32583
32575
32552
32560
32533
32537
32541
32538
32562
32566
32563
32567
32583
32589
32579
32603
32604
32611
32613
32626
32643
32647
32665
32671
32691
32707
32709
32730
32757
32751
32775
32774
32778
32799
32819
32838
32854
32848
32880
32883
32892
32893
32893
32892
32897
32909
32900
32905
32902
32903
32897
32913
32919
32926
32903
32890
32873
32871
32865
32847
32810
32799
32802
32794
32783
32778
32764
32753
32744
32713
32725
32691
32671
32659
32631
32625
32629
32610
32603
32594
32576
32576
32568
32583
32567
32562
32522
32527
32547
32555
32545
32552
32563
32559
32570
32575
32581
32596
32595
32605
32625
32627
32657
32661
32685
32695
32688
32703
32743
32764
32772
32800
32789
32813
32807
32832
32832
32847
32863
32871
32895
32918
32917
32916
32927
32919
32898
32919
32938
32935
32929
32899
32903
32877
32879
32918
32903
32876
32862
32855
32845
32858
32829
32805
32801
32775
32767
32767
32735
32730
32711
32684
32658
32669
32664
32663
32642
32606
32597
32584
32581
32571
32553
32537
32557
32554
32559
32543
32535
32553
32546
32527
32526
32541
32543
32561
32568
32577
32591
32611
32626
32631
32634
32659
32663
32691
32687
32723
32731
32731
32736
32760
32781
32805
32816
32828
32857
32861
32887
32885
32901
32901
32889
32891
32910
32903
32915
32911
32929
32926
32929
32930
32924
32905
32913
32891
32883
32884
32851
32849
32853
32825
32825
32802
32804
32804
32781
32774
32750
32713
32685
32666
32671
32644
32628
32618
32605
32612
32610
32613
32589
32575
32558
32537
32539
32543
32535
32535
32544
32533
32528
32567
32571
32551
32569
32596
32574
32585
32597
32575
32607
32623
32653
32659
32665
32695
32705
32717
32723
32742
32751
32805
32799
32809
32793
32812
32823
32854
32873
32871
32876
32898
32897
32909
32908
32914
32904
32908
32915
32903
32935
32902
32905
32903
32887
32877
32891
32885
32863
32865
32847
32823
32823
32815
32795
32784
32776
32743
32731
32731
32698
32701
32689
32665
32641
32630
32645
32637
32623
32604
32601
32601
32577
32580
32575
32552
32551
32557
32550
32551
32567
32556
32546
32567
32561
32575
32597
32582
32581
32591
32616
32635
32654
32671
32675
32681
32697
32697
32716
32727
32745
32763
32787
32809
32793
32813
32839
32847
32857
32871
32871
32889
32892
32901
32895
32889
32898
32897
32903
32897
32902
32901
32905
32905
32911
32909
32888
32863
32840
32831
32842
32841
32839
32801
32793
32795
32783
32785
32771
32720
32713
32689
32693
32699
32687
32665
32654
32641
32651
32621
32617
32591
32575
32582
32580
32583
32581
32580
32573
32551
32562
32581
32570
32593
32586
32572
32580
32582
32599
32615
32627
32633
32624
32639
32644
32669
32679
32695
32705
32703
32726
32742
32756
32765
32779
32783
32785
32817
32833
32829
32845
32844
32839
32862
32859
32880
32880
32890
32875
32883
32880
32883
32907
32887
32885
32859
32850
32851
32858
32850
32854
32839
32809
32813
32809
32810
32795
32767
32749
32729
32724
32711
32701
32697
32687
32675
32659
32639
32646
32664
32633
32631
32628
32591
32587
32597
32599
32611
32593
32597
32589
32579
32575
32590
32591
32591
32583
32599
32609
32601
32609
32609
32647
32647
32662
32680
32684
32695
32695
32684
32695
32711
32734
32743
32748
32747
32773
32795
32834
32824
32821
32821
32821
32841
32851
32839
32857
32851
32855
32875
32858
32872
32845
32866
32883
32901
32894
32883
32866
32833
32842
32846
32855
32830
32808
32789
32805
32807
32831
32813
32775
32753
32729
32728
32731
32741
32728
32701
32687
32695
32696
32705
32692
32675
32653
32635
32624
32647
32654
32643
32619
32602
32591
32615
32634
32643
32635
32617
32613
32628
32649
32651
32643
32623
32629
32625
32626
32647
32644
32672
32690
32705
32716
32709
32691
32713
32729
32741
32715
32719
32720
32757
32777
32787
32807
32786
32784
32794
32807
32853
32867
32831
32817
32811
32827
32847
32839
32837
32845
32836
32850
32863
32854
32843
32835
32843
32817
32803
32797
32796
32783
32779
32779
32769
32767
32770
32749
32711
32713
32717
32691
32684
32673
32639
32650
32655
32674
32689
32653
32615
32601
32614
32631
32645
32619
32594
32569
32585
32597
32621
32597
32581
32605
32607
32639
32667
32649
32647
32641
32631
32622
32647
32672
32677
32681
32692
32715
32744
32747
32765
32783
32767
32771
32767
32771
32797
32808
32820
32841
32843
32859
32863
32872
32893
32884
32880
32853
32839
32835
32869
32861
32863
32871
32876
32857
32858
32860
32846
32839
32828
32791
32771
32743
32759
32743
32746
32763
32741
32737
32703
32710
32722
32690
32677
32645
32617
32629
32615
32599
32594
32585
32602
32621
32622
32612
32624
32607
32587
32551
32555
32558
32579
32573
32589
32616
32626
32616
32633
32645
32661
32687
32679
32665
32689
32679
32694
32711
32727
32741
32760
32777
32791
32820
32839
32855
32851
32857
32843
32849
32879
32863
32871
32879
32859
32885
32891
32906
32901
32909
32901
32895
32872
32871
32863
32822
32834
32825
32795
32835
32839
32807
32815
32778
32767
32759
32749
32729
32692
32686
32639
32639
32647
32646
32643
32621
32627
32627
32637
32633
32623
32613
32585
32596
32575
32551
32549
32551
32570
32582
32580
32607
32630
32626
32629
32608
32599
32624
32639
32648
32661
32647
32655
32674
32713
32734
32767
32779
32779
32797
32793
32789
32783
32804
32788
32806
32826
32843
32861
32877
32892
32915
32900
32879
32877
32853
32863
32861
32846
32855
32846
32829
32873
32859
32870
32862
32845
32835
32789
32794
32797
32772
32749
32730
32698
32697
32711
32716
32730
32702
32695
32680
32671
32669
32631
32610
32611
32589
32605
32621
32630
32619
32641
32615
32627
32613
32614
32607
32599
32601
32581
32588
32586
32609
32644
32677
32684
32682
32671
32667
32677
32665
32709
32717
32714
32718
32729
32711
32752
32781
32787
32809
32817
32807
32813
32847
32837
32823
32811
32807
32802
32827
32857
32865
32860
32825
32839
32852
32863
32865
32841
32833
32816
32792
32799
32807
32797
32793
32792
32797
32791
32799
32778
32739
32717
32726
32727
32729
32695
32687
32692
32671
32679
32673
32689
32693
32676
32650
32643
32631
32621
32617
32619
32612
32621
32646
32628
32649
32635
32625
32640
32631
32637
32647
32656
32647
32644
32633
32641
32649
32666
32707
32695
32702
32712
32730
32739
32737
32720
32713
32729
32743
32744
32766
32791
32778
32774
32792
32799
32835
32821
32819
32815
32785
32817
32804
32807
32821
32818
32829
32833
32828
32814
32823
32824
32828
32829
32795
32783
32763
32767
32753
32779
32767
32785
32777
32785
32776
32767
32747
32727
32711
32687
32689
32689
32692
32683
32679
32671
32671
32685
32697
32695
32671
32637
32599
32613
32626
32617
32623
32628
32631
32657
32625
32651
32653
32631
32657
32660
32655
32650
32632
32627
32635
32655
32683
32707
32701
32713
32708
32719
32727
32724
32711
32731
32750
32761
32752
32767
32782
32773
32808
32819
32823
32853
32834
32829
32815
32815
32813
32825
32833
32847
32839
32832
32852
32864
32849
32849
32845
32815
32807
32822
32817
32787
32767
32751
32763
32776
32786
32774
32751
32747
32727
32721
32717
32678
32677
32660
32667
32648
32643
32637
32645
32633
32642
32647
32639
32629
32620
32612
32602
32588
32583
32597
32586
32603
32621
32620
32630
32633
32630
32655
32654
32633
32640
32621
32650
32659
32677
32699
32723
32739
32741
32771
32753
32781
32775
32782
32776
32773
32807
32803
32831
32839
32831
32857
32861
32879
32890
32862
32874
32890
32865
32859
32857
32827
32830
32827
32839
32859
32851
32824
32822
32825
32833
32824
32786
32777
32757
32727
32705
32700
32715
32695
32716
32714
32703
32703
32671
32644
32655
32637
32614
32605
32589
32595
32593
32605
32586
32577
32603
32611
32623
32610
32613
32588
32597
32614
32611
32609
32599
32586
32625
32647
32677
32680
32691
32691
32715
32761
32747
32707
32692
32712
32747
32769
32783
32775
32829
32879
32873
32875
32861
32854
32807
32835
32843
32868
32876
32863
32877
32892
32905
32880
32871
32874
32885
32855
32840
32813
32821
32821
32798
32791
32781
32783
32765
32749
32743
32749
32740
32716
32700
32685
32699
32661
32644
32639
32631
32597
32595
32593
32615
32623
32636
32644
32631
32587
32555
32535
32544
32543
32599
32620
32605
32609
32604
32649
32684
32654
32605
32585
32600
32617
32731
32759
32727
32759
32687
32707
32689
32614
32711
32763
32895
32981
32897
32765
32599
32585
32666
32847
33050
32941
32935
32831
32721
32715
32725
32781
32884
32951
32977
32852
32785
32685
32680
32749
32824
32917
32883
32808
32760
32647
32639
32675
32786
32862
32864
32793
32643
32568
32661
32717
32821
32775
32716
32695
32648
32601
32577
32567
32612
32703
32771
32779
32666
32539
32488
32581
32705
32714
32656
32606
32653
32708
32727
32794
32743
32657
32699
32643
32672
32712
32655
32693
32767
32787
32815
32793
32831
32809
32819
32825
32791
32794
32789
32751
32728
32701
32791
32895
32893
32915
32755
32648
32645
32689
32765
32771
32771
32679
32697
32773
32751
32777
32774
32786
32860
32840
32807
32733
32615
32615
32687
32743
32787
32853
32791
32764
32813
32764
32737
32769
32782
32785
32809
32791
32691
32699
32693
32661
32727
32760
32813
32880
32809
32740
32657
32584
32615
32657
32647
32683
32700
32683
32751
32841
32777
32700
32658
32639
32727
32777
32672
32540
32481
32541
32652
32764
32823
32828
32855
32867
32851
32797
32636
32563
32541
32588
32705
32649
32611
32637
32677
32757
32791
32813
32824
32853
32835
32678
32593
32536
32564
32694
32777
32851
32813
32780
32823
32831
32878
32785
32721
32723
32809
32919
32814
32716
32723
32739
32898
32967
32895
32828
32761
32798
32828
32844
32757
32627
32660
32687
32745
32774
32717
32764
32776
32801
32852
32775
32746
32649
32628
32631
32621
32674
32663
32671
32672
32577
32577
32615
32685
32743
32751
32786
32768
32783
32766
32663
32610
32513
32535
32561
32628
32694
32641
32709
32723
32709
32705
32657
32650
32655
32695
32701
32673
32689
32670
32679
32733
32753
32777
32716
32661
32631
32609
32677
32719
32748
32855
32896
32913
32887
32874
32896
32858
32850
32787
32731
32740
32686
32722
32740
32761
32824
32805
32889
32931
32879
32846
32788
32835
32857
32811
32740
32597
32588
32582
32589
32699
32745
32745
32738
32737
32703
32624
32643
32685
32751
32775
32698
32635
32596
32621
32667
32662
32647
32619
32593
32695
32797
32788
32687
32617
32618
32638
32716
32725
32723
32721
32681
32736
32760
32734
32679
32607
32671
32746
32749
32739
32728
32701
32681
32753
32795
32831
32877
32869
32803
32783
32705
32685
32663
32709
32754
32788
32830
32819
32813
32849
32861
32915
32917
32921
32865
32723
32637
32602
32635
32699
32707
32723
32717
32747
32779
32747
32785
32778
32748
32711
32708
32753
32695
32655
32587
32556
32632
32695
32732
32713
32651
32617
32580
32639
32693
32765
32763
32735
32767
32778
32778
32748
32653
32647
32655
32655
32731
32727
32713
32700
32715
32733
32731
32755
32737
32719
32781
32780
32781
32774
32723
32699
32701
32735
32748
32694
32655
32629
32703
32794
32858
32831
32743
32711
32733
32773
32823
32813
32795
32743
32747
32767
32799
32797
32703
32631
32652
32740
32859
32881
32811
32761
32720
32713
32781
32806
32748
32673
32603
32621
32693
32730
32731
32742
32741
32735
32743
32717
32700
32681
32695
32735
32759
32779
32751
32692
32633
32629
32657
32705
32753
32790
32780
32768
32774
32729
32719
32713
32733
32754
32786
32813
32775
32691
32601
32608
32651
32677
32687
32686
32676
32686
32704
32767
32802
32790
32749
32730
32753
32789
32747
32675
32611
32602
32627
32711
32773
32808
32789
32751
32719
32736
32783
32815
32849
32841
32821
32788
32763
32729
32675
32680
32716
32767
32828
32848
32786
32714
32681
32695
32751
32787
32791
32781
32767
32768
32793
32725
32685
32658
32677
32744
32780
32747
32681
32645
32677
32749
32807
32805
32759
32700
32696
32731
32743
32711
32685
32667
32690
32735
32709
32691
32646
32622
32658
32683
32750
32761
32751
32727
32671
32653
32631
32645
32681
32698
32688
32651
32639
32667
32717
32737
32744
32749
32775
32801
32810
32767
32744
32739
32747
32787
32785
32771
32759
32753
32759
32743
32767
32795
32840
32874
32895
32874
32812
32785
32755
32739
32761
32753
32747
32743
32727
32734
32703
32719
32743
32743
32727
32730
32736
32745
32743
32745
32691
32688
32682
32683
32713
32722
32648
32639
32621
32663
32703
32713
32711
32671
32671
32673
32703
32741
32703
32679
32674
32679
32711
32691
32643
32601
32596
32645
32671
32695
32705
32731
32762
32753
32775
32745
32733
32724
32723
32750
32761
32758
32772
32787
32801
32781
32773
32752
32765
32803
32825
32849
32863
32879
32900
32865
32825
32781
32763
32763
32771
32799
32785
32755
32745
32749
32767
32786
32767
32773
32751
32751
32760
32731
32682
32633
32633
32646
32663
32683
32687
32678
32646
32647
32693
32713
32732
32733
32685
32647
32644
32653
32653
32659
32651
32652
32685
32743
32733
32690
32667
32623
32656
32705
32753
32757
32760
32728
32695
32714
32719
32735
32735
32718
32733
32728
32746
32724
32711
32721
32760
32794
32840
32864
32839
32825
32798
32793
32808
32815
32820
32809
32787
32776
32776
32771
32776
32771
32792
32845
32855
32835
32784
32749
32709
32705
32713
32717
32727
32723
32695
32675
32677
32660
32639
32643
32663
32673
32711
32713
32705
32678
32663
32655
32674
32677
32673
32663
32663
32659
32661
32655
32662
32670
32698
32698
32727
32727
32739
32735
32742
32743
32737
32716
32725
32696
32707
32702
32701
32733
32771
32771
32775
32759
32757
32755
32760
32746
32757
32781
32790
32789
32781
32757
32762
32757
32767
32763
32776
32774
32792
32795
32793
32804
32807
32804
32785
32768
32738
32729
32728
32721
32726
32745
32735
32725
32722
32734
32718
32704
32691
32698
32728
32737
32752
32723
32671
32643
32637
32631
32683
32670
32661
32665
32678
32697
32705
32682
32705
32727
32743
32744
32745
32743
32739
32713
32694
32679
32697
32719
32723
32713
32679
32689
32717
32741
32781
32809
32797
32772
32741
32711
32719
32702
32717
32723
32725
32720
32725
32704
32693
32715
32734
32729
32750
32760
32782
32799
32755
32725
32719
32735
32755
32765
32777
32783
32755
32735
32733
32719
32740
32743
32749
32740
32767
32754
32756
32746
32726
32728
32743
32729
32735
32745
32717
32672
32663
32658
32686
32720
32734
32732
32721
32723
32709
32734
32749
32701
32690
32682
32679
32677
32693
32685
32700
32739
32785
32791
32743
32733
32712
32729
32747
32735
32703
32675
32676
32669
32677
32678
32673
32697
32727
32760
32772
32730
32709
32663
32674
32701
32718
32738
32745
32745
32737
32717
32705
32697
32705
32721
32734
32762
32759
32765
32779
32785
32780
32783
32795
32810
32827
32803
32778
32751
32708
32705
32748
32757
32768
32765
32755
32743
32740
32750
32758
32794
32789
32775
32758
32723
32705
32705
32671
32679
32682
32691
32735
32719
32711
32689
32676
32692
32719
32744
32745
32730
32727
32699
32683
32681
32655
32678
32674
32685
32702
32705
32687
32706
32672
32695
32716
32713
32703
32693
32675
32676
32684
32677
32701
32720
32705
32705
32711
32719
32737
32753
32745
32746
32763
32769
32780
32786
32773
32745
32751
32777
32825
32836
32794
32769
32767
32775
32791
32810
32811
32788
32797
32798
32813
32811
32789
32763
32735
32733
32722
32714
32691
32677
32675
32707
32737
32761
32752
32733
32697
32675
32682
32667
32673
32661
32676
32659
32666
32663
32659
32649
32669
32666
32665
32701
32722
32720
32687
32653
32673
32687
32714
32711
32695
32697
32703
32675
32668
32682
32684
32704
32725
32743
32727
32740
32730
32750
32769
32770
32779
32771
32763
32762
32765
32751
32748
32747
32762
32785
32821
32831
32823
32792
32788
32800
32807
32844
32833
32828
32792
32755
32743
32759
32767
32775
32763
32749
32739
32733
32735
32735
32723
32710
32721
32732
32715
32689
32651
32618
32631
32650
32674
32684
32687
32653
32653
32663
32671
32664
32678
32669
32709
32717
32703
32689
32649
32625
32644
32674
32709
32715
32696
32693
32705
32747
32754
32757
32735
32713
32708
32727
32751
32767
32750
32733
32723
32720
32727
32768
32778
32761
32753
32762
32781
32804
32808
32803
32783
32779
32791
32813
32809
32783
32767
32738
32749
32776
32774
32763
32751
32756
32772
32793
32800
32782
32744
32726
32728
32750
32731
32696
32666
32663
32663
32674
32683
32665
32659
32687
32713
32720
32701
32689
32669
32664
32651
32670
32675
32689
32695
32663
32643
32654
32663
32691
32705
32726
32724
32738
32757
32747
32726
32723
32728
32743
32752
32771
32741
32733
32721
32717
32747
32743
32759
32766
32767
32770
32770
32765
32761
32746
32745
32738
32749
32757
32747
32753
32732
32745
32766
32771
32779
32775
32750
32755
32737
32752
32741
32770
32768
32767
32751
32722
32729
32719
32723
32717
32717
32701
32712
32705
32713
32717
32711
32721
32744
32727
32705
32685
32671
32653
32660
32665
32665
32674
32698
32703
32699
32709
32711
32726
32727
32743
32733
32728
32719
32698
32691
32725
32724
32714
32685
32711
32729
32760
32775
32741
32733
32719
32713
32743
32745
32753
32730
32727
32729
32715
32727
32726
32729
32730
32711
32707
32709
32722
32748
32762
32772
32767
32765
32759
32728
32714
32726
32735
32747
32753
32749
32732
32723
32735
32733
32742
32765
32762
32758
32767
32782
32775
32737
32721
32703
32710
32720
32726
32735
32713
32695
32703
32723
32734
32730
32724
32691
32690
32711
32717
32733
32729
32721
32711
32693
32691
32680
32688
32721
32711
32717
32712
32719
32725
32727
32719
32707
32693
32706
32719
32729
32720
32711
32706
32717
32712
32703
32716
32703
32698
32743
32766
32743
32711
32709
32699
32719
32740
32731
32735
32717
32709
32709
32749
32771
32752
32769
32762
32760
32791
32805
32782
32783
32759
32761
32769
32799
32783
32749
32733
32737
32743
32761
32775
32790
32775
32774
32783
32764
32757
32755
32741
32760
32743
32715
32693
32681
32663
32681
32678
32681
32702
32708
32709
32711
32703
32693
32683
32696
32696
32695
32699
32690
32693
32683
32685
32681
32685
32683
32683
32693
32681
32678
32677
32684
32702
32723
32720
32727
32709
32705
32712
32719
32716
32727
32731
32718
32741
32734
32731
32747
32760
32767
32769
32791
32775
32787
32780
32777
32781
32766
32751
32744
32779
32814
32823
32808
32781
32777
32771
32780
32788
32780
32766
32767
32756
32741
32735
32727
32719
32727
32716
32700
32724
32703
32695
32689
32683
32677
32677
32690
32701
32682
32677
32663
32655
32656
32650
32651
32646
32662
32698
32697
32695
32712
32697
32692
32702
32698
32708
32692
32687
32701
32689
32706
32710
32701
32699
32735
32741
32745
32749
32769
32769
32771
32770
32769
32766
32777
32769
32756
32762
32761
32769
32778
32799
32777
32791
32778
32799
32796
32811
32791
32789
32795
32805
32803
32785
32777
32763
32761
32767
32761
32751
32743
32729
32737
32740
32735
32711
32708
32691
32693
32699
32696
32685
32674
32673
32668
32663
32660
32672
32672
32686
32655
32649
32661
32661
32678
32671
32691
32672
32699
32713
32699
32694
32694
32679
32695
32708
32731
32732
32705
32705
32724
32746
32775
32791
32763
32758
32744
32739
32746
32749
32727
32730
32760
32770
32783
32800
32785
32780
32783
32795
32787
32759
32765
32747
32751
32761
32767
32765
32752
32762
32761
32760
32759
32760
32767
32736
32728
32735
32727
32726
32732
32735
32714
32713
32720
32710
32711
32695
32683
32683
32672
32657
32676
32666
32665
32679
32697
32702
32715
32711
32698
32687
32685
32667
32655
32661
32671
32671
32686
32680
32703
32728
32735
32729
32747
32732
32727
32734
32749
32744
32752
32733
32724
32733
32738
32742
32744
32761
32777
32758
32780
32775
32747
32759
32753
32747
32734
32741
32739
32747
32767
32753
32751
32754
32747
32757
32731
32747
32713
32733
32751
32750
32751
32753
32743
32729
32759
32736
32719
32719
32700
32711
32727
32737
32746
32723
32706
32694
32692
32703
32714
32706
32709
32711
32715
32709
32703
32683
32670
32688
32695
32705
32716
32707
32691
32699
32706
32705
32715
32717
32733
32735
32727
32706
32725
32724
32699
32721
32723
32730
32747
32759
32765
32729
32727
32717
32738
32758
32729
32731
32703
32711
32743
32735
32726
32729
32729
32721
32730
32742
32751
32733
32735
32727
32729
32747
32745
32732
32740
32740
32731
32726
32751
32743
32749
32743
32733
32725
32747
32746
32759
32753
32761
32768
32761
32749
32743
32733
32719
32711
32757
32735
32721
32721
32711
32711
32716
32715
32708
32705
32709
32707
32713
32701
32691
32683
32688
32708
32703
32709
32693
32698
32698
32703
32713
32701
32700
32693
32684
32701
32720
32705
32715
32727
32723
32730
32717
32709
32716
32705
32719
32711
32703
32723
32735
32734
32734
32727
32713
32715
32737
32751
32731
32733
32721
32743
32732
32751
32751
32749
32746
32769
32800
32815
32783
32761
32751
32743
32754
32775
32754
32761
32762
32783
32781
32773
32775
32759
32755
32747
32746
32727
32725
32735
32727
32723
32733
32727
32703
32695
32684
32681
32689
32695
32670
32682
32671
32671
32667
32683
32679
32689
32685
32689
32683
32689
32693
32688
32681
32681
32663
32681
32688
32708
32700
32716
32722
32730
32732
32728
32722
32727
32725
32715
32738
32741
32735
32735
32729
32756
32747
32756
32763
32767
32753
32757
32779
32788
32786
32775
32756
32767
32767
32765
32771
32779
32774
32780
32779
32781
32783
32767
32761
32747
32756
32777
32757
32733
32724
32728
32730
32735
32719
32727
32692
32707
32711
32702
32673
32658
32671
32687
32693
32672
32663
32662
32665
32671
32689
32687
32663
32666
32672
32669
32684
32681
32703
32698
32705
32718
32727
32723
32729
32712
32725
32730
32724
32711
32727
32728
32724
32724
32748
32753
32767
32772
32775
32772
32789
32780
32769
32780
32760
32759
32762
32761
32775
32761
32767
32773
32790
32788
32793
32775
32773
32763
32782
32781
32775
32769
32751
32759
32751
32748
32747
32744
32743
32731
32727
32717
32710
32711
32714
32703
32717
32712
32703
32691
32698
32679
32668
32661
32665
32651
32654
32656
32669
32687
32679
32703
32697
32688
32695
32687
32689
32695
32701
32687
32703
32709
32716
32727
32738
32716
32743
32736
32760
32751
32735
32737
32743
32763
32762
32759
32747
32765
32763
32797
32777
32767
32759
32751
32745
32761
32766
32766
32763
32763
32773
32789
32787
32755
32749
32753
32759
32763
32749
32727
32749
32749
32729
32740
32735
32721
32734
32735
32733
32751
32743
32699
32696
32693
32697
32700
32677
32695
32692
32683
32679
32703
32703
32695
32675
32689
32689
32701
32683
32680
32683
32680
32673
32689
32703
32697
32708
32718
32715
32720
32719
32725
32721
32730
32745
32759
32725
32735
32731
32736
32750
32766
32745
32742
32734
32750
32764
32744
32757
32758
32738
32752
32759
32757
32755
32743
32753
32760
32761
32745
32731
32728
32730
32729
32726
32725
32721
32743
32743
32757
32748
32735
32756
32733
32748
32745
32735
32707
32711
32711
32716
32721
32721
32727
32721
32732
32726
32724
32728
32707
32717
32703
32696
32695
32691
32703
32698
32711
32698
32702
32723
32701
32722
32723
32707
32684
32705
32691
32705
32708
32715
32727
32732
32715
32732
32718
32728
32737
32728
32709
32727
32720
32711
32707
32733
32735
32739
32752
32748
32731
32732
32727
32723
32735
32726
32695
32716
32743
32730
32754
32751
32748
32741
32751
32751
32749
32735
32722
32725
32734
32727
32717
32747
32738
32758
32763
32783
32772
32751
32745
32757
32757
32743
32743
32735
32736
32727
32727
32725
32731
32730
32740
32730
32733
32727
32705
32707
32707
32711
32698
32695
32702
32713
32711
32711
32695
32687
32680
32693
32709
32679
32689
32684
32680
32687
32711
32713
32717
32723
32715
32712
32725
32722
32725
32713
32717
32711
32721
32727
32723
32720
32739
32737
32745
32750
32751
32746
32743
32749
32767
32735
32743
32758
32735
32755
32761
32787
32763
32762
32771
32773
32767
32781
32789
32781
32775
32759
32748
32746
32738
32742
32759
32741
32749
32749
32756
32738
32743
32729
32723
32706
32721
32720
32710
32702
32693
32707
32690
32695
32702
32674
32678
32679
32675
32683
32681
32663
32689
32680
32685
32700
32703
32687
32698
32691
32697
32689
32676
32696
32703
32691
32711
32703
32728
32733
32741
32733
32750
32744
32737
32748
32724
32729
32757
32760
32740
32734
32759
32776
32791
32788
32776
32782
32774
32776
32761
32767
32773
32769
32765
32771
32782
32790
32780
32771
32777
32762
32755
32772
32767
32754
32734
32746
32735
32745
32751
32735
32737
32731
32723
32709
32701
32699
32693
32686
32679
32679
32674
32687
32679
32690
32682
32671
32675
32693
32670
32665
32673
32676
32672
32657
32671
32683
32690
32723
32699
32700
32699
32705
32714
32730
32719
32701
32703
32720
32747
32753
32751
32753
32745
32749
32749
32757
32764
32773
32776
32756
32745
32760
32771
32771
32769
32777
32759
32769
32759
32771
32783
32761
32755
32744
32760
32755
32773
32761
32741
32746
32749
32767
32749
32747
32736
32727
32719
32727
32703
32701
32714
32708
32733
32713
32701
32695
32705
32717
32721
32703
32680
32668
32683
32683
32693
32677
32655
32675
32684
32683
32683
32679
32702
32703
32707
32708
32675
32677
32705
32716
32700
32689
32695
32713
32733
32752
32743
32744
32711
32729
32756
32767
32762
32735
32735
32739
32753
32772
32781
32771
32759
32745
32748
32760
32789
32789
32785
32764
32728
32733
32761
32792
32779
32781
32771
32747
32753
32803
32795
32775
32761
32728
32738
32775
32789
32781
32756
32743
32760
32773
32758
32751
32752
32727
32736
32708
32710
32707
32712
32729
32731
32715
32707
32684
32703
32717
32695
32695
32675
32669
32679
32684
32684
32671
32694
32687
32661
32663
32666
32702
32707
32697
32681
32667
32699
32706
32716
32711
32684
32679
32678
32691
32699
32708
32707
32684
32695
32713
32743
32731
32726
32721
32743
32733
32747
32743
32735
32745
32743
32745
32762
32749
32766
32767
32794
32780
32796
32773
32767
32777
32784
32787
32790
32802
32801
32792
32808
32789
32762
32792
32792
32787
32783
32762
32755
32759
32771
32767
32734
32725
32723
32723
32721
32700
32678
32685
32685
32683
32668
32669
32673
32674
32663
32683
32650
32657
32647
32672
32657
32655
32639
32653
32640
32653
32649
32663
32677
32673
32681
32703
32692
32707
32741
32707
32698
32681
32695
32711
32730
32762
32742
32752
32753
32745
32780
32796
32801
32804
32785
32786
32793
32818
32815
32818
32847
32837
32827
32825
32858
32835
32825
32801
32809
32809
32831
32833
32855
32836
32806
32812
32803
32801
32791
32759
32757
32729
32707
32696
32708
32739
32738
32713
32704
32675
32663
32671
32667
32668
32614
32594
32612
32603
32627
32619
32615
32638
32623
32603
32583
32569
32561
32625
32663
32635
32626
32625
32641
32670
32657
32642
32661
32703
32687
32673
32680
32683
32696
32755
32787
32765
32798
32786
32757
32761
32749
32739
32769
32795
32807
32812
32873
32914
32883
32871
32831
32775
32758
32737
32714
32775
32866
32877
32863
32852
32835
32825
32807
32763
32745
32727
32700
32683
32698
32620
32693
32797
32779
32794
32794
32607
32639
32531
32411
32526
32486
32582
32769
32599
32643
32533
32533
32564
32463
32511
32465
32461
32587
32514
32590
32557
32500
32660
32632
32547
32599
32539
32580
32557
32566
32615
32747
32795
32898
32941
32897
32763
32825
32793
32745
32801
32770
32797
32915
32920
32911
32907
32926
33016
33065
33067
32972
32799
32729
32695
32816
32951
32929
32979
32973
32911
32975
32866
32864
32801
32736
32748
32691
32659
32621
32551
32723
32815
32839
32968
32923
32905
32857
32759
32697
32551
32545
32540
32551
32641
32622
32667
32873
32799
32737
32687
32576
32677
32681
32559
32506
32370
32469
32662
32693
32713
32655
32631
32711
32683
32713
32633
32544
32572
32662
32682
32634
32625
32648
32737
32901
32867
32887
32921
33002
32989
32925
32847
32695
32677
32759
32727
32847
32961
33012
33182
33211
33086
33080
32998
32981
33037
32861
32715
32614
32595
32793
32931
32991
32949
32980
33097
33045
32993
32884
32630
32607
32605
32527
32615
32539
32493
32579
32595
32703
32690
32700
32663
32579
32605
32509
32438
32408
32307
32339
32393
32515
32589
32551
32577
32611
32583
32671
32577
32501
32548
32566
32664
32812
32823
32759
32686
32669
32645
32735
32803
32812
32849
32880
32833
32843
32887
32826
32861
32865
32773
32829
32911
32931
32980
32902
32910
32927
32938
32941
32738
32577
32541
32594
32759
32823
32823
32851
32871
33038
33120
33053
32905
32783
32744
32711
32618
32489
32495
32590
32691
32838
32822
32754
32750
32646
32707
32660
32651
32778
32679
32610
32508
32397
32519
32522
32507
32542
32541
32589
32663
32718
32613
32509
32459
32455
32439
32464
32417
32409
32543
32570
32657
32821
32774
32707
32733
32620
32570
32604
32561
32563
32531
32551
32648
32783
32962
32993
32977
32938
32833
32837
32814
32690
32598
32561
32639
32641
32735
32851
32899
33020
33063
33047
33035
32961
32875
32823
32800
32707
32646
32753
32794
32817
32895
32929
33015
33074
33023
33023
32943
32873
32851
32804
32762
32691
32623
32684
32772
32829
32876
32908
32935
32915
32919
32823
32607
32499
32447
32357
32475
32517
32509
32579
32589
32620
32648
32617
32539
32487
32477
32447
32372
32344
32353
32417
32531
32599
32595
32583
32645
32711
32664
32623
32525
32460
32505
32551
32530
32515
32549
32587
32679
32827
32882
32961
33073
33073
33009
32962
32797
32719
32667
32637
32687
32724
32871
33059
33109
33211
33180
33121
33107
33047
33010
32969
32953
32902
32894
32973
32970
32981
33049
33055
33019
33041
33009
32935
32865
32769
32725
32734
32723
32679
32641
32632
32647
32672
32684
32635
32560
32521
32531
32492
32466
32359
32296
32304
32297
32271
32277
32326
32371
32461
32541
32544
32509
32432
32367
32363
32346
32360
32313
32405
32475
32563
32683
32693
32722
32806
32843
32861
32827
32780
32751
32747
32761
32771
32773
32877
32995
33111
33169
33141
33087
33110
33136
33138
33079
33023
32973
33004
33077
33040
32972
32997
33046
33087
33151
33167
33123
33097
33066
33006
32947
32885
32770
32743
32754
32733
32718
32698
32662
32652
32615
32647
32625
32573
32486
32398
32388
32411
32433
32427
32388
32363
32323
32301
32290
32277
32275
32311
32276
32295
32345
32359
32407
32430
32387
32351
32390
32460
32573
32664
32714
32732
32761
32794
32779
32765
32725
32687
32719
32807
32856
32895
32949
33027
33081
33148
33157
33100
33121
33107
33095
33075
33047
33034
33058
33094
33079
33054
33050
33032
33031
33057
33023
33055
33067
33040
33015
32907
32805
32751
32710
32706
32684
32653
32699
32746
32809
32839
32756
32645
32545
32445
32418
32389
32319
32308
32336
32395
32429
32427
32431
32361
32367
32439
32426
32427
32351
32306
32332
32373
32415
32433
32447
32469
32511
32561
32595
32631
32650
32679
32711
32669
32670
32708
32767
32855
32893
32864
32897
32976
33077
33069
33059
32999
32943
32972
32955
32965
32957
32981
33023
33085
33111
33078
33053
33052
33061
33055
33032
32983
32938
32895
32875
32837
32785
32747
32749
32771
32818
32843
32830
32819
32781
32750
32726
32708
32649
32601
32587
32570
32550
32526
32527
32527
32537
32543
32498
32474
32462
32485
32499
32468
32469
32435
32457
32532
32527
32523
32482
32469
32522
32565
32593
32546
32535
32579
32620
32639
32650
32645
32701
32747
32787
32813
32772
32775
32791
32823
32843
32854
32841
32844
32923
32958
32977
32999
32953
32931
32921
32897
32890
32871
32897
32911
32913
32933
32920
32888
32887
32887
32866
32845
32835
32865
32916
32942
32867
32795
32775
32759
32775
32811
32778
32725
32711
32739
32743
32719
32685
32637
32637
32672
32696
32682
32639
32631
32639
32659
32680
32651
32593
32578
32533
32474
32440
32452
32471
32517
32572
32607
32651
32673
32653
32637
32569
32535
32519
32506
32545
32565
32567
32575
32585
32667
32707
32751
32796
32787
32797
32810
32783
32759
32726
32707
32739
32758
32817
32837
32859
32887
32898
32919
32920
32881
32861
32873
32908
32879
32875
32862
32846
32905
32951
32975
32986
32952
32931
32917
32869
32845
32798
32799
32786
32817
32822
32850
32858
32877
32874
32856
32827
32823
32810
32757
32685
32630
32560
32561
32578
32571
32619
32641
32647
32657
32656
32601
32566
32518
32457
32421
32397
32373
32368
32407
32453
32507
32567
32595
32591
32592
32607
32561
32573
32531
32504
32501
32503
32535
32580
32633
32715
32740
32796
32835
32847
32850
32857
32829
32832
32820
32815
32862
32909
32941
32933
32977
33007
33026
33031
33027
32984
32941
32933
32939
32942
32959
32959
32972
33005
33031
33049
33027
33014
32991
32961
32940
32874
32821
32771
32721
32692
32687
32703
32741
32763
32794
32791
32795
32767
32659
32563
32468
32402
32382
32353
32351
32375
32403
32468
32507
32507
32539
32503
32464
32436
32380
32339
32312
32339
32374
32359
32439
32492
32551
32602
32637
32654
32673
32673
32688
32679
32677
32677
32695
32742
32811
32877
32949
32970
33007
33025
33061
33066
33035
32995
32945
32926
32951
32989
33023
33055
33077
33145
33169
33149
33119
33039
32997
32962
32934
32920
32886
32898
32877
32897
32892
32871
32867
32880
32851
32839
32753
32709
32655
32594
32527
32471
32440
32461
32490
32538
32542
32549
32553
32542
32503
32464
32391
32344
32285
32269
32279
32273
32305
32349
32385
32446
32493
32503
32521
32509
32519
32530
32548
32579
32597
32639
32673
32714
32745
32754
32775
32831
32869
32897
32901
32905
32946
32935
32953
32991
33001
33027
33055
33083
33111
33117
33117
33113
33083
33049
33032
32991
32999
32982
32957
32952
32923
32949
32967
32970
32948
32923
32887
32855
32823
32791
32725
32655
32672
32647
32629
32639
32594
32606
32624
32594
32584
32577
32510
32479
32441
32424
32403
32385
32385
32387
32407
32459
32446
32479
32485
32453
32471
32450
32433
32447
32463
32477
32519
32544
32582
32614
32639
32669
32683
32680
32687
32705
32767
32827
32849
32840
32878
32901
32950
32973
32945
32944
32966
32982
32997
32976
32959
32959
32975
33002
33021
33011
33030
33017
33032
33029
32971
32948
32919
32905
32917
32841
32811
32803
32767
32789
32786
32771
32788
32781
32767
32741
32697
32655
32626
32603
32615
32607
32623
32615
32586
32582
32544
32527
32507
32505
32533
32551
32527
32523
32493
32503
32503
32528
32538
32543
32530
32554
32551
32563
32551
32551
32543
32563
32578
32582
32613
32651
32708
32727
32773
32787
32791
32799
32771
32765
32757
32768
32814
32835
32856
32895
32913
32928
32965
32965
32955
32926
32916
32908
32909
32920
32905
32890
32887
32876
32875
32925
32911
32898
32908
32866
32897
32884
32855
32832
32774
32783
32799
32743
32750
32731
32696
32759
32739
32721
32722
32695
32719
32679
32682
32648
32595
32655
32660
32627
32654
32585
32583
32605
32567
32576
32542
32529
32606
32579
32553
32532
32459
32513
32587
32577
32631
32613
32605
32669
32611
32597
32557
32527
32590
32619
32627
32673
32663
32701
32751
32763
32799
32775
32755
32800
32786
32820
32873
32871
32880
32885
32845
32799
32783
32847
32897
32981
33041
33036
32939
32897
32857
32859
32885
32905
32937
32927
32959
32923
32851
32821
32807
32818
32878
32912
32864
32821
32746
32738
32810
32807
32811
32776
32695
32653
32657
32687
32680
32684
32665
32626
32635
32611
32597
32573
32528
32512
32575
32516
32503
32513
32439
32469
32556
32572
32552
32519
32453
32455
32520
32549
32540
32575
32556
32605
32640
32617
32629
32615
32600
32711
32764
32767
32781
32767
32716
32814
32854
32839
32908
32903
32876
32937
32976
32965
32977
32962
32935
32975
32981
32991
33013
32983
32933
32970
32938
32965
33023
33040
33015
32983
32915
32881
32904
32901
32837
32796
32765
32767
32817
32767
32740
32738
32680
32743
32765
32679
32637
32578
32529
32613
32583
32503
32499
32458
32455
32545
32547
32479
32449
32407
32399
32449
32447
32415
32427
32412
32434
32479
32447
32479
32560
32538
32583
32584
32503
32520
32617
32614
32663
32689
32615
32711
32800
32803
32884
32887
32883
32977
33001
32923
32915
32880
32941
33055
33035
32969
33015
33049
33121
33157
33055
32957
33017
33032
33038
33091
33017
32915
32951
32901
32935
32988
32907
32901
32905
32797
32798
32813
32776
32784
32738
32641
32653
32652
32587
32593
32573
32503
32539
32551
32481
32568
32585
32481
32510
32503
32392
32425
32372
32305
32361
32385
32391
32451
32495
32460
32462
32461
32463
32508
32513
32430
32501
32532
32415
32568
32673
32628
32799
32868
32703
32845
32727
32591
32709
32695
32743
32943
32858
32887
32861
32892
33071
33028
33033
33052
32908
32903
32875
32787
32831
32876
32932
33002
33007
32943
32897
32971
33013
32867
32835
32778
32693
32733
32785
32773
32769
32797
32811
32775
32812
32723
32611
32616
32648
32660
32602
32620
32621
32579
32679
32665
32548
32559
32519
32490
32551
32567
32528
32513
32555
32595
32570
32591
32540
32547
32583
32555
32598
32604
32530
32628
32635
32657
32735
32651
32743
32783
32737
32799
32723
32699
32843
32887
32989
33026
32958
32995
32985
32927
32912
32857
32916
32913
32948
32998
32924
33007
33156
33107
33141
33045
32878
32922
32935
32900
32939
32853
32805
32883
32849
32889
32883
32815
32825
32853
32817
32777
32765
32740
32739
32761
32825
32801
32772
32812
32711
32729
32761
32665
32719
32767
32661
32664
32616
32610
32687
32669
32731
32683
32609
32646
32594
32588
32629
32579
32583
32588
32634
32621
32555
32527
32443
32371
32460
32461
32513
32543
32568
32621
32643
32635
32632
32538
32541
32612
32548
32551
32539
32525
32656
32834
32939
32925
32935
32895
32809
32853
32827
32753
32765
32843
32905
32964
33001
32981
32992
33062
33121
33076
33039
33051
33001
32992
32991
32888
32831
32894
32963
33025
33065
32998
32869
32867
32854
32835
32869
32817
32748
32745
32761
32760
32779
32769
32690
32657
32611
32570
32554
32494
32495
32471
32497
32428
32411
32447
32419
32381
32371
32383
32436
32396
32409
32386
32375
32355
32387
32364
32343
32289
32239
32325
32469
32479
32555
32593
32574
32625
32629
32611
32635
32676
32697
32706
32767
32869
32864
32951
32997
32919
32964
32999
33021
32991
33017
33059
33067
33143
33224
33126
33131
33141
33071
33118
33151
33089
33081
33131
33055
32949
32944
32889
32859
32909
32874
32831
32908
32937
32865
32812
32725
32657
32631
32605
32549
32439
32427
32457
32510
32533
32557
32494
32478
32539
32502
32370
32307
32263
32253
32319
32394
32398
32421
32435
32453
32455
32439
32445
32471
32521
32591
32583
32551
32501
32525
32585
32646
32734
32748
32780
32851
32839
32874
32901
32873
32885
32949
32954
32988
32965
32970
33005
33079
33128
33155
33157
33103
33087
33076
32976
32975
32979
32955
32998
33016
33011
33013
33002
32996
32927
32911
32871
32820
32808
32737
32655
32631
32588
32593
32589
32611
32663
32629
32641
32641
32557
32565
32529
32457
32468
32443
32407
32425
32434
32443
32421
32468
32530
32524
32523
32543
32512
32543
32524
32521
32536
32529
32578
32597
32579
32627
32647
32678
32733
32755
32745
32737
32741
32727
32743
32742
32767
32823
32855
32943
32949
32944
32988
32988
32965
32939
32899
32878
32887
32883
32831
32864
32920
32953
32987
33071
33034
32943
32893
32848
32814
32827
32790
32797
32789
32803
32756
32741
32745
32764
32729
32727
32733
32716
32701
32675
32615
32586
32599
32597
32548
32623
32623
32641
32664
32653
32644
32642
32629
32623
32617
32639
32580
32568
32600
32589
32590
32621
32637
32665
32660
32650
32639
32629
32660
32639
32623
32660
32642
32624
32652
32651
32655
32735
32759
32754
32811
32747
32700
32677
32624
32600
32619
32708
32773
32807
32855
32860
32867
32916
32949
32925
32875
32783
32680
32620
32641
32719
32751
32901
33052
33031
33108
33014
32799
32745
32676
32671
32831
32933
32907
32865
32805
32679
32661
32672
32791
32949
32905
32956
32843
32687
32605
32503
32607
32731
32799
32799
32676
32610
32566
32649
32809
32813
32820
32686
32500
32431
32337
32243
32301
32513
32647
32799
32850
32723
32643
32681
32684
32673
32539
32371
32267
32271
32321
32439
32598
32765
32935
32968
32928
32824
32611
32529
32515
32541
32524
32533
32641
32813
32987
33076
33135
33240
33191
33143
32951
32776
32667
32611
32729
32904
32955
33034
33103
33256
33384
33370
33273
33079
32962
32795
32653
32650
32659
32767
32936
33025
33062
33011
32918
32841
32821
32827
32706
32630
32492
32361
32393
32355
32497
32621
32654
32799
32751
32670
32560
32402
32331
32301
32333
32378
32373
32417
32447
32479
32467
32529
32623
32709
32755
32657
32537
32426
32379
32357
32425
32535
32625
32695
32828
32870
32872
32859
32765
32788
32898
32901
32899
32879
32858
32914
33006
32997
32910
32885
32905
32996
33135
33194
33163
33083
33063
33029
33074
33102
33011
32957
32908
32879
32887
32879
32919
32973
32961
32982
32943
32839
32758
32677
32656
32661
32605
32563
32517
32531
32495
32505
32510
32572
32660
32615
32599
32455
32279
32199
32126
32239
32330
32399
32553
32604
32675
32605
32506
32463
32439
32437
32383
32275
32264
32349
32507
32741
32924
33050
33099
33069
32962
32811
32631
32511
32532
32589
32766
32926
33017
33142
33107
33082
33144
33078
33105
33143
33079
33035
32997
33049
33047
33041
33060
33025
33035
33082
33018
32893
32811
32665
32681
32797
32839
32903
32910
32942
32918
32871
32736
32535
32415
32347
32335
32291
32302
32381
32425
32552
32535
32496
32511
32471
32417
32373
32381
32295
32265
32295
32319
32315
32303
32343
32429
32517
32541
32467
32497
32526
32583
32673
32730
32813
32871
32919
32903
32757
32641
32669
32651
32761
32879
32946
33053
33104
33095
33055
33053
33069
33086
33143
33107
33041
33055
33094
33110
33086
33060
33007
33002
33068
33076
33041
32987
32924
32915
32949
32944
32931
32879
32885
32911
32843
32751
32663
32637
32648
32621
32619
32532
32469
32429
32409
32464
32511
32583
32636
32641
32578
32477
32350
32222
32137
32114
32143
32285
32385
32509
32540
32566
32643
32671
32679
32607
32535
32499
32463
32465
32519
32626
32684
32693
32755
32782
32760
32770
32827
32916
32967
32961
32977
32971
32998
32976
32906
32910
32907
32935
33031
33047
33061
32985
32976
32979
32935
32883
32797
32857
32971
33052
33074
33046
32997
32957
32943
32930
32887
32765
32642
32607
32585
32620
32640
32645
32691
32801
32893
32893
32839
32716
32584
32511
32517
32482
32385
32368
32355
32408
32515
32600
32652
32621
32625
32577
32531
32527
32461
32415
32445
32499
32537
32567
32601
32607
32622
32627
32603
32600
32612
32679
32725
32741
32787
32781
32743
32754
32757
32771
32804
32795
32825
32815
32842
32885
32863
32885
32887
32847
32841
32839
32839
32847
32877
32888
32922
32981
33028
32977
32885
32797
32721
32713
32769
32824
32847
32873
32899
32921
32921
32920
32911
32909
32910
32908
32835
32767
32669
32587
32579
32589
32609
32639
32699
32777
32813
32831
32847
32814
32780
32726
32577
32441
32403
32377
32399
32485
32551
32590
32663
32727
32688
32631
32552
32456
32423
32465
32507
32519
32575
32609
32655
32709
32726
32667
32619
32596
32590
32567
32559
32569
32614
32671
32754
32781
32803
32828
32861
32865
32875
32839
32838
32825
32772
32738
32747
32751
32765
32819
32900
32977
33074
33135
33089
33074
33009
32925
32845
32790
32807
32861
32889
32911
32922
32981
33003
33012
32996
32961
32926
32886
32838
32761
32665
32645
32627
32716
32760
32780
32762
32702
32663
32573
32531
32495
32465
32474
32460
32492
32526
32523
32534
32525
32516
32475
32417
32359
32333
32334
32332
32341
32401
32469
32535
32578
32616
32667
32649
32617
32594
32550
32572
32555
32603
32574
32623
32740
32666
32615
32727
32857
32821
32953
32983
32913
32936
32797
32813
32902
32759
32871
33024
33079
33087
33045
32997
32926
32878
32948
32823
32989
33055
32938
33071
32989
32871
33005
32811
32875
32931
32913
32941
32769
32670
32674
32608
32618
32632
32699
32769
32672
32815
32709
32570
32599
32428
32468
32483
32398
32533
32515
32465
32505
32481
32473
32433
32442
32452
32394
32484
32511
32511
32552
32441
32475
32465
32501
32664
32665
32625
32599
32569
32738
32798
32795
32871
32766
32823
32876
32865
32911
32798
32863
32956
32946
33060
32990
32999
33110
32985
33058
33049
32979
33069
32973
33025
33141
33052
33197
33066
32872
32983
32901
32951
33013
32959
33045
32973
32825
32739
32592
32594
32663
32777
32839
32746
32861
32783
32640
32613
32441
32359
32383
32279
32308
32363
32562
32623
32730
32751
32504
32502
32514
32382
32447
32286
32256
32435
32557
32669
32804
32674
32657
32668
32759
32757
32689
32678
32644
32738
32879
32811
32943
32830
32774
32927
32955
32987
33000
32886
32938
32940
32913
32914
32880
32933
32999
33015
33129
33080
33023
33027
32881
32774
32805
32824
32905
32897
32858
32745
32661
32743
32770
32740
32881
32793
32776
32913
32885
32866
32769
32606
32567
32453
32504
32461
32434
32589
32631
32712
32775
32654
32653
32552
32528
32446
32363
32423
32442
32517
32585
32591
32703
32719
32667
32695
32621
32654
32683
32603
32587
32519
32545
32543
32642
32810
32794
32907
32959
32927
32935
32905
32903
32817
32729
32743
32753
32848
32912
32891
32831
32865
32974
32997
33017
32998
32824
32719
32775
32667
32625
32670
32668
32746
32883
32921
32863
32745
32715
32647
32582
32609
32575
32669
32841
32743
32679
32607
32589
32639
32671
32726
32677
32565
32644
32606
32578
32639
32513
32511
32575
32590
32687
32639
32586
32563
32583
32673
32681
32730
32781
32719
32721
32623
32481
32405
32376
32426
32567
32607
32747
32881
32961
32987
32945
32854
32759
32625
32566
32581
32668
32773
32872
32987
33004
33015
33049
33031
33015
32900
32759
32639
32621
32752
32863
32951
32955
32882
32886
32950
32914
32967
32915
32776
32696
32626
32662
32711
32745
32809
32800
32813
32832
32866
33015
32975
32855
32720
32535
32550
32587
32611
32645
32545
32508
32555
32604
32762
32783
32742
32663
32543
32578
32568
32598
32586
32402
32335
32279
32333
32498
32573
32599
32548
32544
32581
32598
32595
32577
32491
32471
32522
32589
32661
32711
32807
32839
32829
32799
32737
32751
32779
32716
32625
32605
32711
32919
33045
33071
33107
33097
33124
33021
32910
32826
32772
32831
32874
32849
32917
32903
32946
33000
32965
33009
32949
32926
32983
32967
32966
32884
32815
32775
32649
32679
32741
32808
32845
32759
32727
32740
32709
32731
32705
32651
32567
32501
32554
32591
32593
32641
32580
32525
32465
32460
32503
32483
32415
32315
32343
32461
32484
32520
32503
32477
32441
32461
32491
32541
32593
32617
32537
32508
32513
32594
32685
32742
32713
32707
32765
32829
32871
32906
32907
32875
32913
32931
32903
32915
32921
32893
32887
32897
32889
33004
33143
33215
33217
33135
33089
33015
32953
32912
32815
32777
32785
32839
32872
32927
32937
32903
32885
32910
32829
32801
32831
32780
32731
32717
32634
32639
32649
32659
32691
32684
32644
32527
32465
32451
32412
32455
32395
32377
32421
32478
32535
32575
32549
32543
32503
32461
32440
32413
32446
32420
32343
32333
32376
32449
32511
32565
32633
32655
32717
32765
32829
32871
32806
32735
32722
32670
32695
32759
32796
32871
32935
33032
33121
33177
33150
33066
33040
33019
32893
32872
32850
32903
33007
33064
33148
33133
33067
33009
32936
32905
32897
32837
32782
32803
32841
32857
32863
32839
32747
32697
32760
32776
32780
32749
32671
32598
32517
32499
32488
32550
32625
32603
32585
32560
32534
32533
32586
32575
32470
32409
32359
32337
32359
32383
32363
32383
32493
32599
32655
32723
32697
32615
32529
32485
32433
32435
32483
32588
32690
32711
32684
32676
32715
32795
32866
32901
32903
32914
32955
33021
33031
32964
32885
32872
32903
32931
32981
33014
32983
32977
32967
32957
32994
33002
33009
32952
32914
32887
32921
32951
32983
32953
32904
32882
32829
32799
32747
32681
32639
32580
32605
32653
32701
32727
32725
32697
32679
32667
32648
32622
32567
32541
32512
32517
32540
32487
32513
32513
32519
32543
32561
32557
32574
32527
32549
32547
32508
32479
32467
32476
32484
32519
32528
32586
32652
32687
32702
32691
32667
32688
32729
32705
32711
32726
32769
32803
32779
32764
32783
32835
32887
32945
32977
32965
32968
32937
32926
32963
32947
32925
32941
32934
32995
33031
33007
32955
32932
32892
32833
32787
32735
32718
32765
32819
32847
32924
32953
32951
32943
32845
32746
32651
32572
32559
32589
32602
32602
32639
32663
32715
32741
32719
32679
32669
32625
32594
32583
32571
32577
32579
32507
32435
32463
32500
32575
32621
32608
32575
32547
32546
32559
32567
32555
32519
32508
32539
32603
32693
32749
32755
32723
32667
32615
32587
32612
32678
32671
32700
32733
32803
32895
32973
32996
32963
32920
32892
32893
32903
32895
32863
32858
32857
32861
32923
32938
32965
32965
32941
32941
32935
32951
32941
32899
32849
32825
32783
32757
32750
32755
32763
32801
32799
32825
32887
32857
32787
32727
32674
32615
32607
32608
32621
32615
32621
32611
32623
32631
32635
32607
32601
32594
32567
32522
32531
32543
32559
32555
32535
32499
32520
32530
32525
32523
32511
32487
32507
32511
32547
32591
32618
32612
32589
32625
32669
32729
32767
32769
32777
32775
32771
32781
32758
32731
32746
32759
32825
32889
32935
32987
33016
33029
33016
33019
32992
32957
32987
32993
32942
32877
32814
32797
32863
32932
32992
32973
32956
32915
32925
32948
32941
32861
32765
32689
32655
32689
32740
32755
32743
32719
32711
32703
32732
32719
32645
32581
32538
32515
32547
32573
32593
32628
32586
32559
32558
32580
32555
32517
32441
32408
32416
32419
32428
32479
32511
32546
32542
32577
32597
32607
32598
32574
32603
32592
32571
32570
32607
32613
32715
32734
32787
32838
32871
32876
32935
32977
32928
32864
32775
32801
32864
32978
32979
33006
33003
33030
33075
33089
33079
33029
32967
32916
32928
32923
32982
32942
32849
32848
32841
32837
32887
32848
32799
32802
32773
32744
32743
32742
32695
32664
32650
32637
32656
32669
32643
32584
32545
32536
32527
32452
32435
32423
32397
32473
32493
32519
32543
32543
32534
32541
32599
32529
32464
32427
32424
32423
32454
32484
32479
32547
32561
32645
32675
32685
32671
32633
32679
32738
32791
32801
32841
32801
32802
32845
32880
32925
32964
32950
32917
32987
33032
33079
33070
33011
32975
32958
32984
33041
33095
33087
32998
32958
32951
33011
32999
32958
32926
32847
32848
32839
32845
32809
32824
32801
32723
32769
32696
32700
32741
32687
32615
32579
32553
32570
32613
32553
32447
32461
32482
32535
32687
32595
32539
32492
32445
32438
32455
32430
32366
32407
32413
32531
32599
32556
32565
32533
32587
32623
32657
32650
32576
32590
32519
32603
32664
32667
32693
32685
32749
32827
32934
32899
32837
32874
32848
32930
32944
32959
32945
32912
32937
32948
33046
33043
33026
33008
32953
32973
32941
32945
32974
32917
32911
32908
32948
32989
32999
32920
32839
32835
32833
32844
32823
32709
32604
32604
32602
32667
32663
32647
32644
32666
32675
32695
32700
32599
32556
32485
32466
32487
32498
32489
32481
32519
32517
32559
32617
32562
32599
32549
32489
32488
32506
32515
32538
32549
32561
32585
32623
32678
32697
32661
32614
32617
32615
32665
32703
32685
32721
32734
32773
32808
32808
32806
32853
32905
32879
32865
32865
32848
32922
32915
32909
32931
32911
32940
32953
33007
33029
32964
32942
32885
32911
32901
32872
32876
32813
32854
32882
32870
32853
32826
32821
32793
32845
32789
32756
32757
32681
32694
32688
32630
32605
32623
32606
32595
32670
32662
32639
32631
32611
32607
32611
32623
32599
32563
32545
32510
32543
32547
32554
32595
32519
32551
32571
32577
32621
32580
32541
32545
32560
32602
32673
32683
32639
32638
32651
32620
32679
32703
32703
32712
32690
32658
32709
32793
32791
32823
32832
32843
32903
32903
32938
32918
32878
32878
32867
32895
32913
32905
32911
32908
32916
32899
32954
32971
32955
32947
32917
32873
32877
32847
32802
32845
32828
32814
32821
32799
32780
32798
32791
32783
32743
32710
32673
32679
32644
32617
32613
32611
32599
32621
32631
32655
32668
32609
32567
32534
32489
32507
32527
32495
32496
32525
32549
32561
32599
32577
32566
32568
32523
32497
32473
32467
32483
32503
32563
32613
32653
32706
32708
32737
32730
32718
32674
32674
32699
32741
32763
32774
32833
32843
32911
32919
32910
32961
32969
32988
32999
32961
32969
32973
32971
32951
32939
32941
32962
32995
32988
33013
32963
32933
32927
32917
32877
32844
32851
32828
32833
32815
32803
32833
32777
32753
32718
32676
32671
32633
32616
32569
32575
32557
32576
32609
32569
32582
32572
32543
32542
32533
32487
32487
32495
32460
32445
32441
32437
32440
32459
32469
32483
32535
32571
32557
32591
32593
32568
32572
32558
32563
32615
32654
32698
32727
32737
32762
32777
32810
32838
32846
32858
32858
32899
32945
32966
32968
32939
32981
33009
33016
33033
33059
33041
33040
33039
33002
33007
32983
32983
32966
32968
32968
32923
32895
32859
32884
32891
32868
32847
32777
32749
32721
32723
32707
32657
32646
32617
32615
32636
32621
32616
32570
32509
32495
32510
32503
32490
32462
32411
32415
32439
32449
32505
32523
32501
32502
32537
32535
32523
32513
32476
32424
32462
32511
32535
32571
32603
32637
32679
32729
32725
32711
32741
32731
32729
32764
32763
32811
32852
32897
32917
32933
32976
32973
32973
32963
32957
32943
32980
32997
32981
33011
33019
33051
33049
33046
33015
32991
32991
32970
32927
32923
32874
32842
32831
32811
32789
32798
32814
32798
32774
32775
32736
32695
32671
32595
32569
32559
32544
32517
32536
32537
32536
32538
32545
32510
32509
32519
32502
32507
32505
32470
32463
32464
32474
32499
32541
32568
32567
32586
32572
32574
32602
32573
32569
32590
32613
32651
32681
32693
32707
32750
32741
32796
32813
32834
32831
32811
32803
32838
32869
32878
32885
32928
32951
32991
33021
32983
32949
32949
32947
32921
32922
32917
32917
32942
32943
32951
32949
32959
32941
32915
32899
32863
32839
32831
32806
32729
32727
32727
32704
32697
32705
32667
32646
32647
32618
32631
32631
32621
32614
32591
32582
32555
32565
32579
32529
32517
32514
32519
32522
32539
32553
32543
32551
32548
32559
32559
32588
32592
32582
32589
32584
32624
32663
32672
32652
32631
32650
32653
32683
32689
32687
32695
32727
32747
32775
32793
32822
32837
32835
32864
32871
32873
32875
32839
32855
32855
32872
32915
32929
32935
32938
32962
32950
32961
32942
32893
32885
32857
32847
32855
32857
32859
32852
32853
32841
32835
32810
32787
32784
32747
32714
32719
32699
32683
32659
32645
32638
32624
32649
32647
32642
32631
32615
32580
32575
32551
32548
32543
32541
32585
32573
32588
32593
32593
32610
32601
32560
32546
32543
32572
32561
32558
32578
32607
32632
32673
32677
32678
32704
32705
32695
32676
32671
32677
32672
32678
32690
32703
32761
32819
32855
32873
32895
32888
32887
32887
32877
32855
32841
32849
32853
32874
32917
32961
32963
32974
32947
32947
32925
32890
32894
32858
32869
32873
32847
32849
32877
32857
32853
32833
32798
32759
32747
32715
32691
32673
32683
32669
32661
32649
32656
32649
32641
32637
32627
32615
32599
32601
32581
32559
32514
32511
32547
32537
32575
32601
32575
32585
32589
32601
32575
32589
32585
32558
32581
32578
32608
32622
32625
32623
32646
32675
32706
32716
32739
32727
32754
32739
32759
32779
32789
32799
32785
32786
32806
32847
32897
32909
32941
32935
32940
32929
32920
32919
32877
32899
32890
32915
32919
32919
32917
32905
32886
32883
32861
32859
32826
32815
32786
32790
32777
32763
32722
32752
32747
32736
32735
32685
32647
32617
32638
32597
32575
32568
32529
32519
32555
32551
32544
32570
32575
32559
32583
32570
32537
32527
32531
32503
32488
32514
32537
32549
32595
32638
32616
32622
32629
32621
32648
32676
32675
32661
32673
32669
32682
32726
32740
32751
32775
32817
32840
32825
32861
32879
32871
32869
32871
32861
32897
32929
32937
32943
32973
32985
32978
32991
32969
32939
32883
32871
32895
32897
32882
32883
32898
