36791
37743
37467
37663
37595
37805
37533
37555
37531
37461
37369
37210
37170
37351
37449
37279
37143
37626
37623
37573
37300
37341
37531
37311
37327
37703
37382
37183
36980
37297
37335
37175
36967
37023
37187
37100
36916
36797
37093
37197
36895
36867
36935
36587
36745
36645
36801
36722
36743
36487
36835
36701
36813
36631
36793
36687
36761
36863
36949
36624
36495
36527
36801
36861
36663
36455
36957
36788
36711
36465
36851
36811
36693
36642
36744
36541
36466
36257
36615
36639
36580
36388
36586
36895
36689
36568
36721
36819
36679
36497
36737
36953
36485
36418
36525
36703
36633
36436
36341
36535
36275
36319
36094
36274
36361
36394
36295
36167
36279
36264
36297
38623
36855
36936
36699
36777
36938
36767
36628
36811
36811
36789
36367
36450
36599
36591
36464
36554
36922
36660
36565
36639
36615
36627
36716
36524
36690
36471
36277
36351
36553
36455
36337
36278
36455
36331
36195
36009
36585
36298
36325
36028
36235
36249
35981
36020
36473
36204
35906
36172
36457
36295
36096
36039
36209
36281
36202
36230
36037
36122
36121
35947
36119
36157
36097
35991
36080
36221
36117
36113
36259
36555
36383
36161
36091
36155
36152
36120
36006
36169
36217
35953
35879
36233
36331
36204
36112
36315
36401
36349
36248
36111
36064
36132
35891
36238
36205
36155
35830
35816
36149
36009
35906
35898
36129
35959
35828
35752
35921
35809
35696
35657
35856
35897
35790
35551
36121
35977
35857
35927
36069
36030
35969
35867
35962
35896
35887
35805
35972
35879
35871
35775
36033
35811
35671
35658
35863
35928
35799
35518
35796
35397
35669
35519
35700
35940
35926
35690
35899
36075
35689
35787
35671
35864
35904
35992
35638
35926
35961
35759
35791
36140
35895
35775
35643
35776
35672
35837
35719
35943
35730
35647
35782
35828
35791
35791
35545
35583
35861
35517
35581
35859
35741
35691
35907
35842
36243
35799
35902
35971
35864
35755
35718
35740
35872
35876
35543
35832
36175
36027
35857
35880
36109
36147
36053
35687
35739
35840
35624
35725
35837
35863
35635
35491
35991
35957
35847
35763
36018
35841
36053
36025
35993
35703
35839
35738
35835
35702
35963
35700
35719
35949
35734
35666
35556
35767
35831
35728
35593
35717
35179
35459
35535
35673
35763
35451
35540
35924
35879
35691
35591
35782
35893
35675
35806
35843
35693
35674
35741
35618
35689
35853
35635
36493
36499
36557
36330
36477
36396
36334
36424
36358
36320
36247
36290
36286
36341
36119
36231
36251
36367
36379
36464
36443
36634
36338
36385
36243
36131
35990
36107
36346
36359
36343
36177
36409
36255
35858
35941
35993
36107
36150
35874
36083
35996
35857
35863
35728
36121
36103
35961
35733
36172
36149
36149
35786
36299
36312
36167
36089
36060
35964
35995
35808
36139
36037
35801
35801
35859
35938
35886
35917
35985
35957
36024
35883
36199
36163
36055
35885
36015
36055
36041
36121
35960
36122
36239
36155
35806
36255
35947
36018
36045
36247
35875
36005
35949
36044
35997
35694
35996
35917
36007
35742
35760
35741
35695
35812
35857
35884
35903
35931
35885
35630
35932
35911
35835
35932
36241
35941
35756
36065
36135
36039
35932
35907
35920
35800
35967
35831
36045
35808
35765
35843
35710
35879
35763
35715
35871
35898
35741
35703
36007
35835
35799
35771
35766
35832
35885
35815
35949
36054
36125
35843
36172
36197
35822
36067
36005
36014
35719
35788
35856
36163
35998
35655
35807
35901
35587
35526
35519
35913
35881
35741
35524
35842
35720
35755
35583
35931
35767
35755
35772
36001
36001
36041
36025
35967
36031
35883
35920
35857
35825
35815
35727
36045
35850
35911
35909
36183
36236
35756
35702
36173
36163
35882
35921
35743
35739
35826
35599
35787
35885
35927
35972
35836
36147
36137
36071
35967
35986
36174
35953
35835
36167
35983
35904
35664
36036
35871
36027
35728
35798
35615
35976
35653
35849
36113
35842
35833
35783
35982
35639
35589
35839
35914
35793
35623
35863
35913
35961
35857
35970
35835
35883
35969
35819
35852
35793
35937
35871
35951
35957
35715
36103
36573
36431
36445
36518
36759
36531
36491
36359
36534
36439
36459
36331
36340
36257
36419
36161
36404
36561
36355
36188
36596
36477
36311
36261
36218
36242
36273
36287
36242
36299
36067
36221
36015
36213
35979
36050
36114
36157
35994
36009
36005
35927
35904
35789
35920
35897
35801
35777
35619
36205
36045
36089
36173
36235
36063
35907
36075
35894
35895
36145
35861
36151
36235
36139
35943
36211
36016
36101
36035
36075
36175
36207
35951
35996
36108
35898
36092
36035
35921
35927
35837
36062
36201
36157
36055
36249
36191
36052
36078
35985
36086
36032
35865
35728
36118
35938
35847
35814
36049
35839
35790
35787
35928
35964
35823
35897
35924
36135
35923
35519
35815
35815
35955
35643
35944
36091
35951
36157
35924
35999
35983
36138
35888
35881
35879
35768
35798
35830
35707
35773
35879
36003
35851
35763
35655
35719
35739
35856
36021
35795
35747
35831
35474
35847
35887
35831
35799
35967
35935
35929
35821
36106
35971
35927
35751
35921
35781
36012
35774
35827
35964
35876
35833
35839
35747
35865
35729
35662
35694
35530
35728
35708
35701
35780
35624
35671
35809
35784
35723
35635
35840
35771
35815
35588
35931
35851
35753
35875
35731
35577
35763
35676
35927
35639
35760
35774
35905
35812
35904
35942
36069
35915
36109
35891
35959
35894
35871
35648
35894
35880
35815
36029
36036
36016
35905
35997
35935
35938
36007
35713
35887
36039
35515
35649
35798
36127
36048
35912
35725
35921
35674
35824
35561
35619
35725
35933
35573
35684
35573
35519
35551
35893
35677
35760
35555
36062
35911
35863
35743
35971
35972
35690
35593
35730
35847
35811
35679
35805
35649
35886
35793
36224
36351
36272
36261
36215
36456
36275
36203
36151
36368
36197
36121
35898
36098
36153
36186
36303
36219
36411
36476
36405
36437
36568
36551
36039
36370
36332
36193
36352
36231
36386
36237
36173
36143
36243
36233
35951
36033
36177
35869
35874
35975
36053
35943
35861
36011
36114
35909
35800
35908
36255
36119
35999
36154
36254
36277
36099
36023
36118
35989
35919
35813
35910
35881
35950
35864
36119
36164
35784
35817
36301
35967
35963
36070
35925
35857
35829
35865
36099
36014
35825
35735
35811
36125
35884
35872
35988
36032
36039
36131
35973
36014
35908
35940
35840
35959
36016
35954
36071
36013
35834
35781
35744
35969
35909
35917
35657
36003
35795
35637
35664
35985
35711
35647
35709
36069
35868
36227
35901
35991
35945
35993
36003
36049
35907
35651
35642
35945
36052
35791
35972
35642
35966
35957
35741
35940
35897
35869
35735
35582
35781
35683
35855
35679
35770
35838
35634
35797
35815
35743
35986
35631
35934
35913
36024
35955
35787
35828
35927
35767
36070
35569
35849
35936
35819
35767
35651
35625
35917
35645
35731
35918
35994
35870
35807
35393
35821
35967
35633
35618
35960
36032
35781
35664
35759
35812
35790
35880
35839
35717
35806
35595
35630
35960
35747
35701
35762
36058
35912
35571
35847
36077
35794
35733
35645
35806
35723
35810
35739
36029
35924
35900
35510
35947
36005
35995
35981
36103
36008
36043
35907
36116
35914
35729
35773
35817
35948
35789
36067
35833
35880
35545
35721
35635
36017
35767
35823
35590
35597
35620
35332
35435
35465
35636
35479
35449
35691
35623
35778
35677
36144
35659
35549
35730
35708
35623
35713
35745
35898
35802
35703
35663
36795
37484
37634
37479
37432
37288
37481
37453
37420
37344
37183
37323
37201
37129
37133
36839
37115
37619
37183
37105
37297
37203
37075
37038
37110
36855
36955
36870
36622
36847
36949
36865
36855
36756
36511
36421
36253
36679
36765
36791
36389
36439
36394
36376
36250
36623
36503
36636
36296
36384
36745
36539
36471
36537
36649
36507
36537
36527
36513
36337
36539
36339
36271
36277
36359
36335
36538
36285
36427
36267
36601
36489
36347
36331
36501
36153
36230
36005
36223
36095
36235
36199
36314
36305
36339
36141
36455
36356
36223
36358
36275
36254
36287
36255
36371
36340
36303
36089
36149
36077
35895
35872
35951
36127
36095
35921
36293
36026
35668
35769
35736
36092
35831
35999
35816
36301
36229
35973
35933
36191
36199
36099
36023
36083
35921
35767
35825
35987
36099
35788
35995
36175
35862
35839
35701
35775
35909
35935
35791
35860
35670
35701
35473
35375
35582
35403
35705
35867
36034
36051
35854
35777
36055
35864
35761
35617
35758
35659
35795
35709
35808
35853
35894
35717
35690
35550
35758
35318
35627
35735
35781
35663
35634
35576
35464
35377
35621
35768
35785
35624
35913
35835
35667
35719
35595
35746
35769
35570
35699
35593
35564
35599
35905
35857
35682
35503
35729
35997
35764
35607
35595
35808
35852
35758
35771
35913
35829
35325
35455
35479
35653
35719
35576
36050
35617
35615
35711
35703
35781
35935
35870
36063
35690
35682
35574
35561
35753
35607
35711
35657
35780
35667
35454
35590
35649
35553
35749
35499
35641
35385
35337
35433
35622
35565
35593
35573
35926
35741
35684
35623
35921
36138
35677
35865
35730
35575
35481
35276
35759
35473
35683
35525
36293
36239
36007
36127
36205
36364
36268
36134
36194
36386
36013
36065
36105
36017
36195
35961
36285
36314
36191
36182
36442
36337
36237
36193
36048
36268
36093
36064
36083
36431
36173
36271
36013
35850
35937
35923
35743
36066
35799
35823
35617
35839
35813
35975
35703
35865
35880
35915
35671
36203
36193
36185
35947
36067
36135
35974
35996
36015
36128
35924
35859
36052
35909
35780
35826
35423
35657
35813
35797
35752
35897
36220
36151
35959
35863
35630
35566
35646
35825
35968
35744
35711
35966
35789
35927
35813
36317
36226
36115
35665
35751
35667
35814
35659
35869
36011
36092
36126
35889
35744
35759
35799
35703
35955
35961
35547
35713
35812
35847
35493
35579
35715
35780
35443
35483
35939
35842
35805
35693
35841
35761
35769
35749
35969
35706
35630
35663
35822
35855
35921
35458
35866
35185
34524
34370
35831
35702
35797
35605
35702
35755
35689
35647
35860
35795
35555
35779
35953
35934
35645
35895
35769
35936
35661
35612
35584
35767
35543
35714
35667
35738
35627
35678
35769
35558
35525
35718
35235
35794
35693
35517
35519
35522
35513
35477
35239
35568
35355
35522
35537
35555
35912
35694
35585
35881
35765
35821
35725
35733
35813
35680
35475
35805
35781
35564
35510
35751
35927
35751
35649
35636
35812
35975
35654
35623
35985
35683
35567
35638
35790
35591
35671
35529
36037
35687
35565
35815
35893
35967
35807
35751
35895
35513
35679
35569
35802
35802
35577
35624
35769
35627
35645
35446
35601
35755
35524
35408
35764
35724
35501
35490
35544
35555
35553
35305
35462
35655
35770
35663
35757
35945
35567
35797
35651
35695
35484
35503
35468
35603
35647
35495
35774
36437
36157
36211
36298
36611
36570
36344
36193
36323
36220
36178
36003
36110
36271
36167
35952
36274
36385
36405
36198
36379
36405
36211
36111
36249
36065
36055
35977
36088
36036
35971
36065
35869
36142
35958
35806
36147
35981
35955
35864
35814
35649
35752
35793
35759
36092
35847
35622
35695
35922
35968
35715
36034
35985
36065
35965
35759
35663
35763
35599
35478
36026
35813
35689
35617
35821
35893
35825
35721
35877
35883
35789
35747
35597
35854
35729
35729
35658
35844
35482
35779
35541
35945
35995
35786
35873
36095
36018
35911
35765
35885
35846
35837
35535
36022
35844
35936
35876
35839
35708
35875
35634
35727
35689
35801
35606
35554
35402
35321
35593
35547
35511
35509
35592
35954
35805
35639
35548
35772
35778
35960
35572
35501
35535
35367
35698
35701
36052
35685
35639
35671
35561
35365
35749
35645
35767
35546
35337
35062
35347
35311
35433
35442
35618
35192
35361
35369
35751
35587
35506
35550
35642
35639
35691
35423
35574
35558
35695
35293
35478
35495
35440
35455
35405
35383
35378
35385
35385
35444
35468
35113
35079
35384
35409
35491
35263
35447
35307
35399
35516
35555
35568
35646
35384
35590
35552
35382
35415
35502
35355
35369
35459
35543
35399
35445
35526
35591
35543
35628
35483
35646
35539
35459
35559
35605
35318
35398
35284
35480
35600
35575
35370
35521
35570
35598
35724
35575
35775
35462
35660
35447
35529
35522
35451
35615
35742
35597
35581
35467
35384
35387
35130
35208
35501
35625
35539
35422
35353
35605
35297
35065
35423
35239
35479
35329
35593
35445
35415
35393
35639
35612
35578
35695
35391
35555
35329
35287
35648
35670
35539
35341
35563
36065
35916
35953
35966
36284
36215
36305
36125
36120
36100
36198
36026
36211
36037
36025
35736
36191
36281
36087
36003
36268
36087
36157
36221
36129
36063
35779
35863
35880
35923
36005
35775
35631
35926
35909
35663
35935
35873
35854
35786
35617
35675
35503
35825
35783
35500
35842
35635
35631
35889
35711
35618
35775
36037
35840
35760
35816
35663
35599
35735
35879
35941
35749
35701
35319
35811
36014
35884
35577
35813
35893
35671
35674
35725
35737
35475
35472
35800
35706
35757
35678
35843
36073
36085
36041
35956
36152
35895
35704
35571
35671
35767
35795
35574
35860
36016
35832
35583
35671
35529
35711
35479
35856
35739
35661
35626
35414
35392
35705
35420
35563
35713
35567
35449
35561
35474
35393
35687
35691
35622
35775
35593
35772
35667
35467
35693
35522
35710
35805
35570
35634
35776
35746
35596
35351
35803
35543
35563
35491
35629
35364
35354
35541
35661
35244
35301
35351
35749
35549
35671
35723
35826
35765
35785
35563
35794
35641
35487
35540
35581
35634
35761
35400
35564
35535
35471
35095
35373
35705
35541
35523
35453
35462
35389
35421
35323
35499
35259
35249
35363
35911
35523
35481
35602
35629
35574
35619
35686
35493
35383
35450
35505
35495
35503
35522
35309
35654
35516
35762
35491
35515
35703
35626
35347
35586
35482
35431
35229
35586
35665
35439
35395
35635
35805
35577
35703
35742
35683
35804
35637
35629
35487
35566
35662
35667
35791
35428
35505
35598
35505
35602
35459
35359
35485
35316
35509
35498
35471
35174
35220
35371
35438
35536
35507
35171
35616
35524
35366
35501
35565
35501
35759
35623
35876
35573
35483
35386
35152
35567
35334
35535
36487
36696
36788
36658
36888
36991
36783
36463
36589
36733
36749
36313
36436
36463
36498
36429
36429
36693
36686
36512
36542
36569
36577
36670
36429
36457
36401
36426
36323
36463
36502
36119
36223
36252
36169
36111
35839
36087
36093
36207
35985
36098
36154
36100
36229
36115
36190
35838
35922
36099
36097
35881
36176
35971
35997
36161
36287
36089
35981
36055
35873
35979
36063
35973
36001
36041
36135
36051
35899
35892
35912
36018
36073
35939
35941
35603
35846
35762
36110
35869
35701
35899
36063
36043
35983
35787
36001
35991
35996
35899
36169
36009
35983
35911
36050
36117
35865
35633
35816
36008
35831
35844
35639
35839
35793
35583
35473
35565
35506
35479
35482
35477
35513
35655
35471
35932
35959
35832
35499
35935
35881
35682
35587
35809
35689
35568
35479
35647
35547
35489
35460
35461
35515
35617
35350
35563
35593
35511
35598
35567
35325
35564
35264
35228
35422
35447
35609
35551
35641
35348
35444
35543
35623
35591
35379
35296
35611
35388
35372
35524
35664
35609
35610
35329
35376
35367
35135
35253
35587
35455
35478
35407
35443
35207
35293
35381
35556
35321
35359
35165
35336
35536
35326
35329
35433
35648
35557
35461
35367
35508
35651
35409
35206
35600
35723
35510
35322
35534
35591
35627
35521
35936
35607
35555
35477
35597
35298
35310
35329
35759
35565
35510
35383
35680
35831
35499
35355
35570
35669
35439
35377
35511
35579
35426
35479
35593
35618
35479
35382
35339
35261
35325
35159
35317
35388
35383
35440
35275
35539
35343
35219
35313
35646
35452
35136
35159
35669
35232
35518
35155
35367
35249
35245
35186
35439
35415
35303
35283
35402
35403
35562
35394
35825
35913
35844
35825
36003
36173
35995
35981
36025
36023
35829
35783
35971
35973
35913
35826
36145
36149
35800
35939
35912
35962
36114
35965
35869
36007
35747
35683
35758
36065
36041
35749
35859
35695
35708
35737
35596
35935
35400
35770
35688
35526
35542
35501
35543
35563
35540
35495
35134
35577
35893
35670
35851
35783
35712
35658
35818
35823
35821
35781
35789
35655
35673
35484
35468
35530
35487
35461
35725
35408
35739
35801
35695
35526
35570
35412
35555
35327
35537
35525
35270
35353
35681
35449
35837
35641
35715
35804
35463
35666
35543
35644
35520
35345
35721
35722
35754
35511
35509
35519
35351
35249
35459
35710
35241
35389
35398
35453
35358
35421
35288
35505
35199
35322
35324
35791
35359
35028
35258
35807
35844
35375
35449
35702
35437
35325
35279
35467
35458
35399
35279
35455
35359
35439
35273
35700
35309
35173
35267
35415
35338
35475
35242
35416
35459
35391
35233
35569
35609
35548
35505
35441
35723
35478
35417
35531
35361
35290
35453
35399
35562
35455
35518
35247
35287
35419
35236
35096
35483
35419
35295
35167
35415
35399
35701
35135
35579
35409
35179
35147
35463
35589
35545
35464
35651
35458
35522
35359
35408
35353
35333
35430
35550
35266
35409
35215
35574
35528
35531
35295
35390
35574
35354
35622
35621
35518
35513
35621
35544
35570
35638
35572
35426
35572
35539
35557
35258
35691
35654
35705
35424
35521
35575
35543
35324
35379
35607
35473
35455
35468
35367
35403
35148
35367
35434
35322
35233
35342
35252
35345
35186
35337
35273
35367
35276
35370
35431
35536
35407
35543
35451
35419
35344
35371
35377
35489
35289
35234
35311
35511
35364
35255
36091
35845
36020
35782
36214
36110
36041
36035
35925
35906
35773
35834
36167
35893
35974
36003
36143
35991
35821
36071
36195
36122
36070
35839
35933
35905
35975
35856
35862
36071
35900
35936
35943
36003
35636
35596
35735
35869
35584
35669
35707
35590
35554
35390
35354
35903
35551
35543
35577
35839
35828
35685
35561
35869
35738
35801
35618
35967
35557
35799
35623
35475
35673
35689
35639
35671
35631
35681
35453
35689
35926
35791
35627
35583
35665
35500
35475
35555
35749
35613
35517
35732
36031
35731
35648
35685
35919
35782
35823
35599
35735
35662
35665
35569
35726
35709
35683
35421
35641
35517
35417
35421
35447
35619
35807
35518
35415
35433
35460
35447
35479
35557
35540
35489
35628
35687
35389
35341
35771
35606
35687
35623
35701
35615
35574
35535
35374
35530
35471
35463
35160
35583
35361
35507
35287
35447
35551
35446
35347
35343
35390
35359
35282
35559
35247
35229
35238
35651
35577
35525
35401
35920
35703
35551
35222
35443
35544
35463
35567
35445
35544
35313
35317
35208
35123
35384
35148
35215
35452
35149
35488
35225
35447
35310
35386
35255
35327
35419
35249
35271
35662
35224
35305
35271
35463
35627
35448
35302
35591
35547
35465
35323
35675
35753
35407
35295
35407
35711
35759
35381
35464
35671
35551
35525
35463
35515
35367
35285
35493
35501
35345
35717
35393
34703
35280
35587
35605
35895
35575
34975
35529
35535
35349
35255
35171
35214
36009
35239
35007
34999
35053
35143
35011
35175
35046
35378
34967
35303
34923
34846
34854
35175
35205
35027
35238
35321
35095
35366
35224
35608
35484
35213
35650
35427
35481
35485
35111
35479
35410
35451
35566
35389
36353
36011
36041
36173
36057
36180
35979
36012
36216
36010
36479
35723
35873
36101
35801
35849
35972
35986
36217
35989
36357
36287
36033
36015
35832
36164
35851
35821
36045
35767
35897
35656
35845
35962
35522
35881
35689
35910
35891
35463
36041
35635
35659
35525
35636
35927
35545
35559
35605
35375
36003
35622
35850
36040
35575
35790
35551
35629
35813
35380
35739
35527
35786
35714
35294
35764
35307
35576
35645
35554
35924
35513
35689
35813
35561
35863
35470
35644
35693
35271
35843
35495
35697
35755
35315
35765
35544
35628
35527
35191
35667
35305
35469
35415
35420
35839
35458
35477
35572
35151
35509
35057
35397
35398
35159
35367
35234
35417
35328
35093
35197
35052
35130
35187
35107
35413
35125
35301
35622
35046
35680
35060
35372
35368
35041
35210
35191
35387
35369
35068
35385
35082
35187
35229
34947
35277
35146
35081
35243
35053
35431
34983
35127
35315
34919
35243
34924
35249
35325
35155
35725
35511
35703
35580
35306
35611
35215
35234
35319
35119
35601
35183
35316
35234
34985
35239
34927
35207
35171
34986
35097
35022
35089
35124
34980
35360
35229
35228
35154
35058
35509
35161
35202
35340
35183
35591
35242
35296
35309
35079
35165
35342
35364
35257
35037
35295
35416
35385
35143
34943
35428
35168
35436
35309
35347
35459
35235
35324
35456
35263
35520
35213
35454
35629
35418
35529
35399
35591
35732
35191
35463
35477
35464
35479
35447
35660
35422
35220
35531
35294
35371
35159
35319
35276
35354
35397
35175
35215
35257
35199
35160
34984
35084
35373
35119
35511
35482
35387
35186
35257
35484
35318
35296
35308
35129
35191
35246
35375
35399
35459
35365
36311
37061
37321
36786
37201
37060
37040
37129
36595
37143
36879
36723
36877
36815
37005
36685
36848
37215
36584
36903
36554
36831
36797
36547
37143
36571
36642
36675
36358
36848
36306
36626
36598
36231
36495
36137
36101
36567
36282
36271
36265
36458
36460
35986
35776
36013
35983
36041
35836
36107
36237
35954
36133
36151
36238
36258
36179
36225
36016
36099
35929
35791
36036
35905
35828
35779
36128
35793
35723
36033
36046
35864
35932
35728
35947
35741
35957
35723
36003
35817
35727
35435
36043
35999
35813
35487
35733
35837
35667
35863
35644
35669
35669
35667
35685
35782
35792
35875
35711
35802
35598
35397
35395
35505
35718
35399
35797
36041
35695
35856
35447
35678
35487
35237
35641
35727
35527
35689
35423
35943
35652
35881
35701
35639
35735
35543
35429
35491
35557
35794
35555
35513
35467
35343
35227
35396
35545
35485
35163
35417
35346
35432
35343
35015
35343
35290
35120
35341
35565
35457
35423
35596
35299
35308
35279
35105
35318
35478
35371
35335
35563
35166
35497
35124
35437
35251
34921
35012
35578
35279
35257
35109
35171
35159
35127
34994
35401
35264
34919
35291
34941
35119
35601
35167
35474
35448
35445
35355
35051
35280
34974
34942
35059
35336
35693
35177
35042
35337
35317
35345
35557
35347
35423
35423
35279
35273
35091
35326
35225
35603
35351
35167
35135
35276
35414
35429
35255
35454
35145
36009
35382
35592
35426
35153
35410
35278
35284
35302
35181
35269
35187
35277
35069
34935
35238
35063
35023
35083
35187
34948
34804
35006
35155
34953
35167
34965
35387
35175
35243
35195
35383
35371
35115
35269
35315
35007
35177
35311
35237
35316
35437
35090
35339
35421
36031
35999
35987
35808
35748
35767
35939
35665
35467
35153
35916
35821
35831
35657
35787
35952
35769
35915
35647
35939
35741
35771
35598
35733
35747
35589
35588
35771
35679
35770
35680
35761
35408
35406
35379
35705
35523
35525
35409
35519
35353
35292
35182
35492
35458
35567
35292
35604
35655
35389
35374
35617
35848
35337
35395
35596
35419
35679
35451
35508
35850
35560
35427
35255
35711
35333
35491
35529
35687
35484
35511
35561
35635
35359
35364
35174
35603
35433
35433
35523
35633
35579
35534
35616
35637
35723
35601
35671
35747
35301
35445
35208
35521
35659
35594
35303
35335
35263
35133
35203
35535
35271
35181
35195
35407
35413
35334
35078
35160
35083
35283
35097
35241
35381
35283
35451
35222
35558
35344
35265
35292
35408
35327
34991
35056
35410
35192
35265
35295
35398
35217
35243
35040
35250
35379
35354
35065
35441
35207
35336
34892
35299
35247
35003
34949
35353
35321
35295
35162
35360
35322
35249
35125
35244
35319
35271
35045
35194
35365
35581
35443
35056
35024
35245
34954
34959
35160
35069
34951
35107
35140
35084
34909
34943
34886
35111
35043
35093
35257
35131
34983
35085
35314
35461
35146
35120
35155
35147
35072
34919
35189
35171
35196
35209
35373
35212
35307
35152
35456
35471
35370
35353
35411
35129
35149
35111
35323
35439
35318
35237
35228
35371
35354
35239
35327
35559
35589
35278
35305
35538
35301
35335
35421
35679
35412
35517
35363
35263
35395
35234
35049
35317
35362
35413
35084
35317
35359
35051
35143
35223
35343
35293
35313
35427
35650
35457
35372
35576
35541
35415
35345
35175
35294
35303
35302
35094
35629
35320
35307
35441
36280
36120
35898
35853
36065
36062
35683
35956
36046
35825
35852
35660
35852
35908
35845
35843
35867
36081
36031
35799
36023
35967
36117
35929
35853
35816
35671
35689
35634
35833
35731
35769
35609
35679
35531
35569
35454
35473
35737
35703
35549
35551
35551
35460
35160
35419
35498
35351
35459
35570
35403
35508
35510
35709
35715
35494
35458
35647
35505
35498
35335
35384
35543
35458
35291
35431
35795
35380
35401
35513
35683
35288
35447
35422
35530
35478
35055
35475
35460
35434
35518
35464
35683
35575
35419
35401
35721
35743
35356
35225
35551
35461
35343
35364
35487
35213
35285
35071
35351
35396
35357
35147
35454
35106
35143
35223
35247
35166
34979
35035
35045
35294
35137
35243
35315
35455
35415
35250
35371
35464
35471
35271
35215
35250
35325
35439
35408
35324
35212
35461
35112
35418
35180
35243
35345
35306
35441
35167
34983
35241
34929
35152
35267
35549
35205
35299
35067
35350
35447
35182
35147
35431
35328
35301
35173
35291
35240
34998
35012
35325
35213
35371
35341
35089
34998
34912
35082
35018
35211
34993
35063
35106
34876
35175
34905
34870
35149
34853
34921
35017
35455
35247
35103
35155
35475
35231
35447
34961
35431
35134
35134
35029
35187
35303
35071
34931
35335
35362
35266
34977
35360
35181
35356
35243
35276
35301
35051
34849
35285
35338
35175
35221
35111
35355
35379
35488
35252
35512
35323
35107
35391
35378
35343
35063
35287
35578
35331
35377
35063
35204
35039
35227
35017
35335
35109
35449
35181
35304
34999
35025
34799
35072
35047
35003
34940
35165
35247
35075
35213
35370
35295
35381
35136
35401
35427
35217
35236
35262
35577
35494
35095
35623
35926
35701
35880
35608
35979
35835
35771
35816
35795
35907
35685
35539
35717
35593
35715
35608
35803
36013
35781
35735
36162
36057
35740
35858
35830
35815
35911
35715
35776
35831
35943
35813
35691
35670
35614
35547
35375
35599
35570
35575
35281
35453
35351
35297
35229
35431
35324
35338
35429
35563
35474
35502
35725
35650
35633
35540
35379
35238
35358
35569
35397
35647
35325
35284
35336
35430
35631
35340
35507
35591
35567
35255
35364
35473
35569
35527
35332
35447
35042
35479
35338
35608
35544
35708
35399
35775
35733
35741
35747
35597
35736
35526
35541
35762
35717
35711
35721
35575
35553
35350
35399
35275
35583
35538
35469
35191
35463
35609
35287
35251
35429
35543
35559
35515
35711
35652
35577
35274
35610
35559
35542
35425
35403
35557
35409
35308
35678
35651
35324
35399
35473
35354
35004
35445
35121
35644
35471
35351
35104
35583
35457
35503
35481
35474
35528
35377
35263
35475
35599
35547
35503
35676
35853
35787
35488
35421
35655
35444
35532
35634
35558
35513
35331
35316
35229
35372
35181
35198
35411
35331
35393
35407
35231
35369
35049
35535
35447
35289
35301
35327
35375
35311
35291
35275
35414
35239
35367
35244
35417
35361
35192
35119
35423
35199
35214
35183
35460
35607
35297
35217
35623
35651
35384
35117
35319
35281
35116
35076
35425
35318
35358
35307
35417
35555
35611
35205
35322
35583
35560
35636
35424
35351
35479
35266
35155
35343
35453
35333
35146
35079
35119
35171
35113
35262
35277
35223
35014
35197
35252
35019
35206
35241
35255
35293
35281
35567
35379
35398
35179
35572
35581
35403
35173
35279
35338
35095
35227
35369
35312
35215
35107
36536
37375
37363
37009
37175
37424
37300
37268
37299
37099
36863
36769
36839
37140
36693
36735
36740
37197
36966
36848
36793
36995
37005
36886
36635
36998
36447
36671
36630
36910
36808
36559
36431
36524
36475
36335
36109
36569
36225
36109
36073
36119
36044
35985
35939
36109
36118
36048
36223
36211
36355
36331
36193
35959
36257
36126
36115
35942
36107
36050
35927
35670
36214
35811
35887
35917
36082
35999
36007
35835
36199
36013
36014
35776
36057
35786
35947
35684
35713
35693
35669
35639
36035
35827
35806
35621
36125
35988
35839
35583
35839
35952
35785
35715
35679
35785
35597
35555
35733
35591
35440
35466
35517
35632
35659
35752
35503
35547
35609
35519
35565
35823
35383
35590
35405
35919
35548
35703
35672
35859
35653
35685
35625
35551
35323
35417
35217
35596
35699
35351
35382
35281
35141
35335
35304
35444
35409
35373
35449
35417
35404
35381
35222
35173
35287
35120
35278
35093
35711
35595
35351
35305
35387
35507
35301
35395
35206
35550
35343
35095
35417
35267
35302
35334
35275
35110
35114
35161
35150
35330
35111
35039
35337
35301
35009
35090
35257
35061
34867
35214
35250
35449
35461
35047
35130
35287
35329
35033
35086
34957
35039
35158
35019
35220
35075
35234
35022
35455
35278
35265
34975
35283
35291
35043
35143
35139
34985
35049
34895
35068
35194
35167
34949
35271
35157
35199
35269
35565
35260
35432
35430
35129
35360
35260
34891
35065
35289
35197
35049
34937
34928
34933
34959
34911
35187
35124
35132
35141
34996
34801
34780
34638
34975
34955
34717
34723
35314
35062
34920
35095
35385
35186
35094
34985
35069
35005
34863
34870
35305
35229
35107
34834
35554
35599
35663
35509
35555
35735
35879
35727
35535
35610
35223
35314
35452
35628
35299
35493
35609
35737
35692
35454
35743
35647
35706
35879
35719
35689
35586
35367
35611
35631
35729
35400
35219
35319
35110
35116
35222
35479
35163
35224
35339
35305
34988
35053
35169
35275
35085
35289
35225
35269
35221
35171
35150
35280
35535
35391
35231
35319
35421
35099
35039
35044
35074
35309
35271
35102
35278
35258
34989
35391
35153
35281
35185
35097
35181
35091
34975
35127
35225
35362
35189
35114
35403
35519
35427
35087
35417
35473
35757
35346
35189
35383
35252
35407
35510
35307
35323
35352
35343
35303
34967
35124
34964
35145
34986
35127
35296
35187
35112
34986
35005
34997
35090
35048
34999
35199
35299
35333
35175
35391
35438
35439
35245
35191
35024
35022
34993
35102
35266
35145
34755
35057
34907
34904
34970
35344
35357
35130
34771
34999
34953
34845
34978
35228
35215
35078
34868
35213
35257
35147
35099
35271
35344
35172
35099
34983
35103
35192
34831
35095
35125
35133
34969
34980
34871
34995
34892
34970
35120
35054
34999
34693
34719
34719
34778
34921
35135
34861
34829
34671
35263
35183
35310
35178
35039
34979
35051
35099
35054
35053
34975
35016
35007
35165
34969
34783
34943
35145
35155
35175
35159
35169
35010
35118
34949
35162
34802
35029
35043
35111
35079
35129
34967
35305
35088
35020
34885
35226
34987
35133
34985
35273
35229
35200
34767
35103
35257
34928
35034
34689
34715
34757
34775
35055
35159
35068
35098
34969
34895
34802
34873
35093
34888
34921
34939
35111
35205
35081
35054
35061
35214
35431
35019
35095
35397
35150
35207
35240
35316
35233
35069
35178
35903
35745
35962
35767
35939
35770
35974
35635
35776
35857
35667
35757
35718
35854
35666
35752
35888
35925
35655
35751
35908
36067
35985
35754
35881
35685
35540
35554
35577
35695
35741
35849
35253
35071
35292
35321
35465
35483
35425
35377
35361
35527
35238
35366
35306
35308
35319
35407
35180
35661
35527
35421
35235
35567
35501
35461
35303
35411
35423
35221
35080
35505
35519
35095
35431
35349
35433
35535
35389
35358
35320
35577
35334
35397
35499
35451
35271
35223
35405
35455
35277
35405
35479
35529
35540
35429
35529
35393
35560
35339
35430
35337
35335
35192
35497
35365
35230
34692
35263
35240
35128
35225
35051
35189
35007
35158
35231
34975
34810
34835
35157
35025
35005
34823
35147
35334
35152
35212
35214
35445
35335
35263
35047
35345
34976
34864
35049
35379
35271
34989
34922
35267
34971
34945
34882
35266
35018
35117
35010
34989
34935
35043
34582
35167
34975
34980
34921
35298
35367
35233
35208
35223
35266
35113
35151
35327
35110
35282
34962
35213
35197
35265
35111
35086
35154
34970
35130
34819
35107
35093
34799
34927
34986
34954
34843
34875
34929
34915
34978
34739
35123
34967
35079
34803
35151
35033
35136
34867
35326
34931
34570
34735
35062
35327
35027
35087
35137
34997
34995
34989
35414
35198
35152
35000
35183
34976
35035
35047
34927
35049
35039
35140
34816
35069
35255
34987
35229
35350
35056
35214
35213
35331
35105
34975
35064
35396
35105
35113
35229
35224
35104
34972
35226
35223
34998
34805
34878
35077
35085
35065
34457
35073
35024
34701
35035
35282
35017
35058
34864
35401
35302
35124
34989
35189
35110
34937
35064
35120
35141
35163
35181
35373
35821
35865
35511
35585
35896
35738
35596
35472
35551
35521
35450
35275
35637
35569
35194
35436
35703
35753
35449
35637
35803
35686
35687
35701
35418
35391
35605
35316
35721
35561
35639
35463
35553
35489
35481
35193
35249
35386
35463
35101
35183
35212
35314
34999
35176
35257
35225
35317
35385
35305
35359
35472
35156
35485
35551
35417
35278
35455
35011
35161
35195
35403
35309
35256
35223
35553
35539
35268
35241
35413
35249
35367
35245
35295
35141
35197
35151
35245
35389
35017
35159
35447
35511
35628
35591
35639
35671
35601
35389
35193
35408
35327
35095
35035
35243
35223
35216
35131
35226
35045
35043
34843
35316
35321
35183
35067
34888
34837
34724
34890
35133
35109
35143
35111
35458
35295
35278
35018
35033
35143
35200
35230
35177
35287
35300
35032
35137
35099
34990
34831
34949
35035
34935
34991
35128
35502
34879
35223
35051
35055
35017
34849
35077
35189
34855
34925
34959
35307
35339
35195
35169
35473
35250
35061
35170
35242
35149
35252
34887
35173
35127
34943
34871
34917
35029
34807
34703
34853
34787
34924
35063
34992
34959
34893
34818
35062
34973
34890
34627
34843
35071
34986
35008
34955
35080
35189
35103
35079
34949
34967
35005
34931
35267
34984
35097
35050
35089
35217
34990
35059
35051
35011
34956
35075
34977
35179
35111
34767
35120
34954
34956
34841
35087
35389
35333
35257
35349
35327
35090
35331
35123
35282
34943
35055
35079
35138
35239
35157
35195
35173
35256
34983
34767
34935
34916
35120
35201
35027
34663
34895
35103
35142
34953
34914
34859
35285
35109
35176
35037
35255
35117
34998
35023
35079
35185
35095
35002
34903
35039
35154
35235
36310
37175
37157
36783
37039
37147
36907
36844
37007
36918
36747
36622
36695
36932
36566
36559
36731
37110
36798
36659
36585
36959
36727
36735
36599
36625
36512
36165
36173
36649
36479
36276
36301
36231
36245
36082
36192
36325
36051
36008
36029
36042
36079
36096
35927
36085
36269
36125
35833
35999
36356
36281
36034
35989
36298
36036
36234
36056
35895
35953
35991
35735
36063
35894
35719
35783
35945
35808
35999
35677
35893
36025
35949
35693
35754
35803
35687
35609
35799
35851
35674
35875
35854
35784
35751
35723
35720
35841
35909
35773
35670
35753
35661
35649
35741
35959
35673
35582
35519
35669
35393
35323
35466
35445
35401
35361
35205
35197
35100
35315
35056
35343
35370
35253
35240
35655
35452
35300
35162
35429
35525
35417
35260
35601
35258
35362
35287
35243
35456
35280
35148
35264
34995
35169
35011
35264
35128
35100
35183
35026
35029
34931
35108
34993
35231
34973
35087
35217
35505
35219
35019
35214
35332
35415
35277
35229
35102
35157
35119
35093
35173
35197
35431
35231
35073
34895
34982
34635
34880
35008
35151
34833
34969
34899
34947
34914
34967
35018
34838
34961
34969
35063
35029
35055
35021
35244
35265
35178
35197
34873
35051
34848
35002
35030
34814
34772
34977
34881
35087
35053
34691
35017
35055
35009
34961
35112
35143
34911
34831
35169
34983
34968
34755
35167
35393
35052
35020
35294
35285
35063
34985
35291
35143
34985
34891
35063
35213
35085
35014
34895
35220
35144
34983
34951
34930
34872
34789
34781
35039
35019
35043
34873
34998
34823
34863
34903
35254
35116
35077
34649
35301
35011
34943
34962
35066
34791
34829
34790
35104
35048
35148
35127
35510
35561
35557
35482
35693
35477
35279
35580
35636
35578
35307
35273
35485
35527
35502
35417
35431
35716
35613
35527
35557
35641
35523
35657
35304
35431
35370
35317
35129
35473
35484
35227
35328
35067
35455
35171
35041
35508
35279
35150
35184
35276
35103
34918
35149
35151
35309
35017
35125
35360
35397
35378
35257
35535
35487
35498
35279
35448
35153
35275
35037
35274
35385
35455
35262
35271
35543
35177
35158
35211
35332
35269
35286
35288
35136
35279
35225
34990
35281
34987
35238
34952
35209
35051
35167
35120
35543
35545
35263
35055
35138
35047
35087
35013
35439
35219
35137
35017
35071
35109
34717
34869
35053
35111
34981
35143
35111
34801
34876
34863
34770
35176
34991
35054
35037
35207
35172
35016
35064
35003
35010
34997
34995
34956
35035
34801
34747
35273
35096
35011
34991
35154
34838
34907
34852
34913
35035
34865
34879
34776
34668
34805
34723
34993
34865
34920
34882
34863
35110
34961
34884
35070
35129
35111
35169
34696
34935
34723
35023
34915
35231
35143
35093
34976
35015
35019
34845
34610
34919
34943
34872
34719
34878
34809
34682
34599
34872
34898
34722
34843
34975
35121
34863
34921
35177
35154
35119
34969
34975
34933
34983
34862
35043
35203
35065
34735
34973
35105
34861
34831
34867
35115
34911
34843
34896
34835
34814
34751
34943
35148
35125
34920
34901
35093
35023
35137
35025
35301
35110
35257
34970
35276
34942
35220
34981
35370
35271
35139
35084
34983
35037
34991
34913
35161
34959
35147
34919
35091
34991
35035
34796
34801
35163
34987
34962
35083
35166
35166
35071
35097
35347
35234
35032
35101
35127
34933
34798
34833
35178
35322
34959
35059
35785
35850
35743
35636
35807
35636
35625
35551
35643
35395
35594
35405
35686
35610
35576
35578
35708
35895
35711
35422
35759
35649
35637
35548
35331
35535
35206
35455
35455
35749
35385
35377
35152
35223
35239
35051
35111
35510
35312
35184
34921
35201
35068
35284
35163
35272
35075
35305
35087
35256
35308
35441
35422
35327
35492
35378
35404
35399
35026
35124
35154
35217
35261
35280
35087
35252
35487
35366
35327
35263
35230
35178
35143
35382
35228
34983
35191
35111
35359
35126
35148
34910
35391
35174
35199
35334
35473
35353
35369
35287
35256
35237
35119
35097
35151
35098
35421
35041
35087
35021
34932
34799
34880
35087
35011
34951
35174
35227
34864
34886
35075
34918
35069
34822
35043
35119
35202
35165
35267
35365
35327
35013
35435
35167
35116
34957
35077
35190
35439
35207
