29334
29348
29339
29341
29343
29357
29355
29349
29351
29349
29351
29344
29335
29338
29338
29341
29339
29338
29331
29329
29329
29333
29330
29324
29328
29325
29327
29323
29321
29326
29323
29326
29329
29323
29326
29328
29326
29331
29331
29332
29335
29335
29341
29341
29343
29351
29345
29331
29335
29336
29333
29339
29343
29344
29334
29332
29336
29331
29333
29335
29339
29333
29334
29335
29336
29331
29332
29331
29337
29335
29342
29337
29345
29348
29339
29346
29344
29349
29351
29353
29359
29340
29347
29352
29356
29355
29361
29353
29352
29355
29352
29346
29343
29343
29343
29343
29346
29338
29336
29333
29335
29345
29345
29348
29351
29343
29351
29356
29356
29351
29361
29365
29370
29357
29372
29361
29375
29355
29373
29359
29358
29375
29354
29370
29345
29358
29363
29358
29362
29356
29353
29350
29344
29339
29339
29339
29338
29339
29339
29343
29350
29351
29350
29345
29346
29351
29358
29361
29359
29351
29364
29368
29368
29371
29357
29375
29361
29367
29358
29375
29356
29365
29369
29349
29357
29363
29363
29355
29356
29351
29347
29347
29345
29349
29352
29350
29347
29347
29340
29349
29347
29351
29359
29345
29353
29359
29345
29359
29351
29365
29373
29351
29366
29369
29351
29367
29356
29362
29363
29365
29363
29362
29357
29363
29361
29355
29354
29348
29349
29353
29355
29355
29351
29349
29347
29343
29345
29345
29349
29351
29351
29359
29345
29353
29351
29361
29360
29356
29357
29363
29363
29365
29365
29367
29352
29361
29363
29358
29359
29349
29367
29343
29359
29344
29351
29353
29356
29358
29362
29350
29351
29363
29357
29354
29355
29361
29354
29355
29366
29362
29355
29354
29353
29359
29343
29355
29359
29337
29351
29360
29352
29360
29361
29355
29363
29365
29367
29351
29361
29363
29363
29365
29368
29366
29367
29355
29367
29351
29365
29366
29365
29363
29368
29360
29352
29357
29364
29361
29352
29353
29359
29343
29351
29351
29351
29351
29358
29352
29353
29349
29353
29357
29361
29358
29364
29365
29366
29366
29367
29357
29368
29369
29351
29373
29359
29355
29369
29353
29366
29371
29353
29363
29363
29362
29355
29357
29357
29351
29353
29353
29351
29352
29352
29353
29345
29347
29353
29358
29363
29361
29363
29369
29352
29363
29369
29346
29365
29367
29355
29373
29353
29368
29367
29353
29363
29362
29364
29359
29340
29351
29351
29349
29344
29336
29337
29337
29337
29335
29333
29335
29336
29327
29339
29339
29339
29335
29337
29341
29345
29343
29349
29345
29353
29355
29357
29351
29354
29353
29357
29358
29360
29348
29349
29351
29353
29348
29349
29342
29341
29335
29335
29330
29326
29327
29331
29326
29319
29312
29310
29317
29311
29312
29304
29303
29310
29317
29319
29327
29343
29359
29347
29357
29353
29346
29336
29325
29323
29320
29322
29321
29328
29341
29347
29351
29351
29348
29336
29324
29325
29324
29325
29321
29318
29319
29323
29327
29331
29329
29329
29328
29329
29323
29331
29331
29341
29336
29343
29343
29346
29334
29339
29339
29338
29343
29352
29345
29347
29343
29350
29349
29351
29347
29347
29351
29353
29350
29347
29351
29357
29353
29353
29357
29357
29355
29355
29349
29349
29349
29347
29347
29344
29331
29339
29347
29351
29348
29349
29347
29339
29349
29351
29355
29354
29351
29357
29355
29359
29340
29352
29358
29359
29345
29358
29368
29363
29367
29351
29364
29362
29366
29363
29367
29352
29360
29361
29359
29345
29358
29357
29363
29355
29360
29357
29361
29359
29341
29347
29347
29352
29345
29353
29357
29362
29358
29364
29360
29359
29347
29361
29371
29357
29375
29355
29377
29356
29366
29365
29369
29353
29367
29350
29359
29351
29357
29361
29359
29345
29348
29347
29346
29343
29351
29353
29355
29356
29351
29351
29351
29351
29353
29356
29355
29367
29351
29369
29357
29367
29351
29367
29353
29367
29351
29369
29354
29371
29356
29367
29355
29379
29355
29367
29347
29359
29346
29358
29357
29361
29355
29354
29346
29349
29349
29353
29353
29355
29361
29359
29343
29363
29361
29360
29363
29363
29360
29362
29363
29369
29359
29351
29365
29367
29356
29367
29354
29367
29353
29367
29349
29363
29368
29365
29367
29340
29355
29359
29342
29356
29359
29351
29384
29347
29355
29363
29363
29365
29365
29365
29361
29363
29373
29354
29363
29367
29354
29373
29361
29369
29352
29369
29359
29355
29371
29357
29357
29375
29359
29359
29351
29367
29353
29368
29368
29369
29339
29361
29367
29351
29367
29348
29355
29365
29367
29350
29361
29359
29351
29360
29361
29366
29362
29365
29361
29364
29360
29355
29365
29369
29352
29361
29361
29367
29353
29366
29367
29351
29363
29365
29367
29351
29360
29363
29367
29353
29366
29369
29350
29367
29353
29361
29364
29369
29348
29351
29360
29355
29364
29360
29359
29344
29354
29357
29366
29365
29359
29347
29354
29360
29361
29363
29367
29355
29367
29359
29351
29372
29353
29363
29370
29353
29370
29354
29367
29353
29366
29367
29345
29351
29359
29345
29352
29352
29351
29355
29355
29357
29360
29349
29353
29357
29359
29341
29363
29365
29371
29351
29364
29364
29364
29367
29351
29367
29357
29375
29361
29375
29362
29377
29377
29365
29369
29347
29365
29364
29365
29365
29365
29360
29353
29357
29361
29356
29356
29359
29343
29354
29356
29352
29352
29354
29353
29359
29345
29362
29362
29360
29365
29369
29357
29375
29357
29357
29379
29358
29370
29360
29367
29353
29365
29375
29355
29370
29348
29366
29369
29351
29362
29359
29342
29356
29363
29359
29339
29353
29349
29351
29350
29347
29351
29350
29354
29348
29350
29353
29361
29363
29367
29350
29354
29359
29345
29357
29367
29347
29359
29343
29357
29357
29358
29360
29356
29348
29349
29344
29349
29351
29345
29343
29351
29353
29343
29347
29342
29346
29343
29347
29343
29346
29341
29343
29349
29355
29349
29347
29348
29341
29346
29347
29349
29357
29367
29347
29358
29367
29349
29365
29367
29351
29359
29343
29361
29287
29351
29358
29359
29342
29353
29353
29359
29345
29357
29363
29360
29354
29355
29352
29353
29357
29363
29356
29357
29357
29359
29343
29363
29361
29358
29361
29363
29361
29361
29366
29371
29356
29364
29371
29353
29367
29361
29367
29351
29377
29378
29377
29357
29373
29352
29366
29375
29356
29365
29365
29367
29347
29352
29351
29358
29359
29344
29345
29342
29341
29347
29345
29343
29354
29349
29354
29363
29363
29363
29367
29355
29373
29360
29361
29363
29374
29355
29373
29359
29361
29374
29359
29360
29367
29343
29367
29351
29357
29361
29359
29335
29345
29347
29349
29347
29343
29346
29344
29341
29342
29343
29346
29342
29343
29353
29346
29342
29346
29339
29347
29362
29362
29357
29361
29362
29359
29345
29356
29369
29348
29359
29351
29367
29345
29352
29359
29343
29360
29350
29348
29347
29349
29343
29351
29353
29351
29349
29349
29350
29344
29343
29351
29353
29359
29347
29357
29360
29361
29367
29345
29359
29351
29365
29369
29349
29360
29359
29351
29368
29368
29362
29362
29360
29361
29358
29359
29340
29349
29351
29353
29351
29355
29351
29352
29349
29345
29343
29351
29354
29351
29351
29348
29343
29355
29355
29355
29357
29357
29359
29343
29354
29353
29357
29355
29361
29358
29362
29357
29358
29359
29343
29353
29352
29352
29354
29355
29357
29359
29338
29349
29345
29344
29345
29342
29349
29346
29343
29346
29345
29339
29349
29351
29354
29344
29343
29351
29348
29353
29354
29353
29355
29362
29354
29358
29367
29351
29363
29359
29351
29371
29353
29362
29365
29369
29359
29354
29362
29363
29363
29369
29354
29363
29366
29364
29360
29361
29365
29361
29359
29345
29351
29353
29352
29353
29357
29357
29362
29360
29359
29349
29359
29351
29371
29352
29364
29373
29353
29368
29365
29367
29353
29368
29367
29351
29371
29355
29367
29352
29361
29365
29362
29357
29361
29357
29357
29353
29356
29353
29353
29349
29353
29357
29361
29358
29361
29357
29364
29356
29366
29365
29367
29356
29367
29353
29373
29360
29367
29363
29375
29361
29379
29365
29384
29361
29376
29371
29355
29370
29351
29361
29365
29362
29362
29356
29355
29357
29357
29355
29358
29361
29355
29351
29348
29353
29356
29360
29355
29360
29358
29358
29366
29370
29351
29372
29361
29367
29359
29359
29359
29363
29370
29359
29363
29378
29375
29354
29367
29353
29363
29359
29347
29363
29365
29362
29360
29355
29354
29351
29356
29360
29353
29359
29341
29357
29361
29361
29363
29370
29350
29370
29357
29373
29359
29355
29370
29360
29379
29361
29372
29359
29358
29378
29359
29359
29365
29381
29364
29369
29353
29369
29357
29373
29357
29350
29361
29365
29367
29351
29362
29359
29349
29361
29359
29344
29353
29365
29367
29351
29367
29347
29367
29350
29360
29365
29375
29358
29356
29369
29357
29373
29358
29378
29379
29357
29377
29361
29376
29376
29375
29364
29379
29361
29367
29352
29364
29367
29351
29364
29367
29354
29368
29364
29361
29361
29359
29351
29364
29362
29361
29365
29364
29366
29371
29355
29373
29351
29369
29355
29376
29372
29353
29377
29378
29377
29373
29357
29357
29380
29354
29368
29367
29348
29360
29360
29362
29363
29359
29346
29358
29365
29365
29367
29348
29355
29360
29354
29360
29354
29361
29363
29367
29349
29365
29371
29360
29372
29359
29353
29373
29361
29380
29363
29383
29362
29375
29361
29376
29375
29360
29367
29358
29374
29358
29353
29370
29351
29364
29362
29360
29352
29353
29359
29345
29352
29362
29355
29363
29368
29364
29361
29366
29367
29354
29370
29357
29375
29365
29361
29378
29383
29367
29362
29378
29383
29365
29358
29380
29367
29365
29379
29351
29365
29369
29343
29365
29367
29349
29361
29362
29358
29359
29350
29363
29361
29355
29361
29359
29342
29362
29363
29371
29353
29367
29347
29363
29375
29366
29360
29373
29357
29358
29378
29378
29380
29359
29357
29370
29353
29368
29367
29344
29358
29370
29345
29354
29359
29343
29359
29343
29358
29359
29343
29357
29357
29351
29358
29363
29361
29359
29347
29361
29359
29353
29367
29345
29361
29367
29351
29374
29359
29363
29378
29375
29364
29383
29365
29361
29373
29361
29371
29355
29378
29375
29355
29368
29368
29371
29351
29367
29350
29363
29371
29350
29360
29363
29361
29361
29361
29364
29361
29359
29346
29361
29367
29350
29365
29374
29361
29372
29353
29375
29364
29375
29368
29375
29364
29375
29361
29377
29379
29367
29362
29371
29355
29379
29359
29357
29374
29351
29366
29369
29352
29359
29347
29355
29367
29349
29360
29359
29347
29361
29361
29361
29369
29356
29364
29368
29374
29363
29375
29363
29376
29382
29365
29382
29367
29369
29369
29363
29376
29376
29378
29377
29379
29359
29354
29368
29367
29350
29369
29349
29358
29357
29355
29355
29357
29357
29362
29351
29353
29351
29360
29356
29359
29345
29356
29366
29362
29363
29367
29351
29367
29351
29372
29355
29374
29357
29353
29375
29359
29359
29356
29369
29351
29363
29359
29349
29367
29347
29366
29367
29349
29360
29359
29343
29362
29366
29364
29363
29370
29351
29373
29355
29371
29356
29371
29355
29373
29364
29372
29360
29375
29372
29367
29359
29362
29373
29354
29373
29357
29375
29359
29352
29368
29365
29359
29347
29359
29351
29362
29358
29358
29361
29365
29357
29364
29362
29364
29364
29367
29351
29371
29360
29367
29353
29371
29363
29379
29363
29375
29367
29366
29382
29365
29375
29368
29381
29363
29377
29381
29361
29366
29376
29374
29351
29359
29345
29363
29359
29344
29354
29360
29353
29353
29351
29353
29354
29353
29359
29343
29364
29359
29351
29366
29365
29368
29371
29355
29368
29367
29357
29368
29367
29359
29357
29372
29356
29371
29361
29371
29359
29355
29371
29351
29364
29357
29367
29349
29363
29363
29367
29347
29357
29367
29346
29354
29356
29366
29361
29353
29351
29355
29365
29365
29359
29339
29351
29363
29368
29363
29361
29363
29367
29356
29362
29366
29373
29351
29369
29357
29372
29357
29379
29355
29373
29354
29356
29363
29369
29353
29369
29349
29364
29359
29351
29358
29362
29359
29344
29349
29358
29356
29358
29361
29360
29354
29359
29344
29351
29363
29374
29351
29369
29355
29369
29359
29357
29378
29377
29357
29373
29364
29372
29362
29378
29371
29359
29361
29372
29359
29353
29366
29371
29352
29359
29350
29367
29347
29356
29363
29366
29363
29364
29366
29368
29367
29353
29365
29368
29375
29355
29373
29351
29367
29357
29375
29361
29369
29355
29375
29361
29369
29353
29367
29351
29364
29365
29365
29367
29355
29361
29359
29345
29351
29360
29354
29363
29365
29359
29343
29359
29351
29366
29369
29350
29367
29355
29367
29356
29369
29355
29381
29359
29358
29376
29372
29363
29372
29355
29373
29359
29360
29375
29363
29367
29357
29379
29364
29379
29358
29374
29358
29354
29365
29368
29367
29354
29367
29351
29365
29372
29355
29371
29352
29359
29359
29357
29377
29353
29367
29353
29367
29349
29365
29370
29355
29367
29355
29368
29367
29353
29370
29351
29377
29372
29351
29365
29369
29352
29365
29371
29358
29366
29365
29369
29355
29366
29371
29357
29369
29355
29367
29345
29360
29365
29366
29369
29351
29363
29365
29367
29355
29371
29357
29353
29367
29356
29367
29353
29366
29367
29353
29369
29358
29365
29368
29370
29355
29367
29352
29361
29367
29352
29365
29370
29347
29355
29363
29369
29344
29349
29361
29357
29354
29354
29357
29357
29361
29363
29365
29366
29368
29369
29354
29367
29354
29377
29377
29375
29361
29374
29361
29376
29378
29381
29361
29375
29361
29378
29377
29381
29365
29375
29361
29374
29357
29349
29367
29351
29365
29367
29345
29356
29363
29363
29363
29361
29357
29367
29352
29361
29364
29367
29353
29367
29351
29362
29368
29370
29357
29377
29351
29371
29361
29368
29365
29375
29361
29375
29359
29351
29371
29359
29357
29371
29356
29367
29353
29370
29357
29369
29354
29369
29353
29368
29375
29359
29362
29370
29359
29359
29357
29378
29367
29356
29372
29359
29361
29375
29363
29375
29357
29357
29378
29373
29353
29370
29349
29370
29352
29357
29363
29370
29355
29368
29367
29351
29367
29349
29365
29371
29361
29366
29373
29359
29363
29375
29360
29370
29363
29381
29361
29375
29367
29364
29374
29365
29383
29369
29363
29375
29359
29365
29381
29367
29363
29377
29375
29367
29365
29382
29364
29383
29367
29361
29373
29357
29356
29375
29365
29363
29374
29362
29370
29358
29380
29361
29371
29359
29366
29377
29359
29358
29383
29364
29377
29379
29366
29375
29360
29375
29351
29381
29367
29365
29385
29373
29369
29361
29383
29367
29367
29370
29362
29375
29367
29367
29365
29381
29368
29379
29367
29363
29379
29364
29377
29373
29359
29359
29361
29373
29359
29361
29379
29364
29377
29379
29360
29375
29366
29359
29364
29375
29369
29360
29371
29363
29385
29366
29386
29369
29361
29381
29365
29383
29371
29365
29355
29377
29379
29358
29371
29357
29378
29375
29358
29354
29370
29355
29373
29365
29363
29382
29364
29381
29367
29365
29378
29357
29380
29369
29361
29379
29365
29383
29362
29379
29372
29375
29373
29367
29366
29383
29365
29361
29371
29361
29371
29359
29359
29364
29373
29364
29379
29366
29383
29363
29374
29360
29375
29362
29375
29365
29361
29382
29365
29386
29371
29370
29367
29372
29373
29367
29371
29373
29367
29362
29384
29377
29371
29365
29383
29361
29377
29381
29362
29379
29361
29375
29363
29375
29357
29357
29377
29359
29355
29373
29362
29375
29367
29365
29382
29361
29383
29370
29363
29383
29367
29367
29365
29379
29367
29369
29374
29372
29367
29367
29365
29385
29372
29369
29365
29383
29366
29359
29355
29375
29365
29359
29367
29363
29377
29359
29361
29375
29367
29359
29357
29375
29361
29371
29363
29378
29383
29360
29375
29365
29363
29378
29380
29363
29381
29362
29377
29383
29366
29363
29375
29367
29367
29363
29381
29361
29378
29381
29359
29365
29381
29362
29374
29366
29385
29366
29379
29367
29360
29376
29380
29359
29357
29383
29365
29361
29377
29381
29367
29362
29381
29369
29359
29361
29381
29366
29384
29365
29386
29371
29371
29367
29367
29369
29369
29367
29367
29365
29385
29369
29365
29377
29380
29368
29376
29375
29367
29367
29360
29375
29361
29371
29357
29377
29364
29377
29384
29363
29386
29367
29367
29369
29365
29380
29363
29382
29369
29366
29390
29371
29368
29382
29368
29385
29367
29371
29368
29384
29367
29363
29378
29382
29361
29381
29368
29380
29355
29383
29366
29363
29380
29365
29381
29366
29383
29367
29367
29363
29383
29364
29385
29373
29367
29371
29369
29367
29370
29363
29388
29372
29367
29370
29371
29367
29369
29369
29363
29375
29363
29376
29373
29361
29378
29379
29355
29372
29356
29375
29359
29359
29356
29383
29367
29362
29379
29364
29377
29382
29367
29365
29387
29372
29365
29387
29377
29367
29368
29391
29379
29372
29367
29367
29369
29373
29373
29373
29369
29369
29366
29379
29360
29370
29355
29369
29359
29359
29357
29356
29374
29357
29355
29377
29375
29351
29365
29369
29347
29361
29367
29347
29363
29367
29349
29366
29368
29372
29350
29361
29362
29359
29351
29362
29365
29377
29371
29357
29366
29367
29351
29365
29365
29367
29349
29359
29342
29355
29359
29342
29358
29356
29361
29357
29361
29357
29358
29361
29359
29340
29356
29359
29351
29367
29355
29371
29356
29367
29355
29367
29358
29375
29360
29375
29362
29378
29379
29362
29370
29360
29375
29365
29356
29375
29365
29351
29367
29359
29357
29368
29368
29371
29353
29365
29371
29361
29375
29359
29351
29369
29357
29370
29358
29379
29368
29382
29366
29379
29368
29385
29369
29373
29379
29375
29378
29375
29383
29381
29375
29375
29382
29373
29373
29372
29369
29370
29372
29371
29370
29368
29379
29367
29365
29381
29359
29359
29365
29371
29355
29373
29361
29374
29362
29367
29359
29362
29382
29367
29364
29376
29384
29372
29371
29369
29373
29374
29375
29371
29373
29381
29373
29371
29372
29371
29365
29367
29365
29383
29372
29367
29363
29384
29361
29375
29363
29377
29355
29370
29360
29371
29361
29375
29366
29359
29367
29364
29382
29364
29379
29373
29374
29368
29385
29375
29379
29373
29375
29374
29374
29371
29365
29368
29389
29371
29374
29373
29367
29367
29369
29364
29381
29365
29379
29361
29375
29365
29361
29367
29361
29377
29377
29376
29378
29383
29365
29367
29367
29363
29379
29372
29378
29375
29375
29377
29367
29373
29379
29373
29372
29374
29369
29377
29369
29371
29377
29374
29375
29374
29373
29364
29383
29371
29367
29367
29375
29367
29363
29385
29365
29361
29381
29363
29381
29361
29383
29369
29363
29383
29373
29367
29371
29365
29382
29367
29372
29373
29370
29368
29387
29375
29375
29369
29362
29379
29371
29374
29368
29375
29361
29374
29361
29374
29357
29351
29366
29372
29351
29363
29369
29351
29369
29350
29369
29349
29363
29360
29357
29367
29359
29351
29367
29352
29363
29371
29353
29365
29375
29357
29354
29372
29359
29357
29367
29355
29369
29353
29367
29346
29354
29358
29360
29353
29356
29345
29331
29331
29333
29341
29335
29328
29319
29319
29321
29313
29303
29303
29307
29311
29319
29327
29348
29373
29375
29380
29361
29364
29343
29332
29319
29314
29311
29321
29328
29339
29361
29381
29384
29377
29363
29367
29342
29347
29341
29343
29431
29333
29343
29347
29337
29336
29340
29343
29347
29349
29350
29351
29353
29349
29351
29352
29352
29356
29357
29359
29344
29351
29361
29361
29361
29362
29367
29359
29357
29371
29357
29377
29353
29371
29351
29369
29350
29361
29366
29371
29353
29362
29361
29361
29367
29348
29360
29361
29366
29364
29366
29369
29355
29365
29367
29356
29365
29367
29358
29375
29357
29357
29375
29364
29377
29373
29359
29371
29371
29365
29365
29383
29369
29357
29389
29375
29369
29363
29379
29365
29382
29366
29376
29381
29358
29363
29375
29359
29354
29375
29366
29364
29377
29375
29362
29375
29364
29380
29363
29379
29359
29358
29381
29367
29369
29371
29371
29372
29364
29379
29370
29367
29369
29366
29379
29360
29373
29365
29386
29371
29365
29359
29359
29362
29382
29369
29366
29383
29363
29377
29356
29375
29365
29365
29379
29360
29379
29363
29373
29365
29365
29382
29366
29387
29365
29367
29369
29365
29381
29375
29371
29372
29371
29373
29367
29359
29367
29358
29383
29369
29359
29361
29367
29360
29376
29372
29359
29357
29377
29354
29371
29354
29371
29359
29360
29371
29360
29369
29359
29367
29362
29383
29369
29374
29371
29370
29369
29370
29370
29369
29373
29370
29365
29385
29367
29366
29384
29367
29367
29367
29368
29379
29364
29371
29365
29383
29369
29364
29372
29359
29364
29374
29363
29373
29359
29358
29379
29362
29377
29381
29362
29376
29377
29382
29359
29364
29387
29369
29364
29392
29360
29376
29379
29363
29383
29367
29358
29372
29359
29357
29369
29353
29368
29365
29369
29351
29367
29350
29359
29346
29357
29363
29365
29363
29361
29360
29357
29367
29351
29360
29364
29359
29341
29361
29360
29365
29367
29351
29367
29353
29366
29372
29349
29367
29351
29367
29349
29363
29363
29362
29359
29343
29359
29343
29351
29355
29359
29348
29354
29360
29356
29367
29347
29359
29351
29366
29360
29361
29369
29355
29376
29374
29359
29361
29373
29361
29375
29361
29372
29360
29373
29358
29379
29359
29363
29371
29359
29361
29371
29352
29363
29367
29352
29367
29353
29367
29348
29359
29340
29359
29351
29365
29367
29351
29367
29351
29375
29362
29382
29367
29367
29366
29383
29368
29383
29374
29375
29377
29369
29367
29365
29383
29367
29367
29365
29375
29359
29356
29373
29358
29353
29367
29347
29363
29366
29362
29351
29356
29360
29353
29355
29365
29367
29347
29359
29347
29363
29370
29358
29373
29365
29378
29381
29368
29384
29374
29371
29370
29373
29375
29381
29379
29373
29373
29371
29368
29388
29366
29367
29362
29378
29375
29361
29371
29357
29372
29354
29367
29347
29359
29346
29359
29351
29365
29368
29369
29353
29371
29359
29354
29367
29360
29368
29375
29363
29381
29365
29384
29363
29377
29385
29368
29387
29373
29365
29361
29375
29363
29367
29353
29362
29357
29362
29363
29361
29357
29355
29351
29355
29355
29357
29361
29353
29350
29350
29349
29352
29355
29359
29351
29361
29364
29369
29354
29367
29359
29361
29369
29357
29368
29367
29356
29372
29359
29361
29375
29354
29371
29351
29362
29362
29362
29365
29369
29351
29364
29361
29359
29343
29360
29359
29344
29356
29360
29360
29360
29362
29368
29370
29353
29368
29365
29380
29359
29363
29379
29367
29367
29367
29370
29368
29383
29367
29365
29383
29369
29357
29380
29359
29363
29379
29367
29367
29356
29371
29363
29375
29359
29359
29363
29375
29362
29374
29362
29373
29363
29379
29362
29381
29367
29367
29365
29381
29367
29367
29367
29367
29369
29367
29364
29381
29365
29377
29361
29369
29355
29375
29368
29385
29361
29380
29357
29375
29361
29376
29379
29365
29372
29359
29360
29372
29367
29373
29367
29358
29375
29357
29355
29382
29364
29379
29359
29365
29377
29361
29381
29366
29372
29355
29372
29359
29365
29377
29363
29383
29360
29369
29359
29360
29377
29380
29365
29378
29378
29368
29371
29364
29381
29361
29374
29357
29360
29372
29364
29374
29355
29370
29353
29373
29351
29369
29356
29372
29357
29369
29358
29375
29359
29355
29372
29357
29369
29354
29375
29363
29383
29365
29366
29384
29362
29379
29366
29379
29371
29369
29363
29377
29373
29357
29377
29356
29375
29361
29371
29353
29363
29365
29365
29371
29354
29361
29359
29341
29363
29368
29365
29365
29367
29348
29361
29367
29355
29367
29353
29369
29351
29370
29361
29370
29359
29359
29359
29359
29353
29365
29367
29350
29366
29367
29351
29360
29361
29359
29343
29355
29361
29359
29342
29355
29354
29355
29361
29361
29361
29358
29364
29359
29343
29363
29365
29362
29365
29361
29362
29366
29373
29362
29370
29351
29369
29356
29368
29367
29355
29373
29355
29365
29366
29366
29365
29369
29354
29369
29349
29362
29365
29368
29366
29374
29358
29374
29357
29353
29368
29373
29356
29373
29365
29373
29361
29374
29352
29363
29376
29377
29373
29359
29356
29378
29375
29361
29369
29363
29375
29360
29374
29358
29377
29358
29375
29357
29358
29379
29359
29357
29356
29372
29359
29358
29370
29361
29367
29357
29370
29353
29364
29367
29351
29366
29371
29361
29367
29355
29374
29356
29367
29356
29375
29367
29361
29373
29359
29363
29375
29366
29359
29364
29365
29373
29363
29374
29359
29365
29383
29359
29359
29351
29367
29354
29365
29369
29351
29369
29352
29363
29365
29363
29373
29352
29367
29351
29368
29368
29369
29355
29375
29357
29356
29373
29367
29367
29365
29377
29360
29375
29363
29383
29365
29359
29367
29375
29366
29357
29375
29363
29367
29351
29367
29351
29361
29360
29363
29369
29349
29364
29363
29363
29365
29361
29362
29369
29349
29367
29353
29368
29373
29352
29377
29380
29357
29379
29365
29385
29366
29380
29363
29382
29356
29367
29361
29371
29361
29367
29350
29361
29359
29341
29358
29359
29339
29353
29355
29354
29347
29349
29345
29347
29346
29343
29351
29347
29344
29340
29343
29343
29349
29351
29351
29353
29354
29341
29344
29344
29337
29337
29343
29350
29349
29348
29345
29332
29330
29330
29319
29323
29321
29322
29319
29323
29325
29321
29315
29322
29321
29325
29321
29319
29327
29331
29329
29326
29327
29329
29329
29335
29335
29343
29348
29343
29347
29351
29353
29357
29361
29359
29340
29352
29359
29346
29351
29363
29363
29362
29358
29363
29361
29361
29359
29337
29349
29349
29345
29343
29351
29350
29349
29346
29345
29349
29349
29348
29344
29348
29350
29350
29355
29364
29362
29363
29371
29353
29374
29362
29381
29367
29363
29389
29378
29373
29371
29368
29391
29383
29373
29372
29371
29370
29366
29382
29361
29365
29374
29351
29364
29355
29357
29357
29359
29339
29356
29355
29357
29353
29355
29364
29357
29365
29366
29370
29358
29375
29371
29367
29367
29374
29376
29391
29378
29373
29373
29375
29374
29382
29375
29373
29373
29369
29363
29381
29354
29365
29367
29355
29363
29356
29355
29359
29334
29351
29353
29359
29339
29355
29357
29365
29367
29352
29366
29373
29361
29379
29366
29381
29366
29384
29370
29365
29383
29373
29367
29370
29373
29375
29375
29374
29367
29367
29359
29358
29351
29367
29346
29354
29361
29355
29351
29349
29353
29357
29355
29353
29351
29353
29351
29351
29354
29357
29361
29359
29349
29365
29369
29355
29371
29357
29356
29373
29354
29367
29353
29367
29344
29356
29366
29361
29359
29346
29354
29351
29358
29346
29345
29337
29339
29335
29335
29333
29328
29322
29323
29323
29323
29327
29329
29327
29329
29334
29339
29337
29337
29341
29346
29345
29342
29344
29342
29343
29347
29348
29342
29339
29341
29341
29331
29328
29325
29326
29318
29320
29320
29327
29343
29353
29354
29350
29343
29337
29325
29320
29305
29301
29303
29303
29316
29319
29333
29343
29358
29359
29336
29341
29346
29343
29345
29334
29335
29339
29344
29341
29351
29351
29357
29360
29357
29358
29355
29351
29355
29351
29355
29353
29351
29358
29353
29346
29337
29337
29338
29337
29339
29337
29334
29337
29335
29340
29336
29335
29340
29349
29349
29349
29351
29361
29357
29365
29374
29355
29371
29360
29372
29357
29372
29359
29365
29383
29365
29352
29367
29355
29369
29349
29369
29352
29361
29358
29361
29353
29354
29353
29358
29362
29356
29351
29359
29336
29353
29359
29353
29358
29367
29351
29371
29362
29383
29364
29379
29367
29375
29379
29377
29371
29381
29374
29377
29373
29372
29374
29375
29371
29367
29367
29359
29363
29375
29361
29365
29369
29349
29363
29369
29350
29359
29347
29356
29363
29367
29349
29367
29351
29373
29362
29375
29373
29371
29367
29371
29375
29379
29373
29375
29383
29381
29376
29387
29371
29377
29373
29373
29375
29368
29384
29365
29377
29358
29372
29353
29361
29361
29364
29367
29349
29365
29369
29349
29367
29350
29364
29369
29357
29374
29357
29363
29380
29372
29371
29371
29371
29377
29375
29375
29382
29375
29378
29373
29373
29377
29373
29377
29369
29372
29371
29370
29367
29358
29375
29364
29375
29358
29357
29373
29358
29349
29363
29367
29355
29367
29358
29373
29358
29375
29361
29372
29356
29379
29361
29375
29371
29367
29367
29367
29371
29370
29371
29375
29377
29367
29371
29374
29379
29375
29368
29383
29379
29371
29361
29377
29381
29366
29380
29354
29366
29369
29356
29374
29355
29367
29352
29366
29368
29371
29355
29375
29361
29368
29374
29364
29383
29372
29366
29385
29373
29375
29381
29379
29379
29374
29376
29390
29373
29381
29374
29367
29369
29365
29383
29367
29361
29367
29356
29370
29357
29374
29357
29355
29369
29351
29367
29347
29361
29361
29367
29363
29378
29381
29367
29358
29383
29370
29369
29371
29377
29373
29379
29377
29377
29377
29379
29385
29381
29383
29367
29371
29371
29371
29369
29366
29384
29359
29357
29373
29353
29368
29371
29351
29361
29365
29372
29350
29365
29374
29360
29370
29358
29373
29359
29363
29383
29371
29378
29375
29381
29375
29376
29392
29376
29395
29381
29369
29373
29375
29379
29372
29369
29363
29375
29361
29373
29351
29370
29357
29369
29355
29373
29351
29367
29355
29371
29359
29361
29369
29357
29378
29379
29358
29379
29367
29369
29368
29391
29382
29380
29375
29387
29383
29378
29381
29375
29381
29377
29377
29375
29371
29367
29367
29364
29375
29367
29363
29375
29357
29357
29379
29354
29369
29355
29367
29348
29365
29374
29361
29366
29375
29357
29356
29373
29363
29381
29365
29382
29367
29369
29375
29377
29371
29373
29381
29383
29377
29377
29370
29371
29373
29374
29369
29370
29361
29374
29361
29379
29366
29371
29354
29368
29371
29357
29371
29352
29365
29369
29355
29373
29359
29361
29369
29354
29377
29382
29367
29366
29383
29370
29373
29381
29369
29372
29367
29369
29371
29381
29367
29369
29367
29368
29383
29371
29371
29368
29378
29379
29357
29374
29351
29368
29368
29369
29345
29363
29371
29357
29375
29359
29357
29361
29371
29357
29383
29371
29368
29380
29365
29385
29377
29377
29377
29369
29372
29374
29383
29378
29375
29381
29379
29372
29371
29374
29375
29375
29371
29366
29359
29359
29361
29367
29356
29367
29349
29364
29366
29371
29356
29370
29357
29378
29375
29365
29363
29378
29383
29370
29367
29369
29369
29377
29368
29386
29379
29378
29375
29376
29387
29379
29369
29371
29373
29375
29374
29361
29377
29378
29374
29351
29367
29356
29373
29353
29367
29351
29363
29363
29367
29351
29367
29353
29375
29357
29361
29381
29373
29372
29369
29368
29391
29379
29375
29375
29373
29377
29380
29367
29369
29373
29376
29383
29380
29375
29367
29365
29384
29360
29374
29355
29368
29372
29353
29359
29349
29363
29367
29351
29359
29351
29368
29370
29355
29371
29357
29377
29365
29383
29367
29371
29373
29380
29379
29380
29379
29378
29374
29378
29375
29381
29375
29373
29372
29367
29372
29367
29365
29383
29367
29361
29371
29359
29357
29377
29354
29371
29356
29368
29369
29360
29367
29359
29359
29355
29379
29367
29371
29362
29379
29365
29390
29373
29371
29374
29373
29372
29372
29373
29373
29373
29375
29383
29375
29375
29371
29367
29365
29362
29377
29379
29359
29353
29367
29352
29371
29353
29364
29367
29353
29371
29355
29373
29359
29354
29371
29357
29377
29361
29374
29367
29366
29387
29367
29368
29393
29373
29369
29373
29371
29372
29377
29373
29371
29372
29366
29383
29370
29367
29356
29373
29354
29367
29353
29363
29361
29359
29349
29355
29363
29369
29349
29363
29364
29365
29372
29353
29362
29367
29353
29375
29361
29383
29370
29364
29381
29367
29373
29372
29375
29380
29377
29373
29371
29376
29386
29374
29366
29355
29380
29369
29363
29375
29359
29351
29366
29363
29367
29353
29364
29366
29364
29361
29363
29368
29371
29359
29363
29377
29375
29358
29364
29375
29369
29368
29387
29380
29375
29379
29378
29375
29377
29373
29373
29377
29375
29371
29366
29365
29375
29361
29373
29357
29358
29375
29357
29349
29363
29365
29369
29351
29362
29367
29357
29373
29351
29374
29365
29377
29359
29363
29382
29374
29366
29372
29373
29369
29369
29373
29375
29381
29372
29369
29370
29371
29376
29379
29367
29367
29367
29368
29375
29367
29366
29378
29375
29359
29357
29352
29366
29370
29358
29372
29361
29373
29356
29369
29359
29354
29385
29366
29385
29368
29389
29370
29367
29370
29371
29374
29379
29377
29371
29371
29367
29365
29391
29375
29380
29366
29387
29373
29368
29375
29365
29359
29362
29371
29359
29355
29381
29361
29368
29373
29361
29375
29367
29361
29375
29365
29361
29377
29382
29364
29385
29373
29373
29371
29371
29369
29369
29370
29371
29367
29365
29383
29362
29380
29360
29370
29353
29364
29363
29362
29357
29362
29360
29351
29351
29351
29354
29349
29344
29339
29349
29348
29344
29339
29350
29353
29359
29342
29357
29367
29351
29357
29371
29353
29367
29349
29369
29356
29371
29357
29367
29350
29363
29369
29343
29363
29358
29361
29350
29347
29349
29343
29347
29347
29345
29338
29334
29331
29333
29347
29345
29345
29342
29351
29351
29351
29358
29363
29365
29371
29358
29378
29377
29371
29365
29383
29364
29377
29380
29363
29380
29360
29373
29355
29376
29375
29360
29361
29359
29351
29363
29363
29361
29353
29359
29341
29362
29363
29367
29356
29361
29359
29354
29367
29349
29368
29378
29383
29368
29392
29375
29372
29371
29377
29377
29381
29378
29375
29387
29385
29379
29378
29378
29395
29379
29365
29383
29361
29375
29361
29371
29359
29355
29362
29359
29349
29364
29363
29364
29360
29358
29371
29355
29375
29363
29377
29356
29375
29367
29367
29367
29375
29379
29376
29393
29381
29377
29368
29385
29376
29392
29374
29370
29363
29385
29368
29375
29356
29373
29355
29364
29363
29358
29365
29370
29343
29354
29351
29353
29349
29354
29355
29365
29357
29367
29345
29356
29363
29370
29357
29369
29351
29373
29359
29357
29375
29359
29360
29367
29357
29367
29355
29372
29351
29363
29361
29355
29355
29351
29347
29341
29341
29335
29337
29335
29335
29335
29329
29329
29326
29325
29323
29327
29335
29338
29336
29335
29336
29338
29343
29347
29339
29343
29339
29343
29336
29335
29329
29324
29324
29325
29319
29311
29308
29300
29289
29277
29275
29271
29273
29295
29319
29381
29434
29410
29341
29315
29283
29271
29265
29275
29263
29279
29261
29279
29268
29278
29273
29291
29299
29337
29407
29439
29386
29351
29337
29319
29318
29314
29315
29317
29319
29319
29315
29319
29322
29320
29322
29319
29317
29315
29316
29309
29311
29316
29311
29311
29315
29311
29313
29315
29317
29316
29314
29317
29320
29323
29327
29330
29331
29335
29343
29352
29340
29341
29351
29353
29351
29356
29353
29354
29351
29348
29342
29349
29354
29355
29351
29349
29347
29345
29343
29347
29343
29347
29343
29343
29345
29341
29343
29343
29347
29343
29349
29349
29352
29352
29352
29349
29353
29360
29366
29369
29359
29359
29363
29383
29365
29366
29385
29367
29367
29367
29364
29383
29367
29365
29380
29360
29373
29363
29372
29356
29369
29353
29365
29370
29351
29363
29371
29360
29367
29352
29368
29370
29358
29373
29359
29357
29355
29379
29363
29385
29367
29372
29377
29372
29371
29367
29372
29372
29375
29381
29379
29372
29377
29373
29373
29371
29368
29379
29364
29378
29378
29376
29374
29356
29369
29351
29375
29359
29351
29371
29359
29356
29379
29353
29377
29380
29361
29375
29372
29367
29374
29373
29375
29375
29384
29389
29380
29379
29377
29382
29383
29386
29375
29374
29377
29369
29368
29387
29367
29363
29378
29373
29351
29368
29363
29361
29359
29343
29364
29361
29359
29348
29353
29357
29362
29360
29362
29367
29355
29375
29365
29359
29368
29381
29370
29375
29379
29375
29383
29380
29377
29381
29375
29381
29375
29376
29391
29375
29366
29359
29359
29357
29371
29352
29358
29361
29363
29353
29359
29347
29360
29360
29361
29359
29351
29366
29373
29357
29351
29370
29363
29382
29373
29369
29374
29373
29369
29370
29375
29385
29377
29377
29378
29391
29377
29369
29371
29377
29361
29371
29365
29379
29361
29372
29356
29367
29351
29364
29361
29364
29367
29347
29365
29369
29351
29364
29375
29375
29373
29371
29424
29383
29383
29387
29390
29383
29385
29387
29386
29385
29383
29383
29391
29385
29379
29379
29371
29372
29365
29386
29371
29369
29356
29367
29354
29364
29361
29363
29361
29358
29365
29362
29351
29357
29367
29349
29368
29367
29360
29374
29363
29383
29370
29367
29367
29381
29383
29389
29388
29381
29387
29384
29377
29385
29385
29376
29390
29374
29367
29368
29372
29353
29367
29349
29356
29351
29345
29338
29335
29335
29337
29329
29327
29329
29321
29321
29319
29325
29329
29329
29327
29341
29343
29337
29331
29337
29343
29347
29339
29337
29339
29340
29332
29320
29316
29311
29313
29300
29301
29297
29295
29291
29287
29275
29271
29267
29277
29258
29270
29266
29265
29264
29255
29255
29255
29261
29255
29250
29244
29249
29258
29265
29265
29263
29268
29263
29265
29261
29271
29266
29261
29269
29276
29283
29266
29268
29263
29269
29264
29259
29258
29256
29255
29264
29259
29267
29264
29262
29263
29271
29271
29265
29263
29271
29273
29286
29274
29288
29277
29281
29293
29284
29297
29287
29291
29299
29298
29301
29303
29301
29301
29314
29311
29319
29304
29310
29315
29317
29319
29318
29322
29320
29313
29315
29317
29328
29325
29334
29327
29327
29335
29338
29343
29359
29351
29361
29365
29369
29355
29375
29360
29369
29357
29378
29378
29371
29361
29378
29384
29374
29377
29365
29375
29364
29374
29360
29367
29364
29382
29373
29375
29367
29363
29379
29365
29383
29360
29369
29361
29376
29381
29369
29369
29367
29363
29381
29365
29384
29371
29379
29377
29371
29375
29374
29381
29377
29374
29373
29375
29367
29365
29371
29381
29375
29374
29363
29383
29371
29369
29368
29384
29367
29367
29357
29361
29379
29365
29389
29374
29371
29366
29379
29367
29367
29369
29370
29367
29361
29379
29375
29376
29395
29375
29375
29372
29369
29363
29379
29364
29386
29375
29369
29366
29389
29375
29373
29370
29363
29380
29355
29376
29377
29378
29381
29367
29361
29375
29365
29361
29375
29365
29362
29368
29377
29387
29379
29372
29375
29367
29369
29379
29373
29374
29373
29377
29375
29377
29378
29381
29378
29373
29375
29377
29372
