44869
44887
44887
44884
44883
44886
44884
44883
44884
44885
44881
44889
44887
44887
44887
44886
44885
44887
44889
44892
44889
44892
44899
44897
44893
44895
44895
44896
44889
44894
44896
44895
44900
44893
44889
44887
44886
44885
44887
44889
44884
44877
44881
44884
44875
44878
44885
44879
44878
44876
44873
44877
44881
44887
44883
44886
44887
44887
44889
44892
44891
44888
44897
44902
44896
44902
44903
44901
44901
44899
44895
44891
44891
44889
44889
44881
44879
44879
44878
44874
44873
44877
44873
44872
44872
44871
44873
44873
44871
44871
44881
44883
44883
44889
44893
44897
44891
44897
44899
44897
44896
44902
44895
44902
44895
44895
44888
44883
44883
44879
44880
44877
44876
44871
44867
44863
44859
44861
44860
44862
44858
44865
44870
44871
44869
44869
44877
44876
44877
44885
44885
44885
44893
44895
44894
44895
44895
44897
44896
44894
44895
44887
44886
44883
44880
44879
44879
44875
44871
44866
44859
44861
44856
44853
44860
44849
44854
44855
44863
44859
44858
44863
44867
44868
44875
44879
44880
44885
44997
44975
44895
44896
44899
44895
44897
44901
44903
44897
44891
44889
44889
44887
44879
44881
44879
44875
44871
44870
44871
44867
44863
44863
44867
44864
44863
44866
44868
44870
44871
44871
44871
44878
44884
44881
44881
44887
44889
44886
44892
44893
44895
44890
44887
44892
44885
44890
44887
44887
44881
44881
44875
44875
44874
44872
44873
44874
44865
44868
44867
44873
44874
44871
44875
44871
44873
44874
44878
44879
44881
44884
44885
44879
44883
44880
44883
44885
44887
44887
44887
44889
44887
44887
44881
44882
44881
44879
44879
44878
44876
44879
44879
44882
44882
44881
44878
44880
44885
44883
44879
44883
44883
44883
44879
44883
44880
44879
44879
44876
44880
44874
44871
44873
44872
44875
44873
44875
44875
44871
44869
44870
44876
44873
44874
44882
44881
44880
44881
44883
44881
44886
44885
44882
44885
44885
44893
44886
44882
44885
44883
44878
44882
44880
44875
44875
44873
44873
44872
44867
44871
44870
44870
44865
44863
44862
44863
44865
44863
44866
44871
44871
44871
44871
44873
44879
44882
44884
44883
44887
44888
44887
44887
44895
44888
44893
44885
44884
44887
44879
44883
44883
44873
44877
44868
44865
44856
44859
44860
44857
44860
44855
44859
44859
44858
44867
44869
44873
44875
44878
44884
44889
44891
44891
44899
44903
44899
44905
44907
44910
44915
44907
44907
44908
44908
44907
44903
44899
44898
44897
44897
44895
44887
44882
44883
44877
44877
44872
44876
44871
44867
44879
44877
44878
44875
44883
44886
44887
44892
44897
44902
44897
44901
44902
44907
44913
44915
44914
44911
44911
44911
44918
44910
44907
44905
44905
44901
44903
44901
44899
44897
44901
44897
44895
44895
44895
44893
44891
44893
44898
44897
44897
44896
44895
44901
44903
44908
44909
44903
44910
44913
44912
44914
44911
44911
44906
44908
44911
44907
44906
44909
44907
44903
44901
44902
44905
44901
44899
44900
44899
44897
44897
44896
44899
44902
44903
44903
44902
44899
44893
44896
44895
44901
44897
44898
44897
44892
44896
44892
44894
44894
44896
44894
44892
44895
44897
44890
44891
44889
44890
44895
44893
44891
44893
44896
44896
44892
44897
44899
44899
44901
44895
44897
44894
44895
44889
44887
44888
44887
44883
44881
44887
44885
44887
44876
44873
44865
44863
44872
44869
44872
44872
44869
44870
44871
44878
44874
44873
44882
44879
44877
44883
44883
44879
44885
44887
44885
44891
44890
44888
44890
44887
44884
44883
44879
44881
44878
44875
44871
44867
44869
44863
44860
44855
44862
44865
44861
44859
44860
44862
44861
44870
44873
44873
44876
44877
44879
44882
44885
44887
44885
44886
44887
44889
44893
44889
44889
44891
44890
44885
44883
44873
44876
44873
44869
44869
44868
44870
44862
44861
44861
44861
44857
44855
44862
44859
44860
44863
44867
44869
44871
44877
44874
44881
44879
44879
44885
44889
44882
44889
44890
44887
44890
44889
44885
44884
44881
44887
44881
44875
44878
44873
44871
44875
44869
44867
44866
44865
44868
44869
44863
44863
44865
44867
44865
44863
44871
44871
44875
44877
44879
44879
44884
44880
44877
44883
44889
44888
44879
44882
44885
44879
44877
44879
44877
44877
44878
44873
44869
44873
44873
44874
44871
44875
44873
44872
44872
44870
44870
44869
44869
44871
44867
44871
44870
44871
44873
44872
44878
44878
44879
44879
44877
44878
44873
44877
44879
44882
44883
44879
44879
44880
44883
44877
44879
44877
44876
44879
44878
44874
44881
44884
44879
44872
44873
44876
44876
44871
44879
44879
44875
44871
44871
44875
44871
44870
44865
44863
44867
44865
44866
44862
44870
44867
44867
44867
44873
44871
44872
44877
44877
44871
44871
44873
44871
44881
44874
44873
44879
44879
44877
44877
44884
44883
44882
44878
44882
44885
44879
44878
44875
44873
44878
44871
44869
44871
44864
44865
44863
44865
44867
44868
44865
44869
44868
44871
44874
44874
44872
44880
44883
44885
44883
44881
44882
44885
44884
44887
44887
44887
44888
44887
44888
44883
44886
44879
44879
44875
44871
44871
44869
44866
44869
44861
44859
44862
44867
44867
44862
44863
44859
44870
44868
44873
44871
44869
44871
44871
44879
44878
44885
44883
44883
44881
44881
44881
44879
44881
44879
44879
44884
44880
44875
44871
44873
44877
44869
44868
44867
44863
44858
44859
44861
44857
44863
44863
44863
44862
44863
44861
44862
44862
44862
44868
44870
44875
44875
44871
44881
44877
44879
44880
44877
44881
44882
44887
44885
44877
44879
44881
44887
44876
44875
44871
44870
44871
44872
44871
44871
44871
44866
44872
44869
44869
44873
44877
44876
44876
44877
44879
44879
44875
44881
44887
44881
44883
44887
44883
44879
44884
44885
44883
44887
44885
44884
44887
44888
44882
44881
44879
44889
44884
44880
44874
44877
44877
44867
44873
44873
44869
44871
44873
44873
44871
44871
44876
44874
44871
44869
44871
44868
44871
44871
44871
44875
44875
44869
44871
44871
44863
44871
44875
44870
44879
44879
44881
44883
44881
44881
44883
44884
44885
44885
44880
44880
44887
44882
44887
44886
44882
44878
44880
44879
44879
44874
44870
44866
44865
44866
44869
44863
44859
44860
44857
44861
44866
44857
44857
44861
44868
44872
44873
44872
44874
44871
44877
44881
44881
44885
44888
44886
44887
44887
44883
44881
44879
44879
44885
44879
44880
44875
44873
44865
44863
44867
44859
44857
44861
44855
44861
44860
44858
44863
44861
44863
44861
44862
44868
44871
44866
44874
44871
44877
44881
44879
44883
44890
44887
44891
44887
44892
44892
44891
44890
44889
44884
44885
44881
44875
44875
44873
44863
44867
44861
44857
44856
44859
44853
44857
44849
44857
44855
44857
44855
44861
44858
44857
44868
44872
44873
44877
44870
44879
44881
44885
44884
44886
44880
44884
44882
44887
44885
44879
44883
44879
44877
44877
44873
44870
44870
44871
44862
44863
44865
44861
44861
44857
44859
44858
44855
44860
44860
44861
44862
44867
44871
44869
44866
44871
44876
44879
44881
44875
44880
44877
44878
44879
44881
44881
44877
44873
44875
44873
44871
44872
44873
44869
44867
44863
44863
44860
44863
44866
44861
44867
44861
44863
44872
44863
44865
44865
44863
44857
44864
44863
44867
44864
44865
44863
44874
44872
44875
44873
44869
44873
44873
44871
44873
44877
44878
44873
44875
44872
44870
44873
44877
44881
44873
44874
44877
44875
44871
44871
44871
44875
44871
44865
44866
44867
44866
44862
44863
44863
44863
44852
44860
44857
44855
44861
44862
44859
44861
44863
44868
44867
44865
44863
44874
44874
44875
44879
44881
44880
44882
44877
44879
44880
44879
44879
44879
44874
44873
44869
44875
44886
44881
44882
44879
44879
44872
44871
44867
44871
44870
44871
44870
44869
44871
44871
44873
44867
44874
44878
44881
44882
44885
44883
44886
44889
44889
44890
44893
44888
44895
44897
44895
44889
44891
44889
44887
44887
44885
44881
44876
44873
44872
44869
44871
44870
44866
44870
44865
44863
44861
44861
44863
44865
44866
44869
44872
44877
44877
44878
44881
44883
44887
44891
44887
44891
44899
44893
44889
44896
44893
44895
44895
44895
44888
44884
44885
44881
44879
44879
44876
44877
44873
44871
44868
44873
44872
44868
44868
44867
44869
44873
44871
44873
44871
44872
44873
44881
44881
44884
44884
44885
44892
44890
44887
44889
44887
44890
44892
44893
44888
44887
44893
44886
44885
44887
44884
44878
44877
44877
44875
44873
44874
44871
44868
44868
44871
44871
44872
44871
44872
44871
44871
44872
44879
44877
44876
44873
44876
44882
44879
44881
44885
44886
44882
44882
44885
44881
44879
44883
44886
44885
44882
44884
44881
44880
44880
44876
44876
44881
44875
44874
44876
44874
44853
44869
44871
44873
44874
44867
44863
44867
44865
44867
44871
44866
44869
44863
44871
44869
44873
44871
44879
44878
44876
44882
44876
44873
44877
44878
44879
44881
44884
44875
44880
44884
44882
44879
44881
44885
44882
44878
44882
44879
44875
44873
44872
44869
44867
44869
44871
44871
44870
44869
44870
44868
44867
44867
44867
44868
44871
44873
44877
44876
44877
44875
44879
44881
44883
44879
44884
44879
44888
44891
44883
44879
44877
44881
44879
44880
44873
44880
44875
44881
44874
44871
44867
44871
44869
44863
44863
44861
44859
44863
44858
44861
44859
44863
44867
44867
44873
44872
44879
44882
44881
44883
44887
44887
44887
44887
44892
44891
44889
44891
44888
44887
44885
44884
44886
44879
44879
44879
44876
44874
44871
44869
44868
44867
44863
44866
44867
44863
44863
44861
44859
44863
44863
44867
44869
44871
44872
44872
44873
44877
44880
44887
44885
44886
44887
44894
44896
44897
44897
44889
44892
44889
44881
44886
44881
44883
44881
44879
44877
44880
44874
44875
44872
44877
44871
44869
44867
44868
44871
44862
44869
44871
44871
44873
44874
44878
44877
44879
44881
44881
44880
44883
44885
44891
44887
44889
44889
44887
44888
44884
44886
44884
44886
44877
44878
44876
44874
44871
44873
44870
44873
44874
44870
44871
44869
44867
44868
44862
44871
44873
44873
44869
44869
44876
44872
44869
44877
44874
44878
44882
44880
44879
44875
44877
44879
44878
44886
44879
44878
44878
44874
44885
44881
44875
44883
44877
44883
44873
44879
44872
44879
44882
44877
44879
44877
44874
44872
44871
44875
44872
44868
44865
44870
44867
44866
44863
44863
44865
44867
44867
44864
44865
44875
44877
44868
44871
44871
44874
44880
44882
44883
44879
44883
44878
44881
44874
44882
44880
44875
44874
44879
44874
44871
44870
44869
44868
44867
44862
44863
44863
44861
44862
44891
44865
44863
44865
44863
44863
44863
44863
44868
44867
44873
44874
44880
44881
44883
44886
44885
44887
44887
44894
44892
44892
44889
44883
44887
44886
44883
44880
44877
44874
44872
44871
44868
44865
44869
44858
44859
44856
44853
44859
44865
44869
44857
44863
44863
44871
44871
44873
44878
44879
44881
44884
44889
44887
44891
44887
44884
44888
44887
44889
44885
44892
44885
44889
44889
44887
44887
44880
44871
44866
44868
44862
44868
44871
44863
44863
44863
44863
44865
44863
44863
44864
44867
44867
44872
44867
44874
44876
44880
44879
44877
44877
44882
44883
44885
44881
44885
44887
44880
44879
44882
44882
44877
44878
44879
44878
44871
44871
44869
44871
44866
44869
44861
44863
44863
44863
44861
44861
44860
44861
44862
44866
44868
44871
44867
44873
44875
44879
44882
44877
44877
44879
44881
44879
44886
44882
44880
44884
44880
44882
44879
44885
44883
44882
44875
44880
44882
44875
44877
44877
44873
44876
44871
44871
44875
44874
44871
44868
44870
44870
44859
44863
44865
44863
44865
44871
44867
44862
44868
44871
44871
44871
44871
44872
44877
44873
44877
44873
44880
44875
44879
44880
44875
44875
44871
44877
44883
44874
44882
44879
44877
44879
44871
44872
44876
44871
44871
44867
44870
44867
44867
44859
44863
44856
44857
44857
44867
44866
44866
44862
44863
44867
44863
44870
44871
44867
44871
44874
44876
44879
44879
44882
44879
44877
44873
44881
44881
44877
44881
44877
44875
44870
44875
44870
44866
44863
44860
44863
44868
44865
44860
44857
44864
44862
44857
44863
44859
44859
44857
44858
44865
44868
44869
44871
44871
44876
44873
44871
44878
44887
44883
44883
44883
44879
44879
44879
44875
44875
44877
44871
44873
44871
44874
44872
44871
44871
44868
44862
44868
44862
44863
44863
44852
44861
44863
44865
44869
44871
44869
44865
44869
44867
44876
44872
44873
44867
44873
44877
44873
44879
44875
44873
44871
44873
44877
44875
44874
44875
44871
44875
44869
44873
44866
44866
44863
44867
44866
44864
44866
44867
44867
44865
44873
44870
44871
44869
44871
44869
44871
44869
44872
44869
44863
44871
44873
44875
44877
44871
44879
44882
44879
44871
44874
44871
44873
44874
44871
44875
44874
44877
44874
44865
44867
44862
44871
44866
44869
44875
44868
44867
44868
44869
44863
44865
44863
44863
44868
44868
44868
44863
44867
44869
44869
44871
44866
44870
44868
44868
44865
44865
44873
44871
44869
44868
44874
44871
44878
44879
44879
44874
44878
44875
44877
44876
44871
44871
44871
44875
44872
44873
44873
44875
44872
44871
44867
44871
44875
44870
44867
44863
44865
44866
44868
44870
44865
44868
44868
44871
44869
44874
44879
44871
44872
44871
44875
44876
44879
44881
44883
44879
44881
44880
44882
44878
44883
44875
44875
44874
44873
44867
44863
44871
44867
44863
44867
44867
44863
44872
44866
44860
44866
44863
44867
44865
44866
44871
44869
44873
44873
44871
44880
44877
44876
44879
44878
44883
44877
44871
44881
44881
44879
44878
44873
44871
44872
44871
44869
44866
44866
44867
44862
44861
44863
44852
44855
44857
44861
44853
44856
44860
44860
44857
44863
44870
44865
44869
44871
44872
44877
44867
44875
44876
44876
44875
44871
44880
44873
44875
44873
44872
44863
44865
44868
44871
44869
44870
44863
44865
44865
44867
44863
44870
44865
44865
44867
44867
44869
44861
44863
44868
44871
44871
44871
44873
44869
44868
44873
44883
44876
44877
44878
44873
44873
44877
44878
44872
44870
44866
44867
44869
44873
44870
44861
44869
44863
44863
44863
44867
44867
44860
44863
44865
44863
44865
44859
44860
44865
44871
44867
44869
44867
44867
44863
44875
44868
44869
44871
44877
44873
44879
44875
44879
44878
44877
44879
44877
44878
44879
44880
44875
44879
44875
44880
44879
44881
44879
44877
44880
44879
44879
44875
44879
44874
44877
44879
44878
44873
44877
44876
44873
44875
44877
44872
44868
44869
44870
44874
44874
44871
44875
44877
44877
44874
44879
44877
44873
44879
44877
44875
44880
44882
44883
44880
44878
44876
44876
44876
44878
44879
44875
44875
44877
44877
44879
44878
44876
44871
44871
44871
44870
44871
44871
44871
44871
44870
44873
44871
44869
44870
44873
44880
44879
44878
44882
44882
44883
44881
44883
44882
44885
44883
44885
44883
44884
44881
44884
44879
44879
44872
44872
44878
44877
44870
44865
44865
44870
44874
44871
44867
44866
44867
44865
44867
44869
44870
44872
44876
44871
44879
44877
44874
44878
44880
44887
44885
44880
44883
44884
44883
44881
44881
44879
44878
44873
44875
44873
44871
44871
44871
44868
44870
44867
44868
44869
44863
44869
44867
44868
44869
44867
44870
44872
44870
44871
44870
44871
44874
44871
44877
44875
44876
44876
44879
44877
44878
44879
44883
44879
44874
44877
44872
44873
44871
44871
44873
44873
44871
44871
44875
44871
44867
44865
44866
44863
44870
44867
44866
44865
44867
44863
44867
44871
44871
44879
44871
44877
44872
44872
44877
44879
44874
44877
44877
44875
44881
44874
44880
44877
44877
44881
44875
44871
44877
44876
44873
44876
44874
44870
44875
44875
44873
44871
44876
44872
44870
44873
44867
44872
44875
44870
44872
44875
44876
44871
44869
44871
44869
44871
44868
44869
44872
44871
44873
44873
44877
44875
44873
44869
44872
44874
44871
44874
44878
44876
44878
44879
44880
44878
44877
44879
44881
44880
44879
44880
44878
44875
44873
44873
44874
44873
44869
44869
44872
44870
44871
44873
44869
44870
44871
44871
44868
44873
44872
44874
44876
44877
44879
44876
44874
44877
44882
44880
44879
44880
44876
44879
44881
44879
44879
44880
44875
44870
44877
44871
44870
44773
44870
44867
44867
44868
44871
44870
44863
44867
44859
44863
44870
44866
44873
44873
44877
44875
44873
44879
44882
44877
44881
44882
44881
44879
44880
44881
44877
44879
44876
44880
44879
44879
44879
44879
44875
44869
44871
44870
44870
44869
44871
44868
44869
44871
44869
44863
44873
44871
44869
44869
44869
44871
44877
44879
44872
44872
44875
44881
44879
44881
44879
44877
44879
44871
44875
44882
44879
44877
44879
44879
44876
44877
44875
44873
44871
44869
44872
44868
44865
44869
44868
44862
44863
44869
44867
44868
44871
44871
44873
44871
44871
44873
44877
44872
44874
44881
44881
44883
44882
44885
44883
44879
44879
44876
44875
44881
44879
44882
44882
44871
44886
44881
44885
44879
44880
44879
44884
44879
44882
44882
44880
44878
44883
44887
44877
44876
44879
44883
44884
44885
44882
44879
44881
44879
44883
44881
44881
44883
44885
44883
44877
44879
44885
44889
44888
44893
44893
44891
44890
44891
44891
44891
44895
44895
44894
44887
44889
44891
44882
44884
44886
44879
44881
44880
44877
44881
44880
44874
44877
44879
44876
44877
44879
44880
44881
44875
44881
44877
44883
44879
44883
44885
44878
44877
44883
44879
44880
44889
44888
44884
44883
44887
44888
44887
44884
44882
44879
44883
44879
44879
44875
44878
44871
44869
44871
44861
44862
44867
44871
44866
44859
44860
44861
44863
44865
44865
44863
44864
44869
44863
44868
44871
44876
44876
44872
44882
44882
44885
44885
44880
44883
44885
44887
44884
44881
44881
44877
44876
44871
44871
44871
44868
44863
44863
44865
44864
44862
44869
44859
44861
44860
44855
44862
44856
44856
44862
44866
44867
44869
44867
44874
44870
44871
44879
44879
44879
44875
44880
44881
44876
44883
44879
44880
44883
44879
44879
44877
44879
44880
44873
44870
44871
44870
44863
44865
44862
44862
44863
44901
44867
44857
44865
44868
44867
44867
44868
44869
44867
44871
44875
44871
44874
44876
44877
44878
44871
44876
44880
44880
44877
44883
44881
44881
44877
44870
44871
44879
44873
44872
44871
44871
44870
44871
44869
44869
44869
44863
44868
44867
44865
44863
44869
44864
44863
44867
44863
44867
44867
44865
44863
44869
44867
44869
44873
44871
44872
44871
44871
44877
44873
44878
44878
44879
44878
44878
44878
44879
44879
44878
44873
44871
44873
44873
44866
44869
44867
44862
44860
44860
44857
44865
44868
44868
44864
44865
44867
44869
44863
44866
44868
44872
44879
44873
44877
44880
44881
44886
44886
44887
44889
44895
44889
44889
44893
44898
44895
44893
44895
44891
44889
44893
44898
44891
44894
44889
44893
44891
44883
44889
44889
44889
44887
44881
44886
44883
44887
44892
44890
44887
44897
44896
44896
44899
44903
44905
44910
44909
44913
44916
44915
44914
44919
44927
44919
44921
44920
44927
44922
44922
44918
44919
44912
44913
44915
44913
44911
44907
44904
44903
44903
44901
44897
44903
44903
44897
44892
44897
44903
44895
44900
44901
44903
44901
44905
44903
44905
44909
44906
44910
44911
44915
44915
44910
44911
44916
44917
44916
44919
44919
44907
44910
44911
44913
44911
44908
44903
44904
44907
44902
44903
44900
44899
44893
44891
44891
44896
44895
44895
44895
44890
44889
44889
44889
44893
44891
44891
44895
44897
44897
44895
44899
44895
44895
44899
44901
44897
44897
44903
44901
44897
44895
44891
44891
44894
44888
44889
44887
44879
44876
44880
44883
44879
44876
44874
44875
44875
44872
44875
44879
44871
44872
44873
44875
44870
44873
44873
44879
44878
44878
44876
44879
44882
44881
44879
44882
44879
44879
44880
44877
44873
44877
44880
44877
44876
44868
44869
44869
44874
44871
44877
44867
44871
44863
44859
44867
44861
44861
44862
44865
44863
44869
44868
44871
44866
44863
44873
44869
44869
44869
44871
44877
44871
44873
44871
44874
44879
44872
44869
44871
44871
44871
44874
44875
44870
44871
44872
44869
44871
44867
44864
44867
44867
44867
44863
44869
44870
44863
44861
44861
44862
44862
44863
44866
44869
44867
44871
44871
44871
44863
44871
44867
44867
44867
44869
44863
44871
44873
44869
44872
44875
44870
44871
44873
44873
44871
44869
44868
44865
44866
44863
44861
44862
44861
44861
44859
44857
44863
44861
44859
44863
44869
44857
44861
44869
44868
44871
44871
44869
44871
44871
44872
44867
44871
44875
44879
44879
44875
44873
44877
44876
44875
44877
44877
44875
44869
44869
44873
44878
44877
44869
44866
44868
44867
44862
44863
44863
44860
44859
44863
44864
44869
44872
44865
44871
44873
44868
44867
44877
44881
44878
44878
44882
44884
44887
44887
44882
44881
44887
44891
44888
44881
44887
44880
44889
44888
44887
44886
44887
44886
44885
44881
44877
44879
44879
44877
44880
44878
44881
44883
44883
44887
44886
44885
44889
44890
44889
44893
44895
44895
44896
44898
44898
44896
44900
44895
44898
44896
44892
44895
44891
44887
44888
44882
44885
44883
44887
44883
44883
44877
44879
44878
44879
44879
44875
44874
44873
44871
44871
44873
44877
44879
44879
44878
44883
44884
44887
44887
44891
44888
44884
44898
44894
44899
44893
44889
44889
44892
44889
44885
44889
44891
44890
44889
44886
44884
44878
44877
44878
44873
44879
44875
44871
44870
44863
44865
44863
44867
44871
44869
44863
44863
44867
44872
44869
44874
44879
44883
44879
44883
44884
44892
44889
44887
44890
44889
44889
44889
44895
44895
44887
44887
44885
44883
44879
44881
44882
44882
44877
44873
44871
44873
44859
44863
44865
44865
44866
44861
44857
44860
44860
44867
44863
44869
44875
44867
44868
44875
44877
44879
44881
44883
44879
44885
44887
44888
44887
44889
44889
44884
44891
44889
44891
44883
44877
44873
44871
44875
44874
44873
44871
44869
44869
44865
44863
44863
44857
44853
44849
44855
44857
44861
44857
44863
44863
44870
44876
44878
44879
44880
44880
44881
44880
44884
44884
44887
44890
44892
44893
44893
44893
44889
44885
44887
44893
44894
44886
44883
44875
44877
44877
44870
44876
44875
44871
44871
44873
44863
44866
44861
44863
44865
44869
44863
44871
44875
44881
44880
44877
44880
44891
44888
44883
44887
44887
44885
44890
44887
44885
44882
44880
44881
44888
44885
44869
44870
44868
44872
44878
44877
44875
44869
44866
44865
44863
44864
44864
44857
44862
44859
44859
44867
44876
44875
44875
44875
44878
44877
44882
44889
44883
44883
44815
44883
44886
44887
44885
44885
44874
44877
44873
44872
44876
44875
44871
44867
44870
44870
44865
44871
44872
44872
44874
44876
44869
44871
44871
44872
44873
44875
44877
44876
44880
44879
44889
44878
44877
44877
44873
44880
44879
44877
44879
44877
44872
44876
44873
44873
44859
44865
44869
44865
44871
44865
44870
44869
44872
44879
44877
44873
44869
44877
44877
44882
44879
44879
44887
44885
44884
44882
44884
44884
44881
44873
44871
44872
44877
44874
44873
44871
44871
44869
44869
44865
44865
44863
44871
44870
44868
44873
44873
44874
44875
44873
44876
44877
44875
44879
44881
44882
44878
44883
44880
44882
44880
44882
44879
44875
44879
44879
44881
44874
44871
44870
44871
44866
44871
44863
44869
44866
44865
44863
44862
44863
44865
44866
44870
44871
44875
44877
44885
44880
44883
44883
44885
44886
44886
44886
44889
44896
44889
44889
44889
44890
44888
44880
44881
44877
44876
44875
44870
44871
44868
44869
44871
44871
44868
44863
44870
44871
44865
44866
44870
44881
44879
44880
44883
44883
44882
44883
44887
44887
44888
44884
44889
44891
44893
44889
44884
44888
44880
44883
44884
44879
44880
44877
44877
44879
44874
44873
44875
44873
44871
44867
44875
44871
44871
44871
44875
44879
44879
44870
44881
44881
44882
44881
44885
44883
44884
44886
44887
44887
44885
44884
44887
44885
44883
44874
44876
44875
44871
44873
44872
44871
44875
44871
44875
44870
44866
44873
44869
44870
44866
44867
44869
44871
44868
44871
44871
44871
44872
44868
44870
44874
44873
44871
44873
44868
44868
44865
44872
44873
44876
44872
44867
44871
44874
44868
44869
44871
44871
44869
44872
44879
44878
44877
44872
44875
44879
44881
44876
44879
44877
44876
44874
44876
44878
44870
44869
44875
44868
44863
44867
44859
44860
44867
44867
44867
44863
44859
44861
44865
44863
44866
44863
44877
44871
44871
44871
44881
44881
44877
44879
44876
44879
44878
44885
44877
44877
44882
44882
44881
44876
44868
44867
44863
44871
44865
44870
44867
44856
44862
44855
44855
44856
44861
44863
44863
44865
44867
44872
44877
44875
44875
44876
44877
44881
44881
44881
44883
44883
44879
44881
44885
44881
44885
44886
44883
44876
44876
44871
44870
44873
44867
44862
44865
44865
44857
44857
44853
44859
44855
44856
44861
44867
44867
44865
44867
44873
44877
44875
44880
44881
44881
44881
44885
44889
44889
44890
44889
44892
44891
44887
44899
44896
44898
44897
44893
44889
44887
44883
44884
44886
44884
44880
44877
44877
44883
44881
44877
44870
44875
44877
44874
44876
44876
44879
44882
44888
44887
44890
44882
44885
44895
44889
44893
44892
44901
44898
44895
44895
44895
44889
44889
44891
44892
44887
44891
44891
44890
44899
44891
44890
44892
44887
44885
44883
44882
44878
44873
44877
44882
44883
44879
44874
44874
44869
44867
44875
44879
44881
44877
44877
44849
44881
44877
44877
44884
44854
44883
44895
44891
44887
44890
44892
44897
44893
44895
44893
44893
44894
44896
44895
44892
44887
44887
44881
44879
44874
44868
44869
44863
44863
44854
44852
44852
44850
44841
44848
44848
44839
44843
44847
44853
44857
44861
44869
44869
44869
44872
44874
44873
44881
44887
44890
44896
44894
44893
44895
44899
44896
44890
44895
44886
44883
44880
44875
44875
44871
44867
44863
44859
44853
44845
44850
44845
44843
44841
44843
44848
44845
44853
44849
44853
44855
44863
44871
44869
44870
44879
44883
44884
44887
44893
44895
44892
44895
44895
44893
44894
44892
44889
44887
44881
44878
44872
44869
44865
44863
44863
44855
44855
44849
44849
44847
44841
44840
44845
44845
44850
44853
44853
44857
44860
44871
44877
44875
44879
44881
44887
44887
44895
44897
44899
44903
44901
44903
44900
44901
44901
44900
44892
44894
44896
44887
44882
44883
44880
44877
44873
44866
44871
44874
44867
44864
44870
44870
44871
44871
44876
44879
44875
44879
44880
44891
44889
44893
44890
44898
44902
44903
44903
44908
44901
44905
44915
44915
44906
44905
44903
44909
44906
44901
44902
44907
44903
44903
44899
44895
44890
44891
44890
44888
44893
44891
44887
44888
44897
44896
44895
44895
44891
44889
44895
44903
44905
44903
44906
44909
44912
44909
44907
44915
44910
44911
44913
44915
44917
44917
44914
44921
44916
44912
44916
44917
44911
44911
44905
44901
44901
44891
44895
44897
44895
44893
44885
44889
44886
44883
44875
44884
44886
44887
44887
44887
44887
44887
44889
44890
44894
44900
44899
44908
44912
44908
44912
44919
44921
44918
44919
44917
44919
44904
44920
44919
44909
44901
44901
44908
44905
44899
44887
44883
44885
44887
44879
44879
44874
44870
44871
44870
44871
44871
44873
44866
44870
44879
44876
44879
44885
44882
44885
44885
44892
44896
44893
44901
44906
44903
44902
44902
44907
44900
44895
44893
44893
44895
44889
44878
44871
44870
44867
44863
44859
44852
44850
44855
44865
44859
44855
44863
44860
44859
44859
44863
44866
44869
44872
44879
44883
44885
44888
44893
44893
44893
44897
44900
44900
44902
44905
44901
44901
44899
44903
44894
44892
44888
44884
44881
44877
44874
44878
44872
44864
44859
44863
44860
44855
44853
44855
44856
44857
44856
44863
44863
44871
44875
44873
44877
44879
44882
44888
44887
44889
44892
44897
44899
44893
44898
44897
44895
44898
44895
44892
44887
44889
44888
44883
44883
44883
44877
44872
44869
44871
44869
44868
44863
44865
44863
44867
44866
44865
44865
44867
44867
44871
44875
44871
44875
44875
44879
44881
44881
44883
44887
44886
44889
44892
44891
44891
44889
44891
44893
44889
44891
44891
44887
44885
44886
44881
44880
44887
44878
44875
44871
44869
44867
44871
44865
44861
44863
44866
44865
44863
44863
44866
44870
44866
44867
44871
44875
44873
44877
44880
44885
44879
44882
44887
44887
44893
44891
44889
44892
44895
44895
44895
44894
44892
44887
44887
44882
44882
44878
44879
44878
44871
44869
44868
44863
44861
44861
44863
44857
44854
44855
44857
44857
44859
44860
44866
44862
44870
44867
44871
44875
44881
44881
44882
44889
44893
44891
44891
44888
44897
44899
44897
44895
44893
44885
44887
44884
44886
44881
44879
44877
44871
44867
44863
44859
44861
44856
44856
44857
44858
44857
44859
44863
44865
44858
44863
44869
44874
44873
44881
44880
44885
44884
44887
44891
44895
44901
44897
44895
44896
44899
44894
44897
44897
44887
44881
44885
44879
44874
44871
44864
44866
44861
44859
44854
44859
44859
44857
44857
44861
44860
44857
44860
44861
44859
44866
44871
44871
44874
44879
44880
44887
44891
44894
44895
44896
44896
44898
44897
44895
44895
44895
44891
44891
44884
44885
44883
44877
44877
44874
44868
44871
44868
44863
44863
44862
44859
44857
44858
44859
44863
44863
44867
44866
44869
44873
44875
44879
44879
44885
44885
44882
44883
44890
44885
44893
44893
44890
44891
44888
44890
44889
44891
44887
44885
44886
44882
44873
44877
44877
44875
44867
44867
44863
44868
44866
44863
44865
44863
44862
44863
44863
44870
44871
44865
44865
44871
44877
44877
44875
44877
44881
44882
44886
44887
44887
44889
44887
44889
44887
44893
44892
44887
44894
44890
44887
44886
44881
44885
44882
44878
44876
44871
44871
44870
44867
44858
44866
44863
44858
44858
44863
44866
44868
44868
44864
44863
44869
44871
44872
44873
44871
44877
44879
44879
44881
44884
44887
44889
44891
44890
44892
44887
44887
44888
44887
44886
44885
44881
44879
44878
44877
44871
44868
44866
44871
44867
44863
44856
44862
44861
44855
44858
44853
44860
44861
44862
44861
44865
44871
44873
44872
44879
44877
44883
44890
44885
44891
44885
44890
44892
44893
44893
44885
44887
44894
44887
44879
44883
44877
44875
44871
44868
44867
44866
44865
44858
44849
44849
44858
44857
44851
44853
44857
44855
44858
44860
44867
44866
44875
44877
44879
44879
44881
44887
44887
44889
44893
44892
44897
44897
44897
44893
44891
44891
44889
44887
44885
44883
44879
44878
44873
44872
44861
44863
44861
44859
44863
44855
44851
44857
44858
44859
44862
44865
44867
44863
44871
44869
44873
44873
44875
44883
44879
44885
44885
44887
44894
44894
44889
44887
44890
44889
44888
44886
44883
44881
44878
44878
44873
44875
44871
44867
44869
44863
44865
44865
44863
44867
44859
44861
44862
44865
44859
44863
44866
44870
44870
44873
44877
44871
44876
44874
44878
44880
44885
44886
44883
44881
44883
44891
44887
44885
44887
44887
44886
44886
44886
44879
44875
44873
44875
44869
44871
44870
44863
44863
44862
44858
44859
44858
44861
44863
44862
44868
44862
44863
44865
44866
44865
44867
44868
44870
44875
44877
44875
44883
44883
44883
44886
44888
44883
44889
44889
44889
44891
44886
44885
44885
44881
44879
44880
44877
44917
44875
44873
44871
44869
44865
44867
44863
44861
44862
44865
44866
44867
44863
44868
44862
44865
44869
44874
44870
44871
44869
44876
44873
44877
44884
44887
44890
44887
44887
44889
44888
44889
44889
44892
44889
44885
44888
44885
44879
44880
44871
44869
44871
44869
44863
44863
44856
44853
44855
44859
44853
44853
44856
44855
44857
44857
44865
44869
44871
44873
44874
44877
44881
44883
44889
44885
44883
44889
44886
44887
44887
44882
44885
44887
44887
44883
44879
44871
44875
44871
44866
44862
44860
44859
44859
44857
44851
44850
44853
44851
44853
44857
44850
44854
44863
44857
44862
44867
44870
44868
44869
44873
44877
44877
44878
44883
44884
44887
44889
44889
44889
44889
44891
44889
44883
44880
44885
44881
44873
44869
44870
44861
44861
44858
44862
44863
44855
44855
44860
44857
44859
44856
44859
44863
44861
44865
44870
44869
44873
44873
44881
44879
44877
44877
44883
44879
44883
44887
44881
44879
44883
44885
44885
44887
44879
44876
44875
44874
44870
44873
44865
44865
44869
44859
44857
44855
44861
44857
44859
44857
44857
44857
44859
44866
44869
44866
44867
44870
44871
44871
44875
44875
44879
44877
44881
44887
44887
44885
44883
44885
44886
44885
44887
44887
44887
44885
44879
44879
44880
44879
44880
44879
44872
44871
44871
44871
44867
44867
44869
44867
44868
44862
44867
44871
44869
44870
44867
44873
44878
44880
44885
44885
44888
44890
44891
44895
44895
44890
44899
44898
44895
44903
44903
44902
44897
44894
44897
44893
44894
44893
44889
44893
44885
44875
44880
44879
44878
44879
44873
44875
44875
44873
44869
44877
44876
44878
44879
44881
44879
44889
44888
44887
44891
44898
44899
44902
44909
44903
44909
44905
44903
44903
44903
44894
44896
44896
44896
44891
44893
44887
44879
44880
44880
44873
44875
44867
44865
44864
44867
44865
44865
44868
44871
44874
44873
44871
44869
44869
44876
44878
44885
44887
44888
44887
44891
44894
44896
44896
44895
44895
44895
44895
44891
44890
44889
44886
44883
44879
44879
44879
44873
44863
44861
44859
44857
44851
44855
44848
44849
44845
44845
44848
44849
44853
44855
44852
44854
44855
44863
44871
44869
44871
44878
44880
44876
44879
44884
44889
44885
44885
44884
44881
44882
44881
44881
44886
44885
44877
44871
44868
44858
44863
44863
44861
44856
44857
44857
44859
44855
44855
44854
44855
44853
44857
44858
44863
44862
44870
44865
44873
44877
44879
44878
44887
44885
44887
44888
44890
44896
44895
44895
44890
44895
44897
44895
44894
44887
44889
44891
44889
44885
44880
44877
44875
44873
44878
44873
44870
44872
44879
44875
44876
44875
44879
44881
44882
44883
44894
44891
44897
44903
44909
44909
44911
44911
44915
44919
44921
44919
44923
44925
44931
44935
44934
44932
44925
44925
44924
44922
44923
44922
44919
44917
44917
44918
44917
44909
44908
44909
44911
44916
44918
44919
44909
44921
44925
44925
44932
44934
44933
44938
44941
44943
44948
44945
44949
44950
44952
44951
44959
44957
44956
44951
44956
44949
44951
44949
44945
44939
44942
44939
44935
44933
44941
44931
44933
44923
44923
44921
44921
44913
44917
44919
44919
44919
44917
44923
44923
44927
44930
44929
44933
44931
44938
44942
44943
44943
44944
44951
44946
44950
44947
44945
44949
44947
44943
44944
44940
44937
44935
44933
44927
44927
44923
44919
44915
44915
44911
44912
44907
44909
44907
44905
44905
44903
44908
44904
44912
44911
44913
44921
44917
44921
44921
44922
44924
44919
44921
44927
44923
44919
44918
44918
44914
44916
44910
44913
44912
44908
44902
44893
44894
44889
44895
44887
44886
44882
44876
44884
44879
44877
44879
44876
44879
44872
44874
44874
44875
44875
44875
44878
44877
44879
44881
44879
44879
44881
44890
44892
44890
44891
44895
44892
44885
44883
44889
44887
44885
44879
44877
44875
44875
44878
44871
44870
44869
44865
44863
44863
44867
44865
44863
44866
44871
44862
44863
44860
44856
44861
44865
44869
44863
44869
44869
44879
44884
44885
44886
44885
44888
44891
44891
44892
44893
44894
44892
44893
44892
44893
44893
44890
44887
44881
44879
44880
44877
44877
44875
44869
44871
44867
44865
44857
44858
44861
44857
44859
44860
44863
44861
44865
44863
44863
44869
44871
44876
44881
44879
44887
44894
44894
44892
44893
44894
44898
44895
44895
44894
44897
44893
44898
44893
44890
44885
44881
44879
44878
44871
44873
44871
44858
44863
44861
44857
44859
44859
44854
44855
44858
44863
44864
44863
44866
44871
44877
44881
44882
44884
44889
44894
44891
44895
44903
44903
44902
44905
44902
44900
44903
44901
44900
44897
44887
44884
44883
44879
44875
44869
44871
44864
44861
44860
44861
44855
44855
44855
44854
44861
44862
44869
44865
44869
44869
44868
44873
44883
44885
44886
44895
44895
44901
44897
44897
44900
44903
44903
44901
44895
44904
44902
44895
44894
44891
44886
44883
44880
44874
44873
44871
44865
44863
44858
44857
44852
44855
44857
44857
44855
44854
44853
44856
44859
44860
44867
44862
44873
44877
44885
44887
44889
44895
44895
44904
44903
44903
44906
44906
44901
44908
44903
44902
44897
44893
44891
44895
44887
44880
44879
44871
44862
44863
44863
44857
44857
44855
44853
44847
44852
44853
44856
44855
44856
44857
44862
44870
44870
44873
44877
44888
44895
44903
44905
44914
44918
44918
44924
44925
44933
44935
44935
44928
44927
44925
44922
44925
44920
44914
44911
44904
44900
44903
44903
44897
44901
44899
44896
44895
44897
44897
44901
44904
44907
44917
44924
44925
44928
44929
44935
44939
44950
44951
44951
44955
44952
44957
44961
44959
44956
44959
44967
44957
44968
44967
44969
44959
44955
44959
44961
44960
44949
44943
44945
44942
44945
44941
44943
44935
44937
44935
44945
44945
44944
44943
44951
44957
44959
44956
44959
44959
44961
44954
44955
44952
44953
44954
44966
44963
44961
44961
44957
44956
44954
44959
44951
44949
44946
44951
44946
44941
44937
44928
44925
44917
44915
44917
44917
44919
44920
44917
44926
44921
44927
44924
44930
44940
44940
44935
44935
44932
44932
44927
44923
44920
44919
44911
44912
44913
44911
44903
44898
44900
44895
44891
44891
44893
44894
44899
44895
44893
44883
44879
44875
44876
44871
44863
44861
44865
44871
44877
44880
44883
44876
44871
44877
44887
44887
44886
44887
44891
44890
44886
44876
44879
44875
44873
44875
44871
44856
44855
44863
44871
44874
44877
44874
44873
44880
44881
44883
44881
44872
44869
44874
44875
44879
44873
44869
44871
44876
44871
44868
44865
44864
44876
44879
44884
44881
44880
44885
44887
44883
44887
44885
44885
44876
44873
44877
44876
44869
44871
44869
44873
44879
44876
44875
44873
44875
44878
44873
44876
44871
44873
44879
44880
44877
44871
44865
44865
44867
44866
44869
44862
44868
44869
44878
44881
44887
44881
44883
44886
44892
44897
44885
44885
44887
44887
44889
44881
44877
44876
44879
44877
44871
44864
44863
44865
44872
44874
44872
44870
44877
44871
44873
44873
44863
44856
44857
44862
44863
44865
44857
