8034
8043
8041
8044
8045
8041
8031
8041
8041
8041
8047
8046
8050
8047
8047
8051
8062
8055
8055
8057
8057
8057
8053
8055
8059
8053
8055
8062
8057
8058
8056
8055
8058
8059
8057
8058
8054
8050
8051
8053
8049
8048
8047
8047
8046
8046
8045
8043
8046
8048
8044
8042
8039
8043
8046
8048
8047
8050
8051
8055
8052
8054
8050
8047
8054
8061
8059
8049
8053
8055
8056
8056
8058
8055
8057
8048
8051
8051
8055
7973
7948
8052
8050
8055
8049
8049
8041
8039
8040
8039
8049
8043
8042
8043
8050
8045
8043
8053
8051
8048
8051
8047
8046
8046
8047
8050
8049
8049
8055
8047
8051
8055
8053
8046
8051
8051
8051
8039
8043
8047
8039
8037
8040
8041
8044
8039
8036
8033
8036
8031
8032
8029
8033
8029
8037
8029
8034
8035
8039
8047
8047
8043
8049
8045
8046
8047
8047
8045
8053
8047
8042
8041
8045
8047
8047
8047
8042
8040
8039
8046
8050
8039
8039
8036
8034
8034
8031
8032
8033
8035
8033
8030
8036
8038
8039
8039
8039
8039
8046
8046
8048
8048
8053
8049
8050
8049
8055
8057
8053
8048
8053
8043
8054
8057
8049
8057
8049
8043
8049
8043
8047
8045
8037
8044
8038
8046
8042
8039
8036
8040
8041
8036
8035
8043
8041
8039
8036
8040
8051
8057
8056
8055
8048
8055
8049
8054
8050
8047
8055
8048
8050
8043
8049
8051
8072
8049
8047
8045
8049
8047
8049
8046
8039
8047
8046
8041
8039
8037
8033
8043
8036
8032
8029
8036
8035
8041
8039
8035
8037
8035
8037
8047
8049
8053
8050
8043
8043
8053
8057
8053
8053
8050
8047
8043
8049
8039
8045
8051
8048
8039
8043
8040
8045
8041
8036
8036
8039
8037
8037
8035
8038
8040
8041
8033
8039
8036
8034
8036
8037
8036
8042
8044
8049
8045
8043
8041
8045
8050
8044
8047
8043
8041
8046
8051
8046
8043
8042
8075
8040
8041
8040
8039
8039
8027
8031
8035
8032
8041
8039
8035
8031
8023
8024
8027
8026
8033
8037
8039
8029
8039
8045
8050
8044
8048
8054
8045
8045
8049
8049
8052
8054
8049
8048
8051
8054
8055
8049
8043
8044
8047
8041
8040
8045
8043
8043
8041
8038
8031
8038
8038
8032
8042
8035
8031
8031
8034
8033
8035
8038
8039
8042
8045
8039
8039
8042
8051
8049
8049
8046
8047
8045
8041
8041
8047
8040
8045
8047
8047
8043
8041
8043
8039
8038
8042
8035
8039
8037
8032
8037
8031
8031
8035
8029
8028
8031
8033
8031
8031
8032
8037
8037
8031
8037
8037
8039
8039
8044
8045
8052
8049
8048
8044
8049
8047
8049
8047
8048
8041
8039
8040
8040
8033
8033
8036
8031
8033
8043
8036
8029
8030
8029
8038
8033
8030
8028
8029
8028
8028
8027
8037
8031
8033
8039
8042
8042
8051
8040
8047
8043
8042
8041
8042
8044
8047
8048
8035
8041
8037
8039
8038
8036
8035
8033
8040
8036
8031
8032
8029
8029
8034
8025
8028
8029
8025
8026
8031
8026
8029
8024
8033
8031
8031
8027
8031
8031
8037
8031
8044
8039
8035
8039
8045
8037
8039
8039
8039
8043
8033
8033
8029
8031
8034
8035
8026
8023
8035
8031
8031
8023
8024
8025
8029
8022
8029
8028
8027
8023
8028
8031
8031
8029
8025
8026
8032
8032
8039
8034
8037
8045
8039
8043
8042
8044
8047
8044
8030
8037
8044
8039
8034
8031
8039
8037
8034
8033
8037
8038
8035
8023
8023
8030
8024
8029
8024
8023
8029
8028
8023
8023
8029
8026
8023
8029
8026
8030
8035
8031
8031
8035
8036
8031
8033
8036
8038
8039
8035
8035
8039
8031
8038
8044
8035
8033
8033
8039
8039
8039
8039
8037
8032
8028
8032
8027
8025
8032
8029
8024
8031
8026
8025
8029
8023
8025
8031
8034
8035
8037
8039
8036
8033
8035
8039
8035
8041
8047
8045
8041
8036
8035
8038
8047
8047
8039
8035
8037
8029
8032
8037
8032
8025
8030
8026
8032
8023
8020
8026
8024
8027
8029
8025
8030
8028
8025
8031
8035
8029
8027
8031
8039
8035
8039
8049
8048
8042
8045
8047
8044
8044
8039
8034
8039
8035
8039
8041
8031
8029
8031
8023
8019
8030
8027
8021
8027
8023
8019
8027
8027
8022
8027
8026
8025
8029
8033
8031
8030
8032
8027
8035
8027
8033
8037
8039
8038
8044
8035
8039
8039
8039
8044
8039
8043
8033
8041
8034
8031
8036
8032
8030
8034
8032
8027
8023
8023
8017
8007
8019
8012
8024
8020
8019
8017
8023
8023
8024
8026
8018
8025
8036
8028
8031
8031
8029
8028
8031
8038
8039
8039
8037
8033
8033
8033
8037
8032
8024
8029
8027
8027
8025
8025
8025
8024
8022
8016
8021
8025
8019
8027
8022
8024
8019
8023
8024
8023
8020
8023
8025
8021
8021
8028
8024
8031
8028
8036
8032
8039
8035
8032
8037
8032
8037
8038
8035
8031
8030
8031
8035
8029
8028
8031
8030
8025
8023
8024
8021
8025
8015
8017
8018
8020
8029
8011
8016
8017
8016
8019
8023
8023
8021
8021
8021
8016
8026
8028
8023
8027
8031
8026
8024
8027
8027
8027
8020
8023
8023
8015
8015
8015
8014
8015
8015
8010
8013
8018
8013
8015
8015
8011
8007
8004
8007
8006
8007
8007
8009
8007
8019
8013
8009
8017
8019
8024
8019
8021
8026
8024
8021
8020
8027
8023
8025
8025
8029
8023
8020
8021
8020
8020
8019
8023
8017
8025
8031
8027
8022
8019
8020
8013
8010
8007
8012
8015
8015
8014
8015
8010
8013
8015
8015
8013
8021
8023
8029
8031
8028
8026
8031
8030
8029
8031
8031
8031
8023
8024
8026
8025
8025
8023
8021
8030
8027
8021
8023
8021
8015
8021
8016
8012
8015
8016
8014
8017
8023
8019
8017
8020
8020
8018
8018
8021
8027
8027
8025
8023
8023
8026
8035
8030
8028
8026
8029
8026
8025
8029
8027
8023
8021
8026
8023
8021
8020
8022
8023
8023
8023
8018
8020
8013
8014
8011
8015
8016
8018
8018
8016
8017
8017
8019
8022
8021
8019
8017
8025
8020
8022
8027
8025
8027
8023
8024
8026
8023
8026
8024
8019
8024
8019
8024
8023
8019
8020
8020
8021
8012
8007
8017
8017
8023
8018
8017
8018
8024
8014
8014
8014
8009
8012
8019
8015
8015
8017
8016
8016
8021
8017
8023
8021
8023
8020
8023
8024
8022
8023
8027
8018
8019
8020
8021
8019
8023
8022
8017
8016
8019
8015
8018
8015
8013
8013
8019
8013
8019
8013
8015
8016
8017
8015
8017
8017
8024
8019
8020
8007
8019
8023
8021
8021
8024
8026
8022
8023
8023
8020
8015
8020
8021
8023
8024
8019
8022
8017
8013
8023
8023
8021
8022
8009
8019
8015
8009
8008
8007
8017
8012
8015
8013
8013
8013
8015
8018
8020
8012
8013
8020
8023
8022
8023
8020
8019
8021
8025
8033
8033
8031
8032
8038
8038
8033
8030
8028
8030
8037
8033
8029
8031
8025
8025
8022
8023
8024
8025
8019
8023
8020
8025
8025
8026
8023
8022
8022
8021
8026
8031
8025
8030
8032
8027
8027
8027
8036
8033
8033
8025
8030
8033
8036
8038
8036
8035
8032
8027
8028
8024
8023
8028
8025
8023
8024
8018
8025
8023
8019
8023
8023
8027
8027
8021
8012
8015
8023
8027
8025
8023
8027
8025
8023
8021
8025
8031
8029
8031
8026
8023
8023
8025
8025
8029
8028
8024
8023
8030
8023
8021
8026
8026
8023
8023
8025
8018
8017
8024
8019
8018
8016
8023
8019
8018
8019
8020
8018
8017
8022
8026
8022
8023
8024
8018
8016
8025
8029
8028
8030
8025
8022
8023
8031
8023
8025
8028
8027
8022
8023
8019
8032
8023
8016
8022
8025
8020
8023
8015
8015
8015
8018
8021
8017
8014
8015
8012
8011
8018
8015
8007
8015
8027
8024
8027
8021
8017
8022
8025
8022
8023
8018
8023
8024
8027
8029
8029
8025
8025
8030
8027
8023
8019
8017
8020
8021
8021
8025
8016
8017
8017
8015
8013
8009
8013
8014
8019
8023
8015
8013
8015
8012
8015
8022
8020
8024
8022
8023
8025
8023
8017
8021
8025
8027
8024
8031
8023
8021
8023
8021
8027
8021
8016
8023
8014
8019
8013
8016
8016
8012
8016
8010
8014
8010
8011
8007
8018
8013
8015
8015
8019
8012
8014
8017
8018
8017
8015
8016
8021
8024
8023
8020
8015
8018
8016
8017
8023
8023
8018
8014
8017
8024
8017
8016
8018
8018
8015
8011
8014
8023
8020
8015
8015
8013
8021
8014
8015
8018
8019
8018
8023
8023
8017
8021
8020
8017
8021
8023
8023
8021
8017
8023
8023
8021
8019
8031
8029
8025
8024
8023
8027
8023
8019
8020
8017
8027
8018
8022
8023
8025
8020
8022
8017
8017
8018
8022
8022
8019
8014
8010
8015
8017
8017
8015
8012
8022
8026
8019
8019
8025
8024
8022
8019
8021
8019
8016
8015
8017
8020
8020
8015
8018
8023
8023
8013
8015
8016
8017
8013
8017
8009
8009
8011
8015
8007
8007
8013
8017
8009
8013
8015
8012
8021
8014
8015
8015
8013
8021
8017
8023
8018
8011
8016
8017
8017
8019
8023
8021
8019
8024
8021
8016
8015
8017
8015
8013
8013
8015
8014
8011
8013
8013
8013
8009
8007
8011
8008
8012
8015
8015
8015
8014
8007
8007
8012
8009
8013
8008
8014
8023
8019
8018
8020
8017
8011
8013
8011
8016
8015
8013
8015
8013
8019
8010
8009
8009
8005
7999
8005
8014
8013
8016
8014
8006
8014
8009
8009
8007
8005
8010
8007
8009
8005
8005
8005
8013
8018
8011
8012
8005
8009
8008
8004
8009
8015
8010
8013
8009
8015
8020
8009
8015
8023
8017
8017
8016
8015
8010
8007
8002
7999
8011
8007
8008
8007
7998
8005
8007
8009
8007
8011
8009
8003
8005
8008
8011
8009
8003
8005
8004
8011
8005
8009
8016
8011
8015
8009
8007
8016
8015
8011
8013
8013
8013
8019
8014
8006
8007
8009
8003
8011
8007
8001
8003
8005
8006
8004
8004
8003
8002
8002
8001
8003
8005
8009
8007
8007
8006
8007
8013
8015
8013
8010
8009
8013
8023
8019
8017
8020
8020
8025
8018
8023
8026
8024
8019
8023
8011
8007
8011
8008
8013
8011
8011
8010
8012
8007
8010
8012
8009
8005
8010
8011
8009
7955
8007
8013
8009
8017
8016
8015
8017
8021
8015
8015
8020
8018
8015
8017
8017
8015
8013
8013
8015
8015
8019
8021
8017
8013
8011
8008
8009
8014
8015
8007
8005
8009
8007
8011
8008
8007
8005
8005
8011
8013
8005
8003
8004
8005
8008
8012
8015
8013
8010
8012
8004
8007
8010
8013
8011
8011
8011
8018
8009
8011
8014
8013
8012
8011
8016
8014
8011
8005
8007
8005
8005
8007
8013
8007
8001
8007
8011
8012
8007
8003
7999
8002
8012
8009
8015
8014
8011
8007
8004
8007
8007
8015
8014
8019
8013
8014
8009
8012
8008
8007
8013
8022
8015
8011
8011
8006
8005
8003
8000
8003
8002
8001
8005
8004
8011
8009
7999
7995
7999
8001
8002
7999
8003
8006
8005
8007
8004
8011
8013
8008
8008
8013
8010
8011
8011
8009
8005
8003
8012
8013
8007
8009
8009
8009
8011
8003
8007
8007
8006
8007
8005
8001
8001
8001
8005
8007
8001
7999
7996
7997
7996
7995
7996
8003
8003
7999
8003
8007
8011
8007
8007
8011
8007
8008
8009
8005
8008
8006
8007
8005
8003
8006
8005
8005
8003
8006
8007
8003
7997
7999
7995
7997
8001
8001
7999
8003
8001
7999
8000
8004
8005
8008
8004
8002
7999
7999
8001
8003
8000
7998
8007
8011
8003
8007
8007
8103
8003
8006
8005
8008
8006
8004
8005
8006
8007
8002
8007
8008
8007
8006
8007
8001
7999
8004
7999
8001
8007
8005
8001
8004
8004
7997
8004
8003
8007
8003
8003
8003
8007
8001
8007
8005
8009
8007
8011
8013
8009
8009
8008
8001
8009
8010
8007
8016
8005
8013
8009
8001
7999
7995
8007
8002
8001
8006
8007
7997
7997
8005
8003
8007
8004
7991
7998
8001
7997
8000
7995
7999
8003
7999
8007
8005
8005
8007
8007
8001
8000
8003
8007
8004
8009
8006
8007
8010
8011
8001
7999
8007
8001
8003
7993
8001
7995
7999
8003
8001
7997
7995
8005
8002
8000
8004
7997
7998
7999
8004
8000
8001
7999
7999
7995
8004
7999
8005
7999
7996
8000
8002
8001
8001
8001
8004
8003
8007
8001
8003
7997
8001
7994
8001
7997
7995
7997
7999
7997
7996
7991
7992
7991
7998
7997
7999
7996
7991
7995
7991
7999
7994
8001
8000
8001
7995
8003
8004
7997
8000
7993
7997
7996
8005
8003
7995
8007
8007
7999
7997
7995
7998
7996
7999
7999
7993
7989
7993
7990
7991
7992
7991
7987
7990
7990
7989
7995
7991
7990
7992
7989
7991
7986
7987
7987
7980
7981
7980
7982
7984
7970
7967
7962
7961
7958
7951
7951
7945
7937
7939
7939
7943
7946
7956
7983
8079
8221
8131
7987
7944
7919
7907
7892
7891
7896
7907
7907
7903
7905
7913
7929
7931
7945
7963
8043
8183
8139
7997
7943
7923
7919
7912
7923
7927
7935
7944
7941
7947
7958
7969
7961
7969
7967
7969
7965
7967
7969
7969
7969
7973
7973
7967
7965
7971
7967
7963
7967
7974
7979
7983
7983
7982
7986
7981
7980
7980
7990
7991
7989
7995
7989
7987
7983
7991
7991
7985
7993
7986
7990
7991
7990
7988
7991
7991
7991
7991
7988
7989
7985
7987
7985
7985
7985
7991
7993
7989
7983
7982
7982
7987
7989
7985
7984
7985
7991
7990
7991
7993
7991
7989
7991
7991
7992
7991
7993
8002
8004
8001
7998
7999
7994
7995
7994
7995
7994
7993
7992
7994
7990
7990
7991
7993
7993
7995
7991
7989
7993
7993
7991
7985
7991
7991
7984
7983
7987
7990
7994
7997
8005
7996
7991
7994
8001
7999
7991
7992
7996
8001
7995
8002
7998
8001
7989
7992
8001
8000
7996
7998
7994
7994
7991
7995
7999
7987
7991
7991
7988
7988
7988
7993
7992
7995
7999
7985
7983
7991
7997
7994
7985
7991
7997
7995
7991
7996
7991
8000
7997
7989
7993
8001
7999
8002
8004
7995
7991
7991
7996
7991
7993
7997
7991
7993
7995
7993
7991
7989
7991
7991
7999
7989
7983
7991
7994
7991
7991
7989
7991
8001
7992
7997
8001
8002
7997
7999
7993
7995
7999
7997
7999
7991
7998
7994
7995
7997
7998
7991
7989
7997
7991
7987
7987
7991
7989
7991
7989
7991
7991
7989
7986
7985
7985
7987
7988
7991
7996
7993
7992
7991
7992
7990
7996
7992
7995
7991
7992
7991
7992
7992
7991
7995
7999
7991
7996
7994
7996
7994
7993
7994
7997
7991
7991
7995
7993
7989
7987
7991
7995
7991
7987
7989
7992
7990
7989
7993
7991
7987
7987
7987
7991
7991
7989
7989
7992
7990
7994
7993
7993
8004
8007
7999
8002
8001
8004
8003
7991
7997
7995
7999
7995
7994
7991
7997
7997
7997
7999
7991
7986
7995
7991
7994
7988
7995
7993
7998
7987
7991
7989
7993
7995
7995
7991
7995
7991
7988
7993
7995
7992
7993
7991
7999
8000
8012
7994
7989
7989
7989
7995
7987
7985
7990
7989
7991
7991
7993
7988
7990
7991
7988
7987
7985
7993
7999
7995
7993
7991
7989
7986
7985
7989
7989
7993
7999
7995
7991
7990
7993
7993
7991
7995
7992
7981
7987
7992
7992
7995
7995
7989
7993
7996
7996
7992
7992
7997
7992
7991
7987
7989
7989
7986
7987
7993
7989
7991
7991
7990
7992
7986
7987
7987
7985
7994
7991
7993
7989
7991
7987
7987
7991
7989
7993
7994
7989
7992
7987
7993
7991
7991
7995
7990
7996
7994
7992
7991
7989
7993
7990
7987
7991
7995
7989
7988
7991
7985
7986
7986
7986
7988
7981
7987
7986
7985
7987
7989
7991
7989
7991
7986
7992
7993
7989
7989
7990
7981
7987
7986
7984
7987
7985
7988
7983
7978
7981
7984
7985
7984
7983
7979
7978
7979
7983
7980
7978
7977
7977
7978
7983
7981
7975
7971
7980
7981
7979
7980
7987
7979
7989
7983
7977
7983
7987
7982
7981
7990
7989
7983
7983
7987
7982
7979
7983
7981
7980
7981
7980
7978
7980
7981
7979
7976
7974
7974
7971
7975
7973
7972
7975
7973
7976
7978
7977
7977
7977
7976
7978
7980
7984
7985
7985
7979
7985
7983
7982
7981
7983
7985
7989
7989
7985
7981
7986
7986
7984
7983
7985
7983
7983
7985
7991
7991
7986
7981
7981
7984
7984
7980
7987
7986
7981
7981
7984
7984
7992
7995
7983
7982
7984
7988
7987
7989
7990
7989
7991
7991
7994
8003
7999
7991
7991
7991
7995
7990
7987
7991
7995
7991
7989
7987
7987
7991
7989
7991
7988
7985
7991
7988
7991
7988
7989
7989
7985
7986
7991
7986
7985
7981
7979
7992
7987
7991
7991
7989
7987
7991
7991
7985
7988
7996
7991
7992
7989
7991
7989
7991
7993
7989
7988
7989
7984
7980
7984
7983
7983
7983
7991
7987
7987
7987
7989
7983
7989
7987
7983
7982
7983
7986
7981
7987
7985
7985
7987
7986
7993
7993
7985
7993
7992
7989
7987
7984
7981
7985
7987
7988
7991
7991
7989
7987
7987
7983
7986
7987
7983
7991
7988
7982
7981
7982
7983
7986
7985
7988
7981
7981
7979
7980
7987
7986
7987
7986
7984
7982
7982
7985
7983
7989
7991
7990
7986
7991
7985
7987
7985
7989
7989
7989
7989
7985
7982
7987
7987
7981
7977
7981
7982
7980
7987
7985
7986
7986
7979
7983
7979
7979
7977
7981
7985
7983
7984
7984
7991
7986
7977
7981
7983
7987
7991
7987
7988
7986
7985
7983
7985
7991
7987
7985
7988
7989
7988
7990
7988
7981
7988
7984
7987
7979
7981
7982
7985
7985
7981
7984
7981
7976
7980
7977
7977
7981
7981
7981
7979
7982
7986
7983
7985
7991
7985
7985
7983
7989
7994
7994
7991
7985
7985
7979
7982
7985
7983
7983
7987
7981
7979
7987
7987
7981
7982
7980
7977
7977
7983
7983
7979
7979
7985
7981
7985
7987
7991
7990
7983
7987
7986
7983
7985
7981
7986
7992
7992
7991
7991
7989
7987
7983
7987
7988
7983
7987
7988
7981
7989
7983
7985
7979
7983
7983
7983
7987
7980
7979
7985
7979
7987
7990
7983
7983
7982
7985
7984
7979
7980
7981
7983
7981
7983
7983
7987
7983
7984
7993
7985
7991
7991
7988
7987
7983
7987
7992
7991
7985
7987
7985
7979
7982
7982
7983
7988
7987
7988
7987
7987
7991
7987
7981
7983
7982
7977
7980
7977
7981
7987
7985
7983
7983
7983
7989
7991
7994
7994
7985
7982
7985
7989
7992
7994
7988
7993
7986
7988
7990
7993
7991
7980
7991
7982
7979
7979
7980
7978
7977
7980
7977
7980
7984
7983
7983
7984
7981
7979
7979
7981
7983
7987
7981
7989
7989
7987
7990
7991
7984
7983
7985
7986
7990
7985
7987
7984
7987
7991
7986
7980
7984
7990
7987
7989
7991
7987
7985
7983
7983
7983
7983
7980
7980
7982
7977
7977
7981
7983
7985
7985
7984
7983
7989
7983
7983
7983
7986
7983
7984
7978
7984
7983
7991
7993
7989
7990
7989
7992
7985
7989
7987
7984
7978
7985
7986
7983
7981
7979
7979
7983
7981
7986
7983
7985
7981
7983
7985
7981
7981
7984
7981
7985
7989
7991
7988
7992
7988
7983
7982
7985
7989
7990
7987
7986
7986
7991
7988
7989
7991
7992
7991
7989
7985
7987
7985
7989
7977
7981
7983
7981
7987
7982
7981
7979
7983
7984
7983
7985
7983
7983
7981
7984
7983
7986
7981
7985
7983
7983
7988
7984
7983
7989
7985
7987
7992
7991
7999
7995
7999
7993
7999
7999
7996
7997
7999
7991
7996
7991
7995
7994
7995
7991
7987
7992
7994
7989
7994
7990
7988
7995
7990
7998
8001
7994
7994
7989
7996
7993
8003
8001
7999
8006
8000
7999
7993
7999
8005
8002
8004
8005
7999
7993
7999
7994
7994
7993
7993
7992
7999
7994
7994
7994
7995
7991
7991
7991
7992
7993
7991
7989
7995
7996
7995
7997
7999
7997
7993
7995
7991
7993
8001
7994
7998
7997
7993
7996
7997
8003
7997
7995
7997
7995
7995
7991
7997
7992
7991
7995
7996
7995
7993
8002
7995
7991
7987
7987
7988
7987
7991
7994
7996
7991
7989
7990
7991
7999
7992
7999
7999
7995
7993
7998
7995
7992
7993
7993
7991
7991
7999
7999
7995
7993
7996
7994
7994
7997
7993
7992
7989
7995
7993
7995
7988
7986
7980
7979
7983
7989
7987
7988
7985
7986
7983
7990
7995
7986
7978
7987
7983
7989
7990
7985
7991
7987
7988
7991
7999
7997
7997
7994
7994
7997
7989
7997
7994
7989
7989
7985
7993
7991
7987
7989
7990
7991
7987
7985
7985
7977
7981
7984
7983
7984
7991
7985
7989
7985
7988
7987
7985
7991
7991
7989
7991
7989
7991
7992
7991
7990
7992
7995
7993
7993
7987
7991
7993
7989
7988
7988
7987
7983
7984
7985
7982
7980
7979
7984
7984
7985
7991
7985
7985
7989
7990
7987
7989
7985
7986
7990
7991
7988
7995
7995
7992
7991
7989
7996
7997
7993
7993
7991
7991
7997
7993
7999
7991
7997
7989
7985
7988
7986
7992
7991
7987
7987
7983
7986
7980
7987
7985
7983
7987
7994
7986
7999
7999
7989
7994
7992
8000
7995
7992
7999
7993
7991
7993
7995
7999
7999
7997
7995
7994
8001
7997
7995
7999
7998
7996
7993
7993
7995
7986
7995
7996
7993
7989
7989
7990
7993
7988
7985
7985
7984
7989
7993
7995
7993
7991
7998
7997
7991
7997
8003
7994
7991
7991
8005
7999
7994
7997
7991
7989
7996
7993
7991
8001
7999
7991
7987
7981
7986
7989
7995
7993
7992
7987
7982
7983
7983
7985
7989
7989
7983
7991
7989
7990
7990
7990
7985
7991
7994
7995
7992
7991
7992
7993
7988
7991
7994
7992
7995
7993
7992
7999
7996
7992
7995
7989
7989
7991
7992
7988
7993
7991
7991
7987
7987
7986
7985
7985
7991
7991
7982
7985
7987
7987
7981
7989
7983
7985
7993
7991
7987
7984
7990
7987
7987
7991
7992
7995
7989
7982
7988
7993
7999
7997
7991
7989
7989
7988
7989
7991
7990
7984
7985
7989
7986
7987
7985
7981
7983
7983
7985
7983
7985
7983
7977
7986
7989
7989
7990
7990
7985
7991
7989
7987
7989
7998
7996
7996
7991
7989
7988
7991
7999
7993
8001
7992
7985
7988
7991
7992
7987
7988
7983
7983
7987
7988
7985
7985
7980
7981
7987
7987
7984
7989
7983
7983
7991
7989
7985
7983
7986
7992
7989
7990
7990
7989
7993
7991
7992
7994
7993
7991
7986
7983
7997
7992
7992
7989
7990
7990
7986
7985
7983
7987
7986
7983
7983
7983
7975
7982
7982
7981
7981
7983
7981
7984
7985
7989
7984
7981
7985
7987
7991
7985
7987
7990
7996
7992
7996
7999
7993
7999
7997
7994
7996
7998
7993
7999
7998
7995
7994
7990
7991
7994
7989
7989
7985
7993
7993
7989
7991
7989
7986
7987
7985
7987
7990
7992
7990
7987
7989
7996
7985
7991
7995
7998
7991
7997
8001
7995
7997
7992
7989
7987
7997
7993
7999
7998
7998
7989
7993
7989
7987
7994
7989
7987
7993
7989
7985
7989
7993
7993
7991
7989
7989
7988
7985
7986
7989
7991
7991
7987
7985
7990
7992
7990
7984
7989
7987
7988
7989
7990
7990
7987
7987
7981
7983
7983
7979
7976
7982
7982
7985
7983
7974
7975
7975
7979
7975
7975
7975
7972
7971
7974
7975
7977
7974
7971
7969
7969
7970
7975
7973
7974
7977
7969
7971
7980
7976
7977
7979
7981
7980
7983
7982
7987
7984
7973
7974
7977
7973
7971
7969
7973
7976
7975
7972
7975
7973
7972
7976
7981
7977
7971
7969
7971
7975
7971
7975
7981
7973
7970
7975
7977
7987
7978
7983
7979
7983
7981
7979
7985
7991
7983
7986
7983
7989
7989
7976
7975
7981
7989
7985
7982
7980
7981
7977
7982
7985
7983
7987
7983
7983
7981
7971
7981
7986
7987
7983
7982
7981
7982
7986
7983
7979
7980
7983
7988
7989
7990
7993
7989
7991
7991
7992
7991
8001
7993
7991
7987
7983
7989
7989
7993
7997
7999
7993
7987
7982
7987
7991
7988
7989
7989
7981
7985
7992
7985
7983
7991
7990
7985
7985
7987
7985
7983
7990
7991
7989
7989
7990
7991
7987
7988
7991
7993
7991
7991
7983
7988
7993
7989
7989
7989
7985
7985
7993
7989
7991
7987
7986
7993
7989
7986
7985
7981
7981
7990
7984
7983
7983
7989
7989
7981
7981
7979
7985
7987
7989
7992
7991
7987
7992
7993
7992
7987
7986
7989
7992
7991
7995
7987
7991
7992
7991
7989
7984
7981
7983
7985
7983
7981
7979
7988
7987
7983
7982
7980
7976
7983
7983
7985
7976
7981
7984
7983
7975
7977
7972
7978
7979
7975
7975
7975
7977
7975
7972
7973
7971
7979
7980
7985
7987
7991
7991
7991
7993
7980
7973
7968
7963
7958
7959
7965
7983
7985
7987
7987
7987
7977
7979
7975
7973
7967
7965
7962
7965
7969
7975
7975
7972
7970
7975
7973
7964
7973
7983
7976
7979
7975
7979
7971
7977
7975
7973
7973
7973
7971
7977
7973
7975
7972
7977
7975
7969
7974
7972
7974
7971
7969
7975
7975
7975
7972
7969
7971
7970
7973
7971
7975
7973
7981
7979
7980
7981
7976
7979
7984
7983
7977
7981
7977
7979
7983
7984
7975
7984
7981
7977
7980
7978
7975
7973
7972
7974
7977
7977
7975
7972
7973
7969
7973
7978
7982
7975
7977
7975
7979
7979
7978
7979
7979
7977
7978
7981
7987
7985
7979
7985
7983
7984
7984
7989
7981
7982
7985
7984
7981
7983
7987
7979
7979
7981
7978
7983
7978
7979
7983
7980
7981
7982
7979
7980
7979
7977
7981
7980
7978
7977
7975
7980
7983
7983
7981
7983
7977
7983
7988
7997
7988
7988
7985
7987
7982
7981
7989
7983
7987
7981
7979
7983
7984
7982
7986
7989
7979
7983
7984
7983
7982
7977
7977
7977
7978
7979
7988
7998
7994
7987
7999
7992
7992
7994
7999
7993
7993
7994
8003
8005
7998
8003
7998
7998
8003
8000
7999
7993
7999
7991
7998
7992
7994
7997
7993
7993
7997
7991
7997
7994
7992
7991
7991
7993
7992
7990
7994
7995
7993
7995
7999
7999
7993
7999
7993
7994
7995
7990
7997
7995
7995
7994
7993
7991
8004
8005
8007
8007
7999
7998
7991
7991
7993
7991
7990
7993
7992
7985
7997
7991
7991
7986
7993
7996
7989
7990
7991
7986
7987
7981
7986
7992
7992
7991
7989
7991
7991
7999
7994
7988
7995
7991
7995
7995
7993
7994
7993
7998
7998
7995
7989
7997
7993
7991
7990
7994
7985
7991
7989
7987
7985
7989
7991
7985
7985
7989
7983
7985
7986
7987
7991
7988
7992
7991
7989
7996
7991
7986
7985
7995
7999
8001
7991
7996
7997
7996
7997
8000
8000
7998
7999
7993
7994
7986
7993
7989
7991
7989
7991
7988
7991
7989
7987
7988
7997
7994
7993
7994
7993
7991
7988
7985
7983
7988
7992
7992
7984
7997
7999
7996
7995
7997
7993
7991
7999
7994
7991
7992
7995
7999
7993
7985
7994
7990
7991
7987
7992
7993
7997
7995
7990
7986
7983
7983
7991
7994
7991
7986
7982
7987
7989
7988
7987
7983
7985
7989
7985
7989
7993
7986
7988
7989
7989
7985
7989
7993
7989
7991
7997
7995
7993
7996
7991
7995
7991
7987
7991
7991
7979
7984
7982
7991
7984
7983
7989
7985
7985
7991
7988
7984
7981
7989
7986
7983
7984
7982
7987
7991
7983
7991
7993
7993
7987
7989
7987
7994
7995
7991
7994
7998
7998
7992
7993
7991
7991
7991
7995
7991
7991
7989
7989
7991
7991
7990
7990
7991
7988
7992
7983
7988
7991
7989
7988
7991
7993
7991
7994
7987
7993
7990
7991
7993
7994
7992
7989
7991
7993
7995
7995
7995
7997
7993
7993
7991
7997
7992
7991
7995
7988
7987
7984
7987
7984
7991
7986
7990
7993
7989
7989
7991
7987
7988
7985
7986
7990
7987
7986
7989
7992
7995
7991
7991
7985
7989
7988
7991
7987
7990
7990
7993
7993
7991
7987
7991
7991
7983
7986
7991
7995
7987
7988
7989
7987
7985
7983
7990
7987
7981
7985
7985
7989
7991
7985
7987
7984
7985
7989
7988
7988
7989
7991
7986
7991
7988
7991
7994
7992
7988
7991
7994
7993
7993
7991
7991
7987
7991
7987
7991
7993
7983
7983
7985
7989
7981
7978
7979
7985
7991
7987
7986
7983
7984
7989
7980
7985
7983
7984
7981
7983
7983
7987
7987
7991
7987
7987
7987
7988
7991
7988
7983
7991
7991
7984
7983
7988
7981
7988
7987
7987
7977
7985
7993
7987
7977
7983
7984
7983
7980
7979
7980
7983
7988
7984
7982
7979
7982
7979
7983
7985
7987
7980
7978
7986
7981
7987
7981
7991
7985
7988
7989
7993
7990
7986
7988
7989
7988
7989
7990
7982
7983
7984
7989
7980
7976
7983
7979
7979
7977
7985
7987
7980
7983
7976
7979
7980
7983
7980
7978
7978
7982
7987
7981
7985
7981
7982
7985
7989
7991
7984
7986
7985
7986
7988
7984
7985
7985
7987
7983
7982
7985
7986
7989
7982
7979
7978
7983
7987
7988
7987
7983
7986
7987
7989
7986
7988
7992
7989
7993
7989
7985
7989
7995
7994
7991
7993
7991
7983
7992
7987
7993
7993
7987
7983
7987
7991
7995
7990
7989
7986
7990
7991
7991
7984
7984
7985
7983
7987
7983
7980
7983
7985
7993
7990
7980
7983
7986
7994
7988
7992
7991
7990
7991
7993
7995
7987
7987
7991
7987
7993
7997
7987
7991
7989
7989
7990
7986
7991
7987
7986
7982
7983
7983
7988
7984
7985
7983
7983
7985
7979
7980
7981
7982
7980
7977
7980
7984
7983
7979
7988
7983
7984
7987
7984
7987
7981
7981
7987
7981
7985
7983
7987
7993
7989
7979
7987
7993
7998
7985
7985
7987
8016
7987
7984
7981
7977
7985
7990
7990
7979
7977
7981
7982
7983
7978
7979
7988
7989
7983
7977
7983
7987
7982
7980
7981
7976
7977
7987
7983
7981
7987
7991
7983
7980
7985
7987
7978
7981
7988
7985
7987
7983
7989
7987
7984
7985
7981
7977
7983
7983
7982
7979
7985
7983
7981
7981
7979
7977
7980
7974
7973
7973
7972
7979
7975
7990
7984
7981
7983
7983
7979
7986
7989
7987
7987
7989
7985
7986
7977
7982
7990
7981
7974
7973
7979
7978
7984
7978
7974
7969
7972
7983
7982
7976
7978
7975
7975
7978
7979
7977
7979
7977
7979
7975
7979
7978
7974
7981
7979
7979
7985
7980
7975
7973
7978
7982
7989
7983
7983
7984
7979
7987
7991
7990
7981
7979
7981
7975
7975
7981
7980
7975
7969
7974
7977
7975
7973
7975
7978
7979
7977
7976
7982
7981
7976
7980
7979
7981
7981
7983
7985
7986
7981
7985
7991
7989
7991
7987
7989
7986
7981
7981
7983
7987
7981
7977
7976
7983
7981
7972
7976
7977
7979
7976
7978
7986
7980
7982
7980
7980
7976
7980
7976
7979
7977
7978
7977
7975
7978
7988
7987
7985
7981
7984
7979
7984
7989
7981
7981
7983
7985
7985
7991
7989
8073
7983
7979
7983
7979
7978
7982
7983
7987
7979
7975
7975
7972
7969
7975
7976
7975
7975
7981
7981
7984
7978
7981
7979
7976
7981
7975
7977
7978
7985
7985
7980
7980
7983
7982
7985
7983
7985
7981
7982
7981
7975
7981
7982
7981
7977
7971
7980
7975
7977
7980
7977
7977
7977
7977
7978
7973
7981
7975
7975
7972
7978
7979
7979
7979
7983
7979
7980
7983
7983
7983
7977
7977
7979
7975
7978
7981
7981
7977
7977
7979
7977
7975
7981
7983
7981
7975
7970
7973
7969
7972
7975
7970
7975
7973
7974
7975
7979
7978
7975
7977
7977
7975
7975
7987
7978
7980
7975
7981
7977
7978
7981
7985
7982
7978
7986
7979
7979
7975
7981
7976
7982
7983
7978
7978
7981
7975
7975
7973
7974
7973
7970
7967
7971
7971
7974
7970
7977
7982
7975
7966
7969
7973
7971
7970
7977
7972
7973
7978
7974
7970
7975
7969
7967
7969
7974
7975
7971
7975
7973
7975
7969
7972
7967
7965
7969
7970
7967
7972
7965
7969
7965
7969
7971
7971
7969
7969
7965
7966
7967
7969
7965
7967
7965
7965
7969
7971
7968
7967
7967
7975
7975
7971
7973
7971
7971
7967
7971
7980
7983
7977
7972
7970
7984
7979
7983
7987
7988
7985
7985
7987
7990
7984
7983
7984
7983
7983
7983
7986
7985
7978
7989
7983
7981
7979
7983
7983
7985
7985
7982
7989
7991
7985
7988
7983
7991
7986
7988
7992
7989
7986
7990
7995
7993
7988
7986
7994
7995
7995
7983
7990
7987
7983
7980
7987
7992
7987
7984
7983
7984
7988
7987
7984
7991
7989
7987
7984
7987
7989
7985
7985
7986
7983
7982
7975
7983
7985
7983
7988
7991
7983
7983
7998
7988
7985
7977
7980
7987
7986
7979
7979
7981
7984
7987
7989
7991
7984
7977
7985
7983
7985
7984
7989
7985
7983
7982
7983
7991
7987
7983
7979
7984
7991
7986
7986
7987
7990
7984
7983
7989
7983
7984
7982
7982
7987
7983
7981
7981
7990
7990
7985
7994
7979
7981
7991
7983
7986
7981
7981
7982
7983
7979
7981
7987
7981
7980
7992
7983
7982
7975
7983
7991
7990
7984
7982
7983
7983
7979
7984
7989
7984
7983
7987
7986
7993
7991
7985
7980
7991
7994
7985
7985
7987
7987
7985
7981
7989
7979
7985
7988
7992
7987
7986
7983
7983
7983
7986
7990
7989
7981
7985
7983
7983
7987
7983
7983
7985
7982
7987
7987
7985
7985
7977
7982
7988
7987
7982
7979
7983
7985
7981
7979
7981
7983
7978
7982
7983
7983
7984
7981
7979
7983
7981
7979
7981
7984
7980
7981
7983
7986
7980
7978
7985
7983
7983
7983
7981
7983
7984
7987
7989
7983
7981
7979
7985
7983
7983
7977
7982
7993
7983
7984
7983
7983
7979
7982
7989
7985
7983
7975
7982
7980
7979
7983
7985
7987
7979
7977
7980
7983
7978
7985
7983
7985
7989
7983
7985
7989
7983
7980
7986
7987
7986
7983
7983
7985
7983
7985
7991
7989
7983
7985
7987
7984
7985
7985
7983
7987
7987
7981
7981
7976
7985
7983
7977
7975
7981
7983
7979
7983
7981
7979
7973
7983
7982
7979
7985
7978
7980
7983
7986
7989
7988
7988
7983
7988
7983
7987
7980
7983
7981
7983
7987
7986
7983
7988
7987
7989
7985
7985
7981
7982
7979
7973
7979
7977
7978
7979
7981
7981
7977
7985
7982
7979
7983
7984
7979
7987
7991
7981
7987
7979
7986
7984
7985
7983
7979
7979
7980
7987
7989
7979
7985
7979
7977
7986
7984
7973
7976
7977
7977
7977
7975
7974
7985
7981
7977
7982
7979
7979
7981
7981
7982
7977
7985
7981
7988
7979
7985
7986
7981
7975
7985
7985
7990
7985
7979
7980
7981
7982
7983
7989
7981
7975
7979
7977
7979
7977
7981
7978
7977
7978
7975
7976
7979
7973
7973
7975
7971
7980
7983
7976
7977
7972
7971
7975
7975
7984
7985
7981
7979
7978
7980
7983
7982
7980
7976
7975
7976
7978
7979
7987
7986
7976
7975
7977
7980
7981
7973
7975
7978
7973
7978
7973
7976
7975
7975
7967
7972
7975
7978
7976
7975
7969
7969
8003
7979
7981
7982
7980
7977
7975
7975
7983
7979
7976
7981
7981
7975
7974
7972
7978
7985
7973
7973
7977
7983
7971
7974
7969
7975
7975
7975
7975
7974
7969
7965
7969
7969
7971
7969
7975
7975
7975
7970
7974
7976
7971
7975
7976
7974
7975
7977
7975
7981
7985
7983
7977
7986
7988
7981
7987
7980
7985
7981
7974
7983
7984
7983
7983
7975
7982
7981
7981
7971
7983
7983
7977
7974
7974
7977
7980
7978
7975
7981
7981
7976
7976
7975
7976
7982
7979
7977
7981
7977
7979
7975
7983
7979
7984
7982
7980
7976
7975
7972
7977
7978
7975
7980
7978
7977
7981
7981
7981
7976
7981
7983
7981
7967
7979
7977
7976
7975
7975
7975
7977
7975
7973
7973
7975
7974
7975
7971
7969
7975
7975
7975
7973
7977
7972
7971
7975
7977
7974
7979
7980
7976
7975
7975
7973
7973
7977
7971
7975
7975
7972
7977
7975
7972
7975
7974
7971
7973
7972
7972
7973
7964
7971
7971
7971
7973
7972
7968
7975
7973
7975
7980
7979
7976
7973
7967
7969
7983
7975
7972
7975
7977
7983
7975
7979
7971
7975
7979
7975
7976
7973
7969
7971
7974
7975
7967
7971
7972
7971
7965
7969
7972
7971
7967
7969
7973
7976
7975
7971
7973
7981
7974
7971
7975
7973
7974
7969
7975
7973
7969
7974
7976
7975
7977
7966
7969
7973
7973
7973
7963
7967
7971
7961
7967
7972
7967
7967
7969
7971
7969
7967
7967
7969
7973
7973
7967
7975
7967
7975
7970
