33105
33081
33103
33061
33077
33048
32977
33017
33021
33072
33031
33066
33086
33019
33064
33055
33064
33102
33087
33059
33099
33105
33090
33059
33053
33045
33059
33091
33087
33111
33119
33119
33077
33032
33050
33098
33166
33165
33069
33021
33015
33029
33087
33061
33005
33007
33043
33031
33037
33013
33004
33015
33031
33061
33063
33013
33047
33032
33069
33059
33089
33075
33079
33066
33079
33083
33099
33078
33095
33115
33079
33051
33080
33094
33117
33059
33092
33083
33105
33077
33043
33086
33083
33032
33039
33041
33077
33101
33052
33010
33074
33087
33073
33031
33017
33023
32995
33073
33077
33017
33031
33045
33073
33127
33089
33079
33080
33095
33066
33032
33057
33093
33051
33057
33059
33061
33083
33056
33047
33091
33091
33059
33073
33055
33033
33020
32993
33015
33023
33057
33073
33039
33026
33061
33089
33086
33055
33047
33070
33108
33046
32991
33045
33032
33056
33100
33110
33071
33106
33097
33054
33023
33038
33079
33060
33067
33086
33031
33058
33071
33106
33049
33057
33039
33029
32993
32978
33017
33063
33039
33016
33007
33041
33025
33078
33075
33046
33047
33085
33090
33084
33074
33092
33124
33124
33117
33145
33120
33111
33123
33148
33113
33080
33125
33127
33119
33127
33128
33143
33143
33108
33086
33092
33096
33066
33112
33089
33096
33095
33093
33059
33054
33132
33092
33083
33095
33125
33141
33115
33094
33123
33151
33130
33097
33107
33084
33111
33081
33079
33067
33068
33099
33151
33099
33093
33077
33063
33087
33108
33099
33089
33045
33027
33058
33093
33099
33080
33087
33073
33099
33095
33065
33002
33051
33080
33065
33064
33056
33073
33137
33095
33095
33069
33106
33137
33115
33111
33120
33063
33057
33049
33082
33125
33079
33079
33091
33064
33085
33111
33113
33129
33135
33073
33109
33149
33109
33083
33036
33052
33062
33063
33047
33071
33121
33047
33103
33069
33071
33087
33105
33047
33088
33105
33079
33099
33039
33076
33127
33141
33095
33087
33076
33105
33127
33119
33111
33102
33107
33065
33039
33049
33080
33027
33039
33080
33113
33085
33086
33079
33047
33035
33098
33106
33037
33086
33059
33063
33068
33074
33053
33102
33078
33039
33075
33115
33116
33147
33103
33112
33144
33099
33099
33117
33073
33065
33087
33045
33095
33109
33075
33080
33089
33061
33057
33063
33029
33051
33062
33055
33078
33079
33063
33087
33105
33073
33060
33072
33083
33081
33093
33099
33096
33078
33113
33116
33093
33106
33106
33098
33075
33119
33093
33092
33156
33111
33085
33107
33127
33048
33047
33112
33109
33088
33107
33040
33017
33055
33045
33063
33058
33064
33053
33058
33047
33017
33049
33089
33059
33119
33127
33097
33101
33091
33112
33122
33104
33116
33107
33116
33164
33157
33123
33141
33150
33158
33159
33148
33120
33151
33120
33086
33060
33102
33096
33049
33027
33065
33064
33041
33032
33078
33099
33092
33103
33111
33105
33101
33100
33076
33107
33133
33131
33122
33095
33071
33095
33100
33081
33090
33078
33082
33136
33170
33119
33099
33099
33121
33098
33115
33097
33105
33088
33106
33102
33095
33092
33085
33076
33058
33055
33057
33071
33049
33105
33093
33100
33103
33067
33055
33108
33091
33076
33062
33025
33073
33089
33048
33079
33082
33095
33124
33095
33145
33115
33078
33116
33143
33115
33087
33101
33103
33105
33119
33095
33103
33115
33069
33071
33071
33065
33103
33070
33049
33057
33055
33082
33070
33087
33056
33030
33029
33087
33111
33121
33129
33125
33111
33111
33111
33094
33125
33093
33119
33099
33089
33107
33111
33124
33108
33084
33104
33115
33129
33126
33071
33065
33081
33111
33099
33057
33059
33069
33061
33048
33089
33079
33095
33075
33095
33053
33077
33055
33104
33074
33079
33097
33076
33117
33151
33145
33138
33115
33105
33146
33116
33084
33125
33091
33064
33112
33079
33096
33135
33078
33053
33103
33077
33092
33084
33111
33117
33085
33066
33085
33090
33037
33008
33063
33063
33041
33043
33071
33070
33075
33096
33098
33121
33115
33124
33080
33082
33069
33091
33119
33100
33104
33093
33089
33044
33032
33133
33103
33079
33099
33112
33095
33095
33041
33085
33083
33089
33041
33017
33041
33042
33040
33043
33019
33022
33041
33069
33069
33089
33063
33017
33074
33096
33113
33136
33099
33095
33123
33131
33118
33080
33065
33094
33068
33091
33134
33091
33055
33053
33105
33092
33103
33070
33104
33099
33096
33067
33082
33073
33050
33044
33047
33007
33048
33031
33071
33057
33044
32997
33021
33081
33066
33043
33052
33089
33053
33081
33108
33097
33117
33131
33111
33091
33135
33123
33123
33108
33091
33099
33104
33079
33045
33028
33053
33085
33069
33070
33033
33028
33039
33073
33085
33017
33033
33049
33047
33069
33095
33069
33095
33093
33062
33105
33124
33103
33102
33092
33156
33145
33111
33065
33095
33087
33068
33083
33095
33121
33128
33110
33066
33039
33056
33061
33077
33087
33077
33111
33083
33055
33077
33076
33061
33055
33034
33032
33064
33054
33058
33052
33073
33105
33029
33076
33067
33101
33105
33070
33080
33115
33093
33135
33127
33099
33083
33079
33071
33095
33067
33081
33121
33111
33071
33050
33064
33055
33061
33047
33080
33046
33047
33067
33083
33031
33003
33041
33053
33049
33015
33045
33063
33033
33031
33013
33074
33100
33076
33085
33075
33089
33052
33057
33126
33113
33088
33087
33121
33082
33041
33039
33048
33064
33047
33047
33046
33057
33049
33053
33063
33079
33042
33062
33085
33020
33012
33069
33061
33047
33055
33036
33021
33081
33072
33087
33041
33031
33059
33065
33103
33065
33027
33055
33076
33079
33095
33129
33098
33087
33093
33087
33049
33092
33055
33065
33095
33063
33047
33074
33105
33087
33091
33089
33033
33058
33049
33048
33062
33067
33123
33127
33022
33066
33113
33129
33068
33087
33086
33059
33087
33079
33107
33101
33089
33091
33068
33119
33151
33130
33119
33141
33092
33080
33073
33115
33077
33028
33047
33093
33100
33054
33065
33071
33064
33095
33123
33109
33031
33063
33062
33081
33106
33089
33083
33040
33057
33077
33072
33071
33063
33059
33086
33042
33039
33116
33091
33055
33077
33088
33086
33095
33155
33091
33093
33103
33100
33106
33100
33109
33095
33067
33126
33087
33102
33079
33087
33103
33069
33063
33079
33105
33109
33070
33091
33077
33063
33086
33113
33114
33064
33109
33113
33130
33095
33119
33140
33112
33095
33089
33065
33119
33137
33110
33077
33119
33097
33070
33094
33109
33119
33087
33073
33097
33079
33041
33077
33051
33090
33068
33068
33099
33120
33086
33063
33114
33085
33078
33115
33115
33094
33120
33124
33103
33092
33145
33092
33112
33119
33103
33082
33106
33087
33098
33097
33100
33098
33069
33055
33093
33110
33109
33084
33067
33045
33036
33052
33084
33097
33095
33053
33043
33019
33079
33057
33045
33087
33099
33069
33067
33055
33112
33065
33150
33127
33077
33083
33101
33090
33124
33113
33108
33082
33124
33112
33081
33079
33087
33095
33096
33065
33079
33112
33083
33087
33095
33106
33073
33023
33036
33022
33055
33045
32996
33045
33063
33061
33047
33091
33047
33038
33053
33015
33045
33061
33055
33067
33089
33096
33106
33045
33050
33073
33059
33126
33111
33124
33030
33047
33069
33072
33031
33020
33015
33071
33054
33073
33077
33034
33015
33040
33069
33053
32995
32997
33053
33031
33057
33063
33055
33023
33023
33071
33105
33097
33069
33065
33116
33093
33087
33077
33046
33085
33060
33031
33072
33099
33087
33086
33085
33054
33073
33031
33073
33073
33063
33038
33067
33082
33085
33065
33053
33039
33060
33047
33051
33027
33025
33059
33039
33038
33067
33114
33069
33025
33090
33074
33063
33090
33031
33051
33069
33060
33064
33078
33063
33039
33023
33021
33069
33027
33030
33033
33029
33040
33043
33031
32985
33023
33031
33026
33052
33054
33046
33077
33075
33089
33104
33107
33101
33049
33086
33093
33085
33073
33077
33108
33091
33119
33091
33111
33069
33122
33098
33087
33099
33036
33027
33072
33083
33043
33058
33070
33079
33143
33120
33050
33000
33026
33049
33067
33057
33087
33054
33069
33035
33048
33095
33109
33083
33066
33077
33067
33069
33072
33067
33085
33084
33108
33107
33135
33095
33086
33085
33074
33096
33100
33110
33063
33062
33055
33069
33063
33070
33142
33143
33124
33066
33071
33089
33069
33029
33063
33069
33029
33077
33064
33041
33082
33072
33051
33065
33075
33092
33071
33063
33074
33102
33061
33049
33076
33125
33115
33079
33077
33077
33115
33061
33111
33074
33089
33084
33063
33051
33049
33053
33048
33042
33058
33073
33033
33014
33049
33050
33034
33060
33084
33104
33069
33042
33016
33059
33045
33105
33069
33114
33092
33071
33086
33095
33112
33071
33103
33133
33114
33133
33100
33071
33111
33095
33101
33095
33099
33071
33067
33013
33057
33083
33101
33102
33117
33043
33049
33045
33059
33048
33075
33068
33061
33081
33100
33063
33084
33061
33054
33127
33078
33109
33085
33091
33069
33097
33131
33114
33042
33034
33065
33056
33058
33101
33089
33091
33104
33079
33079
33079
33057
33060
33108
33075
33039
33060
33049
33117
33097
33091
33076
33087
33097
33091
33074
33091
33077
33093
33071
33064
33065
33109
33101
33099
33079
33107
33123
33104
33071
33111
33079
33089
33071
33077
33073
33066
33055
33052
33095
33124
33130
33069
33089
33063
33076
33090
33071
33110
33075
33079
33086
33105
33102
33095
33046
33061
33063
33086
33087
33049
33119
33081
33078
33082
33059
33046
33021
33045
33099
33049
33040
33039
33037
33073
33087
33076
33018
33079
33090
33073
33107
33140
33083
33099
33056
33055
33059
33073
33072
33080
33021
33058
33059
33040
33061
33052
33063
33072
33036
33061
33086
33089
33057
33059
33031
33042
33087
33134
33107
33079
33133
33071
33091
33079
33125
33043
33087
33073
33079
33082
33092
33083
33043
33073
33030
32996
33075
33077
33082
33037
33049
33067
33054
33048
33055
33039
33039
33062
33043
33035
33033
33108
33085
33054
33006
33037
33039
33106
33063
33094
33091
33111
33122
33107
33083
33073
33058
33090
33062
33068
33094
33097
33109
33069
33047
33066
33084
33107
33077
33089
33083
33091
33125
33121
33065
33032
33017
33017
33069
33089
33079
33069
33071
33112
33105
33076
33015
33044
33067
33101
33079
33106
33110
33091
33111
33090
33065
33133
33092
33101
33095
33092
33085
33099
33039
33043
33069
33059
33063
33067
33049
33057
33048
33055
33091
33055
33102
33081
33079
33045
33071
33078
33110
33139
33137
33095
33078
33087
33095
33124
33127
33096
33105
33149
33119
33073
33094
33074
33087
33050
33068
33125
33109
33080
33091
33121
33081
33081
33089
33063
33091
33103
33059
33037
33035
33063
33083
33042
33055
33052
33062
33021
33042
33065
33098
33111
33110
33142
33147
33114
33135
33101
33110
33103
33073
33027
33093
33105
33079
33042
33047
33103
33110
33071
33059
33061
33046
33095
33109
33061
33042
32999
33042
33061
33041
33009
33037
33053
33078
33057
33055
33093
33083
33069
33056
33047
33111
33079
33061
33071
33083
33077
33127
33111
33095
33101
33111
33105
33126
33103
33073
33093
33051
33011
33117
33118
33125
33079
33052
33065
33112
33123
33095
33075
33071
33095
33107
33092
33107
33039
33083
33058
33118
33135
33091
33097
33110
33109
33095
33139
33122
33119
33055
33076
33111
33111
33085
33083
33061
33045
33061
33057
33091
33151
33105
33074
33069
33057
33059
33089
33063
33061
33063
33072
33097
33089
33077
33052
33027
33031
33063
33081
33075
33075
33069
33118
33093
33147
33136
33110
33124
33127
33131
33159
33123
33069
33099
33082
33073
33036
33115
33111
33083
33089
33095
33135
33135
33143
33101
33111
33093
33090
33111
33094
33065
33117
33105
33063
33081
33105
33081
33038
33071
33069
33047
33025
33106
33098
33092
33101
33113
33120
33091
33127
33145
33107
33110
33134
33103
33114
33131
33129
33136
33119
33118
33119
33117
33087
33075
33087
33065
33097
33107
33103
33073
33093
33087
33074
33079
33048
33063
33068
33045
33071
33101
33059
33093
33053
33041
33089
33065
33113
33110
33038
33098
33105
33047
33077
33112
33091
33097
33135
33083
33103
33087
33079
33045
33070
33098
33125
33067
33073
33057
33063
33047
33062
33060
33051
33052
33043
33054
33015
33070
33053
33095
33073
33078
33073
33082
33029
33081
33095
33105
33125
33063
33103
33105
33077
33084
33064
33086
33053
33075
33085
33103
33041
33055
33061
33091
33079
33029
33011
33042
33100
33041
33047
33056
33043
33034
33039
33049
33098
33029
33063
33067
33049
33089
33129
33121
33086
33089
33079
33077
33107
33113
33067
33085
33105
33075
33060
33022
33079
33056
33036
33047
33023
33042
33097
33062
33047
33064
33095
33101
33060
33071
33052
33061
33029
33033
33077
33055
33081
33064
33033
33035
33051
33081
33057
33062
33100
33107
33122
33111
33075
33071
33079
33079
33073
33061
33087
33065
33044
33095
33111
33133
33056
33059
33109
33058
33070
33045
33027
33107
33097
33079
33108
33074
33086
33101
33053
33120
33072
33043
33069
33047
33053
33075
33066
33069
33038
33075
33107
33071
33057
33061
33093
33105
33111
33067
33105
33093
33101
33103
33104
33073
33069
33057
33016
33085
33074
33099
33093
33021
33100
33092
33048
33087
33099
33057
33028
33078
33078
33092
33061
33081
33091
33105
33041
33079
33085
33102
33148
33142
33109
33101
33096
33069
33086
33079
33064
33083
33098
33063
33058
33035
33095
33103
33085
33121
33109
33079
33045
33021
33051
33099
33093
33071
33077
33056
33079
33083
33047
33027
33025
33085
33028
33023
33002
33051
33096
33101
33073
33060
33097
33065
33103
33072
33037
33063
33065
33044
32992
32953
32959
33025
33017
32984
32991
33008
32977
33007
33001
33025
33046
33037
32997
33007
32993
32985
32969
32970
33010
32981
33001
32991
32991
32972
32947
33009
33018
33030
33031
33052
33011
33010
33023
33005
33015
33043
33066
33043
33047
33027
33049
33034
33020
33053
33067
33043
33015
33001
32988
33050
33077
33061
33004
33030
33045
33061
33027
32975
33049
33052
33031
33015
33076
33071
33029
33063
33067
33053
33017
33061
33101
33047
33028
33058
33046
33078
33035
33038
33043
33064
33049
33085
33077
33083
33099
33044
33071
33059
33095
33092
33054
33068
33064
33049
33023
33063
33051
33071
33063
33038
33016
33099
33094
33071
33072
33063
33071
33051
33058
33066
33062
33082
33121
33067
33065
33106
33087
33075
33117
33089
33095
33084
33090
33073
33113
33097
33109
33093
33109
33124
33144
33092
33080
33091
33073
33075
33118
33081
33089
33085
33059
33047
33085
33055
33046
33080
33087
33086
33085
33099
33115
33127
33073
33079
33083
33043
33094
33079
33071
33095
33107
33145
33122
33091
33111
33069
33047
33061
33145
33143
33099
33087
33063
33079
33093
33086
33071
33051
33080
33131
33073
33095
33074
33103
33111
33076
33079
33101
33101
33047
33107
33111
33113
33105
33070
33039
33086
33101
33143
33181
33140
33171
33111
33081
33057
33081
33087
33120
33123
33138
33099
33075
33113
33106
33119
33043
33076
33079
33095
33096
33106
33097
33097
33081
33095
33064
33099
33063
33069
33077
33048
33084
33051
33107
33115
33077
33086
33144
33136
33103
33080
33098
33125
33134
33107
33128
33107
33126
33100
33093
33097
33090
33050
33099
33137
33118
33058
33124
33119
33117
33141
33098
33079
33047
33055
33075
33091
33085
33099
33086
33067
33084
33082
33100
33105
33043
33051
33097
33081
33102
33105
33110
33085
33099
33079
33100
33066
33099
33103
33098
33128
33117
33048
33069
33095
33081
33079
33127
33081
33092
33087
33092
33064
33085
33061
33061
33047
33047
33071
33057
33109
33117
33121
33144
33122
33087
33103
33099
33097
33089
33141
33161
33081
33080
33082
33117
33106
33126
33128
33109
33079
33077
33107
33105
33119
33114
33089
33137
33105
33079
33063
33089
33067
33091
33095
33103
33049
33067
33059
33061
33101
33099
33089
33057
33057
33103
33073
33074
33037
33015
33058
33132
33106
33104
33085
33093
33084
33057
33129
33112
33095
33073
33109
33106
33108
33070
33045
33033
33078
33093
33101
33077
33091
33019
33000
33026
33019
33094
33112
33107
33091
33089
33103
33091
33085
33121
33113
33116
33091
33076
33045
33051
33105
33079
33073
33111
33110
33145
33105
33135
33127
33137
33111
33105
33125
33069
33081
33066
33098
33117
33095
33125
33115
33083
33063
33116
33103
33078
33085
33071
33070
33092
33075
33069
33129
33117
33099
33102
33069
33077
33122
33099
33093
33105
33119
33087
33141
33085
33097
33095
33115
33104
33076
33106
33083
33087
33072
33052
33093
33081
33065
33028
33052
33117
33120
33071
33087
33091
33128
33091
33055
33042
33039
33040
33092
33093
33077
33083
33071
33031
33004
33015
33063
33093
33081
33063
33039
33056
33085
33111
33056
33050
33061
33035
33075
33075
33044
33103
33052
33073
33058
33048
33041
33057
33103
33090
33101
33095
33055
33032
33082
33068
33078
33106
33080
33089
33112
33096
33094
33140
33101
33083
33095
33139
33090
33079
33081
33121
33095
33115
33123
33146
33121
33111
33111
33125
33116
33086
33107
33121
33063
33050
33041
33049
33043
33074
33080
33096
33063
33035
33075
33079
33080
33061
33052
33048
33087
33108
33083
33132
33097
33103
33099
33112
33101
33099
33087
33097
33118
33100
33109
33124
33115
33091
33133
33125
33091
33109
33100
33102
33103
33126
33054
33054
33074
33076
33069
33059
33038
33046
33079
33106
33111
33093
33064
33063
33083
33071
33039
33056
33011
33018
33066
33015
33037
33094
33087
33071
33059
33031
33052
33103
33075
33086
33051
33069
33079
33058
33053
33053
33087
33071
33081
33128
33102
33093
33058
33062
33073
33086
33053
33057
33060
33053
33092
33115
33049
33079
33023
33057
33101
33085
33059
33085
33072
33087
33098
33089
33111
33109
33063
33127
33076
33047
33089
33111
33079
33095
33099
33088
33059
33033
33031
33064
33065
33063
33065
33070
33040
33046
33063
33072
33061
33070
33028
33031
33079
33099
33101
33102
33055
33073
33100
33098
33079
33077
33099
33104
33094
33079
33139
33101
33078
33070
33063
33093
33046
33057
33065
33066
33076
33085
33103
33121
33091
33064
33080
33103
33095
33089
33099
33050
33055
33063
33066
33066
33090
33063
33029
33040
33041
33055
33107
33099
33087
33102
33129
33060
33073
33111
33104
33063
33098
33108
33099
33073
33068
33029
33021
33023
33063
33125
33147
33120
33055
33057
33057
33062
33103
33084
33069
33063
33083
33135
33118
33123
33071
33039
33078
33071
33091
33056
33103
33115
33083
33046
33051
33077
33102
33098
33091
33063
33079
33111
33101
33095
33109
33123
33115
33083
33039
33103
33120
33109
33093
33055
33031
33039
33069
33073
33071
33117
33072
33053
33076
33063
33061
33066
33072
33071
33089
33097
33062
33065
33118
33105
33111
33107
33068
33058
33091
33095
33099
33109
33108
33085
33109
33083
33105
33126
33093
33102
33165
33143
33090
33039
33048
33077
33089
33107
33104
33096
33069
33085
33067
33071
33058
33060
33079
33066
33099
33063
33068
33084
33102
33084
33101
33145
33106
33095
33086
33105
33103
33109
33106
33085
33050
33071
33087
33068
33080
33039
33069
33076
33065
33083
33089
33056
33077
33043
33080
33055
33073
33059
33036
33064
33041
33068
33051
33009
33078
33086
33069
33069
33055
33065
33097
33106
33141
33124
33130
33143
33155
33129
33086
33106
33056
33087
33062
33105
33089
33079
33056
33102
33121
33082
33061
33094
33092
33089
33067
33047
33093
33100
33088
33075
33109
33096
33045
33065
33093
33087
33053
33076
33095
33111
33081
33098
33113
33148
33087
33098
33116
33099
33133
33155
33098
33131
33149
33098
33053
33093
33106
33123
33117
33075
33052
33031
33081
33106
33074
33085
33091
33078
33087
33079
33067
33045
33046
33042
33074
33075
33111
33132
33127
33106
33095
33083
33103
33071
33081
33091
33095
33055
33086
33089
33071
33077
33058
33059
33074
33095
33111
33111
33144
33146
33095
33076
33069
33076
33118
33123
33108
33095
33069
33098
33113
33101
33073
33076
33064
33129
33139
33071
33076
33083
33093
33093
33073
33127
33101
33089
33065
33071
33109
33125
33125
33085
33106
33149
33111
33056
33058
33095
33121
33027
33039
33053
33031
33042
33031
33031
33074
33085
33097
33022
33050
33049
33051
33111
33109
33093
33047
33089
33071
33080
33080
33036
33027
33063
33047
33033
33023
33075
33089
33060
33043
33077
33077
33026
33073
33079
33117
33108
33105
33049
33023
33075
33121
33065
33002
33032
33067
33059
33040
33035
33051
33061
33083
33087
33056
33023
33023
33067
33057
33023
33033
33085
33091
33053
33041
33075
33095
33071
33061
33023
33086
33115
33084
33060
33102
33048
33072
33063
33068
33022
33055
33019
33034
33055
33047
33043
33043
33066
33095
33058
33003
33025
33042
33043
33031
33054
33041
33036
33037
33062
33055
33037
33060
32991
33025
33056
33099
33040
33033
33003
33093
33043
33023
33038
33069
33032
33017
33063
33092
33061
33087
33076
33081
33087
33082
33063
33060
33079
33080
33056
33076
33079
33087
33072
33029
33095
33066
33073
33075
33025
33044
33079
33099
33095
33119
33102
33071
33069
33111
33063
33059
33049
33099
33099
33103
33118
33099
33065
33053
33063
33081
33083
33137
33115
33051
33021
33063
33077
33063
33063
33059
33054
33084
33095
33100
33061
33069
33073
33037
33070
33088
33067
33053
33045
33080
33089
33064
33090
33075
33076
33089
33092
33052
33069
33069
33074
33063
33067
33044
33040
33087
33095
33065
33126
33081
33083
33129
33065
33059
33052
33052
33071
33036
33029
33085
33116
33087
33084
33095
33069
33079
33053
33090
33073
33079
33090
33094
33079
33071
33103
33084
33073
33047
33081
33115
33091
33063
33067
33159
33103
33079
33071
33074
33082
33069
33066
33062
33079
33103
33097
33071
33052
33069
33055
33079
33060
33023
33096
33059
33060
33118
33105
33085
33103
33113
33105
33116
33075
33097
33140
33139
33105
33094
33084
33086
33119
33139
33117
33114
33095
33094
33167
33094
33132
33119
33088
33112
33069
33084
33114
33114
33104
33104
33126
33086
33101
33069
33062
33087
33052
33102
33065
33087
33081
33116
33138
33111
33097
33087
33101
33127
33126
33097
33119
33090
33103
33065
33069
33057
33111
33089
33135
33090
33049
33073
33067
33081
33091
33053
33085
33101
33087
33092
33085
33127
33095
33071
33072
33065
33069
33081
33066
33101
33134
33100
33055
33101
33115
33087
33127
33121
33126
33115
33075
33073
33097
33097
33087
33096
33127
33115
33121
33125
33090
33084
33045
33032
32999
33005
33072
33058
33063
33021
32999
33056
33059
33067
33071
33049
33053
33093
33061
33042
33063
33039
33091
33085
33049
33061
33114
33087
33049
33065
33073
33078
33107
33065
33049
33071
33103
33087
33087
33101
33100
33133
33075
33087
33051
33054
33059
33087
33069
33044
33085
33073
33103
33120
33103
33071
33104
33078
33061
33112
33111
33075
33083
33079
33108
33135
33160
33169
33131
33087
33106
33082
33083
33082
33098
33080
33105
33072
33082
33126
33126
33063
33090
33046
33053
33038
33047
33063
33087
33068
33101
33067
33089
33087
33065
33053
33053
33069
33099
33087
33067
33075
33053
33089
33125
33103
33071
33049
33083
33090
33058
33060
33111
33123
33119
33097
33087
33108
33093
33075
33064
33061
33091
33052
33059
33052
33037
33043
33035
33091
33085
33063
33087
33067
33095
33095
33085
33081
33079
33067
33042
33007
33057
33063
33097
33079
33123
33090
33030
33064
33116
33102
33134
33153
33123
33063
33051
33071
33106
33063
33067
33102
33087
33055
33057
33060
33080
33071
33090
33074
33029
33073
33059
33087
33079
33096
33113
33091
33059
33051
33095
33057
33082
33117
33116
33065
33095
33082
33059
33107
33093
33108
33092
33067
33049
33075
33065
33083
33139
33081
33098
33061
33017
33043
33037
33052
33079
33075
33049
33087
33120
33094
33053
33093
33099
33121
33032
33053
33037
33079
33102
33107
33111
33043
33063
33055
33073
33073
33087
33108
33077
33067
33078
33081
33045
33099
33091
33071
33045
33095
33097
33086
33103
33062
33056
33077
33042
33045
33063
33111
33070
33077
33055
33061
33061
33019
33057
33031
33063
33087
33070
33073
33092
33127
33129
33079
33048
33089
33096
33114
33097
33109
33109
33077
33087
33081
33093
33110
33055
33067
33075
33093
33043
33047
33105
33100
33101
33052
33075
33077
33059
33046
33068
33034
33050
33061
33084
33042
33031
33083
33119
33087
33038
33012
33015
33047
33061
33074
33078
33087
33121
33027
33043
33083
33097
33074
33069
33078
33047
33042
33090
33088
33061
33107
33128
33091
33107
33121
33066
33047
33021
33081
33070
33119
33109
33085
33097
33089
33084
33087
33080
33075
33096
33095
33061
33037
33014
33055
33105
33063
33068
33035
33023
33075
33097
33103
33091
33070
33101
33091
33109
33115
33118
33072
33060
33113
33081
33086
33117
33113
33072
33080
33042
33048
33069
33062
33049
33105
33079
33061
33081
33119
33095
33087
33086
33070
33085
33094
33067
33063
33083
33053
33113
33127
33129
33084
33058
33071
33097
33105
33090
33139
33142
33137
33111
33092
33033
33092
33072
33125
33128
33086
33093
33113
33095
33060
33069
33091
33067
33059
33059
33094
33099
33087
33085
33112
33087
33066
33084
33101
33095
33093
33115
33159
33141
33119
33085
33105
33096
33162
33113
33080
33092
33138
33108
33119
33089
33125
33169
33112
33107
33119
33115
33073
33102
33079
33103
33111
33070
33077
33040
33049
33084
33111
33046
33048
33043
33049
33039
33041
33090
33074
33141
33134
33129
33105
33063
33072
33095
33054
33099
33091
33135
33082
33081
33107
33124
33111
33113
33039
33079
33063
33012
33050
33077
33076
33105
33105
33092
33076
33113
33010
33036
33069
33058
33046
33063
33065
33072
33087
33035
33031
33106
33131
33103
33061
32989
32990
33020
33060
33067
33089
33043
33033
33042
33063
33073
33043
33070
33091
33046
33090
33113
33115
33108
33078
33081
33073
33027
33019
33086
33075
33033
33081
33021
33019
33021
33041
33038
33045
33043
33040
33043
33089
33109
33079
33063
33085
33063
33067
33051
33039
33041
33031
33011
33059
33090
33081
33113
33047
33063
33064
33049
33071
33047
33074
33069
33039
33055
33054
33054
33047
33003
33037
33115
33091
33071
33041
33045
33037
33007
33051
33076
33037
33005
32999
33047
33054
33069
33049
33052
33054
33077
33080
33071
33081
33067
33074
33087
33079
33035
33067
33111
33065
33044
33094
33093
33079
33053
33104
33099
33106
33090
33057
33072
33110
33089
33096
33063
33098
33141
33073
33053
33063
33063
33104
33109
33088
33094
33104
33057
33054
33078
33087
33105
33097
33117
33110
33103
33141
33137
33097
33111
33133
33063
33055
33059
33036
33107
33081
33050
33093
33110
33091
33093
33100
33121
33111
33078
33125
33089
33111
33079
33073
33104
33087
33076
33086
33112
33119
33106
33061
33102
33083
33077
33087
33105
33107
33085
33079
33065
33064
33091
33109
33097
33107
33073
33103
33061
33110
33122
33099
33060
33069
33093
33089
33065
33040
33088
33130
33105
33070
33070
33055
33031
33040
33071
33087
33101
33117
33079
33093
33100
33111
33104
33116
33084
33056
33102
33105
33109
33131
33087
33057
33060
33080
33055
33047
33089
33063
33051
33074
33096
33087
33074
33081
33080
33069
33101
33060
33039
33063
33075
33036
33051
33042
33044
33071
33095
33080
33079
33071
33067
33047
33078
33107
33075
33055
33085
33069
33035
33069
33042
33063
33063
33015
33064
33043
33083
33074
33055
33069
33063
33042
33048
33085
33079
33032
33039
33106
33087
33055
33041
33055
33067
33043
33045
33042
33051
33126
33093
33077
33065
33089
33073
33080
33118
33094
33047
33085
33143
33147
33119
33087
33089
33077
33104
33115
33087
33055
33066
33085
33080
33082
33073
33123
33059
33041
33049
33027
33050
33032
33049
33087
33071
33085
33101
33102
33087
33073
33030
33069
33047
33112
33092
33065
33099
33112
33099
33069
33083
33071
33075
33076
33071
33047
33073
33081
33004
33025
33046
33118
33071
33032
33077
33085
33031
33023
33088
33047
33110
33111
33015
33059
33071
33095
33069
33096
33117
33063
33099
33105
33113
33085
33071
33104
33087
33116
33108
33099
33095
33095
33091
33063
33097
33121
33055
33075
33086
33062
33091
33032
33089
33069
33067
33093
33075
33067
33039
33063
33029
33017
33006
33074
33111
33085
33054
33118
33080
33077
33072
33080
33047
33114
33150
33103
33076
33078
33137
33149
33117
33095
33054
33123
33112
33135
33083
33090
33101
33077
33063
33050
33097
33069
33079
33091
33061
33067
33079
33082
33055
33063
33061
33104
33087
33132
33091
33073
33087
33142
33185
33163
33143
33111
33053
33072
33106
33109
33122
33108
33134
33104
33084
33103
33080
33100
33131
33082
33035
33068
33089
33075
33071
33071
33019
33059
33057
33041
33091
33095
33078
33063
33095
33061
33072
33108
33095
33113
33092
33096
33111
33117
33118
33130
33097
33145
33117
33107
33097
33121
33119
33041
33069
33063
33113
33119
33092
33097
33131
33127
33112
33111
33107
33084
33137
33090
33111
33081
33071
33095
33069
33081
33075
33038
33070
33077
33053
33068
33075
33047
33097
33139
33062
33053
33070
33109
33097
33105
33089
33094
33107
33095
33113
33094
33113
33114
33075
33073
33063
33046
33060
33064
33047
33050
33015
33022
33067
33046
33070
33115
33084
33059
33068
33097
33084
33047
33071
33089
33065
33045
33089
33042
33068
33095
33131
33094
33077
33056
33117
33100
33050
33051
33092
33107
33084
33057
33079
33087
33051
33081
33058
33095
33097
33086
33090
33077
33097
33114
33111
33107
33090
33132
33111
33095
33097
33083
33095
33122
33063
33087
33117
33113
33097
33105
33119
33094
33090
33127
33119
33111
33076
33093
33122
33081
33071
33095
33113
33139
33143
33119
33093
33049
33099
33069
33089
33115
33061
33057
33042
33055
33079
33097
33079
33087
33044
33102
33087
33065
33050
33064
33065
33091
33155
33135
33123
33111
33130
33163
33113
33077
33085
33114
33241
33097
33137
33106
33122
33157
33142
33119
33120
33109
33063
33057
33064
33080
33077
33085
33103
33079
33101
33127
33135
33133
33115
33073
33054
33103
33070
33125
33097
33111
33109
33075
33086
33061
33117
33086
33086
33050
33097
33099
33073
33094
33085
33091
33080
33057
33085
33117
33099
33093
33099
33111
33088
33100
33093
33095
33083
33059
33019
33007
33095
33097
33111
33077
33074
33097
33078
33111
33111
33070
33041
33075
33073
33061
33082
33087
33065
33089
33102
33091
33086
33089
33079
33083
33093
33118
33109
33087
33097
33125
33166
33098
33045
33087
33069
33085
33104
33041
33057
33063
33028
33062
33005
33017
33072
33061
33065
33081
33080
33063
33083
33106
33102
33071
33068
33127
33087
33031
33077
33109
33081
33102
33102
33095
33143
33065
33078
33098
33122
33078
33095
33126
33123
33098
33104
33071
33058
33053
33017
33044
33063
33075
33052
33047
33083
33013
33013
33051
33076
33074
33079
33054
33063
33087
33074
33094
33095
33095
33069
33030
33073
33112
33110
33103
33086
33097
33106
33070
33071
33100
33061
33064
33113
33142
33127
33068
33091
33071
33081
33083
33076
33092
33089
33101
33161
33120
33099
33089
33047
33073
33118
33127
33135
33043
33054
33083
33124
33081
33125
33113
33096
33101
33100
33096
33113
33095
33074
33099
33147
33102
33066
33059
33079
33093
33111
33085
33071
33083
33091
33113
33087
33033
33055
33057
33087
33087
33087
33062
33075
33095
33059
33038
33049
33061
33067
33111
33083
33050
33068
33079
33053
33090
33080
33076
33055
33084
33104
33106
33088
33063
33115
33111
33101
33093
33103
33093
33094
33112
33087
33065
33081
33095
33097
33112
33106
33090
33118
33122
33086
33121
33100
33097
33092
33105
33077
33080
33091
33049
33098
33108
33118
33140
33116
33132
33130
33151
33143
33105
33075
33082
33119
33113
33140
33081
33124
33101
33090
33072
33084
33085
33063
33085
33139
33120
33110
33109
33105
33077
33075
33135
33138
33091
33056
33065
33097
33091
33085
33086
33045
33045
33075
33115
33075
33065
33076
33097
33103
33128
33141
33128
33090
33081
33071
33095
33041
33101
33103
33127
33094
33077
33059
33095
33076
33057
33105
33078
33086
33084
33091
33071
33072
33077
33060
33047
33099
33092
33086
33057
33047
33073
33083
33115
33073
33089
33093
33075
33087
33109
33117
33123
33109
33067
33060
33129
33124
33134
33095
33080
33095
33111
33129
33086
33090
33077
33100
33091
33091
33063
33064
33095
33066
33116
33075
33055
33096
33099
33113
33129
33114
33079
33063
33089
33103
33069
33058
33025
33063
33059
33071
33083
33096
33044
33018
33061
33051
33021
33096
33071
33073
33089
33078
33019
33039
33048
33079
33042
33033
33064
33109
33095
33053
33095
33108
33097
33110
33102
33071
33082
33104
33063
33061
33068
33123
33049
33041
33060
33096
33069
33076
33055
33062
33093
33091
33040
33081
33081
33081
33080
33054
33105
33103
33076
33061
33033
33023
33075
33082
33105
33069
33059
33074
33072
33117
33091
33086
33125
33127
33087
33082
33061
33104
33107
33086
33063
33110
33081
33127
33104
33071
33076
33112
33094
33135
33091
33108
33114
33096
33050
33128
33085
33075
33111
33117
33099
33077
33093
33059
33034
33059
33063
33091
33121
33085
33036
33037
33045
33060
33063
33061
33003
33051
33078
33069
33114
33068
32998
33051
33102
33103
33059
33077
33073
33075
33067
33109
33102
33090
33019
33087
33091
33112
33105
33081
33069
33080
33095
33038
33057
33122
33038
33044
33025
33081
33111
33069
33066
33063
33098
33073
33063
33087
33083
33071
33033
33073
33092
33085
33083
33078
33053
33086
33084
33141
33159
33119
33065
33051
33099
33081
33060
33104
33085
33081
33071
33101
33138
33081
33049
33055
33063
33065
33105
33095
33066
33047
33063
33063
33059
33017
33021
33016
33016
33063
33019
33067
33070
33080
33069
33070
33072
33097
33093
33045
33077
33036
33043
33039
33064
33064
33093
33075
33071
33051
33063
33089
33062
33061
33009
33031
33019
33061
33053
33031
33065
33013
33060
33079
33095
33075
33091
33043
33099
33106
33084
33103
33071
33063
33106
33123
33047
33087
33107
33113
33055
33047
33055
33072
33025
33079
33051
33050
33078
33093
33068
33086
33082
33087
33095
33033
33090
33079
33063
33095
33062
33063
33091
33075
33053
33048
33092
33047
33083
33083
33041
33068
33050
33039
33052
33079
33055
33077
33055
33077
33049
33040
33009
33007
33038
33067
33073
33114
33096
33096
33098
33062
33034
33075
33094
33101
33067
33027
33014
33123
33130
33072
33077
33067
33066
33074
33075
33092
33090
33063
33069
33063
33055
33097
33060
33055
33065
33095
33047
33056
33063
33047
33046
33107
33079
33082
33063
33069
33099
33133
33143
33141
33085
33079
33065
33065
33080
33104
33096
33083
33083
33032
33084
33134
33078
33046
33081
33048
33071
33099
33098
33096
33093
33079
33088
33058
33087
33073
33059
33085
33095
33039
33073
33094
33068
33055
33074
33095
33122
33082
33091
33080
33080
33102
33117
33103
33065
33080
33119
33113
33047
33089
33082
33095
33065
33043
33101
33087
33047
33073
33095
33089
33101
33130
33129
33074
33115
33133
33113
33128
33139
33095
33078
33075
33081
33079
33085
33142
33119
33123
33129
33098
33115
33078
33057
33071
33115
33098
33107
33081
33108
33119
33073
33077
33037
33082
33063
33107
33113
33097
33117
33095
33079
33047
33093
33083
33085
33085
33067
33120
33115
33107
33073
33082
33097
33113
33119
33089
33101
33093
33093
33066
33121
33075
33098
33095
33091
33141
33088
33087
33069
33037
33049
33095
33098
33089
33094
33084
33083
33047
33097
33131
33097
33097
33075
33095
33063
33085
33105
33057
33106
33090
33102
33145
33110
33059
33087
33071
33083
33033
33063
33065
33080
33116
33079
33090
33091
33053
33051
33071
33079
33064
33084
33095
33061
33103
33075
33073
33096
33089
33031
33041
33066
33093
33119
33091
33095
33110
33049
33089
33091
33123
33063
33069
33083
33090
33115
33138
33112
33116
33102
33117
33103
33117
33091
33120
33087
33043
33065
33059
33040
33072
33098
33088
33095
33143
33131
33063
33059
33069
33021
33119
33129
33084
33087
33125
33138
33125
33121
33115
33109
33105
33084
33095
33114
33056
33065
33087
33047
33095
33119
33093
33071
33041
33087
33108
33127
33117
33101
33079
33059
33111
33092
33051
33035
33057
33092
33095
33104
33062
33055
33110
33074
33033
33095
33071
33104
33093
33113
33155
33123
33094
33106
33127
33104
33079
33064
33103
33117
33111
33093
33089
33127
33165
33155
33145
33119
33094
33105
33066
33043
33125
33079
33121
33116
33082
33103
33085
33071
33053
33085
33068
33098
33079
33135
33107
33062
33085
33057
33087
33087
33111
33054
33083
33075
33111
33127
33097
33128
33099
33099
33110
33113
33127
33100
33058
33066
33102
33103
33091
33065
33055
33080
33033
33067
33095
33115
33103
33071
33067
33090
33089
33087
33083
33098
33095
33098
33099
33129
33063
33095
33107
33095
33129
33114
33129
33095
33068
33091
33115
33127
33148
33119
33118
33089
33047
33067
33072
33099
33082
33060
33053
33067
33032
33086
33089
33077
33093
33067
33044
33027
33072
33074
33079
33021
33063
33078
33045
33071
33086
33065
33069
33097
33103
33071
33099
33124
33047
33103
33109
33102
33084
33105
33085
33072
33060
33085
33074
33074
33096
33064
33047
33077
33080
33083
33122
33105
33059
33100
33098
33102
33079
33066
33051
33075
33061
33035
33057
33071
33077
33122
33103
33074
33096
33107
33087
33076
33075
33087
33079
33081
33076
33091
33107
33093
33067
33073
33099
33078
33125
33082
33095
33097
33071
33105
33065
33042
33070
33092
33095
33097
33099
33025
33057
33055
33069
33068
33082
33063
33075
33095
33098
33067
33101
33101
33117
33117
33099
33103
33097
33121
33083
33090
33063
33090
33111
33101
33086
33063
33063
33096
33125
33072
33076
33056
33083
33103
33106
33103
33061
33091
33080
33084
33105
33109
33079
33117
33130
33137
33117
33063
33045
33087
33101
33095
33095
33113
33113
33085
33075
33111
33121
33081
33084
33071
33079
33105
33079
33137
33117
33123
33105
33095
33095
33111
33095
33090
33058
33051
33039
33063
33079
33059
33095
33127
33114
33062
33074
33061
33059
33076
33105
33103
33061
33068
33092
