59530
53306
51391
51093
57177
54368
54118
55501
55018
53839
58451
57031
60448
52915
52415
52347
55818
58874
53118
54145
54556
53299
52927
51999
51996
58796
56839
56293
55649
51619
56751
52335
55029
51975
57698
55211
55524
52887
57022
58375
51399
53783
51394
52141
57767
58823
57763
58597
54135
54468
55203
53758
51821
58538
58567
52522
53512
52419
56151
52964
51955
56442
51227
51881
51135
55823
58564
59167
54727
52775
58663
56387
55474
55747
53727
56909
58732
52311
52023
58929
53604
58085
52575
57401
55534
52211
52977
52625
58367
56783
53526
54207
58870
51669
50553
50583
51315
55697
57833
53240
58717
51967
57975
53969
52895
57289
58807
57457
51612
54659
55399
53223
58389
58171
58160
55880
53535
55655
58169
57499
53437
50444
51879
51319
56165
52863
55197
53699
54855
57941
59676
58609
53691
54825
56056
54543
51271
53835
52870
53668
52073
53283
49862
52810
58952
54386
50017
52279
49487
51359
49785
56385
53107
58059
58679
57091
60441
58064
57623
51341
50031
54279
52722
54103
59383
61772
52332
53111
60003
53796
51431
54641
54003
53716
54761
52857
53985
52603
57897
56529
54219
58545
57943
60344
60221
53633
51951
57105
53195
57312
59487
51433
55128
56002
59759
56849
54635
56042
54213
58217
53611
52343
53749
57230
54306
54183
55877
53129
51759
55319
57276
57288
58260
55568
53352
53677
53611
50407
51254
51839
57589
56647
51818
56164
52553
54881
58253
55076
52903
57329
61325
56361
55271
59290
54687
51518
51129
54721
50862
57696
53172
54090
59102
59007
53865
56420
57653
52317
52380
53944
57496
51470
55026
58011
55439
55335
57474
57239
54733
52151
58135
55508
50587
51671
57171
57763
57619
58143
56725
56563
56894
58152
55717
53161
54134
53655
53687
54599
53275
49790
58033
55693
51704
50989
54979
55967
58928
53116
52167
59869
54268
54583
53712
54795
54846
57767
58271
57427
57463
51665
56353
52266
55543
51662
56184
53716
54719
51573
52413
55893
52671
53286
49451
56276
59519
51595
53064
55237
55662
58823
56967
53641
52071
53711
56242
57846
55051
52223
55879
54178
55282
59538
51962
56954
53217
57892
57169
58535
51462
55441
53995
54047
57158
57726
57468
52030
51815
57324
61407
55399
54871
51586
52776
57001
55126
56715
56606
50871
58203
60508
54007
55525
51992
56349
53707
54959
55805
58057
58146
55191
53749
58439
53370
54573
51516
57172
57415
56179
54397
51871
51532
49991
51277
53662
51671
56551
55365
49951
57295
59469
56568
56243
58615
54825
56097
55931
57181
60435
58070
59585
54063
58468
54645
55843
58686
57668
52359
53417
56053
54184
54947
54907
53729
56113
57084
53912
57302
59595
56249
59929
57207
54565
52248
55644
56834
52696
53783
58727
51889
51855
51162
56372
54271
55234
55194
53267
50082
55584
52791
59085
57205
53535
55769
55307
56274
60132
54047
57823
54842
57440
57094
52426
57500
52249
54906
51924
52951
58903
52929
57305
60129
54531
58173
58916
53496
53461
51138
54029
55464
55729
52697
54162
53411
56679
54089
58400
57433
56694
54495
56461
50855
56375
54311
54145
60094
60374
54541
51139
55074
52557
56049
53906
56503
53907
56670
53897
56100
56087
56805
53557
55937
55110
55540
52627
50505
55295
52969
52527
54393
50753
50302
53483
51277
53008
58335
53437
50265
51201
55710
58701
57208
60329
59498
58338
60641
52957
52540
54352
55752
53031
54880
58094
53635
51539
50662
54656
53481
51275
53366
53015
52613
56524
53212
56567
56814
53209
56900
57091
52300
51123
53667
52389
54183
55470
55919
55837
58457
53523
52581
55283
58963
56245
59263
54703
51929
55051
52057
53267
49597
56944
59039
54623
55257
57581
58192
57861
55171
59242
59881
55256
57807
54757
54243
52726
57093
53041
55895
55270
59254
61250
59211
58979
59525
52670
54677
57339
55373
53015
54424
51957
55842
59031
53839
55336
50231
50896
58247
55117
57615
52297
51381
52023
59613
56642
52212
53417
49761
57071
54015
57283
58694
59270
61485
55033
52725
57465
52286
51332
56521
54734
52006
58109
55529
52549
55520
50643
54074
57753
57645
52919
58695
59069
57227
55290
53268
50782
54333
57369
53671
53896
56327
52935
58277
56856
55567
54481
54785
53017
53697
54199
57525
54503
56831
55064
51773
55546
52439
57734
55091
53493
52512
50949
51959
55906
53511
52631
58272
54208
56120
57911
59009
58795
56173
55459
56603
58723
59376
59773
57943
52483
51797
55831
58369
56151
53026
54215
58813
57535
56341
52880
53847
54280
52371
53173
53822
52831
53367
54641
53873
53965
52034
58391
58147
55224
54587
53099
59477
56867
55553
51666
56159
54105
59831
59972
59020
52414
57724
55972
57601
56768
57487
52745
55662
58297
57971
53609
51160
56022
52928
57261
57634
51519
51393
51349
56743
56587
56703
55991
59775
57572
56319
57809
52625
50471
54191
57283
58263
57006
57316
60789
54110
53363
55639
57406
56114
57021
58104
54023
55675
52073
54117
52585
57561
56202
55438
55231
56869
56483
52703
55561
52270
56931
59024
58622
55321
56714
54741
51690
58167
57578
56853
54707
58374
56493
52430
56583
56087
55883
53526
53134
51938
54252
52596
56996
54116
60188
57851
56313
56692
55644
57755
57809
52361
53710
55167
52845
54403
50989
54856
56967
53351
54447
53747
56701
55212
54154
53990
54040
55394
52555
55052
59702
51876
51207
50703
56618
57887
56824
53498
52911
57299
59135
54346
57369
53145
52467
51191
58569
51495
56945
59800
56551
56615
58861
59647
58984
57670
53319
52625
57091
59847
52189
52735
58002
53687
54680
56256
58212
60453
51274
54201
56714
55664
57483
51824
56087
56169
54241
59937
57146
57583
51374
52069
53305
51567
52684
52649
50913
58541
57651
51067
59634
55934
56765
59105
57645
52765
57853
55761
54726
51347
49560
53503
53208
55699
51121
53201
56099
57131
56667
54700
58478
55587
53771
57951
52729
56397
55917
55269
58389
50433
51297
54035
53863
54839
57039
59127
60937
53557
56005
60491
53026
53704
54755
52950
58751
54201
57445
50670
56118
58006
54709
51005
56624
58531
57309
60660
54139
54365
50731
50935
53157
53219
58191
60693
55720
53198
56975
55143
59297
54745
53946
52271
50823
55185
59137
58914
53280
49915
57086
54286
54040
54561
50417
51292
53857
52901
55239
56447
51971
55103
56076
55458
55542
52423
56791
51821
57217
60169
56097
56960
52074
54551
51272
53373
54797
53992
52727
55977
58090
52886
55654
57811
52404
55557
51727
52369
52575
55685
57734
55177
59048
53559
56275
61060
53171
55169
58875
53081
58839
59119
53303
52983
53629
52432
56440
57410
54519
56883
55677
51193
58316
59559
53687
54640
54093
59267
60231
53887
58687
59144
59727
55521
52033
59198
57035
59228
59162
54196
57781
52627
51731
52753
56302
55699
52425
57244
54873
51620
55006
58982
58217
53587
58320
58934
55477
57965
53707
56376
54807
55348
49963
58462
54201
56845
55143
58681
57567
57783
51631
56621
51405
53243
60029
56794
53007
54553
51011
55959
57789
52176
58591
54007
55705
52238
55391
52788
57359
53054
55743
54563
50701
56484
51258
52320
49729
53065
55577
52566
54482
53686
52775
57132
55131
57614
58651
55503
51163
56883
56814
54133
53434
50102
56871
56138
59775
57931
60039
56897
57991
54901
53705
55683
50919
52731
56544
54503
56487
52549
53955
58925
54431
53319
51869
50699
56291
53703
55382
51623
54613
52638
50552
57109
53318
51465
54015
55224
54042
55723
53129
60063
59246
60843
56831
56607
52006
58262
55767
56857
55979
59683
51723
53033
55176
59454
56857
55467
56990
55260
58415
53387
55856
58413
51968
54352
55838
58351
55620
55842
58389
58024
55233
55353
51247
53139
60453
58397
50895
51334
56150
59918
56007
52581
56845
54765
54000
53542
54638
55248
55347
50586
51091
51490
55617
54193
55529
51683
57504
51355
49837
52167
58472
53836
52704
53271
56697
54077
57815
53010
52649
51789
55158
58533
57627
58891
51945
55478
56527
55016
58154
56217
57262
57806
53548
55582
54105
59711
53600
57051
59535
52677
53495
53201
55624
55694
51455
56205
56043
54887
52755
56999
55782
56504
53496
52715
55407
53721
55167
52627
50620
52888
54277
52453
57776
56483
51655
56236
57807
53343
54259
53047
56463
52470
51111
53530
53639
51464
53979
52801
58209
59539
51677
50316
53422
56207
56594
56603
57749
56121
58384
56573
57511
53225
58039
58095
54941
55573
53881
56124
58807
57031
58439
54087
59162
53529
54775
54702
58665
55946
56324
51715
51052
58344
61071
56202
56544
56045
55330
57586
56935
52231
55364
50097
55931
56286
54626
54493
56209
55249
56577
56885
57136
54907
54097
59233
58637
56148
52543
56346
53419
57369
52851
53003
53145
52607
51383
51954
54554
57703
54713
58549
58123
54240
58778
54512
56612
58067
59140
59140
59661
59093
58203
53362
55450
55317
56383
55596
53760
55751
54177
54687
58461
54503
56439
50308
52589
56111
58251
54902
53185
55183
53701
55653
58062
59411
53608
58015
56565
57231
55431
54967
56230
57861
55259
59039
55495
51409
52883
54919
53463
51671
57537
53587
56365
53981
53193
55972
57741
57376
53339
53329
51602
52211
52551
54631
54549
57306
59431
54655
56879
57559
56455
50959
53880
55217
54119
53127
52563
55849
59477
56853
54911
54551
51421
54106
59123
60105
52936
58568
51637
56009
51900
53242
60045
57477
52410
56804
52343
53923
57446
57991
54052
56273
60899
60329
60361
55133
60032
55275
52692
55920
55893
55212
55113
57071
55086
55767
57547
56969
53995
55689
52448
50042
54753
52865
53895
56959
54542
51027
57285
58358
55569
53849
54919
53905
57141
56873
57161
58592
53387
56497
52873
54624
53359
54911
53618
50649
54718
51093
52516
52779
58527
57843
54271
55818
57963
53518
54215
58427
53233
58719
52985
53859
55335
50485
54559
51329
55208
52735
57371
53868
54715
51090
59318
56135
52999
54307
55235
55545
53323
52633
58222
53664
52376
53577
55570
51683
57409
54337
54668
55031
59862
52387
54943
54806
54608
52369
52859
53791
51229
51488
53965
59391
54239
53879
56881
56519
54900
52088
53965
52782
50831
56215
57170
58100
53763
58508
56538
55230
56283
54859
59680
58234
54711
52087
55776
55455
56517
53850
53806
52131
56365
54678
56463
51593
52652
51196
58119
54125
53453
51637
55339
57868
54278
52433
56028
52487
51159
56089
55845
59157
61068
54611
54495
57230
54351
50205
48927
51152
54379
50617
52427
56582
55732
52199
52370
53183
56071
55109
55571
53510
52665
52324
51463
54567
50688
54271
55077
53373
55838
58747
53567
57101
53877
56299
55862
53060
56882
57030
58031
58742
53686
55130
57287
59730
54654
58025
56936
52365
55349
50648
53944
58332
61005
59789
58315
60765
52767
51999
51479
57335
55222
56204
57023
59562
54709
52021
51935
57135
57843
56131
60082
59817
60571
59111
60711
58280
57605
51977
57854
57095
54710
52549
55771
56805
53855
56490
53519
54612
53359
55349
50289
52497
50689
54697
57275
58009
55628
57017
56943
53953
52527
55417
54720
58543
51622
55461
56063
57165
59472
56767
52719
57085
54678
58039
58431
54806
55761
55096
54705
51018
57217
52809
53095
60302
58828
58939
56921
52307
52756
57129
56071
56633
53701
56287
56031
56013
54398
53849
55185
52325
53705
55829
59172
53963
54294
55413
54807
56825
55737
55420
55491
50411
52840
53171
55335
51623
56450
50781
54927
56031
55901
56442
52309
52401
55632
55729
52979
53495
54424
52353
52965
52164
58714
52075
55601
55662
51405
53801
51791
56757
58335
54480
55505
50445
53274
49558
54286
53001
52289
49600
55739
53363
54043
55823
58212
60155
57732
56765
52186
52254
49639
51477
55140
56493
53669
53248
54840
56247
59961
59503
52071
54752
52779
51281
54455
53654
51967
57432
56859
55706
52211
53581
58039
58121
54231
52801
52029
52482
51207
50679
56369
53791
51593
52881
54176
53851
54895
53431
50479
55033
60063
58938
55565
54281
53476
51194
57987
53474
51807
57323
53943
52533
54713
50997
56119
59521
51208
50876
58141
56079
57113
54925
55151
52759
51405
54456
54295
54560
57789
51904
52325
52521
53133
52507
53341
53783
58934
54629
55611
56303
57042
59096
58365
57681
55707
54228
59678
52815
54551
52390
56159
54999
59786
57583
51759
55998
52627
52019
51396
52991
55503
52273
49988
51895
53578
56897
57083
54417
52326
52301
51017
56216
56013
53369
55689
51105
52983
54357
50429
53637
51483
56855
55131
58020
56007
53221
59009
59793
57861
56378
56527
56653
54009
55553
52443
50566
50255
51946
54677
56648
52160
57570
56554
56790
52497
51919
55009
58416
51693
52063
54329
56431
51117
54678
57082
53461
52031
52459
51668
57035
58220
53622
52499
52717
56357
54008
54412
51799
56320
50930
52362
53309
51647
56727
56702
56135
60407
58311
61743
52621
52421
49618
50000
51741
53475
51951
56556
56753
57741
57590
58491
56889
57916
59268
60727
59481
58936
55069
54438
54695
51203
50783
54251
53418
49738
56121
59113
59863
54663
58029
58113
53423
51622
55606
55481
57587
57859
54673
56726
56492
53209
57571
57184
58667
57623
51844
57977
54035
56169
55171
60191
60109
55115
58174
60167
58037
59210
58352
55148
52707
57718
57629
52773
51038
51485
49887
56786
52065
53527
55101
55942
57122
54815
58119
54871
52986
54641
56367
55803
58616
54803
55759
56703
57466
52263
49968
57913
58221
54551
52356
53227
59297
54545
51422
55047
52021
51867
52511
54079
59357
60359
55101
57375
56575
51053
51970
55607
56007
52453
51018
56591
58351
55851
52895
57714
55567
54057
56928
59053
55639
58431
53979
53902
57557
56399
57247
56469
52412
56478
51996
56668
53381
54674
55309
56189
55863
52809
52085
54560
50513
55564
52162
57462
51096
51873
51079
52199
53221
58753
52967
53526
54371
50118
58187
59508
58793
55201
53132
52661
53477
52260
55679
51398
51896
51559
52011
57983
54937
54316
55315
55955
56356
52975
53231
60177
56218
57745
57455
52299
51375
51561
51447
54567
50691
54879
59229
58712
58535
58195
59288
53679
55715
52709
55215
55633
56753
57554
55159
59784
56127
52745
56999
56021
53591
50971
54811
56039
54851
58150
56367
55914
55281
59279
55282
60162
55755
57000
56173
56251
53285
52251
56917
58801
55305
56444
50971
54356
56702
55449
54937
53802
51463
55286
59422
54170
54559
52221
54723
51675
50550
49687
52744
54573
51324
55881
51926
53684
53074
56295
54792
54058
56915
59113
59649
57297
58959
58343
55294
54269
56287
56463
54113
52137
58252
55365
52607
51672
57448
57615
58581
51993
57020
56972
53785
51484
56340
51862
58116
52294
50487
54373
56992
52637
51233
50565
56591
56777
57847
54389
50653
54331
55065
60099
59825
58694
57727
57411
55941
55751
55113
55892
53895
57029
57751
58491
57055
52855
55767
56399
57480
51367
51357
50491
55046
59166
54185
57093
53732
57795
52735
58552
51151
57630
52025
51487
49703
54088
57919
59739
55301
56139
60288
55376
52164
58385
57945
60178
56111
60067
58975
59935
59177
55657
52148
58885
52676
54647
57679
55590
55175
52303
53129
51970
55941
56923
52372
54756
52941
51506
57737
56165
54253
54506
50455
53967
53567
57675
53977
53534
55043
59528
51001
56085
56166
54356
49755
57243
55539
53143
53393
55575
53583
57397
54911
53687
54491
56078
55699
51843
57952
59127
52851
54865
58579
52693
54567
51753
53394
54652
55227
55695
52578
55718
52268
56358
52918
56153
52647
52358
52873
53728
55017
58627
53543
54865
57342
55230
57073
52953
52415
50348
56091
56363
54548
57035
57947
52263
49663
52751
56901
57375
54767
54005
54391
51497
56215
56729
56391
55789
56550
55559
52591
57143
56643
52231
54989
57009
55053
52311
52502
51682
56970
52637
51547
51445
54388
57845
53657
52088
53593
57074
59757
55793
56606
58823
57118
55498
50571
50870
57105
52477
52286
50005
51722
51031
57076
60203
59503
52007
58868
59422
54210
56970
53518
54189
56978
53614
51827
57730
55263
59355
60316
59843
53037
57179
60665
55931
58151
57541
56361
54839
57684
53469
52316
51396
51246
51867
58464
52383
54808
53479
51769
53429
56680
52649
50983
54241
59061
55103
56684
55068
52935
59310
56631
53287
51403
52825
52095
55837
59285
53778
58948
55132
57883
57468
52491
52205
53372
55518
51265
52646
50570
57727
56159
54119
52797
51876
51143
55691
51667
57067
52442
50025
53387
55267
57834
53675
53894
55837
58957
56830
55400
53018
53659
53026
53869
55945
56552
56099
56827
55234
55177
60173
57753
58543
52205
53991
54966
56627
52309
51699
51110
53021
54524
57831
53918
58075
52494
52601
57365
52783
58602
52979
52545
53802
51111
53453
51031
57417
55838
58321
59264
59205
57379
55505
58355
54672
56390
55705
51787
55681
57809
51746
52468
50743
51279
54735
51749
52391
54815
55157
58397
51052
58245
53941
51438
55212
53927
58845
59181
55599
56714
55727
54369
57671
53129
60269
56617
51995
58259
55545
53921
57562
56399
56984
53381
55149
58773
53955
52099
54867
59157
53249
56453
50797
54625
53637
51136
53761
56764
58453
53523
53077
57039
59335
58336
60751
52273
50304
52597
56545
54725
58993
57977
53979
54074
58363
56617
52101
55435
55306
55899
54323
55549
52865
53190
55411
53721
55671
58864
58163
57225
54233
52351
55593
54357
57162
57485
52550
54511
57447
57959
52524
53403
56028
52711
55487
58040
56387
55206
53499
53734
56346
52489
50637
53460
57642
58231
54052
55631
57343
55978
59239
59919
57620
59015
52558
56344
52557
54762
52751
56845
54444
53160
52660
51642
55460
54540
56530
53406
55577
52411
55569
51427
53055
56231
58135
55653
58075
52484
51061
59113
59293
55517
52767
58843
58740
52511
53679
54444
52922
56987
54806
55005
59016
59459
56233
58258
54970
57273
58403
52251
56611
58051
57797
52065
53398
56043
54587
52999
53271
50067
54924
53059
56249
59567
54752
52373
54361
57023
57828
53227
59295
56126
52696
55069
53641
52407
56696
54556
50907
51930
54435
52661
52146
56687
55729
52961
59478
56967
53589
57439
50601
51808
54783
54970
55820
57469
52148
56749
58355
54758
53882
56745
58023
56904
58177
57877
56841
55167
53755
51809
56948
52407
57409
55313
55696
58089
52911
58124
54218
58705
59077
56659
54155
55040
58993
59229
59887
57120
54577
53389
56767
52080
53827
53442
50133
59276
61143
61453
52812
52863
56263
52977
53470
53011
53543
55663
51296
54509
56921
59031
53535
55705
52016
57338
54503
57988
53145
53509
53623
52019
58583
53051
56801
52674
53081
58050
57549
56807
53808
51643
56931
59842
59553
52527
54884
58875
52341
53375
55509
57700
53590
56656
51554
50903
51007
56694
54538
56829
54582
51899
52953
58951
55924
55684
58865
59127
52875
55991
51954
56336
52133
56717
56497
53095
59495
58741
52847
55159
60007
55275
60399
58773
55956
58324
60722
57955
53331
54263
54513
57929
59209
57036
58936
55391
54937
54699
51173
57992
53799
53026
54508
57601
56936
59909
55237
56672
53933
51770
55170
58293
58606
55374
52749
57133
56851
55585
54359
50107
58350
55095
56035
54611
54645
56129
58726
52469
52146
57052
59361
59667
59373
62152
53907
58885
52445
51805
57332
53473
52685
54569
51823
58239
55953
57357
54182
55676
51805
57391
55836
58271
57505
53398
56047
55679
52384
54005
54502
56609
58026
55997
52365
54795
54613
53655
52547
54183
56103
58083
52754
57043
58725
52459
51783
55333
57562
55532
51807
57211
54071
58661
56374
55023
51864
51000
55540
52375
54567
51175
57657
52387
54740
51152
54519
57680
52344
52361
52735
56295
54801
54368
57119
55653
57835
54652
56485
52335
53343
53506
51103
52974
52701
54853
57371
53820
52048
58840
57182
59902
56437
51333
56782
51564
52341
52475
51215
50848
54157
53537
53319
51633
53717
54563
57747
55751
54015
55807
58479
55924
55125
56769
58399
51984
55235
55794
56993
54601
53829
53111
51971
56033
53389
56579
56612
58064
57748
56550
56281
53559
56629
51676
58157
57044
58123
54903
54375
51519
51029
57191
60711
56954
53476
52321
51687
50711
57241
54475
55726
53311
52518
52235
54615
53267
55789
55922
54307
54247
52532
53495
52923
57259
56823
54735
52967
52813
52359
53533
53943
58752
59227
58787
55189
52770
57935
52130
56637
53021
55032
60189
58994
59268
60650
54935
55908
55497
51204
50205
48835
54271
55281
58919
54741
52943
52091
55889
53753
58785
54631
55774
56483
52543
55463
56116
57345
51949
56119
59052
54935
55343
51649
55873
52086
54791
54876
59270
60650
54191
58108
55331
50597
52254
56119
58597
53263
50083
55981
59031
53596
50556
50762
51995
57445
57783
59026
59825
58968
56803
53704
55285
60284
57809
53707
56679
55287
61205
56011
54064
57591
51715
52269
50164
52605
50816
53667
52787
58223
54559
52490
51405
53051
56060
55675
51952
54963
55843
59560
52809
52010
58121
54057
57519
55263
59732
54090
59295
56305
56110
59572
54629
55821
58799
56999
56476
53317
52407
56465
50708
56309
55547
53846
53893
56099
56971
54247
53606
51469
56142
52412
56917
58738
52049
52344
53160
52935
58609
53725
56871
56545
55567
53752
57201
60273
55876
53658
53501
54123
52834
53113
51665
57335
54793
55031
52571
57045
58799
56811
54392
51482
56187
55653
58161
56487
53691
54915
52610
57060
58895
53123
51547
52667
53035
55265
57693
55481
57367
53813
51977
55801
57247
56744
57554
55425
53338
52714
54377
57793
57905
56499
53078
57189
59903
57343
56803
54189
57657
53435
50978
53801
51632
54415
52206
52971
52854
54091
59468
56460
51365
50583
50907
51307
55631
56083
54826
55998
51669
57589
57384
53599
57995
53870
55624
55375
51963
56231
58389
58280
56118
58953
56411
58015
56955
54018
54270
55255
59001
52442
51169
56837
54533
57831
54157
54797
55471
57675
53608
58023
56527
55919
56451
50925
53055
57281
57301
60434
58443
54062
57859
54962
55785
57246
56359
55551
54335
57067
52616
57671
53285
50207
49271
48889
56623
50875
57711
55435
54039
55193
52533
53932
57918
58848
57353
52811
52113
54621
54631
54951
54952
54407
51818
56575
57994
53692
54564
50623
53768
56663
53085
58517
56889
57088
59184
53955
52521
53760
56329
51765
53621
50568
57426
55219
54251
53417
57321
60877
59042
53610
51409
52982
52622
50781
53633
58289
56615
51331
56362
53092
57272
56648
52285
50431
52961
58221
53720
55827
57901
57862
54635
55823
58633
54286
53718
55207
54147
53400
55750
53891
55656
57373
53990
52965
51781
54827
56282
53460
51121
53474
51450
54768
52076
53478
51526
57650
58429
52107
54876
58615
54337
55287
59829
59302
55274
59911
56301
56673
54862
51573
53582
57047
59082
56957
54600
53459
51356
50173
53603
57722
55606
54765
53621
51052
58407
51629
55542
52078
54260
52977
52831
54099
59615
57146
57232
53695
56948
52562
55639
57665
52311
52067
53117
52563
56127
52536
54475
55666
57846
54893
53327
53873
55213
54925
54572
52641
51203
49922
55132
56967
53949
52634
51405
53294
50778
52235
54250
59897
55005
59302
55155
59793
57189
60682
55217
54769
54557
51944
54995
58093
54233
60377
55359
53543
55618
55327
49927
56367
55024
57715
55449
54867
57881
55868
52845
54379
50905
51175
57746
56279
54047
57965
54027
55946
57159
58962
56767
53190
56580
57343
56607
52531
54467
54377
49991
51657
56551
56293
54161
53976
52938
58643
54897
52406
56566
56789
51842
57128
54561
51103
54115
52026
51569
52631
51004
55683
58398
50826
54553
57761
56404
55449
54397
51083
59218
56038
54039
56391
56198
55024
58923
54663
56923
60242
61364
58443
55107
55733
54567
52415
57765
57503
53512
52097
53569
55429
53502
52949
58115
52939
59143
60645
53767
58757
53070
58142
56404
56807
53510
52919
57512
52754
55903
55044
59061
55665
58979
58106
54657
56267
53326
53761
56760
58127
55635
57575
57805
53149
54135
54595
53779
51091
52875
55983
52003
58515
57401
55910
54854
58016
54877
52764
58457
54765
54429
53277
50528
55751
54156
53792
58389
58057
58423
53044
55532
52627
50781
53714
54959
56232
57543
56388
55397
52543
55043
58954
55998
52513
52920
57077
53395
56591
58263
56181
55658
50848
56286
54974
57894
57914
59257
61543
58277
57669
54747
53975
54159
55883
54838
58136
55007
52063
55704
52819
53402
56888
57009
55936
56047
56548
56840
54189
57523
54875
52055
53839
55405
54215
58459
54944
53735
57653
52345
53301
50670
55561
51869
51146
54860
58082
59583
55417
54160
52757
56999
55859
52426
57251
55197
54160
53677
54939
54898
52479
53193
56011
52978
53181
56900
58279
58314
60683
56503
55630
57796
52055
53904
56672
53702
55508
50483
54784
52323
51988
55722
52609
56702
55790
57021
57626
51062
51647
57671
53247
53516
53649
51739
53007
54183
56651
53740
57453
51439
55597
54647
55709
52193
60124
54187
57487
53542
54856
57229
54663
57244
55473
57051
59945
58069
60463
53046
56557
57785
51780
54981
57021
58256
54335
50421
52634
50666
55455
55747
53517
53399
55833
57639
51591
53397
55193
60306
57043
59235
59782
57383
55935
58133
55385
53363
54893
52883
55635
56929
59391
55175
53541
55983
51889
52950
51674
50794
54269
54878
52682
54280
52925
58025
56273
61107
58185
59958
59888
54871
52967
54023
56365
55887
55133
58458
54979
57061
52459
52516
52877
55147
59023
54035
56319
58689
58365
57190
53178
56931
53147
55054
53741
51253
54085
58480
55003
59035
54365
51377
51433
54079
58853
58835
57947
52741
56769
58952
55708
53031
55575
54619
54917
53172
54580
52603
50786
53119
52841
53697
54324
54916
51972
55073
52520
52894
56101
57055
52991
55607
56595
58103
54828
57399
56502
53616
57643
51735
52760
56379
55167
52901
56589
57911
58386
57679
54333
56573
57712
54393
51215
51141
54365
49790
50566
57717
54781
54341
55757
54473
54187
56011
52591
58088
60242
61202
54993
58354
54689
58664
56215
58065
59415
54698
58546
58237
55491
50513
55896
53447
50711
57319
61395
60953
56201
56845
56516
54902
53316
52298
50673
54948
53463
51553
50915
51271
53651
51033
56713
54839
57289
58412
51912
52994
51848
57865
54467
54497
55287
60227
60543
57487
53219
58118
53974
53751
50887
51609
54402
50184
54393
50163
52243
54646
54504
55463
55506
56879
56981
53913
57295
60387
56223
60152
56702
57589
58814
57571
57467
52275
49661
52351
53781
57847
54781
54747
52842
53229
59446
55309
56487
52727
55879
53096
58201
59969
59239
60515
55295
54193
57150
58883
52439
51737
53234
58534
58583
53155
53868
55984
58486
56327
52838
53143
53411
56986
53953
51465
55691
51227
51829
56935
51766
54320
53925
57189
59974
59878
54389
51887
53145
52813
52683
54371
50090
56635
52407
56637
52165
58515
56767
51707
52469
51597
53813
52017
57975
54263
54859
59444
55117
56852
54845
58624
53139
52629
51259
53673
52737
54590
52552
53807
52301
51053
58297
58238
55683
51523
50488
54061
57023
58104
53759
51966
57476
51022
57019
57606
58055
59143
60993
57576
57914
58721
51837
51491
57144
55947
57814
53575
57649
51815
57858
54111
53179
56388
55866
52786
58357
55137
57993
55079
54896
52689
54379
51430
54282
52505
51591
52746
55354
49740
54673
55191
52791
51353
50012
52405
55373
51118
53625
51076
58188
58839
58485
56031
54671
57798
51901
53783
51191
59059
55287
53237
52611
51032
57815
53870
56481
52560
54568
50800
53169
53825
52697
54476
54857
57384
53992
53047
56230
58058
59130
61308
55840
51811
57919
60477
53403
57407
56735
57608
57265
56079
57175
60189
59372
61885
53351
56232
57881
57253
56787
53577
57859
54953
56039
55286
60550
56713
56741
58019
56285
55181
53662
54688
57312
59286
54615
56145
52466
51966
57623
51423
54999
58176
56925
52279
51177
57651
52575
57171
58461
55411
54063
58219
54069
58481
56052
54939
55498
51088
51687
51701
51689
50832
54527
50703
57338
53996
54745
52771
57975
54159
55657
58745
53165
55343
51639
56413
57014
56135
60349
62586
55474
57117
55457
56041
54286
54307
53932
57807
53121
59209
56973
54699
51471
56997
54991
58999
52633
51941
55479
57640
59175
54639
56719
57045
58837
58391
51527
51064
58820
56213
56891
58906
53399
57597
59081
56602
59023
53733
58039
58375
50813
56262
60327
60665
56063
58428
54081
58521
58159
58695
51721
52913
57034
58247
55638
58452
54132
53025
54890
53181
56999
56772
51959
58128
53991
55937
56805
54291
54643
55757
55348
50273
51953
54829
56582
56628
51079
52202
52808
51826
57159
58499
56467
51970
55125
56895
59352
58780
55583
55795
57509
53799
52097
54146
52967
53335
53842
53030
54861
59129
60927
55784
57397
56279
54109
53031
56349
54693
58199
60700
56221
58869
52585
58043
58621
56254
61200
54515
51201
50485
54747
52435
57303
59859
52905
57327
55171
60251
55895
56032
53608
51425
53950
52063
54581
52515
52808
59087
58057
59012
59502
51778
54763
54149
53626
52120
55671
51797
56311
56546
56335
53697
54060
56755
58211
60815
55114
56484
53085
59151
53961
53295
52677
53303
51666
55990
58765
53783
51221
51309
55559
51775
54756
51996
56831
55327
49815
51593
52603
57125
54671
57017
56432
57409
55020
58813
56825
54415
52943
59381
61375
61544
57308
61007
61089
56412
51207
51648
55323
57215
54966
56503
54755
53121
59327
58894
53387
56859
55994
60378
55219
56239
52655
54767
55685
51625
55675
51511
50199
56257
58659
55880
52697
54723
51073
58761
53105
59286
54167
56292
54654
57967
54591
54493
56956
53416
57095
53315
52343
53431
57604
56056
54255
54466
54341
55912
53893
55863
52710
55174
59077
56568
57386
54658
54893
52314
51615
54486
54501
55418
53009
52077
54026
54479
55625
55648
55813
56379
54920
52107
55295
53727
57829
53752
57760
56623
52313
51653
56066
53298
50593
50650
53743
57247
56095
58041
57935
52444
50822
54751
53527
53734
56204
55602
54719
51859
58618
53847
54211
57450
50742
51089
59231
59447
56063
56959
54890
52839
54532
57105
53197
57533
55836
58855
59689
52104
55027
51827
58613
54499
56406
56271
53775
51647
57419
56412
56335
52655
52192
58849
57917
59099
59042
53642
52550
54711
50993
54956
55350
50565
49941
56751
58239
55775
57275
58527
51301
55909
54382
50845
56164
52775
58591
53681
53238
59221
57979
54927
55397
53621
51279
54915
51990
56819
53541
54646
55257
57511
54116
60161
54819
56636
52490
51691
51155
55725
53727
57159
58364
55885
55150
59697
52412
57319
61475
52965
52471
52349
53835
53223
58645
55137
57136
55343
51822
57617
57625
58574
52168
58229
54173
56437
51335
49602
56003
59218
56489
53355
54450
52411
55941
55267
58199
60743
59205
56926
52621
51937
54949
55195
53982
54439
54148
52719
57169
58073
52487
52586
57016
55814
57339
55463
57582
57775
51449
55437
54455
53608
57033
57131
56425
50293
53553
53891
54939
54231
59848
51530
51217
50543
49807
51255
52705
53331
51721
50753
50503
54978
54689
56514
52891
55368
50514
54785
52157
58435
52437
57141
55932
56387
55266
57203
53182
56649
53298
50828
54744
51633
54792
53152
51955
55961
57657
52723
55761
54245
60503
54124
52703
56029
54085
59016
59550
53502
54392
50605
52431
57631
51039
58359
55673
51509
49682
51831
57752
55995
60291
56639
54017
54098
59179
55595
56071
55839
52599
50958
53867
55811
57279
59454
57009
55935
58234
54899
53709
56739
57755
58560
59016
59133
53959
53719
57343
56571
51183
59955
59092
57841
55607
56745
58312
59207
58251
56550
58247
55659
52285
51730
52081
53803
52679
53945
59196
56080
55041
59621
57543
56070
54961
55675
52091
55895
55247
58676
57333
54725
52854
55016
58953
56487
54093
60187
58563
52607
52031
52731
57175
59575
55011
59125
60908
53441
51213
51671
57616
56708
54605
53613
50999
56005
51609
54823
56375
55247
57741
57215
55475
57853
56206
56999
56623
53285
51081
51806
57111
54694
58479
56553
56626
50857
57011
55929
56801
52908
57044
58175
60159
59201
56605
52416
56745
57673
53497
53543
54693
57115
54713
51297
54972
55765
54939
54918
53217
57447
51315
56299
54842
57414
56077
55817
57558
55811
56780
59353
59143
53071
59420
54504
56550
55905
53880
55657
58347
54719
53061
56919
60146
55449
56355
53747
57311
61505
54019
54663
56812
53809
52079
55381
52619
50407
51361
49370
53052
55095
54958
56138
59935
58474
55719
53543
55167
52830
53983
54788
53983
54709
51502
49901
56733
57131
56375
55794
56683
55277
60272
55404
54751
53997
55154
58477
56627
52027
51899
53932
58743
53613
51589
53271
49794
56982
53443
50076
55621
55520
57849
54491
56199
55873
52831
54465
54215
58619
55326
49852
53868
56111
59156
60791
53932
51572
53169
54071
58984
58457
55605
56483
53366
55464
56163
53655
53685
54507
57697
54247
53458
51167
58120
53543
55993
59973
60063
59630
58683
58558
52487
52651
52524
53313
51288
53735
56375
55216
53110
60418
56764
59341
59167
56142
53950
53728
56824
54610
54565
52663
54041
56550
57449
51443
55676
51251
53191
56389
56137
59655
58319
53775
52910
58346
54534
51004
56935
52923
59233
58839
60076
59856
52810
53449
51734
53043
56139
53114
52813
54010
55993
52254
50238
51499
57395
54884
59005
52809
52555
55680
57737
56362
54116
60169
56255
53929
51952
56108
58329
61883
52827
55017
52025
52815
54445
54951
56164
53970
53547
56477
53141
52863
56869
56959
55214
55959
59285
54821
57989
54728
52821
53626
52418
56826
54486
56287
55415
55458
55579
54179
55527
52879
56247
60390
56263
54473
56795
53643
52996
52603
51015
57353
53060
55969
57982
54973
57863
56086
56604
51416
53533
54380
50255
51769
53920
56223
58715
52039
52802
51318
56631
51783
55182
60494
53563
56309
55702
52434
57585
56819
53757
58805
56056
55074
52880
55055
53215
59505
50941
54775
55119
57552
55566
53871
56961
52743
57651
52677
53599
51327
50333
55281
58435
52906
56351
54617
53959
52344
53069
57209
53604
50723
50541
49861
53345
52768
55719
52649
51655
56685
54505
56164
52773
58032
55629
57362
52951
59525
50947
53108
59458
55534
52861
55161
59631
58506
56831
55739
55015
60188
58271
58792
56219
58939
57303
61921
54562
52748
57731
56641
52727
57197
53667
54248
52435
50630
53811
52321
51747
52740
55115
56209
55967
59703
53532
54781
55235
55874
53129
52299
52087
55255
58343
55189
54044
57645
53659
53969
52963
52755
57963
53814
53458
51415
54035
55205
54035
56187
56833
54311
56223
58867
51981
57977
54437
53839
54940
54911
54973
57833
54935
55319
50058
55017
59425
54055
57415
57241
55066
53397
56624
58425
52360
52820
51611
54429
52552
53729
55233
54447
54527
50725
57851
55078
53175
55720
52773
58263
56283
55028
51940
55927
57475
52243
55666
57448
57481
51270
53236
58147
55737
54132
52831
54432
52007
58332
60965
56229
58669
58243
54425
53663
54173
55940
56335
54133
53335
54059
57343
56295
56319
59119
53845
56063
58387
51720
52450
50447
53438
50335
55651
56705
53978
52982
53181
56421
50311
54437
52525
53253
55231
56403
56047
55545
52967
52787
58871
51919
55161
59652
57340
55148
59390
55078
55045
52597
51319
50323
54814
55615
56655
53644
51984
55472
55886
53865
55659
58977
57331
54391
52615
50901
51758
54524
57815
53136
59935
58443
54342
56726
56363
54799
55321
56940
51807
57734
55989
59476
56767
52067
53759
51813
57271
58107
55720
53359
55672
58263
55987
59820
59489
58020
55863
53839
55271
59975
53202
57272
57921
59596
56415
51466
55832
57972
53201
56653
54263
54884
52507
53882
56330
52563
55575
53847
54481
54923
53642
51870
51849
58306
57988
53814
53210
57750
57975
54892
53118
53229
52311
53086
59181
55805
51655
50645
54910
53623
52075
54505
56919
59451
56229
57891
57185
59646
59585
54384
50487
55099
55244
56941
53495
54339
56471
51977
56028
53349
54229
58795
55769
56023
53735
58043
58525
58630
54217
58591
54685
58556
51403
53370
54583
51944
54357
56853
54124
52534
53981
53642
51664
56105
56980
53783
51727
53177
55147
59361
59555
53853
55973
59003
52915
58292
58126
55760
55538
53156
53509
53581
57282
57321
53727
58855
60354
61318
56136
53043
57367
55526
52727
56969
53630
52882
55033
52143
59110
59525
52159
51831
51405
54059
57415
57029
57607
58767
54794
54939
55151
60560
56067
55030
52306
51654
56543
56466
50928
51785
55014
58623
55911
55874
52869
55159
60223
54108
52883
56603
51457
54901
52648
51669
57719
56127
52513
53307
52187
52078
54899
52956
52143
59307
56807
55206
54646
57295
61109
58677
58738
53388
56487
53464
51438
55099
54895
53723
57135
57463
52586
57219
53262
50457
53185
54474
55231
57069
53513
53985
53324
52833
52562
54686
57417
55959
57496
52155
58746
53106
59256
60353
61567
52305
51815
57494
52568
55291
60855
57255
57217
53293
52872
54549
50821
55130
57150
58318
61259
61261
62120
59972
52791
53551
57571
57271
58431
54836
57528
54503
57418
56398
56393
55735
53838
54093
59764
55860
52336
52554
54695
58020
55101
56131
59691
52904
56776
59681
58911
54564
51742
53769
58027
56915
59322
57260
57814
54656
56021
53675
55268
58446
54983
58071
53026
55423
56365
55415
54589
52996
51940
54977
56175
56317
57857
55351
51988
56601
58651
55839
52133
57351
53867
55899
55057
51847
51214
51603
53551
55689
58730
51727
53019
54459
54856
57024
55759
56283
54551
51946
55894
54219
59423
55483
50311
54399
51859
58381
57639
51491
56573
57751
57377
53505
51690
58295
58430
53348
53330
51577
52341
52223
54638
55250
55899
54867
58799
56740
57182
60360
61966
57762
58828
58038
58113
53381
56317
57400
56005
52063
54885
52554
55665
58230
54183
57263
58715
53205
58131
55710
54357
50415
53233
58359
55965
59706
53608
51277
55100
55012
58719
52909
58218
53468
52837
53757
51089
52183
52498
52232
54390
50597
51707
51773
54483
55042
58307
58999
52676
53668
53007
54488
55714
51852
58311
59725
54639
56716
55972
58122
54303
55985
58625
53654
52463
51884
51913
53529
53957
51676
50385
49847
53093
58481
55037
52471
52259
55931
56489
52546
53615
51349
49585
55347
57363
52173
59015
60091
60691
55200
52541
55694
51913
53765
57736
55707
52525
53863
55237
55831
59407
54087
59063
56490
53617
50939
54140
53739
57951
53134
53151
55178
60449
50965
54560
50777
53372
55012
57883
56767
52253
56937
60073
58705
58791
55874
52844
54403
51581
53811
52039
52402
55672
57990
53555
55639
57405
56047
55663
51535
51617
53806
51943
55321
56843
54265
53837
54398
52221
54585
52597
57349
52193
59849
52142
58531
58130
54059
58173
59390
54887
54162
55014
51571
54269
