19087
19881
19809
19669
19549
19309
18923
18711
18793
19031
19234
19375
19458
19547
17427
17575
19480
19058
18691
18588
18750
18887
18914
19114
19237
19247
19226
19063
18988
18983
18987
19010
19239
19389
19479
19551
19445
19299
19125
19049
19025
18943
18974
19308
19359
19469
19559
19740
19729
19630
19297
19096
19191
19603
19974
17543
17997
17803
20143
19984
19519
19079
18758
18994
19517
20007
18363
19143
18669
20013
19281
18447
18339
18792
19532
20151
18559
19019
18993
18152
19559
18352
17035
17020
18401
19571
18002
18803
18657
17263
19140
18275
17457
17543
18193
18977
19547
17913
18026
17133
19287
18693
18327
18271
18831
19652
18225
18303
17115
18965
17954
16928
17240
18147
19043
19599
17853
18501
18629
17777
19463
18812
18522
19051
19688
17497
18537
18523
17661
19670
19332
19112
19031
19051
19435
19851
20183
18205
18309
18074
17591
19907
19677
19614
19701
19807
19989
20184
20280
20230
20082
19819
19681
19379
19108
19096
19315
19708
20055
17826
18057
19972
19431
18710
18717
19014
19400
19711
19767
19799
19789
19504
18973
18278
17959
18137
19029
19742
18203
18679
18254
19671
18863
17847
18016
18714
19287
19589
17231
17912
18143
17338
19609
19100
18681
18777
19374
19887
18217
18570
18116
19833
19436
19157
19239
19519
19807
20065
18206
18552
18631
17805
19847
19310
18839
18881
19501
20055
17949
18260
17563
20117
19831
19578
19501
19662
19751
20090
17715
18482
18276
20148
19891
19453
18979
18754
18945
19321
19785
19947
20031
20098
20029
19962
19767
19389
19127
19075
19181
19557
19863
17803
18183
17653
19793
19285
18807
18711
18772
19092
19507
17637
18698
18872
18116
19656
18923
18372
18507
19317
19929
18938
19314
19166
18350
19731
18871
17597
16913
17904
19403
18181
19575
19839
19445
18137
19679
18408
17361
17830
19098
19997
18821
19478
19422
18239
19857
18667
17275
17288
18905
20052
18533
19541
19701
19046
20155
18883
20437
17361
18865
20025
18215
19333
19497
19144
20247
19403
17905
20353
18177
19573
17596
18931
19227
18946
17630
19625
18920
18516
18956
19613
20024
18354
18877
18852
18341
19775
19316
18973
18987
19213
19665
19912
17917
18503
18372
17742
19859
19555
19386
19260
19543
19783
19955
17871
17965
17978
17651
19928
19543
19117
19017
19446
19795
20057
17467
17355
20104
20077
19935
19922
19932
19999
19975
20091
20255
18011
17881
20199
19610
19293
19463
19818
20057
20121
20156
20281
20397
20427
20317
20277
20068
19963
20069
20188
20332
17806
17667
20250
20119
19965
20006
20015
19937
19925
19951
20025
17727
18144
18151
17730
20095
19939
19871
19877
19879
19890
19980
19951
19959
19839
19883
19808
19797
19772
19766
19881
20002
17699
17830
19941
19736
19592
19576
19793
19963
19985
19913
19815
19916
20039
19955
19831
19811
19913
20083
20124
20180
20197
20133
19975
19674
19659
19937
20221
17981
18282
18061
20443
20330
20131
20061
19959
19975
20182
20415
18033
18377
18217
20473
20176
19926
19783
19912
20299
17927
18663
18839
18647
18215
20328
20001
19691
19614
19713
20083
18247
18986
19007
18093
19986
19607
19272
19136
19377
19890
18083
18957
19335
18993
17799
19779
19180
18890
18818
19199
19799
17941
18853
18870
18192
19933
19355
18891
18993
19599
20141
18732
19207
19103
18123
19963
19381
18878
19063
19529
20013
17865
18752
19180
18704
20315
19761
19491
19785
20238
20537
18441
18657
18835
18606
17994
20430
20223
20130
20140
20221
20455
20639
17962
17982
17949
20561
20540
20470
20515
17695
20498
20355
20297
20381
17765
18228
17695
20233
20094
20036
20086
20139
20125
20153
20179
20194
20246
20225
20074
19949
19851
19800
19819
19888
20130
17934
18156
17999
17382
20049
20008
19801
19579
19505
19611
19949
20237
18405
18695
18233
20178
19893
19789
19781
19979
20254
17825
18634
18858
18888
18312
20264
20002
19802
19895
20191
17747
18962
18977
18591
20535
20346
20231
20263
20441
20582
18371
18978
19225
18911
20635
20313
20093
20061
20287
20435
17745
18467
18320
20547
20314
20200
20165
20313
20478
17783
18321
18232
17977
20407
20176
19859
19753
19969
20239
17579
18079
17879
17527
20168
19957
19905
19977
20053
20067
20159
17665
18213
18173
17463
20075
19869
19870
20055
20171
20233
17518
17992
17973
17834
17777
20343
20209
20050
20218
20417
18552
18781
18593
18278
18043
17911
20436
20279
20215
20351
20557
18479
18915
18963
18532
20702
20455
20289
20378
20637
20679
18248
18332
18478
18311
20665
20546
20406
20408
20513
20673
18001
17997
20677
20508
20479
20407
20314
20376
20387
20499
20481
20399
20414
20523
17865
17803
20530
17575
17779
20396
20309
20276
20191
20247
20285
17555
18113
17981
20393
20226
20017
20031
20271
18171
18814
19121
19133
18858
18222
20170
20007
19858
19984
20270
18203
19169
19433
19144
18254
20272
19847
19843
20162
20487
18903
19557
19799
19476
18477
20487
20053
19712
19772
20219
20676
19225
19739
19462
18479
20545
20198
20065
20308
20523
20862
18910
19431
19439
18925
20721
20351
20077
20093
20415
20670
18666
19295
19385
19096
18277
20519
20367
20163
20233
20395
17775
18650
19272
19257
18835
18055
20335
20175
20097
20303
20492
18762
19279
19331
19149
18542
17585
20187
20008
20042
20259
18055
19031
19411
19143
18576
17731
20305
20286
20292
20345
20455
18094
18674
18921
18669
18189
20465
20299
20260
20429
20599
17860
18082
18319
18402
18444
18421
20759
20570
20466
20463
20557
20723
20746
20791
18106
18329
18588
18628
18186
20737
20699
20686
20847
18267
18453
18587
18737
18599
18270
20759
20659
20556
20678
20757
18463
18705
18809
18727
18618
18157
20623
20583
17888
18443
18868
18933
18868
18735
18315
20524
20414
20182
20258
20447
18061
18734
19047
18986
18519
17979
20292
20192
20267
20394
18038
18931
19186
19201
18663
17915
20354
20115
20039
20301
20603
18854
19319
19062
18245
20611
20531
20407
20530
20759
18648
19287
19327
18988
18200
20711
20518
20569
20762
18551
19561
19775
19369
18159
20639
20327
20304
20671
18586
19673
19857
19761
19459
18745
20793
20552
20399
20614
18399
19619
20135
19991
19126
20768
20495
20427
20359
20595
18199
19074
19525
19531
19000
18111
20433
20313
20337
20417
20586
18580
19087
19143
18633
17703
20416
20309
20222
20431
20591
18437
18773
18878
18705
18406
17699
20538
20511
20473
20487
20684
18649
19031
19062
18519
17887
20813
20828
20839
20796
20838
18078
18806
19486
19628
19279
18783
18435
18247
21010
20918
20978
18023
18793
19095
19189
19141
18913
18719
18321
20993
20939
21051
18593
19267
19511
19578
19343
18841
18295
20909
20775
20769
20753
20889
18666
19045
19181
19228
18755
18009
20531
20437
20515
20623
18307
18733
19141
19221
19029
18511
20593
20366
20165
20325
20591
18936
19495
19599
19247
18413
20495
20339
20249
20461
20677
18735
19581
19875
19895
19150
17925
20500
20376
20428
20890
19325
19843
19969
19668
19117
17955
20727
20542
20768
18120
19080
19684
20048
20031
19571
18641
20895
20879
20900
18759
19365
19607
19460
19102
18626
18233
20965
20863
20879
21014
18686
19176
19329
19306
18972
18300
20833
20755
20835
18285
18655
18846
18838
18689
18323
20898
20801
20734
20779
18251
18824
19265
19205
18877
18353
20678
20653
20663
18070
18695
19166
19299
19149
18782
18351
20754
20662
20692
18287
18804
19240
19311
19333
19141
18452
20815
20727
17999
18769
19188
19181
19275
19209
18859
18574
21019
20955
18299
18792
19315
19401
19443
19349
19182
18825
18567
21174
21129
18215
18629
18971
19129
19357
19293
18855
18265
21067
21117
18338
18603
18825
19167
19174
19276
19183
18825
18352
21019
20973
18212
18621
19005
19192
19315
19036
18656
18574
18367
18399
18235
18061
18138
18463
18787
19047
19183
19449
19459
19255
18355
20758
17904
18280
18553
18815
19148
19671
19789
19466
18743
20875
20663
20662
20801
18545
19473
20043
20064
19819
19319
18543
21001
20947
20958
18320
19309
19901
20116
19749
19065
18174
20948
20795
20915
18214
19523
20234
20319
20068
19504
18545
21009
20849
20871
21111
18884
19998
20498
20582
19969
18475
20873
20780
20902
21182
19339
20055
20343
20319
20026
19047
21022
20836
20871
18221
19295
20068
20205
20025
19351
18569
20895
20845
17935
18759
19404
19784
19829
19493
18980
18461
18393
18540
18897
19280
19412
19401
19171
19020
18638
18483
18483
18389
18797
19197
19371
19153
18803
18367
18330
18514
18543
18547
18695
18869
19096
19287
19481
19460
19367
18800
18243
21067
21121
21210
18711
19407
19667
19939
19713
19399
18733
21277
21323
18877
19588
20143
20287
20123
19728
19119
18371
21172
18203
19013
19782
20215
20246
20015
19511
18840
21139
20999
21141
19074
19941
20215
20235
19871
19458
19088
18228
20942
20849
20967
18742
19383
19710
19957
19898
19430
18729
18023
20901
18235
18373
18681
19150
19605
19726
19679
19303
18802
18498
18008
20989
21066
18631
19185
19427
19517
19451
19535
19504
19267
18902
18731
18712
18937
18879
18997
19607
20081
20203
20207
19902
19493
18900
21371
21338
21497
18745
19898
20607
20887
20841
20463
19451
18287
18343
19153
19751
20128
20206
20273
19463
18555
21306
21278
18919
19691
20285
20391
20380
20136
19379
21069
20737
20812
21129
19550
20350
20734
20567
20143
19218
20825
20527
20421
20563
18128
19148
19807
20203
20196
19788
18528
20823
20804
18818
19725
20039
20026
19762
19423
18802
21072
21014
20990
21005
18847
20094
20648
20838
20378
19615
18712
21142
21087
21281
19094
19899
20558
20893
20631
20536
20055
19303
18570
21382
21391
18952
19775
20247
20331
20190
19760
19241
19173
19100
19271
19823
20171
20302
20225
20092
19667
19417
18604
21325
21179
21239
19055
19609
19817
19727
19941
20197
20345
20142
19387
21325
21111
20873
20925
18714
19795
20225
20423
20291
19875
19611
18835
20926
20641
20777
21053
19769
20357
20513
20561
20151
19307
18211
21130
18783
19514
19969
20063
20056
19903
19605
19339
18619
21385
18918
20201
20738
20991
20855
20481
19594
21436
21386
21550
19345
19813
20468
20707
20872
20701
20239
19485
18775
18774
19083
19075
19597
20241
20449
20185
19754
19371
19297
19453
19318
19203
19308
19524
19971
20068
19785
19552
19663
19612
19223
18593
18441
19100
19423
19685
19531
19574
19591
19839
19807
19311
18760
19069
19772
20156
20145
19696
19338
19302
19563
19537
19176
18863
18976
19431
19574
19629
19781
20186
20493
20527
20207
19556
19307
19728
19709
19778
20000
20175
20497
20380
19863
19307
18702
21508
18575
19238
19734
20719
21256
21261
20942
20310
19239
21495
21491
21413
21555
21632
19404
20645
21247
21225
20670
20085
19624
19731
18947
21277
21232
18967
20243
20754
20622
20526
20519
20377
19617
18317
21093
18710
20275
20692
20517
20325
20217
20079
18849
20995
20943
18652
20222
20772
20813
20579
20434
20205
19370
21115
20863
21189
19590
20644
20919
20756
20555
20421
20395
19957
18631
21030
21042
21349
18942
19519
20222
20851
21309
21407
21051
20012
21439
21303
21213
21441
21636
20094
21207
21631
21552
20791
21592
20973
21110
21461
19297
20361
21066
21580
19015
21346
19350
21309
21149
21259
21469
19367
20636
21372
21431
21173
20213
21495
21255
21609
19281
19365
19813
20677
21335
21307
20579
19379
18540
18762
19286
19141
18613
19793
21043
21025
20175
19177
19871
20579
20551
19575
19329
20186
20228
19903
19050
18736
19732
20481
21432
21076
20799
20312
20138
21262
20215
20881
21339
18983
21007
19575
19755
21588
21214
20521
19071
21101
20729
21489
20010
21176
20977
20372
21581
19179
20719
21127
20151
19398
20995
21973
21416
19519
19425
19943
20249
21089
21373
20731
20072
20048
21526
20988
20826
19054
21655
20931
20756
20469
21609
19727
20327
21556
20949
19141
19447
19858
19076
21367
19269
20861
19559
20971
19337
21398
21682
19245
21571
18857
20999
20901
21183
21173
20147
21539
21563
21629
19471
19575
21140
19239
20907
21510
21591
21111
19935
18825
18913
21283
21241
18399
20566
20001
20129
21287
20671
20203
19521
18650
21214
21030
18546
19841
20639
20473
20254
19727
20159
20613
20715
20438
18743
21449
20467
20945
18631
20745
20245
21116
21402
19845
20218
19033
19073
21221
18935
20013
19349
21249
21641
21032
21381
20611
21571
19461
20575
19903
21060
19902
20813
20324
20855
21001
18449
21279
20572
18765
21147
21383
19695
20208
18784
20159
20841
19003
19028
20268
21785
20341
21431
21771
21503
19254
19213
20307
20969
21778
21033
22138
21715
20899
18907
19905
20241
19454
20417
21437
19939
20759
18373
19863
20253
19148
18289
19119
20481
20667
21133
20891
20203
20570
19738
18887
18950
18732
20491
19281
20511
19225
21205
18521
21029
18545
21224
19929
21823
21405
21958
20203
21231
21094
20439
21399
22389
21543
22197
20919
21872
21747
21381
19492
21168
22141
21745
21572
19637
20627
21101
21385
18519
20631
19802
21110
19617
21958
21643
21259
20679
20420
20004
19551
21332
19850
21714
22053
21411
21584
19154
20261
19011
20728
20812
22111
21391
19186
21052
21275
20701
19216
21191
20251
21085
20942
20173
20323
20587
19633
20308
18935
20142
20031
19219
18415
19627
18746
18278
21009
20183
18657
20347
19918
20259
21176
21284
21197
20811
21701
21714
19338
20050
20627
19758
21375
21987
21907
22111
22704
22773
22761
21645
22779
21572
21708
22196
22389
21234
22129
20315
21832
21746
19927
21204
19775
20153
21412
21710
19984
20205
20937
21114
20304
18785
20863
20053
19819
21149
19815
21639
21550
22053
20226
18823
19734
20702
20617
20464
20715
21169
21500
21590
20564
20629
19059
19232
19803
20433
19487
19225
18520
20324
18279
20077
18209
20270
19751
18605
20393
19475
19395
19885
20189
20220
21435
18349
21023
21639
21234
19810
19837
21442
21200
18788
21338
19783
22489
21164
22220
22963
22693
22569
20379
22257
22488
20457
21457
23111
22964
20697
20750
19750
20960
21160
21134
19157
19370
21125
22194
21767
22011
20957
20509
20528
20801
21158
21719
20618
22178
19593
21999
21325
19265
18225
20491
21095
20396
20919
20856
21227
20566
19011
20806
20056
19436
19061
21263
21399
21659
19733
21407
19939
21085
21047
20727
19191
19856
20322
18911
18575
20240
20403
20759
20079
18911
19403
21212
21092
20714
19228
19941
20911
20859
21159
22169
21707
20962
21441
20548
22462
21107
22468
22705
22703
22677
20572
21883
21914
22397
22454
20316
21822
21810
21969
21757
22477
22111
20667
21711
21439
20453
21753
19751
20847
21775
19319
18377
21063
20655
20262
20533
21081
21115
20855
20984
20585
21438
20954
21978
20269
21628
20463
21290
21385
21399
19004
21019
18177
19289
21175
19757
21463
20748
20825
20806
19557
18897
19063
20695
20743
19193
20033
20959
20571
21249
19880
21446
20663
21239
19939
20267
20175
21157
21652
22025
20933
21243
22053
22146
19973
22505
19359
21431
19938
22479
22631
21920
20695
21383
20997
22739
22605
22761
22868
22461
19852
20977
21698
19207
20768
20953
19128
22051
21952
22083
21865
21571
21699
21639
21003
20772
19711
21490
21656
20307
20911
19373
21793
19447
21509
19819
19871
20057
18991
19546
20183
20371
21222
19701
21304
20239
20217
19464
21488
19671
20947
20829
21100
21311
20427
19083
20215
20402
18999
20087
20855
20863
21199
21607
20609
21297
21295
19615
21343
20879
20201
22342
20969
22273
19715
20009
21938
18871
20249
21832
21791
22235
23369
23231
22115
22340
22373
22196
22809
21933
21997
20804
22494
22033
21258
22009
21453
21879
20846
22245
19991
20512
19499
21653
20585
20360
21171
22045
22195
21116
19032
19521
21070
21525
21338
21011
20828
20700
20207
19819
19637
19153
21690
21598
20233
18918
20750
20070
21203
19565
21391
21266
21092
18747
21143
19673
21257
20993
19193
21191
20548
19249
20173
19151
21755
21825
22063
21555
21615
21305
20696
22407
20777
20793
22477
20105
22251
22177
19877
21298
19889
22416
22735
21717
20322
21536
21261
20996
22711
22769
21836
22807
22269
21751
19587
21522
21971
20108
20182
22604
21663
21127
22637
19423
22119
22011
20226
21463
19235
20656
19217
18730
18169
20163
21291
19400
20554
20498
19655
20926
19823
19381
20233
21897
21791
20144
21730
18725
19743
20407
19607
19009
20213
21054
19511
21319
21265
19163
19711
20759
19962
20721
21098
19534
22325
19861
20171
22417
19887
22417
21061
22741
21123
23265
23491
21307
21835
21549
20304
20123
20841
20423
21678
20405
21927
22015
21037
20982
22448
21916
19774
21505
20313
20051
20697
21711
22767
21116
20423
19839
21783
21580
20143
19201
19621
20020
19670
20729
20717
19703
20628
19890
19440
19829
21135
21173
21093
22605
19662
21171
21615
21767
20161
20660
20685
20401
19593
19723
21091
21205
21567
21279
20455
20479
20631
20365
20331
21231
19086
20585
20295
21950
20566
22063
20230
22857
22249
21863
21360
20235
19671
19188
19985
20109
19740
19567
19941
19487
21616
22585
22379
23157
23071
22329
21963
21975
22433
22627
21219
20852
21185
21327
22493
20031
21398
21051
20269
21725
21697
18691
20963
18308
20183
19954
21468
21088
22301
22061
22969
22055
21892
21265
21600
21949
19966
21919
22009
19967
22550
20527
20488
19127
21708
20398
20612
21109
22456
21537
21586
21622
22507
23210
23107
23915
23477
22356
22711
21353
22401
21871
21498
18930
19349
20146
20712
21432
18973
20537
21644
21532
20721
21744
20939
21242
19900
19949
19240
18189
21261
20437
19986
21587
21079
20187
18876
20173
21151
18655
19134
18378
20991
19741
20575
21143
21321
20049
21529
19275
21751
22159
23039
22305
21335
22955
23046
19715
22023
22151
22069
21495
20527
20141
21721
21741
20853
21692
19847
21508
21026
22271
22583
21339
22428
23157
20805
23027
24131
23111
24012
22535
23308
23858
24077
21503
20501
22917
21138
21709
20901
21429
22760
22082
22004
22361
21987
19943
19361
21067
21231
23011
22985
22546
21812
19985
21611
20678
19583
21093
18094
20979
19785
20192
20321
20233
20021
19839
17506
17211
19891
19881
20609
20186
20455
21709
19288
20651
20421
19631
22225
22883
22809
22353
20507
21799
20878
20940
21077
21071
19395
20213
21921
21323
20722
21957
21727
21442
19932
22309
21919
22871
22065
23476
23712
21837
23399
21044
23496
21809
22708
22297
22657
19567
19915
20511
21037
22421
22161
23186
23511
23375
21999
23254
23545
22667
20523
22837
21300
21428
22216
22107
21107
21877
21258
20623
21566
19207
21783
19973
18757
19409
19583
18923
20197
20483
21305
19510
20983
21683
21089
20017
19613
20537
19297
21436
20340
20547
20454
20699
20820
21231
20261
19147
20897
19807
19199
21257
22415
22583
19815
20521
21587
20769
22164
22390
22289
22095
21617
22899
21219
23115
22866
22341
21085
21781
21041
21521
19693
21830
19823
22513
23191
20899
23399
21259
21338
22826
22133
24008
24231
20693
20395
22103
23773
21475
23052
22354
19953
22364
22579
20841
19661
20386
20954
21096
20602
21251
19030
21042
20337
21497
21139
21997
19460
19339
21643
21362
21413
19715
20207
20274
17849
19895
20465
20144
20804
19441
20936
20475
18711
20522
21061
20750
20423
22725
22063
21783
22444
20417
22428
20698
19295
22475
21977
22235
22087
20604
20872
21614
22313
20301
20091
21547
20732
20797
22431
23165
22353
22816
22406
20551
22188
20884
23487
22146
23976
23451
22273
23130
21900
21939
20753
22129
23085
21977
21247
21613
21059
21451
21899
20670
22543
21753
22519
20942
22105
22444
22442
22306
21658
22411
19974
21283
20669
20885
20919
19310
20535
18401
19870
20455
20043
20718
18149
20647
20629
21286
20521
21057
20327
22185
20276
20657
20914
21875
18597
21505
21422
20303
21644
22103
20967
21699
21886
21341
22284
22023
21525
21927
21562
20808
23067
22019
22831
20789
21213
23360
23453
22933
22995
22063
21139
23268
21989
23050
22657
20409
22500
23070
22742
22477
23403
21178
20621
23487
22053
21258
22341
23431
20657
21569
22215
23096
23310
22510
22777
19540
21207
20563
21692
21587
21679
21501
19086
19561
20197
20871
20957
18098
19704
19098
21441
19644
20834
20915
20527
21664
19379
18282
20487
21209
19092
20541
20068
20941
19151
21423
20264
21695
21793
20720
21251
20567
22158
21016
21051
20822
19921
21690
22265
22421
23028
23538
22973
22535
20795
21214
22475
22069
21758
21414
22345
23157
22133
21586
20117
20181
23528
23051
21747
24351
24117
23107
21775
22632
21413
23031
20530
23555
23528
22666
23239
22685
19713
20511
21434
20580
21982
22071
22231
21593
22005
20782
20784
20394
21294
21029
19558
22007
21069
20895
19247
21031
19738
20971
20057
19903
20900
20601
20252
18821
19561
21191
21523
19364
21509
22026
21151
22175
22453
22418
22701
19867
20598
23110
22031
20519
20464
21559
22708
19963
22915
22655
22847
23031
20669
21061
20196
22889
22151
21644
22092
23562
22249
23189
23034
22042
23601
22160
20479
23611
21253
22949
21654
23362
21168
21457
22772
22627
22191
23199
20820
20558
21145
23135
23349
22684
20631
21808
22633
22067
22514
21255
22487
21547
22047
21677
20381
20425
20636
20287
21229
20751
18712
19514
21463
20721
19899
19492
20125
20867
21572
19197
19804
19809
19745
19355
22233
19379
20092
20979
21174
20127
21892
22543
21517
21647
19929
22670
22452
20231
22958
21027
22483
20297
23749
22529
21570
23831
22701
22793
20795
20799
20149
21623
20930
22365
21973
21900
23479
20694
22511
22726
23295
22875
20894
23028
21076
22705
23351
23271
22541
23522
21281
22957
22886
20637
22298
22887
20714
20410
22135
21151
20611
20837
21313
21564
21799
21903
19785
20615
20051
21585
20619
20010
20533
21433
21983
19797
20375
20169
19053
21303
20727
20187
20193
21176
19047
20765
21537
21276
19841
21803
21039
21622
22508
20523
22215
22731
22280
23450
21636
23235
23143
20801
23295
22854
21485
21764
22776
22753
23129
22419
22991
21995
21089
23669
22056
21026
21721
20550
20319
23258
21589
22373
22827
21781
22156
23551
23711
20519
21830
21999
20859
20732
20249
22227
21361
21605
20599
19734
22055
19699
20118
20634
22655
20114
22292
20549
21502
22080
21748
20713
20536
19939
21055
20527
21055
21092
21168
20153
20700
19703
18779
21197
21845
21493
22195
20838
19164
19839
21831
20242
22096
20043
20659
22771
20663
21628
22975
23026
21738
23086
21355
22007
21326
23242
21915
20059
23591
21612
22882
23733
21740
22721
23102
22364
23887
22873
21791
21861
22737
23249
23430
23591
23625
23646
23693
23503
22897
22192
21887
21641
21854
22213
22930
20879
21833
22011
21702
20970
19943
22833
22093
21821
22159
22469
20591
21463
21403
20291
21683
20101
21802
18871
20374
21789
21187
21865
19848
21853
20818
21531
18894
21201
21566
20757
20595
20231
21575
20077
20183
20522
21912
21194
21903
20939
20585
20406
22203
21983
22347
21943
22029
20119
21190
20780
21372
23873
21891
23547
20618
21892
23298
22753
23376
22611
22215
21339
22375
23793
21159
22251
23522
23399
20393
22321
23545
21521
22038
21593
23665
23031
22762
23191
23606
21367
21591
21271
20900
21252
21759
21755
21067
22712
22188
21571
21177
20911
21288
21951
19659
21034
21406
21053
19609
21479
20085
20404
21759
21103
21964
21967
21338
19172
20955
19587
19017
20161
21681
20445
21827
21943
20567
21359
22061
20955
22043
21655
21553
20491
22167
21142
21897
22263
23031
22911
20777
23263
22765
21003
21463
23191
23408
23326
21100
21177
23243
23471
23577
22901
23031
23908
23799
23739
22451
23076
22359
22495
22312
23667
23181
23579
23385
23081
19976
19858
22795
23085
20384
22752
22327
22679
22653
22760
21713
22316
21773
21325
20441
21579
20933
21864
21945
21879
20133
20647
19775
19655
21907
19855
21919
20374
21357
19575
21864
19545
20961
22043
20886
21664
21631
20283
21921
20927
20787
21579
22503
23039
20841
21602
21673
20803
23143
22842
22843
23068
23289
23474
23573
23769
23815
20686
21282
21066
23918
23818
23593
23801
24086
20659
21060
21267
21629
22486
23001
22583
21029
23397
22831
23021
23395
23606
23582
23619
20403
20603
20676
23489
22979
22407
22257
22879
20908
21848
21967
21267
20342
22807
22477
22046
21615
21698
22010
22453
20584
20714
19879
21842
21083
20347
20343
20843
21597
19253
20807
21454
21250
20665
19693
22135
21946
22120
22579
20631
21337
21327
20570
22682
21927
20913
20503
21732
23159
22052
23125
22981
22367
20978
23444
23015
22532
23150
21341
23720
21146
24169
23130
23909
21503
23311
23303
21389
24017
23071
23931
23659
22967
20543
22291
23537
23650
22305
21339
23799
22331
21845
22983
23095
23327
22087
22595
20581
22983
22197
23318
20853
22569
22907
20293
21555
21427
22601
22527
22397
21458
21256
22271
20269
20900
21806
21571
19632
22012
21148
22251
20659
19813
20917
21255
21751
21280
22205
22069
21597
20610
21659
20991
22111
22743
20920
22873
23039
21624
23357
22826
20966
21549
23607
21743
22527
23569
23161
23874
23601
22685
23945
21683
24112
23025
24046
22265
23807
23643
21164
23517
22630
24177
21844
23929
21301
21902
23543
23379
20555
22831
21191
23472
22039
22203
23303
20246
20051
21600
21067
22492
22140
22099
21011
22171
21155
21779
22087
19433
22364
19474
21749
20558
22415
21020
20809
21837
21996
19209
21550
22058
21302
20695
22192
22244
21941
21067
22325
21635
21017
20999
22059
20462
22445
23033
22965
22116
23048
21831
21121
21975
23092
23511
20591
20695
21197
21682
21887
24024
23431
23117
23735
21295
22244
22123
21252
24224
24195
24082
23985
23819
23896
24009
23973
23883
23895
23812
23873
20806
23944
23557
23431
23521
20647
21319
21103
20555
20463
20940
21393
21482
20949
20299
22953
22209
21997
22519
22963
20769
20927
20771
20563
20703
20779
20359
22425
22215
22297
20202
21479
21689
20888
22191
21563
21650
22153
19681
20317
20317
20599
20673
20000
22378
22001
22097
22459
19823
21429
22622
23082
22569
20861
22410
20984
21372
22937
21144
22698
23099
22587
21527
23789
22603
21247
21409
23553
22153
23847
24268
23951
22803
23891
22273
24033
21187
23675
22517
23651
23659
22702
24045
23387
22815
22516
22846
23742
22228
23280
23442
22913
21288
22840
21801
21884
22797
21169
22635
22875
22378
21079
22653
22304
21984
22037
22318
22723
21003
21886
22300
21889
20544
22204
21799
21981
22399
19793
20259
20451
20373
20325
20084
19614
22621
22536
22601
22755
22877
23186
20525
20981
20746
20561
20586
20631
20324
23691
23753
23828
23832
23895
23915
24046
24191
21197
20839
23991
23731
23839
24253
21537
22193
22053
21617
21234
24221
24181
24149
24049
24092
21046
22038
22535
22251
20733
23259
22967
23225
23691
21709
22585
23064
22945
22089
20273
22656
22011
22163
23013
21569
22655
22943
22541
21331
22480
21060
20229
21273
22589
21824
20111
20573
22419
20660
21909
20615
20611
21887
20231
22013
22638
22689
21793
22631
20835
22489
22709
21941
21319
23075
20924
23043
21600
23150
21743
21464
22454
20439
22783
23607
23568
22939
24057
22748
21333
21890
23515
21554
23473
23948
23594
21969
23801
23118
23243
24183
22458
23533
23779
23625
22620
24085
23333
22913
23172
23875
21976
22858
23029
22328
23791
22913
22545
23088
21024
22437
22898
22680
21856
20532
22976
22711
22601
22911
20917
21873
22302
21836
20236
22020
21295
21393
22183
19634
21427
22285
22277
21194
22520
21939
21982
22331
19760
20891
21505
21947
21833
21228
23021
22307
21715
22217
23213
21777
22705
22824
22062
23767
23279
23191
23585
24103
22249
23175
23415
23214
22455
21127
24001
23394
23532
24163
22331
23535
23758
23050
21319
23847
23575
23683
24097
21707
23169
23746
23673
22605
20693
23372
22733
22891
23386
20712
22164
22733
22687
22061
20591
22979
22622
22856
19988
21457
21959
21971
21256
20487
22765
22463
22336
22634
20265
21239
21501
21243
20449
22699
22348
22343
22655
20775
21605
21887
21442
20514
22868
22599
22709
23025
20556
21347
21645
21775
21561
20585
23169
22867
23131
23821
22487
23549
23769
23463
22281
23975
23421
23525
24107
21849
22721
23037
23023
22831
22161
24365
23648
23290
24057
21809
23324
23679
23569
22649
21314
23901
23671
23940
21196
21959
22335
22403
22085
21440
23689
23236
23007
23271
23607
21030
21154
21397
21045
20508
23249
23034
23085
20850
21882
22231
22077
21478
20547
22823
22470
22448
22614
19637
20923
21592
21709
21180
22947
22439
22172
22426
20021
21523
22477
22800
22587
21698
20417
23065
22923
23313
20889
22236
22959
23039
22356
23947
23083
22705
23103
24078
22425
23599
23949
23679
22823
21325
24147
23935
24107
21174
22631
23369
23327
22946
21601
24211
23787
23895
24304
21918
22588
22516
21631
20842
24063
24122
21195
21528
21907
22039
21749
21301
20518
23489
23247
23385
20886
22011
22393
22273
21235
23205
22765
22706
22907
20348
21469
21959
21921
21741
20861
22966
22711
22733
22953
20790
21824
22326
22215
21396
20028
22901
22847
23121
20863
21799
22497
22441
21943
20845
23414
23127
23479
20359
21717
22688
23103
22771
21939
20801
24011
23927
24167
21445
22787
23404
23334
22797
21550
24317
24015
24175
21129
22469
23199
23241
22319
24371
23775
23635
24047
20871
22107
23136
23692
23656
22705
24119
23122
22741
23303
20903
22711
23409
23349
22809
21370
23237
22495
22181
22458
23252
21753
22887
23111
22887
21815
20151
22716
22662
22889
21202
22354
22631
22594
21923
21144
23022
22498
22157
22297
22860
21253
22245
22709
22547
21954
20731
23336
23261
23475
21071
21853
22431
22598
22525
22183
21681
20847
23973
23895
24029
24253
21631
22188
22502
22499
22229
21981
22003
21686
21546
21686
21830
21842
21778
22037
22599
22948
22826
22364
21495
24365
24207
24195
24285
20991
21735
22624
23158
23327
22563
21105
23421
23069
23444
21009
22555
23157
23207
22782
22102
20932
23213
22969
22977
23207
21240
22433
22867
22816
21741
23061
22409
22482
22936
21032
22003
22471
22659
22450
21841
20504
22911
22551
22715
23199
20951
22467
23127
23188
22454
21219
23511
23219
23399
23751
21591
22644
23203
23338
23095
22444
24342
23892
23729
24097
21801
23291
24091
24131
23461
22156
24451
24239
24317
21295
22794
23756
23957
23475
22809
21684
24183
23574
23724
24264
22593
23513
23807
23513
22543
21251
23757
23563
23909
22081
22960
23143
22846
22179
21108
20307
23376
23194
23255
23371
21491
22563
22903
22520
21277
23135
23023
20109
20853
21285
21551
21753
21922
21997
21663
20974
20039
23167
23078
23368
21155
21999
22109
21774
21353
20788
20489
20819
21131
21364
21563
22149
22768
23082
23151
22756
22239
21289
24535
21119
21640
21931
22275
22803
23296
23163
22670
22195
22039
21946
21535
21498
22059
23131
23770
23765
23238
22467
21759
21133
24329
24273
21199
22277
22773
23048
22711
22147
21207
23911
23685
23615
20709
22092
23007
23329
23129
22309
20823
23227
23047
23207
20149
21421
22271
22488
22313
21672
20615
23089
22929
22981
23294
21337
22207
22576
22552
21998
21055
20457
20391
20807
21279
21458
21491
21545
22055
22227
22122
21808
21325
21663
22198
22084
21605
21497
21934
22508
22781
22766
23133
23076
23141
22422
21521
24759
21401
22351
22659
22711
22719
23399
23496
23024
22636
22278
22091
22298
22414
21671
22038
22619
22546
22023
20895
22168
23005
22951
21903
20912
20494
23841
23855
20467
22136
22778
22855
22901
22616
22116
21297
23511
22691
22727
20347
21666
22199
21893
22264
22311
21681
20310
23412
20727
21951
22823
22903
22491
21964
21447
20540
23065
22538
22850
23821
22545
23627
21173
23870
23487
22782
21081
23551
23711
24169
21829
22195
22293
23281
23574
23303
22529
21535
21555
22503
22985
23295
23439
23347
23139
22527
21945
21871
22031
21318
24672
24949
22692
23524
23490
23018
22694
22630
22605
21924
21106
24330
24347
24287
24239
21209
22421
22955
23365
23115
22465
21540
20976
23740
23464
23367
21049
22415
23010
23183
22997
22443
21467
23508
22851
22593
23011
21130
22423
22969
23213
23017
22543
21563
20899
20919
21608
22365
22551
22774
22510
22083
21201
23641
23521
23597
21220
22813
23751
23939
23935
23461
23007
22937
22654
22677
22141
21589
21491
21740
22343
22254
21985
22126
22719
23426
23607
23556
22663
21664
21263
21687
22337
22775
23612
24002
23803
23079
22090
24631
24289
24116
24147
21730
22663
23586
23783
23524
22909
21937
20975
23615
23556
20999
22599
23277
23301
23167
22433
21033
23213
22805
23033
23479
21933
23335
21599
21757
23410
22173
23314
22599
22397
22988
21283
22967
20664
21063
23367
22513
20653
23210
22926
23578
21757
23247
23779
23906
23433
22315
24142
23672
24075
21631
23527
24286
24529
24491
24225
23187
21321
24279
24109
24613
21928
23153
23795
23851
23543
23175
22591
22061
21559
22097
22751
23158
23429
23856
24118
24058
23851
23461
22879
22247
21155
24259
24165
24176
24123
21105
21944
22443
22768
23104
23123
23245
22903
22319
22027
22295
22741
23047
22966
22544
22351
21612
20623
23130
22798
22946
23441
21897
23025
23339
23303
22958
22383
21361
23603
23604
21258
22700
23605
23711
23449
22916
21947
23967
23264
23081
23807
21827
23537
24273
24351
24207
23683
22782
21507
24604
24569
21382
23090
24225
24606
24685
24247
23345
22213
24740
24345
24667
22138
23377
24061
24581
24733
24503
23542
21833
24300
24103
24421
22254
23465
23903
24048
24069
23807
23017
21759
24241
24085
21122
21975
22599
22897
22830
22683
22735
22573
21932
21152
21045
21618
22317
22549
22555
22687
22759
22635
22133
21147
20519
20553
20585
21041
21982
22624
23229
23303
23164
22733
22275
21809
21564
21651
21555
22001
22969
23415
23483
23218
22494
24513
24475
24635
21581
22355
23216
24379
24874
21689
24725
23765
22372
21799
22159
21990
22382
23546
24010
24114
23838
22793
24997
24370
24242
24920
23237
24361
21735
22393
21712
24367
23223
21532
24441
24288
24225
21149
22458
23618
23931
22951
20919
23712
23737
20545
21767
22182
22829
23605
23631
23328
22266
21225
21014
21334
21555
22295
22890
22841
22527
21692
20415
23447
20426
21417
21935
22375
22755
23103
23177
22779
22474
21991
21964
22853
23503
23588
23509
22988
22726
22839
23191
23233
23253
23287
23287
23612
23621
22921
21707
21295
22173
23291
23920
24261
24634
24905
24765
24031
22695
22303
22391
22743
23255
23715
24283
24341
23712
21935
24147
23767
24258
21137
22431
23754
24444
22188
21818
23769
21797
23947
23873
24096
22033
22737
23226
23480
23325
22674
21290
23664
23399
23724
21683
22701
23324
23309
23145
22851
22393
21756
21238
21306
21460
21871
22265
22384
22563
22841
22967
22729
22511
22535
22797
22881
22839
22599
22459
22896
23570
23826
23257
22623
22475
22477
22300
21990
21951
22820
24070
24783
24919
24677
24259
24018
23383
22767
22259
22837
23679
24085
24164
23927
23485
22693
22089
24936
21598
22631
23777
24352
24493
24669
24371
23245
22135
21605
21813
22013
22450
23181
23951
24099
23621
22653
21452
21321
21618
21967
22309
22643
23094
23346
23047
22301
21251
20790
21099
21676
22159
22603
23258
23383
23421
22837
22235
21865
21737
21971
22197
22594
23098
23297
23283
22767
22008
21657
21677
22141
22808
23508
23955
24161
24279
23964
23493
22855
22605
22745
23371
23751
23988
23970
23921
23707
23033
22178
21680
21952
23095
24155
24716
24775
24653
24219
23781
23021
22205
21980
22601
23427
24117
24340
24097
23651
22921
22143
21497
21495
22437
23442
23883
23875
23453
23011
22551
21913
21623
21315
21767
22890
23557
23688
23449
22895
22715
22572
22169
22021
22495
22949
23447
23463
23007
22274
21772
21467
21385
21833
22405
22996
23585
23801
23710
23416
22777
22266
22153
22611
23159
23559
24079
24259
24087
23355
22631
21987
21923
22458
22823
23381
23957
24507
24624
24287
23847
23467
23352
23518
23779
23909
23881
23995
23687
23254
22952
23015
23356
23409
23623
23603
23520
23595
23584
23719
23579
23382
23292
23349
23332
22995
22274
21743
22438
23291
23741
23905
23713
23472
23115
22521
21935
21943
22343
22761
23359
23393
23353
23167
22607
21771
20496
23752
21321
22925
23705
20891
23959
23547
22799
22081
21043
20854
21797
23031
23831
24252
24179
23795
22745
21485
24399
24488
21929
23511
24648
22234
21848
24427
23143
22005
24989
24915
21722
23140
24413
25089
25207
24899
24055
22969
21962
21675
22590
23573
24813
25311
22076
24910
23906
22744
21838
24996
24974
22151
23423
24399
24931
24894
24391
23683
22831
21973
21802
22396
23209
23777
23963
23999
23718
23005
22260
21521
21240
21513
22357
23144
23522
23663
23657
23061
22530
22348
22296
22479
22749
22972
23351
23639
23621
23167
22560
21898
21823
22071
22333
22754
23307
23792
24103
24068
23827
23322
22961
22685
22477
22381
22821
23723
24369
24567
24575
24311
24011
23682
23273
22916
23129
23805
24545
24821
24657
24081
23613
23226
22963
22847
23203
23957
24687
24866
24903
24593
24106
23464
23049
23059
23460
23937
24199
24019
23865
23527
23268
22949
22545
22437
22495
22926
23427
23737
23743
23511
23108
22971
22989
22919
22913
22868
22927
23287
23435
23295
22852
22416
22199
22210
22395
22788
23253
23549
23760
23750
23447
23071
22739
22392
22143
22380
22893
23554
24036
24175
23901
23577
23365
23173
23174
23357
23723
24359
24666
24583
24377
23600
23392
23193
23079
23120
23575
24417
25049
25357
25205
24574
23595
22985
22836
23145
23785
24519
24756
25049
24969
24419
23571
22719
22067
21991
22680
23621
24376
24693
24557
23989
23125
22439
22410
22591
22911
23289
23759
24097
24104
23863
23143
22057
21200
21415
22119
22935
23553
23879
24093
23913
23451
22692
22049
21603
21859
22454
23086
23755
24104
24247
23889
23120
22245
22207
22712
23339
23603
24047
24315
24449
24245
23523
22529
21965
22407
23121
23929
24626
25039
25061
24969
24620
24027
23361
23293
23806
24439
24677
24826
24803
24748
24430
23799
23335
23026
23306
23659
24145
24482
24578
24503
24200
23824
23397
23355
23345
23793
23980
24078
23990
24005
23838
23467
22895
22456
22482
23101
23567
23834
23779
23659
23647
23407
23093
22975
22903
22755
22907
23076
23271
23322
23315
23331
23246
23160
23316
23575
23729
23549
23562
23574
23589
23363
23301
23039
22957
22967
23298
23648
24047
24235
24453
24267
24084
23919
23731
23767
23975
24257
24310
24591
24543
24353
23989
23448
22979
23127
24145
24791
25162
25299
25201
24561
23705
23084
22791
23261
23927
24609
25080
25241
25118
24593
23775
22597
22021
22057
23345
24375
21725
21992
24702
24210
23126
22051
24637
21009
22146
23506
24305
21902
22038
24339
23495
22255
21199
20941
21489
22887
24004
21687
21919
21168
23825
23025
21643
24283
24289
21839
23200
24144
21603
21882
24452
23849
22911
22314
22272
23074
23982
24697
21755
21651
24622
23733
22627
21815
21955
22905
24057
25021
22452
22747
25433
24649
23687
22775
22973
23425
24103
24583
24960
25031
24919
24676
24268
24029
23711
23691
23817
24121
24602
24743
24531
24233
24116
24389
24404
24239
23795
23199
22669
22936
23197
23447
23820
24203
24358
24370
24255
23873
23161
22682
22629
22953
23225
23593
23855
23896
23849
23433
22863
22399
22701
23301
23860
24033
24141
24159
24239
23995
23462
22519
22138
22735
23449
23863
24246
24221
24433
24516
24357
23655
23193
23379
23889
24519
24567
24457
24490
24458
24278
23975
23609
23693
24044
24443
25059
25205
25200
25106
24912
24535
24421
24239
24211
24191
23832
23415
23167
23831
24409
24722
24645
24464
24610
24847
24709
24181
23585
23315
23578
24159
24482
24450
24133
23669
23466
23220
22657
22196
22474
23452
24330
21411
21475
24508
24193
23618
22821
22531
22891
23236
23799
23996
23979
24033
23718
23439
23009
22766
22973
23481
24152
24613
21425
24577
24403
24031
23464
22943
22623
23163
23645
24575
24949
25137
25239
25071
24893
24227
23467
22980
22960
23721
24884
25505
22351
21991
25306
24619
23590
23123
23129
23347
24141
25235
22790
23041
25557
24941
24014
22669
21925
23063
24300
24935
25050
24991
24690
23945
22927
22641
22019
22248
23897
21873
23310
23113
24727
23715
22413
21631
21887
22768
23545
24295
22023
21571
24129
23119
22423
22155
22527
23707
24460
22360
22068
24320
23639
22579
21951
22378
23302
23921
24540
21458
24697
24345
23314
22633
22933
23931
24631
25031
25052
24897
24752
24046
23253
22966
22951
23985
25011
25446
22204
25385
24516
23319
22691
23282
24555
25249
25503
22228
25557
25283
24545
22868
21715
22421
23699
24679
25471
22231
22011
25225
24595
23553
22975
23368
24349
24987
21891
24703
24364
23799
23327
23077
21983
22754
24117
24827
22199
21459
24283
23413
23135
22935
23437
24025
21266
21735
24317
23430
22159
21517
21967
23319
24348
24523
22047
22283
22117
24225
23151
21475
24460
22517
24336
22688
23463
22975
24809
23723
22901
22344
22599
23087
24547
22240
22839
23039
22201
25107
23487
22791
22325
23271
24839
22159
23299
22300
25141
23693
21976
25469
22626
24377
25187
23275
24834
25131
24471
25491
22657
24378
23828
24551
22808
24897
23717
24717
24744
23301
24023
24789
23613
24195
21464
24004
23609
21835
22060
24071
24205
24311
22167
22003
24197
23503
22757
24436
24625
23913
21650
23141
24332
23443
23841
22134
24414
23318
24099
23879
22295
23788
21589
24621
24983
23099
24379
21718
23405
24063
23601
22057
23984
21911
24831
25367
23476
24664
25347
22791
23091
22867
25485
24675
24053
23792
23721
24142
25031
25635
23237
23100
25647
24805
23513
23079
22824
22809
23479
24659
25368
22239
22759
22719
21935
24957
24100
23159
22552
23216
24385
25239
21802
21846
24819
24409
23448
21583
24593
21291
23373
24433
22883
23991
23967
23455
24455
23167
21725
24619
21455
22926
24311
22242
23156
22049
24302
23687
22801
22740
22697
23481
24441
23352
23957
23395
24823
23858
23601
23385
22220
25108
22242
24527
22105
23183
22646
23013
22510
24833
23377
22089
22655
23721
24938
25282
25590
23223
23197
25843
24051
25763
25339
22211
24229
24940
25589
22902
24230
23911
25680
24583
22794
22237
22247
23295
24603
22138
23255
22527
25143
24769
24551
23882
22797
22669
23358
24652
22818
23559
23140
22067
24629
23753
22785
22083
22290
23250
24296
21991
23129
23500
23241
22364
24240
23370
23267
23335
23215
23631
24303
21446
22339
22023
24596
24305
24055
23497
22663
23069
24510
22629
23654
23953
23790
22699
24738
22527
24765
24426
25380
24179
22103
24009
24155
23416
25455
23418
25365
25173
23328
25519
23911
24605
24603
23941
25351
23091
25101
25055
22070
24489
25609
23153
23723
23024
25182
23972
23364
24087
24679
25179
22427
22887
22393
24954
24477
23702
23611
24020
24458
24704
24763
24906
24795
24511
23919
24011
24397
21425
22099
24634
24253
24122
23849
23435
23351
23759
24453
22215
22684
22229
24775
24241
23693
22881
22459
23690
24903
22758
22790
25015
24539
23749
22812
21596
22043
23695
25482
24063
24436
23631
25497
24497
23279
22294
22131
23447
25198
22614
23197
22915
25714
24953
23683
23065
23831
24945
25777
23592
24379
24249
22975
25467
24560
23957
23655
23765
24301
24783
25239
22635
23113
22525
25158
24807
24642
24601
24361
24437
24804
22855
23389
22795
24787
24221
23575
23024
21915
21985
23114
24415
22617
23140
22695
21735
24528
23999
23391
22837
23149
24001
24459
24887
24953
24791
24446
23965
23390
22553
22551
23511
24492
25229
22226
22943
23639
23365
25215
24131
23247
22705
22917
23837
25105
22703
23681
23949
22978
25531
24643
24088
23870
24653
25679
23206
24151
24446
23823
25927
24759
23203
22610
23532
25254
23123
23949
24204
23797
23058
25483
24487
23103
22116
23275
24621
22161
23315
23711
23573
21964
24445
22997
21708
21776
23082
24493
21958
23394
23938
23803
22172
23551
24635
24059
24186
21703
23895
22389
23733
23727
22417
24581
23705
22794
22479
23187
24503
22603
24063
23999
22414
23957
22503
21617
22038
23651
25279
23458
24164
23999
23295
25551
25077
24575
24643
25303
25852
23023
23383
22745
25689
25084
24570
24530
24929
25605
22503
23167
25985
25566
25311
25591
25747
22947
22947
22537
25622
25146
24803
24306
23931
24313
24839
25159
22210
22551
25277
24520
23517
22862
23445
24585
21752
22515
22619
22425
21448
24333
23520
22837
22541
23052
24134
24752
22724
23175
22546
24657
24015
23327
23188
23735
24397
24811
21780
22462
22651
21698
24634
23847
23464
23533
24458
25594
23519
24079
23803
22719
25205
24729
24258
23575
24048
25084
25929
23780
23769
22718
25486
25275
25279
25551
25869
26194
23020
23084
22489
25693
24941
24063
23988
24615
25471
22596
22939
25726
25343
25113
25188
25413
25367
25321
25210
25274
25377
24959
24256
23590
23536
24279
24925
22437
22459
21769
24568
23722
23591
23979
24489
24653
21827
23104
23560
22860
24583
23391
22094
22625
23779
24573
21854
22881
22941
22473
24865
24024
23399
23715
24492
25319
23395
24271
23972
22871
25047
23917
23358
23693
24574
25171
25669
23425
23877
23097
25439
24620
24589
25151
25669
26123
23359
23413
22585
25671
25153
25118
25001
25083
25245
25595
26074
23096
22815
25805
25147
24949
25244
25301
25230
25277
25394
25341
25251
25126
25157
25363
25396
25133
24884
24879
25002
25077
24725
24402
24367
24637
24964
24899
24658
24621
24687
24663
24422
24453
24749
21613
21961
21726
21696
24941
24857
24782
24647
24623
24622
24745
24877
24926
24827
24735
24897
24931
25085
25353
22262
22397
25585
25541
25508
25479
25495
25351
25370
25424
25510
25429
25282
25197
25468
25577
25609
25857
26091
23228
23316
26156
25558
25263
25652
25743
25668
25543
25659
26108
22901
25958
25249
24603
24647
25220
25653
25570
25575
22271
22997
22815
25263
24888
24715
24952
25142
25198
25194
25232
24951
24505
24329
24595
24855
25038
21873
21737
24939
24853
24713
24499
24471
24573
24862
22132
22967
22729
24831
23879
23615
23909
24652
22005
22677
22779
22727
22711
25349
24742
23951
23804
24688
22251
23653
23089
25681
25221
24910
24603
24651
25363
26177
23919
24525
23899
26135
25519
24580
23735
24241
25453
23135
24412
24505
23657
26043
25367
24916
24645
24754
25574
23169
24455
24415
23440
25534
24492
24181
24513
24874
25287
22327
23382
23547
22872
25236
24912
24663
24737
25034
25127
22265
22951
22639
25148
24687
24255
24017
24241
24679
24914
24942
24833
24933
25157
21809
25173
21707
21833
22407
22170
25072
24672
24199
24139
24311
24759
25249
22209
22807
22442
25471
25111
25021
25347
25745
23036
23446
23449
23071
26021
25343
24219
24108
24947
25933
23321
23585
23696
23443
26191
25771
24895
24553
25326
26321
24319
24573
23895
22873
25765
25522
25175
24762
24951
25503
22721
23591
23657
22905
25685
25323
24979
25034
25108
25309
25501
22447
22418
22391
25273
24857
24631
24633
24743
24989
22005
22709
23199
23151
22122
24875
24473
24111
24060
24137
24550
24975
22589
23172
23145
22878
22166
24982
24636
24529
24971
25369
22161
22471
22484
25474
25325
25135
24917
24708
24896
25453
22910
23915
23889
23349
25985
25490
25181
24840
25352
25959
23069
23549
23730
23347
26023
25612
24774
24631
25303
26031
23316
24099
24199
23623
26187
25732
25319
25271
25433
25811
23207
23306
22933
25706
24943
24566
24795
25189
25539
23085
23629
23548
23074
22399
25297
24753
24597
24763
25215
23164
23367
22604
24791
24372
24135
24000
24765
25286
23311
23807
24527
24431
22597
24943
24507
24120
23147
23453
24742
25179
22497
22749
23335
23191
23699
23347
22391
25695
25303
24877
25124
25497
25527
25700
25521
25648
26037
26183
26187
25687
25529
23309
25444
25258
24573
25015
26253
25230
23687
26223
25967
23601
26136
24823
26437
23755
24841
24006
24168
23745
24668
23369
23745
25615
24613
24765
24785
25407
23459
24229
24436
22642
25014
25064
23325
23774
22877
23789
21568
23453
23865
24801
22725
21898
24643
25061
25679
24391
23754
22189
24148
21675
23447
25085
25114
23688
22905
24646
25171
24910
24193
25111
25206
24085
24723
22019
24258
22713
24903
23341
25127
23714
24059
24951
22422
25764
25679
22527
24852
24814
23662
24595
26053
26341
24297
26205
24967
24385
23591
23929
26754
24383
26566
25853
25599
23243
24550
22741
24615
26294
25341
25701
24801
24565
23940
25795
24151
22228
24566
23771
24732
22817
24007
23526
24995
23119
24945
25165
24943
25004
24978
24974
24558
25065
23000
24680
24679
21870
24129
24833
24829
25208
22403
22615
24923
24567
22527
24563
23641
23276
24684
22540
22151
23079
22673
25583
24089
24359
24533
22443
22393
22021
24397
23047
23094
25761
25287
26101
25556
22706
22837
23037
24263
23908
24875
23425
24907
24252
26254
25140
26386
26241
25987
26013
25517
26100
24559
26320
26190
25583
26495
26105
23293
25099
24931
24888
26003
26125
24054
23698
24681
22877
24878
23327
22340
23669
22785
22301
23387
25174
22909
22757
22689
23819
23544
22770
24157
24527
24175
24423
25703
22881
25147
24073
24990
22266
24401
25427
25063
24689
25687
25909
24071
24297
25563
25239
23641
24431
20976
23145
23363
23981
24595
26488
26085
25204
25641
24116
23426
23831
22935
26668
26678
24407
27231
24075
24385
24610
25369
23726
23266
24616
24167
27367
24704
25127
25513
25010
26619
24629
22683
25715
26997
24368
26367
25673
26074
26161
24061
24843
24900
21338
23740
22245
22109
22980
24861
24861
24614
23013
23793
23782
22367
24030
24932
23193
25328
24191
24949
24057
25129
24366
23227
23989
21839
25155
25031
24637
23041
24536
23992
25259
23057
23919
24698
25075
23971
24204
25693
23100
26318
25885
24095
24308
25041
22916
24677
25287
25307
25212
25609
26071
26137
24637
23039
25463
22392
25917
26267
23403
24362
25767
25229
23907
23603
26212
23847
25622
25303
25207
26411
25681
25178
23943
23460
25694
23533
25509
24765
24257
25517
23815
22774
23136
24734
24311
25484
24401
21072
21085
24929
25278
22804
24570
24385
24217
24675
21865
23205
24194
21667
24369
22475
25875
24703
25812
22675
25642
23060
25247
25033
23613
24313
23658
25224
26589
25400
25612
25703
25460
22855
23687
23132
25769
23787
23649
24455
24655
25931
24433
22461
23795
22683
24807
26086
23555
24805
26091
26739
24534
25470
24370
25000
24991
24047
22815
26457
25041
23293
26855
26391
25799
22698
24837
25019
25108
24829
24880
26023
25503
24815
25997
24820
24206
24220
23010
22821
23261
25158
23220
25587
25141
24630
24684
23070
24291
25053
21927
25326
22743
24786
25266
22711
24293
21879
24951
22871
22924
22481
24000
24213
25207
22927
22762
25507
22940
21971
24040
23153
24055
24821
24075
23711
24272
24731
25355
24447
24386
25591
24888
26713
26055
26498
24293
25893
24887
25279
23108
26008
25212
26349
26019
24277
25983
25323
26360
25485
24534
25935
25015
25677
25448
24983
26009
26367
26137
26527
26695
24668
23198
24535
23812
24514
24443
24210
25590
23320
25222
24990
24697
25048
22823
23797
24858
24557
25335
22739
24541
23135
23216
21818
22438
25419
25383
24907
23405
25650
25356
23145
25341
24171
24099
23361
25591
25553
24182
24221
22764
25151
23119
25123
24735
23430
24427
24215
25610
25473
24577
22728
25055
26089
25535
25712
22501
22875
25791
24479
23063
26270
26291
22685
23974
25710
24073
25140
25585
26004
26597
26591
26205
25775
25867
25886
25075
23319
26282
26104
25339
23771
26451
22565
24501
25332
25815
22962
23738
24705
25102
24685
24444
25175
25818
22796
25821
25141
24013
25366
24038
22314
22071
23779
25341
23325
22827
22069
25120
24663
23539
23189
24917
24957
24829
25850
25719
24212
24807
24827
25631
24882
26087
25597
24735
26096
25770
23811
24888
25551
24121
25193
25049
25742
25584
23426
26402
24289
24615
24095
25031
25039
23859
23711
26452
23527
26558
23840
24181
24985
23745
25008
24889
26079
26166
24746
24596
25748
25779
25363
26152
25883
23815
26267
25223
26151
25817
24627
26048
23309
25541
25663
24563
24461
22759
24375
24821
24300
25207
23080
24826
24054
23815
23957
24513
25271
23130
23311
22774
25585
25160
24500
23704
23889
25272
23892
25372
25953
23187
23575
23597
25751
22651
24051
25730
25741
23353
25347
22967
24499
25029
24437
26613
25485
24422
24652
25712
23811
26145
25215
26439
25695
26336
22999
24763
26291
25962
23121
25407
23628
26129
26962
26637
24931
25127
26214
26135
23943
26519
26335
25497
23551
23871
25475
25745
25395
25799
24715
25796
24829
23949
25718
25946
25229
22956
23748
24935
24719
23543
23666
23151
25069
25599
24885
25298
25235
22503
24875
25334
23473
25641
24619
25483
24932
23217
24454
25709
25493
23555
25807
25131
22583
23900
23876
26321
25074
22749
25821
25511
25894
26333
23454
24029
23543
26111
25135
24850
25269
26150
23926
25482
26144
26387
26461
26457
26203
25169
23151
25913
25631
26121
26727
23857
23435
26657
26711
26839
23494
26911
26598
26650
24435
25535
26025
25957
25439
24651
23479
26157
25953
22615
23119
22557
26034
26007
26005
25577
24899
24223
24499
25345
23446
24494
25197
25545
25499
24811
23632
25493
24988
24843
25051
25522
22901
22911
22302
25481
25273
24990
24983
25618
22957
25087
26151
23195
26307
25453
24023
26227
26071
26487
23961
24788
25231
25317
24797
23375
25793
24697
24015
24653
26071
23801
25371
26067
26504
26551
26081
25449
25415
25615
25323
24317
23547
26613
25863
25137
25213
25743
26219
26445
26577
23353
23938
23770
23225
23057
24168
25571
26311
26401
26062
25118
23453
25579
23900
23130
24169
25612
24201
25120
24981
23369
25031
23391
22351
23237
25178
25023
24721
22439
25267
22833
23051
22966
24643
24689
23176
23777
23789
25439
24630
25191
24775
25199
23849
25197
25133
26455
23996
25959
24969
24647
26365
25928
23737
24603
23855
24647
24515
25897
25020
26059
26181
26535
25185
26265
25823
25541
23625
24730
24422
26714
25215
26616
26110
26285
26748
26910
26687
26367
25892
25607
26092
23063
24151
25005
25396
25085
23937
26207
25725
26186
24392
25612
26245
22861
25759
23620
24647
22655
22718
24479
25683
24230
25432
25872
25364
25800
23349
22343
24375
23171
25592
24497
25467
25281
23253
23613
23203
24917
24831
22903
26060
25124
22997
24703
23231
24116
24367
26183
22597
25337
23703
26205
24394
25996
25655
26638
26830
24460
22918
26799
24103
25500
26833
25393
26322
26079
24094
26361
26126
25722
25367
25223
26345
24659
26911
24725
24229
26889
25769
23501
24763
23431
23541
24479
25896
26621
24359
25412
25687
24149
26061
25459
23053
25899
23429
24598
25384
24253
25667
25843
25789
24063
25565
24997
24571
23211
24999
25357
24271
24738
24263
25343
24169
25351
24908
24689
24349
23450
23668
24310
24393
24217
26135
26139
26069
24604
23606
22922
24529
23639
24711
24979
26242
25360
26309
24803
23873
26663
25449
25436
26557
24970
26746
25170
22935
26485
24276
26473
23551
27026
26994
26948
26937
26665
26714
23892
25471
25831
25359
24616
24853
25367
25675
24383
26553
26253
26833
26805
26591
23931
25382
26412
22646
26215
25723
24483
23213
25736
25425
25785
24902
23560
24471
23602
25741
25250
23943
25063
23909
23997
25133
23443
24407
24393
24861
25367
25461
24589
23342
23357
23043
22250
24549
23861
24889
25960
23711
24513
24876
24860
23327
25228
22549
25982
23399
26602
26179
27195
23947
26584
26841
26311
23913
24963
24792
24873
24878
27107
27033
23967
26394
25021
25813
23369
24899
26542
26509
25494
25087
24505
25527
23303
26188
26119
25267
26779
24167
25301
25306
25467
25114
23305
26378
23822
24187
23890
24823
25470
26075
22980
25959
24573
23843
23465
25094
23551
24257
25540
24439
25673
22643
25060
24429
23747
24504
25298
25363
24274
22663
25597
23479
23423
25499
26177
26177
23647
24586
23550
23535
24003
23366
23170
25071
25051
25727
24323
25056
24658
25247
24167
26282
24253
26159
24172
23721
26401
25725
27105
24012
23386
26189
26138
25148
26645
26407
26236
26569
26677
26786
23735
25529
23041
25275
23211
26163
26685
26416
26763
25601
25943
24460
24267
24226
26007
26257
25192
25185
24525
24815
23416
24487
24317
25087
24746
26552
26386
23895
26010
24709
22486
22879
25189
24995
25240
24398
25037
24110
25607
26252
22901
24839
23565
24305
24153
25834
23803
25660
24737
25007
24119
26377
22655
26264
25919
23015
23833
26767
25912
25225
25335
23811
23806
26616
24208
26780
26744
25786
26563
25951
23253
25135
24282
23547
23783
24938
25762
25349
24187
24304
24919
25174
25299
24822
24776
25042
24211
25961
25037
24941
26105
24831
26259
24405
26933
23962
24875
25249
22676
23269
26417
24118
25057
26919
26244
26589
25223
24245
24894
24699
23543
26623
26899
24689
25697
25795
25692
23178
23299
25613
24123
26393
24583
24175
26377
26585
25133
23309
25627
24671
23039
23976
25188
25213
26091
26847
24125
24622
22372
22959
23028
24556
25916
26391
26023
23146
25935
25494
22561
26113
26343
25409
25238
26911
25609
26285
26501
24379
22868
25639
26025
23814
25727
26943
27319
23525
25847
25218
21731
23027
24157
26552
24569
26216
25761
27066
23872
24538
25933
22669
26269
26038
26457
26557
26531
25563
26125
26401
25411
25725
23824
26912
25415
24583
27391
24656
25237
24606
26251
24791
23685
24295
26730
27660
27051
23817
26627
26225
24424
26673
25100
24794
27597
24686
27093
23799
25219
25495
23383
25684
25443
25336
26183
23631
25086
25237
24181
23643
21658
25058
25427
23146
25435
26604
23669
25676
22963
24811
24970
25957
26318
25874
24487
26287
23696
25975
25546
26702
24207
24050
26557
27047
24079
24585
27356
27397
24286
27859
27985
26897
27168
26717
26594
25599
21864
23322
25453
23324
25605
25527
25235
23747
23503
22055
20715
21511
22093
25237
24789
23469
23527
25455
26653
26678
26428
26199
23871
26088
25743
26521
24919
26929
27751
25975
23313
27135
25996
26215
27534
28881
27952
25334
26425
24753
23060
26610
25927
23694
23199
26229
25573
22893
24435
23120
24111
24151
22377
23395
21306
21661
24039
22191
25034
23527
25787
23855
25407
22392
23031
23587
25762
26054
24651
27587
27695
26202
24673
23249
24311
26547
24561
26204
27757
27735
24942
25599
26027
27382
25791
24073
25985
25041
24431
24568
25721
24695
24779
23017
23563
22875
24191
23648
25450
25964
24637
25074
25075
22607
25013
23895
26601
26356
28638
28831
26092
27781
27295
23598
26976
23434
26685
26166
26391
25134
26748
24397
24241
25753
25805
25951
26053
25155
23383
26168
24307
25177
23435
25550
25203
25314
25474
24825
23647
24027
22989
24930
23819
23076
22751
26355
23703
25453
25455
26125
26755
22835
24003
26927
27455
26685
26540
27289
25768
24797
26511
25013
25059
25735
24328
23351
24816
22194
23697
24261
24937
23519
23404
21104
22457
23698
23741
25950
25901
25261
26143
25303
24920
23193
24050
23854
25231
27633
26479
25645
25727
25625
25209
23729
22935
26048
23866
25871
22725
24002
26714
23905
25785
25159
24423
24985
26279
23959
25116
25268
23877
24550
24393
24361
23976
24171
24583
24517
24147
26867
25139
25200
27690
26917
28005
27125
25659
26694
27518
24481
27137
26905
28538
25691
27045
28295
24435
24375
27417
26036
25855
25977
23391
24365
25599
23287
21775
23434
25217
23036
24615
25701
23151
23380
25053
24499
22383
24408
22198
22511
22781
26133
26228
24837
25807
25222
25182
24703
24197
26965
26818
23981
23471
24437
25807
27167
25831
27639
27998
26744
27162
24618
26200
23719
26979
26468
26767
25404
23523
25630
26850
23571
22943
26341
24951
24409
25239
24756
26280
25476
27281
25229
25781
25141
23189
24713
26755
27200
25631
27469
25631
27175
26885
26435
26563
26731
26516
28064
26417
26265
27552
26581
25855
24423
23097
24196
24009
26669
26271
24263
24055
26056
24550
22975
24281
21817
21242
24521
23281
25801
23604
23367
25851
24021
25279
24503
22827
26261
26570
25176
25007
25130
25020
24846
25823
24671
24805
24770
26651
25649
27323
27029
27817
25450
24728
25961
25319
26870
26171
26561
22985
26317
26613
24943
26909
25791
24880
26164
24924
26673
26568
26261
24196
27207
27101
26979
26777
26572
25745
24977
25999
26352
23993
27205
28167
28059
27356
24972
26453
26189
25033
23903
25277
25383
27690
26012
26359
23411
25659
24257
26297
25823
25058
25697
24705
26349
23027
22530
25786
25219
25229
23983
25193
23348
22278
23695
24198
24421
26027
22984
24689
22673
23197
23568
26448
25175
24757
25933
26944
27151
26563
26079
23847
26852
24616
25871
26319
26271
24331
27174
24591
26799
25714
26931
26387
23890
25863
23575
25848
24495
26925
23086
25285
23575
26568
24761
26902
23673
24655
26566
27129
26946
26719
25801
27329
27165
25105
24803
25471
24475
27627
26495
24989
26985
27294
25323
26695
26167
25319
26244
26491
24445
23884
23783
26299
24303
24207
25951
23802
24638
25399
24159
24753
23485
25385
22657
23575
23160
25602
24705
23791
23465
26547
25981
26399
25745
25129
23811
23833
25677
26357
26389
24180
23947
26637
26303
25132
26147
25001
26449
26577
26819
24377
25455
25905
24045
25936
27434
25309
26657
24189
24159
24160
26878
24302
25176
27391
24921
25895
26937
24806
25945
24603
25739
27008
26887
25541
24917
25162
24424
25370
25710
27383
27087
26790
24440
26629
26205
26280
23855
24521
26697
25933
27059
25250
25943
24202
26529
25427
24529
24021
24483
25466
23581
23863
25434
26182
25317
26175
25257
25710
24488
22775
26002
22711
24709
25714
26270
26925
27143
26264
24765
26911
26295
26304
26729
24361
27233
24772
24568
27039
27297
25296
25385
26357
27244
26509
24414
24969
27529
24543
26017
26503
24679
26844
24627
25037
23850
26597
24065
26564
26571
26997
24310
25913
26974
24447
25394
27054
23925
27608
25773
24149
26043
24599
26808
25381
23585
27407
24493
26016
24168
25748
24416
26405
24253
26195
25931
26007
26222
24978
24234
25788
24951
25845
25993
25178
25557
23571
25977
23327
26053
25234
23374
24800
23891
24771
26205
24817
26038
26561
23637
26719
24631
26695
26793
24902
27619
25583
24401
26639
24126
26076
25383
26948
25625
27673
24488
27605
27201
26181
24662
27235
27104
25757
25463
27129
26993
25579
26393
26882
25995
26097
27060
26386
24676
25619
24245
26404
24809
27432
26745
26952
25675
24071
25805
25680
27654
26497
26355
25842
24157
26930
27093
24299
25121
25079
24364
23610
26783
23944
26031
26583
26189
24755
22732
26193
23705
24935
25520
25652
25271
24427
24454
24985
24901
23529
26368
26585
24823
25661
25794
25642
24936
24193
25127
26414
27223
27491
26956
25787
25993
27297
24207
24603
23909
27407
26506
24589
27456
27094
27089
24926
27615
26733
27679
27037
23927
24430
25262
23889
25794
26217
26565
25357
25143
26670
26759
26107
26076
24735
26608
27037
24879
25137
25922
26567
25404
24329
25852
25949
25181
26594
27152
26285
25521
25128
26968
26119
23260
24693
25207
26474
26506
23545
25525
25991
25862
23221
26144
24404
24559
24871
23903
23815
25175
25445
25705
24060
24882
23802
26403
23745
23735
26983
26519
25318
24576
25122
26365
23725
25208
24952
27409
26193
25664
26109
27214
23972
24245
27687
26789
24808
27039
26651
27495
26453
24715
25727
25085
26975
24603
26632
26533
24263
26713
24475
25206
24247
26311
26883
24751
23199
24777
24586
24407
26423
25797
26615
26679
23980
23388
25744
25361
24187
26554
26935
25573
26363
26828
24710
24441
26637
26465
25737
26480
24475
24815
25525
24311
25203
23347
26200
25274
26502
26359
24812
25250
26017
25620
26529
25277
23391
25647
25880
24687
26410
24058
26463
26455
27092
25459
26967
24117
24592
27075
25265
24769
26117
27383
27725
27261
27279
27451
27417
25951
27428
26033
26264
27427
25315
26382
27095
26907
26296
25179
24111
24635
24974
24679
25038
26685
24979
26139
24463
25319
26183
24875
25143
26523
25209
27425
26155
26663
24884
26500
23527
25639
25245
26420
26184
26575
26225
25787
26205
24944
24419
26566
24533
24003
23830
23413
25122
23582
23579
26115
26253
25312
23135
23686
25151
25585
26585
24143
26276
25470
26255
26146
24653
24348
24839
27219
27268
25145
25401
25609
24147
25414
27319
26663
24742
25933
24754
26641
27448
26067
25522
26716
25569
24471
26826
26934
28076
24891
26710
26045
26305
27170
25248
27296
25608
26327
25366
27151
25154
27067
26493
26921
25117
27316
25425
26063
25463
24023
26661
25383
27229
26789
27243
25665
23636
26351
26845
25941
23659
25720
23217
25963
25788
26777
25627
23920
25387
25606
24101
25439
26473
24983
24468
25755
25154
24953
26528
26151
23685
24922
25530
24085
24200
25892
24731
23720
25991
26047
23577
25129
25915
23855
24647
27237
26877
25743
26815
26585
24337
26446
24516
27471
27394
27901
26039
27379
24617
24743
27583
26721
25737
24894
25175
25829
26271
26310
27075
27559
25203
25103
24132
26971
25653
25029
24474
24723
25555
26860
24377
25104
24657
26967
25459
26971
26218
26611
25114
27097
25551
26295
25077
26662
26849
25137
25066
26045
24476
26530
24915
25588
24379
25669
26260
24777
24648
26110
24446
26567
24126
24694
23231
25667
23435
26195
26364
24433
26023
27041
27231
27357
26599
25696
24871
25215
25990
25961
26588
27240
28020
24328
27839
26919
26695
27534
27294
26833
26237
25711
26079
26673
27775
24845
25704
24781
27425
26606
25419
25111
25611
26645
27503
24402
25056
23761
26693
24859
23770
23757
25073
26683
23690
24139
27399
26649
24599
26792
26728
24450
26479
27064
24224
24012
26753
25257
26758
25991
26099
23241
25983
23714
24776
23926
26397
24413
26320
25757
26327
23638
25591
26767
24081
23914
27030
26343
25125
24332
24617
25577
26802
27286
23778
24350
27724
26859
25767
24643
24146
25107
26652
27959
25031
25601
25583
24835
28016
27065
26183
25620
25917
26911
28086
25645
25551
27849
26005
27702
27309
27478
25099
26763
27705
24905
25081
24435
26953
25543
27102
26788
23871
25971
27482
24270
27254
26072
24721
23698
23467
23788
24456
25511
26342
26801
27223
26961
26101
24617
24705
25695
26341
26335
26023
25917
25905
25716
25927
26152
26290
26276
26186
26279
26277
26299
26179
26563
26790
23491
23969
27331
26603
25675
25011
25329
26295
27489
24261
25143
25391
24677
27508
26065
24860
24089
25249
26943
28255
25560
24918
27454
25868
24933
25073
25789
26823
27749
24435
24767
24231
27465
25963
27549
26955
27263
25214
27143
24035
27385
26683
25983
24935
24339
23839
24759
26131
26921
23505
24057
27113
25813
24181
27145
23577
25085
26171
27099
24379
24608
27135
25741
24439
23771
24494
25751
26939
24414
25309
25689
24655
26658
24527
26725
26674
24044
26323
24147
25893
26319
25113
27149
25764
24802
24487
25426
26343
27606
25144
25764
25067
27273
25023
27187
26921
27765
26495
28133
25459
25701
24998
27797
26493
24295
27465
27710
25607
27547
24768
25366
24334
26945
24967
27257
27040
27671
25759
27173
27691
24393
23830
27155
26168
24623
24568
25519
26634
27233
27302
27132
26919
26873
26149
25855
26098
26709
27137
27305
27118
26725
26389
25980
26445
27020
27047
26951
26695
26575
26652
26399
26086
26066
26579
27140
23468
27101
26703
26298
25787
25639
25931
26217
26727
27064
26899
26151
25903
25967
26325
27031
27175
27207
26934
26927
26615
26106
25653
25751
26567
27166
27797
27617
27023
26463
25610
24786
24862
25943
27117
28017
24371
28015
27427
26623
26063
25983
26277
26633
27391
27683
27685
27310
26669
26143
25593
25285
25793
27028
24416
25023
24823
23657
27010
26479
26002
26161
26492
26527
26561
26842
27130
27215
26858
26216
25887
26206
26605
26973
27067
26876
26410
26151
25977
25896
26015
26442
26711
26677
26468
26327
26199
26004
25695
25381
25663
26541
27223
27419
27193
26286
25489
25106
25593
26370
26879
27466
27697
27829
27579
26865
25709
24530
24577
26067
27430
24447
25671
25728
24615
27335
25611
24568
24821
26510
27729
24913
25559
25412
24015
27239
25990
24758
25190
26600
27779
25271
25471
24730
27227
26101
25015
24652
25358
26378
27273
24331
24655
24177
26867
26098
25471
25476
25865
26475
26677
26839
26761
26407
25834
25305
25021
25685
26489
26943
27022
26693
26375
25871
25277
25475
25875
26654
26917
26938
26841
26211
25646
24887
25001
25949
27013
27749
24303
27944
27431
26552
25775
25834
26527
27447
24924
25993
25629
28279
27357
26271
25511
25484
26099
27311
28431
25753
25790
24457
27431
26615
26400
26503
27109
27608
24063
24227
27665
27154
26542
26291
26199
26407
26891
27349
27326
27063
26486
26171
26030
26142
26263
26537
26723
26935
26728
26299
25985
25958
26215
26462
26359
26266
26260
25997
26007
25698
25745
26077
26541
26733
26471
26433
26595
26807
26575
26371
26440
26663
26958
27039
26961
27080
27261
27375
27538
27680
27467
27206
26799
26619
26889
27443
27854
28117
24333
28188
27906
27603
27208
26889
27127
27689
28169
24531
24585
28209
27555
27076
26535
26161
26348
27034
27497
27841
27884
27725
27326
26842
26551
26253
26424
26417
26299
26319
26481
26574
26617
26531
26542
26421
26241
26179
25887
25589
25527
26103
26802
27385
23669
27385
27047
26502
25587
24766
24665
25749
26882
23935
24479
24337
27499
26839
25991
25101
25115
26145
27208
24470
25607
25679
24801
27395
26374
25726
25623
26200
27010
27953
25113
25408
24831
27926
27248
26529
26202
26383
26952
27757
24624
25599
25261
28273
27599
26727
26161
25655
25411
26113
27355
28275
24961
24983
28040
27127
25709
24809
24543
25333
26581
27425
24429
24933
24327
27087
25912
24803
24511
25019
26229
27083
24072
24589
24025
27073
26163
25487
25178
25721
26509
27253
24350
24457
24239
27277
26791
26407
26193
26458
26983
27315
27568
27643
27408
27195
27057
26735
26580
26811
27173
27447
27487
27509
27431
27513
27545
27651
27627
27535
27377
27223
27432
27578
27643
27412
26955
26971
27349
27580
27267
26980
27085
27491
27703
27550
27169
26690
26665
26759
27053
27651
27992
28016
27656
27203
26451
25880
25706
26135
26988
27773
24884
25191
24056
27308
26073
25182
25209
26147
27333
24851
25807
25323
23703
26703
25469
24483
24974
26191
23675
25698
26039
25428
23684
26607
25582
25153
25671
26731
23749
25331
25417
24343
27119
26093
25728
26100
26601
27145
27621
27827
27774
27456
27087
26420
26231
26617
27064
27539
27647
27363
26976
26472
26352
26598
27265
27737
27898
27707
27523
27073
26593
26351
26311
27013
27871
24328
24547
28154
27757
26839
26195
25653
26267
27354
28054
24667
24836
24240
27809
27387
26575
25989
26248
27001
27831
24621
25301
25113
24515
27527
26756
26235
26268
26425
26998
27303
24099
24853
24881
23711
26994
26081
25789
25781
26049
26716
27457
24854
25279
24495
27211
26529
25845
25233
25359
26180
27097
23881
24622
24155
27253
26306
25144
24773
25211
26285
27370
24071
24837
24636
27873
27159
26479
26149
26178
26727
27285
27803
28094
28087
27771
27546
27251
27307
27405
27621
27701
27813
27845
28088
28094
28082
28100
28021
27953
27874
27738
27692
27571
27574
27775
28108
24281
24083
27741
27399
27139
26905
26854
26967
27369
27754
24329
24121
27553
27225
26901
26509
26319
26454
26755
26995
27285
27349
27230
27045
26781
26675
26653
26511
26521
26493
26508
26674
26911
27017
27141
27331
27241
26997
26609
26312
26446
26772
27250
27451
27683
27693
27615
27335
26970
26751
26838
27063
27658
28179
24660
24839
28287
27784
27475
27391
27597
27839
27957
28185
28429
28405
28381
28153
27981
27991
28064
28009
28052
27985
28037
27926
27884
27771
27906
28011
27977
27837
27550
27063
26731
26667
26862
27297
27728
27789
27673
27394
26957
26657
26366
26274
26405
26998
27331
27508
27262
27029
26542
26243
25896
26208
26589
27042
27403
27494
27367
27203
27086
27153
27057
27113
26929
26992
27091
27205
27239
27346
27607
27687
27903
27803
27625
27309
26977
26959
27189
27767
24457
25311
25451
24823
27930
27241
26771
26873
27477
28113
25017
25759
25942
25059
27995
26942
25911
25997
27006
28180
25563
26341
25794
24423
27539
26511
25904
25961
26576
27496
28212
24785
24464
27753
27161
26353
25635
25822
26327
27189
27609
27657
27434
27068
26857
26731
26679
26683
26905
27086
27329
27485
27519
27395
27158
27125
27195
27239
27090
27098
26916
27113
27207
27445
27607
27806
24325
24265
27795
27419
27299
27327
27515
27731
27898
28007
28144
28101
27922
27615
27285
27270
27635
27950
28168
24327
28326
28179
27899
27839
27747
27877
28022
28149
28354
28257
27963
27771
27751
27589
27604
27637
27785
27902
28038
27727
27547
27226
27231
27497
27707
27857
27747
27600
27414
27321
27279
27131
26939
27006
27355
27585
27886
27825
27567
27239
27070
26813
26814
26875
27087
27531
23996
24485
24331
27696
27391
26993
26728
26741
27096
27642
24592
25074
24687
23971
27518
26863
26359
26421
26899
27583
24575
25465
25611
24903
27809
26753
26290
26231
26690
27669
24471
25257
25490
24961
28080
27131
26402
26333
26888
27773
28414
24777
24828
28391
27775
27143
26711
26697
27301
27813
28232
28393
28246
28061
27741
27511
27295
27505
27629
27918
28124
27999
27880
27670
27446
27404
27583
27735
27841
27663
27460
27277
27352
27512
27581
27612
23862
24579
24507
23751
27471
27097
27089
27184
27414
27667
24160
24629
24241
27568
27251
27016
27079
27183
27175
27367
27757
24061
24066
27892
27614
27383
27322
27321
27370
27495
27735
27727
27771
27853
27854
27818
27708
27441
27253
27315
27579
27871
27981
28259
28388
28441
28246
27825
27449
27444
27733
28033
28203
28547
25111
25218
28440
27935
27639
27455
27738
27891
28213
24382
24726
24380
27927
27629
27551
27703
27893
28035
24016
24381
24153
27921
27659
27279
27354
27571
27719
27735
27682
27529
27414
27184
27159
27301
27587
27735
27745
27599
27495
27399
27215
27090
27123
27309
27637
27857
27919
27610
27329
27047
26945
27093
27445
27559
27695
27859
27879
27885
27939
27731
27651
27686
27868
27921
27952
27879
27855
27920
28224
28467
28374
28347
28301
28281
28081
27924
28125
28401
24878
25357
25316
24673
28331
27787
27674
27647
27787
28290
24743
25406
25302
24915
28175
27641
27335
27285
27527
28055
24935
25201
24731
27967
27493
27141
27069
27181
27279
27563
27759
27839
27869
27499
27281
26759
26791
26924
27303
27563
27695
27641
27517
27351
27298
27295
27312
27412
27527
27569
27496
27483
27339
27479
27500
27745
27950
28151
24189
28244
28020
27719
27619
27719
28111
28405
24671
24761
24590
28477
28229
27973
27965
27935
28246
28503
24923
25346
25271
28669
28310
28003
27871
27996
28266
28535
24861
25289
24927
28530
28155
27851
27622
27591
27667
27957
28095
28291
24347
28174
27903
27501
27272
27166
27378
27615
27727
27923
27916
27906
27647
27355
27007
26823
27042
27336
27546
27667
27738
27651
27577
27426
27254
27245
27362
27546
27743
28004
28029
28001
28007
27815
27799
27859
28014
28113
24253
28210
28066
27918
27931
27969
28215
28396
24455
24599
24822
24449
28290
28122
27974
28191
28404
24597
24841
24803
24482
28540
28279
28003
27941
28000
28325
28607
24645
28693
28303
28187
28166
28037
27823
27815
27824
27944
28103
28161
28024
27815
27798
27799
27806
27615
27549
27479
27379
27615
27888
27809
27975
27875
27783
27528
27383
27312
27335
27607
27823
24117
24525
24300
27948
27673
27431
27365
27425
27728
24205
25021
25130
24626
24027
27792
27653
27511
27502
27837
28245
24921
25367
25271
24719
28225
28034
27951
27920
28027
28287
28511
24867
24783
28561
28300
28245
28120
28105
28073
27958
28132
28324
28399
28376
28398
28195
28212
28279
28121
27929
27959
28093
28333
28456
28329
28277
28200
28034
27959
27791
27823
27804
28004
28304
24277
28315
28079
27901
27898
27724
27737
27828
27975
24135
24463
24437
28077
27931
27966
27997
27905
27933
27943
24100
24243
28021
27779
27735
27783
28026
24413
24554
24533
24156
28095
27991
27973
28015
28009
28175
24523
24694
24284
28074
27953
27744
27732
27958
28167
28356
24422
24427
28489
28215
28027
27911
27953
28145
28231
28259
28557
28646
28615
28329
28076
28133
28241
28313
28214
28159
28215
28287
28367
28470
28543
28393
28432
28350
28296
28264
27983
28032
28153
24369
24999
25067
24631
24618
24259
28029
27863
27844
28073
24682
25147
25086
24651
28056
27771
27697
27656
27777
28050
24720
25065
24979
24515
28010
27644
27333
27426
27486
27789
28106
24760
