33193
33205
33235
33222
33201
33187
33200
33279
33267
33240
33289
33236
33267
33257
33197
33233
33223
33270
33260
33265
33255
33194
33201
33251
33173
33213
33159
33215
33187
33165
33175
33175
33198
33239
33151
33239
33185
33191
33200
33126
33192
33166
33236
33239
33146
33213
33199
33223
33211
33175
33234
33199
33237
33205
33185
33233
33172
33207
33225
33159
33219
33178
33186
33176
33127
33195
33183
33162
33178
33180
33171
33165
33201
33192
33110
33232
33136
33168
33181
33092
33225
33145
33161
33207
33203
33202
33221
33185
33193
33151
33177
33167
33195
33205
33124
33183
33177
33139
33149
33135
33197
33195
33177
33185
33127
33168
33153
33138
33183
33146
33150
33177
33143
33159
33131
33181
33106
33123
33166
33155
33247
33187
33230
33189
33126
33190
33159
33187
33292
33181
33227
33171
33198
33180
33189
33197
33166
33194
33175
33154
33163
33191
33185
33201
33073
33137
33117
33157
33168
33143
33151
33151
33196
33175
33111
33233
33202
33157
33162
33123
33177
33185
33199
33175
33135
33175
33149
33199
33175
33128
33142
33201
33221
33212
33196
33191
33183
33169
33205
33154
33217
33151
33215
33239
33193
33190
33163
33193
33177
33133
33185
33124
33104
33142
33120
33195
33183
33137
33195
33081
33183
33122
33199
33172
33179
33237
33160
33151
33214
33130
33225
33168
33209
33188
33125
33186
33191
33202
33220
33163
33207
33137
33159
33156
33184
33208
33183
33192
33171
33121
33167
33155
33181
33145
33133
33163
33129
33158
33137
33161
33199
33143
33187
33207
33133
33185
33174
33193
33225
33153
33175
33159
33207
33219
33168
33197
33185
33227
33253
33199
33157
33159
33191
33167
33185
33243
33175
33198
33174
33095
33213
33123
33171
33178
33180
33194
33123
33149
33189
33167
33215
33130
33157
33185
33147
33205
33170
33127
33203
33143
33220
33171
33169
33229
33123
33158
33195
33188
33202
33151
33195
33161
33158
33163
33123
33155
33134
33106
33143
33125
33132
33154
33131
33149
33157
33168
33141
33164
33167
33151
33204
33146
33157
33245
33158
33203
33183
33174
33175
33175
33239
33175
33195
33183
33123
33221
33187
33207
33214
33143
33183
33171
33207
33167
33174
33203
33143
33185
33192
33147
33178
33135
33142
33191
33203
33168
33122
33157
33176
33150
33224
33157
33161
33200
33150
33151
33179
33175
33214
33177
33197
33205
33181
33230
33183
33217
33221
33201
33182
33111
33183
33145
33170
33180
33189
33180
33141
33151
33193
33131
33191
33145
33177
33189
33157
33185
33212
33190
33196
33135
33207
33167
33206
33202
33163
33207
33169
33208
33207
33166
33182
33169
33191
33188
33142
33187
33159
33191
33181
33135
33197
33156
33165
33200
33151
33167
33114
33173
33178
33152
33178
33170
33163
33144
33141
33197
33152
33162
33165
33151
33201
33137
33190
33238
33205
33239
33182
33165
33181
33155
33255
33143
33150
33235
33206
33203
33174
33246
33219
33187
33211
33209
33193
33150
33172
33219
33165
33151
33236
33168
33215
33181
33171
33163
33105
33185
33163
33162
33151
33146
33215
33130
33095
33195
33127
33175
33223
33156
33175
33157
33251
33181
33174
33223
33177
33206
33149
33127
33179
33175
33233
33177
33169
33216
33116
33171
33161
33147
33159
33095
33172
33127
33145
33204
33092
33184
33147
33171
33147
33111
33157
33130
33149
33190
33203
33233
33223
33189
33204
33115
33242
33163
33228
33192
33161
33200
33140
33215
33219
33193
33200
33178
33138
33167
33123
33147
33177
33183
33168
33149
33196
33139
33170
33151
33135
33223
33150
33175
33136
33196
33195
33162
33201
33261
33186
33211
33208
33206
33233
33159
33191
33196
33171
33280
33161
33197
33190
33163
33241
33161
33196
33165
33167
33213
33159
33197
33167
33183
33173
33185
33185
33181
33190
33170
33167
33209
33162
33162
33221
33229
33215
33191
33150
33199
33156
33217
33167
33185
33215
33149
33223
33220
33145
33254
33151
33208
33166
33165
33233
33136
33217
33177
33134
33191
33145
33192
33163
33212
33167
33143
33175
33171
33145
33175
33143
33185
33147
33175
33189
33137
33191
33155
33186
33199
33141
33190
33172
33161
33223
33143
33235
33153
33211
33218
33247
33263
33177
33175
33264
33223
33228
33160
33167
33255
33179
33239
33171
33215
33232
33183
33221
33225
33207
33285
33160
33214
33239
33203
33239
33197
33235
33219
33185
33285
33205
33214
33225
33213
33239
33211
33227
33219
33197
33253
33247
33231
33177
33225
33258
33164
33225
33179
33216
33228
33205
33246
33221
33231
33228
33193
33223
33213
33187
33200
33187
33191
33183
33192
33184
33185
33184
33221
33213
33237
33170
33233
33177
33199
33256
33200
33249
33231
33208
33241
33231
33298
33194
33253
33297
33179
33191
33202
33224
33293
33195
33215
33209
33208
33231
33185
33193
33168
33188
33198
33203
33233
33167
33173
33223
33153
33180
33189
33150
33273
33184
33237
33179
33208
33193
33203
33223
33187
33211
33198
33165
33267
33169
33199
33288
33157
33221
33171
33177
33207
33212
33221
33159
33143
33206
33171
33183
33151
33209
33174
33137
33162
33133
33144
33191
33135
33178
33176
33158
33187
33163
33209
33193
33140
33215
33171
33199
33219
33178
33189
33223
33170
33233
33180
33203
33123
33211
33184
33206
33181
33147
33146
33163
33110
33156
33143
33203
33171
33147
33203
33137
33153
33180
33136
33197
33093
33198
33127
33156
33210
33104
33185
33177
33132
33181
33223
33191
33230
33135
33178
33169
33246
33201
33215
33225
33191
33245
33118
33127
33194
33127
33197
33155
33149
33191
33138
33183
33170
33159
33174
33146
33149
33156
33154
33183
33168
33183
33204
33130
33137
33165
33174
33145
33163
33207
33168
33199
33210
33188
33169
33169
33255
33187
33139
33198
33168
33213
33239
33207
33228
33184
33176
33189
33198
33223
33172
33207
33219
33217
33233
33194
33255
33291
33266
33327
33245
33342
33303
33226
33255
33301
33361
33356
33303
33279
33307
33353
33297
33335
33400
33363
33379
33349
33369
33400
33367
33351
33365
33401
33432
33359
33415
33385
33431
33477
33413
33427
33479
33431
33469
33439
33469
33421
33399
33482
33415
33479
33469
33430
33481
33426
33434
33441
33387
33473
33425
33469
33453
33475
33497
33440
33476
33447
33428
33457
33420
33519
33470
33471
33539
33509
33512
33555
33498
33551
33509
33498
33480
33493
33539
33520
33491
33487
33486
33540
33459
33537
33434
33430
33407
33398
33371
33411
33372
33407
33322
33373
33382
33321
33350
33307
33347
33320
33305
33279
33313
33377
33343
33277
33277
33231
33295
33288
33232
33260
33234
33275
33249
33307
33346
33271
33303
33191
33200
33203
33173
33175
33167
33094
33167
33099
33106
33074
33045
33074
33056
33103
33023
33023
33041
33053
33111
33044
33121
33084
33078
33080
33073
33073
33107
33059
33085
33120
33095
33158
33116
33135
33141
33119
33167
33102
33137
33105
33018
33079
33045
33111
33042
33046
33060
33015
33037
32995
32968
33038
32941
33004
32975
32975
32979
32927
33023
33020
32971
33045
32962
33036
32996
33036
33049
32999
33068
33027
33038
33085
33059
33094
33113
33079
33107
33047
33079
33141
33048
33101
33070
33159
33093
33097
33063
33047
33079
33075
33061
33051
32995
33039
33039
33063
33085
33037
33035
33035
33023
33095
33007
33087
33061
33015
33100
33057
33047
33072
33085
33065
33049
33093
33062
33095
33123
33081
33110
33127
33158
33117
33064
33165
33076
33062
33097
33054
33117
33067
33042
33074
33015
33052
33039
32981
33029
33034
33059
33080
33095
33143
33058
33131
33143
33159
33153
33135
33155
33136
33125
33185
33135
33155
33148
33119
33223
33159
33196
33183
33123
33190
33107
33177
33146
33160
33157
33145
33177
33086
33083
33148
33073
33062
33035
33062
33101
33063
33094
33064
33124
33164
33113
33139
33135
33067
33143
33063
33136
33137
33102
33146
33180
33135
33212
33163
33232
33145
33204
33239
33205
33240
33124
33175
33174
33180
33204
33184
33143
33163
33165
33135
33141
33157
33134
33155
33205
33155
33213
33189
33187
33222
33204
33277
33264
33286
33319
33310
33321
33293
33315
33375
33324
33371
33373
33319
33367
33326
33395
33432
33373
33417
33409
33401
33394
33404
33431
33315
33368
33338
33282
33323
33341
33367
33395
33313
33445
33369
33365
33367
33271
33368
33360
33379
33393
33381
33487
33424
33447
33431
33409
33445
33393
33389
33323
33387
33414
33351
33399
33414
33419
33433
33375
33350
33319
33348
33426
33335
33342
33368
33345
33365
33339
33383
33343
33250
33319
33177
33259
33244
33223
33261
33285
33241
33316
33235
33292
33267
33253
33205
33149
33185
33086
33151
33221
33226
33205
33171
33195
33136
33133
33131
33111
33145
33191
33191
33240
33207
33251
33256
33206
33173
33161
33238
33188
33171
33218
33175
33236
33206
33159
33207
33122
33233
33167
33120
33082
33030
33082
33079
33065
33113
33051
33035
33023
32952
33030
32926
32941
32937
32909
33005
32943
33045
33025
33001
33083
32992
32983
33027
33058
33071
33031
33057
33094
33079
33175
33177
33183
33103
33053
33111
33066
33045
33043
33031
33111
33037
33096
33056
33021
33080
33027
32952
32973
32977
32991
32967
33048
33025
33015
33039
32995
33047
33015
32972
33024
33009
33031
33063
33047
33119
33102
33204
33158
33175
33201
33110
33151
33135
33079
33170
33131
33144
33168
33075
33133
33086
33121
33085
33051
33095
33065
33097
33027
33030
33035
33043
33080
33078
33007
33035
32941
32983
33013
33015
32992
33027
33040
33123
33147
33128
33130
33113
33070
33091
33155
33134
33129
33169
33170
33214
33202
33180
33174
33109
33174
33083
33121
33111
33045
33135
33109
33132
33123
33092
33132
33035
33056
33025
32959
33015
33012
33009
33071
33029
33147
33090
33129
33085
33036
33076
33062
33113
33159
33161
33141
33160
33219
33238
33231
33195
33108
33167
33206
33121
33202
33155
33192
33166
33167
33151
33089
33111
33099
33097
33086
33015
33067
33100
33082
33095
33053
33038
33079
33026
33064
33013
33095
33118
33057
33131
33132
33129
33157
33191
33208
33212
33233
33212
33167
33201
33139
33173
33214
33179
33239
33209
33245
33178
33117
33134
33083
33148
33093
33093
33143
33070
33099
33130
33073
33057
33045
33040
33041
33055
33077
33059
33133
33106
33099
33168
33099
33138
33160
33169
33217
33226
33225
33217
33203
33279
33211
33256
33269
33181
33225
33169
33191
33201
33136
33165
33082
33117
33127
33093
33131
33087
33103
33103
33109
33079
33045
33069
33091
33064
33111
33111
33181
33095
33143
33187
33163
33158
33174
33131
33247
33214
33233
33255
33297
33280
33258
33249
33239
33232
33265
33175
33197
33169
33149
33187
33183
33145
33181
33122
33103
33063
33125
33089
33105
33166
33131
33082
33109
33076
33154
33077
33085
33109
33079
33175
33107
33162
33183
33191
33167
33158
33235
33270
33223
33249
33251
33256
33216
33279
33270
33217
33226
33237
33197
33223
33150
33138
33207
33169
33123
33142
33111
33142
33118
33149
33161
33106
33123
33111
33125
33111
33155
33117
33105
33189
33159
33161
33227
33155
33218
33222
33198
33200
33265
33250
33238
33255
33199
33294
33328
33244
33191
33243
33148
33239
33197
33221
33204
33142
33161
33147
33175
33147
33124
33105
33081
33137
33177
33133
33109
33117
33092
33111
33159
33147
33098
33190
33145
33145
33187
33165
33201
33177
33209
33320
33240
33246
33275
33235
33275
33241
33247
33224
33206
33179
33159
33167
33167
33128
33171
33108
33088
33160
33147
33134
33075
33073
33137
33099
33150
33135
33137
33127
33105
33139
33102
33151
33147
33118
33208
33174
33230
33205
33235
33260
33267
33242
33215
33229
33209
33221
33252
33246
33235
33263
33144
33198
33160
33160
33173
33155
33163
33105
33077
33175
33074
33153
33096
33111
33133
33099
33113
33120
33111
33163
33107
33197
33187
33175
33191
33143
33220
33239
33217
33279
33245
33277
33228
33177
33310
33233
33275
33227
33177
33216
33174
33167
33177
33178
33217
33117
33187
33131
33081
33146
33114
33127
33107
33066
33095
33137
33105
33210
33105
33184
33177
33198
33173
33166
33191
33161
33206
33227
33217
33259
33226
33285
33300
33277
33285
33267
33251
33277
33184
33222
33201
33231
33177
33144
33221
33128
33145
33163
33101
33149
33127
33157
33153
33106
33143
33111
33215
33125
33107
33217
33149
33182
33160
33149
33212
33207
33233
33201
33211
33264
33226
33251
33279
33221
33271
33229
33254
33215
33179
33249
33247
33278
33255
33159
33194
33186
33225
33213
33197
33209
33143
33195
33200
33175
33277
33175
33209
33255
33180
33239
33203
33261
33229
33241
33299
33290
33273
33315
33304
33331
33268
33327
33346
33314
33369
33317
33325
33299
33244
33319
33246
33265
33266
33209
33241
33222
33253
33208
33133
33189
33141
33186
33176
33149
33096
33103
33160
33180
33149
33177
33168
33167
33151
33111
33202
33175
33215
33247
33217
33256
33253
33268
33303
33250
33292
33239
33221
33246
33231
33241
33231
33237
33169
33229
33237
33177
33191
33183
33141
33162
33129
33116
33140
33094
33158
33115
33144
33119
33144
33154
33109
33174
33160
33128
33221
33097
33135
33197
33202
33219
33166
33203
33243
33253
33229
33190
33233
33245
33213
33259
33225
33161
33262
33185
33200
33156
33141
33163
33101
33123
33077
33175
33128
33115
33119
33071
33108
33091
33049
33151
33087
33093
33101
33105
33178
33149
33183
33162
33143
33219
33203
33214
33215
33246
33191
33239
33201
33211
33209
33207
33175
33197
33188
33170
33185
33175
33186
33148
33123
33141
33103
33120
33123
33083
33102
33063
33113
33086
33051
33137
33092
33148
33136
33137
33168
33136
33143
33170
33159
33206
33176
33159
33253
33205
33211
33217
33266
33249
33181
33261
33187
33212
33231
33210
33181
33127
33186
33182
33137
33173
33092
33111
33107
33127
33134
33063
33150
33139
33126
33143
33119
33143
33113
33094
33151
33206
33211
33181
33181
33237
33195
33225
33303
33235
33281
33227
33219
33194
33207
33224
33206
33248
33189
33170
33169
33135
33207
33183
33115
33163
33111
33113
33106
33111
33143
33095
33123
33054
33057
33130
33095
33114
33147
33103
33213
33121
33179
33175
33159
33171
33218
33202
33258
33227
33289
33259
33281
33263
33215
33272
33239
33241
33266
33247
33260
33188
33232
33192
33155
33255
33162
33201
33159
33162
33185
33137
33140
33139
33086
33159
33128
33157
33165
33160
33131
33143
33160
33167
33095
33222
33191
33224
33248
33196
33198
33225
33241
33240
33183
33262
33215
33166
33204
33187
33263
33207
33204
33194
33178
33163
33167
33138
33127
33106
33139
33110
33159
33134
33114
33155
33129
33138
33168
33097
33215
33197
33185
33156
33135
33237
33207
33250
33216
33227
33244
33159
33237
33255
33221
33250
33193
33233
33207
33202
33283
33173
33187
33182
33180
33237
33144
33194
33157
33126
33130
33130
33142
33162
33147
33163
33129
33129
33118
33126
33147
33151
33190
33239
33150
33277
33172
33193
33199
33203
33253
33207
33207
33261
33211
33250
33173
33209
33239
33156
33202
33172
33188
33187
33165
33223
33089
33143
33119
33126
33144
33133
33145
33143
33081
33139
33097
33098
33171
33115
33191
33102
33163
33177
33143
33213
33143
33218
33196
33195
33185
33224
33227
33252
33167
33231
33222
33239
33207
33177
33279
33223
33182
33191
33160
33187
33136
33121
33151
33145
33205
33090
33109
33129
33105
33129
33102
33148
33175
33106
33184
33165
33159
33170
33159
33153
33144
33189
33191
33211
33247
33213
33220
33241
33197
33255
33215
33273
33243
33207
33264
33171
33191
33211
33177
33227
33122
33127
33151
33135
33136
33087
33165
33148
33099
33111
33138
33120
33168
33100
33167
33110
33111
33196
33138
33183
33111
33238
33188
33171
33228
33170
33228
33223
33193
33219
33187
33206
33220
33177
33255
33167
33230
33220
33171
33207
33184
33223
33182
33142
33211
33119
33121
33167
33109
33122
33142
33169
33171
33113
33237
33162
33172
33177
33153
33203
33128
33207
33243
33173
33264
33178
33268
33262
33201
33307
33259
33283
33245
33188
33275
33207
33203
33268
33165
33217
33145
33163
33195
33134
33163
33090
33165
33197
33113
33135
33099
33109
33131
33093
33135
33093
33153
33159
33161
33183
33164
33186
33188
33167
33239
33233
33251
33247
33183
33269
33209
33206
33268
33223
33239
33219
33215
33231
33143
33171
33136
33147
33099
33167
33140
33140
33121
33104
33074
33178
33097
33098
33127
33089
33138
33121
33127
33133
33123
33181
33130
33192
33148
33175
33209
33185
33222
33244
33207
33271
33145
33247
33204
33185
33177
33179
33169
33223
33169
33207
33179
33184
33162
33140
33153
33105
33150
33155
33123
33159
33097
33103
33092
33101
33169
33111
33128
33160
33157
33183
33114
33197
33254
33167
33225
33231
33157
33209
33201
33236
33247
33235
33206
33184
33221
33229
33190
33281
33225
33205
33179
33285
33255
33185
33175
33205
33187
33235
33143
33175
33143
33176
33159
33166
33227
33143
33181
33217
33248
33291
33209
33264
33272
33210
33303
33295
33301
33275
33248
33287
33287
33339
33324
33272
33312
33275
33295
33299
33280
33215
33184
33249
33188
33192
33242
33216
33191
33223
33177
33243
33139
33220
33173
33141
33201
33164
33207
33177
33179
33179
33192
33226
33237
33217
33222
33207
33244
33203
33228
33239
33279
33247
33237
33229
33271
33215
33241
33251
33203
33270
33191
33186
33237
33146
33146
33169
33201
33147
33160
33172
33147
33151
33166
33092
33144
33127
33135
33172
33111
33160
33147
33191
33152
33145
33214
33195
33227
33209
33263
33273
33219
33241
33230
33234
33239
33223
33237
33217
33179
33251
33219
33204
33189
33203
33255
33153
33186
33170
33135
33168
33132
33183
33143
33125
33127
33101
33136
33115
33090
33185
33112
33140
33157
33151
33206
33117
33149
33175
33183
33150
33151
33207
33168
33153
33218
33195
33194
33223
33185
33199
33180
33176
33203
33130
33196
33105
33152
33124
33080
33164
33108
33148
33112
33071
33079
33113
33112
33110
33068
33176
33128
33142
33099
33101
33185
33181
33177
33173
33155
33224
33207
33210
33192
33207
33231
33175
33254
33215
33161
33233
33145
33210
33201
33182
33230
33127
33170
33125
33081
33197
33129
33131
33121
33076
33176
33069
33120
33126
33089
33132
33144
33101
33143
33126
33238
33159
33143
33187
33194
33243
33217
33163
33245
33265
33273
33238
33267
33279
33199
33259
33177
33191
33166
33172
33237
33157
33200
33127
33143
33150
33108
33126
33159
33102
33127
33087
33142
33139
33117
33151
33095
33163
33195
33151
33227
33167
33143
33219
33164
33217
33226
33205
33194
33183
33249
33203
33231
33207
33210
33230
33130
33230
33174
33140
33197
33184
33171
33179
33099
33181
33127
33143
33133
33073
33145
33083
33135
33123
33143
33149
33116
33200
33159
33102
33237
33178
33217
33209
33169
33241
33214
33171
33245
33187
33266
33240
33233
33242
33193
33233
33191
33226
33198
33127
33235
33149
33196
33215
33189
33200
33154
33169
33110
33079
33131
33067
33134
33102
33123
33146
33095
33126
33165
33106
33157
33131
33177
33198
33199
33251
33158
33207
33225
33185
33246
33246
33249
33247
33189
33252
33232
33207
33251
33239
33161
33177
33191
33190
33126
33213
33128
33194
33181
33087
33173
33125
33150
33150
33125
33187
33160
33153
33149
33179
33222
33233
33225
33216
33147
33223
33235
33286
33247
33211
33242
33246
33237
33229
33174
33258
33240
33236
33225
33205
33202
33197
33196
33187
33192
33191
33164
33118
33146
33137
33178
33142
33211
33160
33118
33175
33171
33187
33210
33177
33223
33197
33207
33185
33150
33220
33205
33238
33212
33180
33256
33231
33207
33223
33199
33243
33201
33250
33207
33171
33207
33177
33202
33215
33111
33219
33159
33171
33165
33154
33165
33148
33124
33134
33131
33169
33139
33191
33181
33155
33171
33153
33187
33175
33190
33209
33179
33209
33233
33193
33238
33172
33172
33194
33253
33227
33190
33243
33263
33178
33202
33153
33243
33175
33129
33196
33113
33201
33169
33144
33195
33142
33151
33126
33129
33148
33144
33159
33170
33135
33200
33167
33188
33184
33169
33250
33233
33233
33183
33236
33266
33212
33247
33231
33211
33299
33194
33231
33213
33171
33237
33191
33250
33211
33146
33222
33157
33157
33241
33094
33221
33118
33189
33149
33096
33201
33101
33167
33181
33172
33205
33120
33185
33173
33117
33230
33182
33199
33250
33184
33252
33200
33239
33216
33194
33278
33211
33212
33249
33237
33202
33169
33214
33169
33180
33199
33140
33157
33190
33173
33178
33147
33164
33171
33167
33220
33161
33157
33158
33143
33209
33169
33198
33255
33232
33268
33245
33262
33246
33195
33239
33239
33305
33269
33192
33261
33257
33287
33303
33263
33239
33200
33257
33291
33226
33271
33211
33216
33199
33207
33187
33145
33205
33141
33151
33232
33153
33153
33158
33173
33168
33151
33207
33215
33173
33217
33211
33270
33312
33255
33297
33272
33282
33271
33217
33303
33251
33271
33260
33276
33283
33209
33281
33271
33214
33250
33184
33262
33210
33220
33167
33103
33168
33147
33172
33179
33077
33175
33169
33151
33171
33159
33137
33139
33142
33201
33148
33203
33239
33184
33191
33257
33265
33202
33199
33224
33199
33231
33207
33202
33261
33188
33207
33168
33153
33234
33147
33191
33190
33133
33187
33105
33171
33169
33111
33153
33118
33143
33087
33115
33184
33108
33081
33153
33105
33159
33130
33149
33199
33211
33191
33121
33169
33215
33166
33174
33177
33214
33227
33197
33245
33207
33251
33182
33135
33208
33135
33154
33167
33155
33148
33108
33074
33112
33123
33119
33079
33095
33044
33056
33087
33099
33110
33133
33127
33127
33125
33191
33167
33167
33182
33143
33157
33173
33183
33215
33153
33209
33239
33147
33208
33149
33173
33163
33145
33175
33127
33152
33153
33153
33215
33077
33144
33201
33127
33171
33107
33143
33124
33129
33141
33092
33178
33134
33132
33153
33095
33140
33183
33127
33223
33195
33208
33191
33219
33183
33143
33221
33243
33183
33191
33190
33256
33159
33143
33173
33191
33175
33149
33111
33151
33171
33162
33142
33095
33151
33097
33150
33129
33073
33145
33107
33118
33161
33152
33217
33149
33186
33183
33200
33183
33189
33250
33259
33204
33204
33182
33214
33211
33161
33181
33168
33184
33239
33167
33221
33162
33135
33183
33151
33175
33143
33134
33217
33118
33147
33124
33135
33103
33111
33150
33134
33118
33160
33129
33205
33164
33109
33174
33126
33209
33200
33221
33218
33165
33210
33214
33236
33197
33215
33276
33161
33221
33174
33143
33231
33186
33150
33163
33147
33205
33137
33139
33141
33130
33145
33065
33138
33081
33095
33175
33109
33169
33155
33165
33205
33157
33233
33181
33173
33217
33181
33189
33174
33193
33236
33203
33204
33249
33199
33206
33201
33169
33175
33183
33199
33125
33213
33126
33118
33154
33100
33125
33117
33131
33134
33079
33137
33127
33089
33131
33078
33137
33140
33159
33159
33163
33206
33181
33199
33247
33185
33211
33221
33159
33230
33193
33167
33200
33154
33192
33200
33237
33238
33215
33247
33179
33203
33207
33105
33161
33132
33189
33177
33153
33193
33104
33167
33183
33151
33187
33115
33127
33161
33103
33160
33155
33173
33175
33159
33231
33133
33200
33179
33152
33262
33204
33211
33211
33192
33253
33180
33215
33167
33183
33262
33206
33191
33206
33151
33187
33171
33181
33156
33173
33103
33147
33140
33142
33113
33195
33109
33129
33132
33151
33179
33140
33182
33170
33167
33228
33184
33245
33193
33223
33228
33205
33271
33224
33160
33241
33240
33216
33175
33209
33225
33141
33232
33175
33158
33207
33189
33177
33155
33112
33130
33094
33129
33105
33072
33119
33063
33102
33127
33080
33143
33149
33159
33145
33119
33203
33133
33163
33181
33165
33211
33197
33251
33225
33251
33233
33163
33244
33220
33223
33219
33182
33217
33223
33195
33176
33191
33204
33172
33151
33191
33159
33189
33199
33127
33195
33169
33239
33208
33187
33225
33215
33215
33240
33273
33283
33295
33293
33278
33185
33301
33249
33303
33355
33291
33374
33295
33319
33367
33318
33281
33279
33295
33287
33265
33297
33316
33319
33295
33232
33321
33223
33298
33233
33225
33270
33207
33201
33242
33195
33266
33259
33263
33254
33279
33366
33290
33324
33363
33405
33373
33361
33432
33421
33413
33464
33366
33417
33395
33319
33373
33297
33383
33382
33317
33359
33334
33340
33325
33291
33329
33288
33341
33290
33287
33276
33255
33274
33218
33219
33310
33252
33289
33240
33273
33343
33335
33300
33334
33290
33324
33311
33315
33282
33335
33348
33267
33322
33285
33267
33261
33229
33231
33271
33195
33237
33181
33285
33229
33183
33162
33153
33137
33155
33107
33108
33095
33119
33091
33103
33124
33082
33134
33129
33131
33170
33150
33186
33177
33203
33227
33193
33177
33199
33165
33201
33157
33207
33155
33109
33229
33158
33168
33161
33118
33143
33076
33146
33095
33085
33135
33095
33150
33099
33041
33067
33030
33045
33093
33011
33089
33051
33113
33091
33013
33047
33062
33130
33123
33110
33075
33095
33208
33132
33141
33127
33135
33124
33148
33194
33157
33117
33165
33095
33089
33127
33069
33095
33062
33134
33209
33137
33115
33067
33068
33139
33071
33045
33023
33028
33079
33055
33096
33100
33057
33103
33127
33059
33086
33069
33159
33131
33191
33221
33174
33217
33112
33169
33171
33127
33143
33137
33170
33151
33158
33185
33098
33179
33095
33104
33113
33074
33120
33110
33093
33145
33105
33087
33090
33045
33083
33039
33135
33079
33070
33128
33072
33143
33125
33119
33138
33143
33187
33184
33159
33184
33184
33216
33209
33197
33242
33154
33242
33224
33185
33253
33151
33186
33183
33167
33188
33157
33145
33149
33141
33208
33127
33166
33115
33127
33124
33118
33163
33128
33143
33132
33095
33217
33174
33219
33221
33201
33167
33134
33173
33201
33144
33233
33257
33218
33275
33167
33193
33175
33177
33159
33143
33249
33193
33218
33265
33153
33143
33101
33146
33147
33152
33145
33155
33127
33129
33125
33165
33165
33123
33129
33123
33173
33152
33174
33196
33181
33215
33210
33203
33237
33222
33247
33239
33230
33268
33209
33202
33198
33158
33287
33159
33230
33153
33167
33183
33127
33155
33111
33119
33115
33137
33167
33129
33085
33151
33131
33159
33173
33160
33172
33095
33159
33124
33112
33164
33142
33218
33238
33224
33219
33184
33209
33253
33237
33257
33243
33230
33218
33210
33234
33158
33188
33125
33096
33174
33141
33153
33147
33169
33183
33102
33102
33106
33147
33146
33129
33201
33159
33135
33156
33168
33112
33129
33162
33167
33161
33192
33170
33184
33212
33183
33211
33189
33160
33237
33190
33231
33205
33200
33183
33168
33233
33132
33193
33207
33160
33165
33135
33125
33143
33129
33155
33157
33193
33143
33112
33102
33167
33099
33261
33167
33119
33143
33161
33161
33089
33144
33139
33209
33237
33201
33267
33225
33175
33196
33224
33247
33171
33127
33183
33131
33144
33163
33127
33205
33131
33161
33137
33077
33111
33111
33171
33175
33095
33111
33075
33165
33099
33142
33143
33084
33188
33196
33161
33187
33198
33132
33175
33187
33263
33133
33225
33187
33189
33254
33156
33223
33198
33223
33216
33152
33226
33161
33172
33167
33113
33139
33135
33119
33139
33141
33175
33144
33081
33191
33121
33144
33083
33126
33123
33143
33143
33201
33175
33223
33132
33228
33190
33191
33159
33139
33199
33235
33198
33225
33209
33252
33265
33187
33223
33227
33215
33193
33223
33229
33143
33206
33205
33157
33245
33194
33196
33186
33169
33167
33136
33173
33182
33166
33172
33141
33194
33179
33247
33277
33279
33305
33325
33257
33315
33319
33354
33299
33339
33379
33297
33324
33331
33334
33383
33312
33351
33305
33307
33343
33290
33291
33265
33247
33289
33253
33331
33239
33273
33267
33192
33257
33251
33238
33247
33243
33299
33243
33210
33267
33225
33296
33233
33267
33283
33213
33304
33277
33293
33378
33273
33369
33278
33292
33281
33257
33300
33308
33297
33290
33241
33240
33223
33268
33255
33177
33233
33187
33152
33217
33132
33219
33188
33169
33209
33123
33197
33174
33169
33219
33122
33189
33181
33181
33179
33229
33279
33256
33175
33222
33168
33205
33210
33209
33239
33147
33199
33244
33172
33165
33113
33151
33145
33117
33165
33147
33187
33146
33095
33151
33101
33112
33100
33099
33126
33093
33155
33165
33094
33167
33097
33168
33152
33139
33149
33075
33155
33069
33100
33185
33157
33181
33111
33027
33077
33078
33103
33031
33099
33097
33020
33082
33046
33115
33111
33087
33125
33106
33157
33161
33170
33192
33137
33159
33244
33165
33221
33245
33211
33254
33205
33203
33207
33230
33249
33247
33303
33241
33267
33252
33231
33299
33246
33256
33300
33265
33347
33349
33370
33405
33336
33413
33419
33409
33457
33433
33559
33527
33527
33546
33516
33602
33607
33599
33635
33607
33604
33645
33642
33701
33679
33634
33637
33678
33711
33693
33731
33707
33785
33814
33735
33837
33771
33800
33835
33711
33757
33749
33767
33805
33761
33808
33788
33735
33804
33807
33836
33829
33816
33856
33810
33929
33884
33899
33960
33905
33951
33876
33838
33836
33753
33805
33751
33757
33697
33626
33696
33655
33615
33639
33625
33628
33659
33667
33731
33679
33673
33647
33650
33637
33607
33585
33509
33551
33567
33507
33598
33471
33493
33479
33415
33439
33400
33394
33381
33359
33468
33401
33386
33373
33244
33328
33240
33224
33254
33175
33169
33179
33213
33203
33201
33224
33219
33183
33193
33098
33162
33135
33161
33143
33099
33155
33113
33125
33132
33065
33060
33012
33003
32975
32939
33015
32917
33005
32987
32895
32935
32873
32831
32855
32829
32833
32815
32869
32861
32792
32863
32903
32887
32935
32867
32998
32941
32937
32979
32885
32965
32903
32924
32910
32876
32908
32887
32842
32831
32807
32817
32799
32740
32844
32803
32815
32809
32864
32880
32831
32849
32824
32817
32824
32818
32830
32803
32815
32888
32869
32887
32859
32903
32977
32897
32955
32936
32977
33047
32975
33051
32971
33032
32975
32913
32943
32951
32932
32951
32906
32960
32916
32880
32906
32823
32911
32878
32879
32920
32943
32954
32957
32968
32951
32912
32952
32934
32951
33006
32925
33007
32965
32999
32983
32975
32997
32933
33007
33031
32944
33047
32974
33029
33104
33063
33045
33021
33000
32994
32969
32988
32975
33001
32947
33005
32998
32983
32969
32990
33034
33028
32991
33041
33032
33025
33059
33025
32992
33047
32955
33006
32983
32973
33007
32981
33037
32999
33006
32999
33006
33077
33020
33043
33130
33075
33131
33125
33141
33107
33073
33113
33059
33031
33067
33033
33099
33031
33101
33027
33045
33075
33031
33077
33052
33019
33117
33039
33061
33063
33021
33074
32991
33071
33019
33020
33041
33077
33093
33120
33108
33144
33112
33107
33103
33133
33104
33063
33146
33169
33113
33138
33077
33092
33120
33102
33140
33027
33099
33128
33026
33111
33079
33053
33043
33036
33077
33105
33105
33093
33090
33086
33048
33063
33055
33065
33159
33072
33127
33127
33064
33145
33186
33171
33214
33147
33207
33159
33167
33215
33143
33237
33137
33163
33135
33089
33144
33105
33061
33116
33079
33102
33070
33036
33101
33051
33031
33052
33090
33118
33072
33094
33090
33064
33089
33065
33135
33120
33165
33167
33169
33261
33178
33171
33217
33201
33199
33131
33275
33201
33167
33178
33173
33159
33151
33136
33134
33125
33120
33053
33063
33071
33049
33103
33110
33051
33143
33108
33133
33151
33083
33140
33137
33147
33195
33083
33217
33144
33175
33223
33121
33213
33213
33199
33213
33145
33187
33156
33153
33179
33123
33104
33185
33143
33105
33087
33125
33099
33087
33107
33036
33152
33108
33156
33185
33121
33137
33113
33159
33147
33120
33103
33089
33151
33205
33176
33165
33141
33175
33139
33143
33173
33159
33203
33168
33171
33207
33159
33213
33213
33164
33206
33186
33158
33195
33147
33161
33151
33159
33148
33092
33164
33087
33091
33152
33145
33161
33125
33215
33133
33091
33163
33137
33174
33131
33123
33148
33175
33202
33217
33140
33189
33167
33162
33183
33137
33247
33149
33189
33205
33211
33255
33220
33197
33211
33196
33185
33164
33209
33145
33119
33175
33142
33179
33210
33153
33181
33153
33167
33152
33125
33185
33143
33162
33161
33101
33188
33133
33156
33176
33143
33191
33174
33239
33212
33183
33208
33238
33240
33253
33226
33250
33218
33243
33229
33193
33267
33249
33194
33250
33219
33171
33159
33205
33175
33161
33176
33103
33131
33170
33136
33113
33161
33161
33173
33165
33200
33202
33185
33185
33208
33211
33183
33172
33239
33193
33253
33224
33270
33266
33248
33232
33271
33231
33307
33249
33211
33229
33226
33223
33171
33205
33113
33143
33163
33138
33155
33137
33116
33115
33087
33151
33139
33125
33127
33135
33193
33188
33199
33217
33161
33243
33166
33189
33194
33187
33261
33208
33231
33241
33237
33240
33202
33211
33228
33170
33178
33172
33181
33157
33125
33154
33127
33155
33184
33111
33131
33106
33112
33087
33083
33107
33095
33138
33163
33172
33129
33167
33141
33220
33171
33177
33135
33207
33224
33206
33223
33177
33170
33183
33138
33230
33188
33210
33197
33145
33213
33174
33151
33181
33163
33165
33111
33127
33133
33105
33173
33127
33156
33127
33130
33161
33117
33170
33121
33085
33150
33149
33149
33146
33141
33213
33141
33167
33207
33164
33226
33199
33166
33221
33139
33181
33153
33169
33200
33193
33202
33125
33154
33143
33181
33211
33139
33159
33167
33105
33127
33097
33172
33076
33053
33153
33180
33151
33153
33119
33226
33152
33155
33167
33114
33181
33109
33153
33147
33159
33165
33219
33193
33180
33183
33191
33169
33177
33171
33119
33213
33193
33111
33154
33151
33191
33121
33174
33167
33121
33166
33165
33114
33175
33127
33183
33076
33095
33142
33115
33143
33125
33199
33186
33145
33243
33193
33223
33227
33181
33289
33194
33202
33191
33158
33252
33194
33267
33235
33235
33251
33229
33201
33238
33247
33239
33165
33223
33204
33123
33193
33152
33141
33160
33125
33169
33102
33167
33181
33112
33213
33164
33163
33225
33131
33217
33178
33224
33253
33199
33182
33243
33258
33239
33261
33263
33177
33230
33246
33205
33279
33230
33211
33188
33159
33215
33227
33143
33188
33150
33166
33191
33135
33208
33192
33237
33191
33211
33159
33174
33253
33200
33223
33206
33165
33246
33195
33237
33226
33213
33329
33257
33247
33246
33227
33311
33231
33259
33259
33209
33287
33234
33227
33286
33247
33267
33230
33225
33169
33161
33249
33167
33191
33175
33143
33168
33097
33122
33207
33148
33203
33166
33191
33219
33175
33197
33180
33233
33217
33213
33285
33223
33221
33251
33167
33232
33207
33175
33244
33202
33256
33182
33259
33213
33179
33192
33157
33186
33165
33133
33185
33183
33149
33132
33143
33177
33117
33147
33151
33136
33188
33175
33179
33173
33185
33164
33168
33216
33201
33193
33206
33177
33235
33209
33149
33189
33177
33196
33190
33197
33213
33157
33187
33197
33223
33209
33181
33217
33221
33196
33155
33151
33177
33144
33157
33187
33127
33144
33148
33131
33148
33114
33139
33147
33162
33164
33183
33149
33160
33179
33214
33150
33198
33215
33151
33155
33201
33169
33215
33123
33216
33141
33203
33169
33172
33218
33184
33200
33195
33153
33215
33143
33119
33151
33121
33167
33146
33134
33151
33147
33087
33109
33183
33191
33145
33178
33125
33185
33179
33153
33221
33159
33175
33159
33158
33233
33192
33237
33205
33166
33242
33153
33209
33195
33168
33209
33173
33193
33198
33159
33181
33149
33162
33106
33149
33169
33140
33138
33117
33113
33125
33160
33128
33126
33103
33191
33135
33221
33153
33157
33207
33134
33133
33177
33189
33244
33227
33218
33199
33217
33250
33209
33236
33199
33112
33219
33157
33164
33146
33144
33175
33130
33145
33101
33149
33168
33167
33193
33151
33103
33100
33088
33146
33145
33106
33135
33190
33165
33199
33136
33203
33162
33196
33215
33181
33223
33239
33227
33256
33209
33240
33232
33203
33188
33174
33219
33162
33197
33213
33148
33171
33145
33179
33191
33153
33199
33167
33135
33131
33079
33151
33116
33161
33147
33103
33174
33167
33176
33152
33185
33189
33147
33131
33136
33163
33213
33208
33199
33180
33179
33220
33207
33169
33148
33139
33221
33137
33109
33127
33099
33144
33143
33140
33095
33099
33145
33113
33157
33130
33111
33125
33097
33132
33147
33143
33162
33124
33137
33127
33188
33183
33133
33193
33134
33110
33157
33187
33150
33174
33155
33183
33128
33191
33239
33184
33234
33144
33141
33161
33139
33201
33155
33218
33153
33121
33147
33099
33161
33137
33143
33171
33137
33174
33145
33123
33160
33183
33167
33174
33151
33199
33123
33191
33189
33206
33212
33196
33177
33208
33172
33197
33185
33199
33223
33160
33255
33166
33194
33180
33184
33191
33164
33195
33196
33145
33193
33125
33145
33196
33124
33135
33085
33151
33089
33067
33164
33111
33167
33215
33145
33241
33160
33187
33182
33138
33175
33151
33241
33193
33146
33212
33168
33220
33263
33163
33244
33163
33209
33231
33149
33180
33115
33183
33187
33175
33172
33111
33127
33165
33167
33147
33127
33161
33136
33097
33167
33086
33136
33164
33162
33198
33183
33223
33183
33161
33209
33175
33177
33183
33156
33191
33193
33191
33215
33287
33217
33186
33212
33240
33177
33198
33176
33175
33159
33133
33176
33143
33158
33122
33117
33199
33097
33147
33142
33145
33193
33135
33171
33167
33156
33174
33079
33197
33143
33163
33211
33159
33244
33175
33176
33148
33175
33249
33212
33183
33217
33203
33212
33141
33180
33222
33125
33170
33197
33082
33167
33073
33116
33197
33137
33235
33171
33143
33154
33146
33183
33157
33121
33157
33127
33223
33194
33211
33194
33195
33241
33196
33229
33245
33174
33255
33208
33223
33197
33203
33244
33209
33227
33165
33193
33238
33137
33250
33181
33145
33169
33164
33214
33101
33175
33161
33135
33127
33153
33148
33203
33117
33179
33159
33180
33198
33199
33203
33162
33175
33211
33225
33192
33176
33207
33241
33173
33250
33202
33177
33211
33162
33211
33240
33213
33269
33202
33236
33163
33191
33195
33188
33225
33149
33199
33231
33149
33189
33164
33207
33207
33149
33143
33185
33175
33174
33100
33182
33209
33235
33214
33156
33239
33194
33225
33231
33173
33233
33177
33231
33261
33151
33199
33201
33168
