33118
33096
33083
33078
33090
33088
33081
33073
33121
33095
33073
33066
33081
33084
33091
33090
33112
33117
33210
33072
33064
33069
33079
33079
33081
33081
33069
33089
33068
33082
33076
33082
33095
33092
33094
33089
33079
33076
33095
33082
33089
33100
33099
33080
33083
33079
33099
33083
33089
33084
33096
33079
33070
33095
33121
33118
33111
33088
33102
33087
33071
33070
33096
33109
33111
33103
33096
33095
33099
33104
33097
33091
33081
33066
33095
33129
33110
33124
33103
33108
33110
33105
33108
33107
33082
33087
33100
33120
33105
33097
33088
33100
33095
33089
33099
33106
33081
33072
33119
33111
33085
33079
33081
33124
33111
33116
33107
33106
33113
33102
33090
33102
33099
33094
33077
33090
33095
33093
33098
33112
33107
33101
33094
33103
33101
33105
33131
33079
33091
33115
33123
33111
33123
33114
33119
33095
33097
33110
33094
33095
33103
33115
33117
33109
33116
33121
33110
33109
33119
33123
33118
33113
33118
33127
33107
33097
33104
33103
33109
33092
33101
33119
33123
33119
33123
33128
33113
33097
33108
33107
33098
33100
33106
33106
33101
33104
33101
33106
33118
33118
33116
33111
33115
33113
33123
33123
33106
33113
33111
33118
33122
33126
33137
33127
33111
33122
33127
33126
33103
33113
33112
33121
33108
33093
33104
33115
33127
33125
33122
33127
33143
33128
33141
33121
33117
33124
33100
33114
33125
33116
33139
33113
33115
33133
33140
33143
33111
33119
33131
33126
33107
33114
33109
33094
33107
33118
33119
33127
33123
33103
33112
33121
33138
33151
33143
33117
33127
33121
33121
33125
33136
33115
33111
33108
33114
33132
33102
33114
33123
33142
33116
33123
33124
33121
33131
33118
33094
33129
33109
33100
33104
33111
33109
33118
33128
33117
33111
33103
33111
33133
33107
33087
33102
33118
33101
33097
33092
33087
33087
33109
33102
33115
33092
33077
33103
33118
33137
33105
33109
33097
33099
33106
33100
33110
33127
33117
33118
33107
33124
33107
33123
33127
33130
33126
33129
33107
33122
33113
33105
33112
33127
33115
33122
33117
33111
33108
33117
33129
33116
33096
33109
33125
33133
33111
33122
33108
33111
33104
33123
33119
33131
33135
33105
33119
33130
33121
33111
33117
33105
33120
33132
33136
33134
33112
33115
33106
33136
33146
33129
33127
33126
33112
33125
33118
33112
33120
33106
33092
33100
33113
33121
33122
33089
33094
33111
33108
33131
33119
33113
33125
33116
33109
33109
33095
33081
33115
33111
33106
33121
33097
33111
33111
33095
33125
33123
33139
33143
33115
33117
33114
33127
33135
33153
33127
33135
33138
33141
33113
33107
33111
33122
33113
33125
33135
33141
33135
33127
33135
33113
33102
33095
33105
33116
33112
33127
33130
33126
33129
33135
33109
33129
33125
33145
33131
33119
33125
33115
33111
33127
33107
33100
33111
33100
33125
33125
33125
33127
33127
33134
33127
33113
33126
33129
33140
33115
33125
33129
33121
33127
33125
33130
33141
33131
33133
33111
33119
33118
33113
33115
33132
33122
33139
33114
33115
33131
33111
33117
33107
33111
33085
33097
33135
33127
33123
33121
33119
33115
33120
33119
33108
33103
33116
33111
33105
33105
33092
33127
33111
33109
33103
33111
33118
33104
33116
33139
33105
33116
33124
33099
33127
33133
33117
33121
33127
33135
33121
33115
33134
33143
33162
33143
33111
33116
33134
33127
33110
33113
33107
33093
33112
33104
33108
33089
33105
33103
33127
33128
33124
33110
33090
33111
33123
33111
33095
33076
33091
33095
33087
33084
33083
33087
33093
33087
33100
33080
33099
33088
33081
33095
33088
33091
33099
33079
33077
33075
33084
33093
33095
33092
33118
33095
33073
33091
33095
33091
33093
33114
33075
33081
33095
33084
33095
33093
33108
33100
33103
33110
33097
33127
33119
33106
33098
33101
33099
33109
33097
33101
33108
33119
33119
33100
33117
33120
33104
33104
33103
33111
33109
33086
33095
33101
33115
33113
33093
33079
33093
33117
33113
33110
33123
33113
33104
33135
33113
33090
33108
33102
33105
33107
33107
33091
33095
33113
33108
33082
33085
33116
33125
33123
33118
33108
33098
33109
33118
33105
33104
33108
33106
33095
33095
33103
33111
33131
33107
33108
33125
33122
33105
33084
33085
33088
33103
33105
33095
33121
33116
33137
33117
33096
33113
33111
33092
33120
33108
33125
33102
33090
33129
33126
33111
33110
33096
33103
33125
33130
33111
33099
33093
33120
33109
33101
33092
33084
33101
33093
33113
33111
33115
33134
33133
33150
33135
33098
33091
33122
33117
33080
33105
33109
33091
33081
33112
33099
33100
33113
33103
33107
33096
33086
33109
33129
33129
33117
33132
33127
33110
33098
33100
33129
33063
33137
33121
33107
33126
33128
33113
33120
33125
33135
33113
33111
33124
33123
33109
33111
33123
33115
33119
33104
33120
33125
33114
33113
33116
33119
33106
33119
33103
33100
33115
33106
33121
33130
33112
33103
33104
33097
33115
33119
33115
33101
33119
33136
33133
33129
33110
33117
33119
33134
33134
33112
33096
33102
33123
33127
33120
33123
33123
33125
33127
33127
33108
33098
33133
33125
33107
33125
33130
33113
33121
33128
33137
33127
33129
33081
33082
33083
33099
33110
33099
33098
33111
33108
33103
33104
33089
33092
33093
33111
33110
33094
33101
33093
33082
33079
33110
33097
33103
33105
33097
33104
33118
33118
33111
33103
33103
33119
33122
33083
33104
33098
33103
33105
33117
33103
33125
33125
33091
33101
33089
33107
33115
33124
33115
33087
33092
33101
33095
33109
33129
33136
33127
33145
33122
33119
33116
33111
33107
33123
33119
33123
33096
33103
33121
33123
33103
33113
33110
33111
33139
33127
33121
33125
33105
33112
33110
33107
33086
33104
33112
33107
33121
33114
33114
33107
33103
33124
33131
33116
33107
33103
33115
33109
33114
33119
33107
33121
33104
33101
33105
33102
33112
33133
33116
33144
33135
33135
33123
33113
33105
33119
33115
33111
33105
33121
33104
33118
33123
33121
33129
33100
33099
33127
33123
33120
33123
33100
33113
33106
33085
33089
33114
33111
33129
33146
33127
33125
33119
33125
33127
33111
33095
33103
33115
33120
33112
33117
33111
33091
33119
33129
33107
33129
33143
33106
33099
33112
33113
33095
33103
33129
33121
33111
33115
33117
33126
33143
33141
33117
33117
33106
33123
33142
33149
33137
33116
33135
33151
33136
33123
33137
33114
33101
33119
33129
33139
33128
33138
33121
33123
33125
33119
33123
33124
33109
33116
33138
33122
33123
33112
33121
33141
33136
33114
33111
33119
33130
33143
33149
33127
33123
33127
33117
33108
33111
33117
33137
33107
33117
33117
33114
33108
33113
33134
33150
33146
33127
33117
33111
33117
33124
33139
33135
33143
33137
33098
33107
33114
33126
33122
33116
33127
33139
33117
33115
33121
33133
33113
33125
33130
33138
33127
33143
33134
33121
33115
33077
33070
33049
33057
33068
33053
33053
33052
33079
33075
33077
33088
33071
33049
33074
33071
33047
33068
33081
33076
33061
33055
33040
33063
33063
33077
33086
33058
33066
33055
33063
33079
33052
33086
33087
33084
33081
33096
33109
33081
33081
33074
33093
33086
33075
33083
33097
33103
33111
33085
33061
33083
33094
33073
33077
33087
33095
33103
33097
33106
33087
33085
33095
33096
33081
33093
33089
33094
33097
33100
33083
33095
33087
33084
33096
33080
33096
33111
33107
33082
33084
33094
33097
33069
33083
33096
33088
33087
33078
33089
33081
33071
33095
33084
33081
33091
33094
33093
33074
33076
33097
33111
33111
33101
33124
33127
33092
33095
33106
33135
33131
33113
33102
33113
33097
33085
33103
33120
33089
33079
33115
33117
33086
33124
33115
33115
33125
33107
33092
33107
33115
33114
33119
33128
33104
33110
33107
33099
33103
33113
33112
33107
33122
33114
33116
33127
33135
33107
33121
33122
33103
33109
33111
33103
33099
33103
33123
33131
33132
33142
33145
33129
33131
33122
33115
33095
33109
33121
33114
33100
33100
33103
33125
33121
33121
33111
33111
33145
33137
33130
33113
33106
33109
33111
33143
33145
33135
33137
33144
33133
33119
33103
33127
33107
33104
33113
33104
33094
33103
33114
33111
33119
33105
33117
33119
33123
33119
33120
33113
33106
33113
33140
33129
33115
33103
33084
33115
33103
33126
33117
33121
33116
33124
33134
33113
33119
33122
33139
33123
33121
33125
33143
33119
33117
33131
33131
33121
33125
33133
33145
33130
33129
33165
33170
33158
33135
33122
33130
33146
33123
33136
33143
33127
33131
33150
33135
33121
33126
33130
33139
33150
33142
33115
33115
33120
33138
33109
33121
33123
33099
33096
33117
33099
33104
33099
33096
33113
33102
33094
33091
33103
33111
33098
33108
33102
33085
33089
33103
33113
33128
33119
33120
33106
33126
33099
33131
33132
33135
33114
33109
33097
33118
33120
33097
33106
33123
33110
33123
33141
33151
33121
33126
33127
33120
33129
33113
33114
33110
33107
33089
33120
33125
33141
33148
33131
33139
33128
33123
33140
33135
33136
33135
33120
33131
33127
33139
33131
33135
33135
33128
33116
33108
33127
33119
33125
33135
33145
33121
33102
33113
33123
33129
33134
33127
33120
33128
33140
33121
33117
33134
33142
33147
33145
33122
33118
33146
33147
33144
33141
33134
33134
33151
33143
33113
33143
33137
33127
33134
33141
33142
33123
33102
33131
33129
33119
33136
33140
33141
33157
33143
33126
33123
33155
33173
33134
33139
33135
33148
33163
33165
33169
33143
33143
33138
33137
33118
33141
33151
33154
33141
33125
33132
33121
33114
33132
33139
33143
33159
33149
33113
33137
33144
33140
33146
33146
33152
33168
33143
33143
33141
33138
33151
33132
33144
33170
33161
33170
33153
33123
33145
33159
33135
33131
33147
33164
33171
33158
33143
33127
33132
33134
33153
33158
33143
33139
33135
33133
33165
33157
33153
33155
33135
33131
33146
33143
33154
33147
33141
33135
33152
33159
33163
33145
33150
33132
33143
33137
33141
33140
33141
33137
33154
33157
33137
33155
33150
33139
33138
33155
33147
33154
33159
33164
33155
33143
33178
33175
33177
33168
33144
33143
33167
33154
33111
33125
33133
33137
33125
33137
33145
33134
33140
33137
33117
33129
33135
33119
33112
33134
33122
33134
33143
33130
33116
33100
33100
33111
33111
33111
33107
33124
33097
33097
33096
33107
33097
33111
33093
33092
33089
33102
33113
33103
33107
33091
33113
33103
33109
33095
33103
33116
33103
33111
33082
33095
33111
33098
33118
33119
33115
33115
33110
33131
33127
33115
33127
33127
33129
33130
33112
33101
33103
33119
33127
33110
33108
33118
33114
33112
33114
33135
33108
33117
33127
33127
33123
33099
33097
33095
33103
33119
33101
33109
33085
33087
33095
33114
33126
33119
33111
33110
33109
33095
33127
33103
33091
33113
33123
33118
33109
33111
33117
33127
33111
33120
33119
33120
33109
33127
33119
33109
33101
33095
33103
33097
33106
33115
33098
33117
33135
33118
33119
33134
33117
33095
33107
33129
33141
33117
33126
33127
33123
33126
33110
33118
33131
33121
33133
33134
33141
33126
33130
33142
33129
33123
33135
33115
33122
33126
33141
33138
33137
33129
33128
33133
33133
33133
33151
33117
33122
33114
33127
33122
33123
33125
33120
33121
33129
33154
33163
33135
33133
33141
33143
33157
33151
33139
33125
33119
33132
33135
33135
33117
33130
33137
33129
33140
33127
33135
33129
33109
33135
33156
33133
33137
33135
33147
33140
33124
33123
33117
33124
33150
33143
33115
33124
33140
33155
33144
33143
33127
33120
33137
33135
33129
33119
33093
33111
33103
33147
33151
33158
33143
33143
33127
33136
33141
33131
33121
33149
33143
33140
33135
33130
33123
33139
33137
33120
33113
33127
33119
33123
33110
33110
33119
33138
33129
33118
33128
33123
33142
33142
33135
33134
33130
33126
33158
33149
33137
33143
33130
33135
33132
33114
33128
33104
33113
33129
33170
33147
33125
33113
33115
33129
33125
33120
33103
33087
33088
33106
33121
33120
33097
33101
33110
33123
33127
33103
33123
33121
33103
33125
33112
33094
33115
33134
33116
33108
33131
33121
33109
33114
33138
33124
33119
33121
33135
33127
33109
33125
33140
33113
33100
33117
33115
33132
33131
33145
33137
33115
33128
33107
33097
33125
33105
33130
33124
33124
33095
33112
33127
33111
33127
33127
33123
33130
33103
33123
33127
33128
33128
33119
33141
33142
33115
33103
33105
33118
33118
33132
33136
33143
33142
33127
33144
33139
33156
33135
33132
33133
33144
33128
33113
33141
33125
33113
33121
33114
33142
33115
33135
33115
33127
33136
33123
33141
33129
33120
33104
33127
33119
33165
33157
33136
33136
33117
33120
33124
33121
33142
33128
33147
33128
33136
33119
33126
33117
33131
33133
33097
33115
33140
33135
33144
33120
33123
33127
33135
33147
33151
33147
33157
33135
33139
33137
33132
33136
33115
33144
33148
33118
33131
33140
33130
33145
33140
33135
33125
33131
33111
33142
33153
33139
33132
33117
33116
33141
33150
33135
33146
33132
33134
33159
33164
33158
33162
33149
33135
33139
33129
33150
33129
33130
33159
33151
33143
33140
33127
33132
33115
33134
33117
33111
33130
33147
33145
33132
33112
33145
33141
33146
33138
33128
33136
33169
33135
33118
33129
33119
33127
33129
33131
33123
33125
33143
33151
33138
33127
33118
33112
33119
33137
33128
33114
33136
33132
33129
33153
33156
33161
33147
33141
33150
33159
33123
33123
33145
33126
33137
33134
33137
33144
33159
33165
33161
33147
33125
33127
33146
33152
33166
33163
33155
33167
33134
33111
33133
33142
33137
33151
33143
33121
33125
33144
33129
33133
33119
33107
33096
33090
33079
33076
33071
33081
33095
33094
33085
33103
33087
33111
33123
33103
33087
33085
33105
33087
33093
33056
33068
33087
33085
33111
33103
33099
33096
33105
33111
33091
33095
33103
33100
33110
33109
33104
33096
33117
33100
33100
33093
33117
33109
33119
33105
33128
33117
33134
33111
33111
33117
33131
33096
33111
33117
33095
33125
33131
33132
33151
33110
33103
33106
33095
33092
33121
33113
33135
33123
33114
33117
33115
33113
33126
33127
33127
33116
33109
33111
33120
33103
33079
33088
33117
33117
33095
33123
33119
33105
33111
33100
33103
33122
33115
33136
33141
33138
33125
33131
33146
33108
33116
33119
33111
33099
33119
33146
33120
33107
33104
33111
33121
33141
33129
33139
33127
33121
33127
33112
33120
33133
33101
33113
33119
33122
33095
33122
33117
33090
33133
33137
33135
33135
33124
33133
33137
33127
33120
33105
33118
33120
33132
33127
33120
33117
33123
33135
33119
33126
33133
33141
33121
33141
33111
33097
33114
33125
33144
33127
33129
33125
33115
33127
33119
33111
33141
33170
33152
33141
33136
33149
33135
33139
33147
33145
33167
33157
33139
33140
33113
33121
33116
33113
33113
33148
33157
33137
33120
33093
33127
33148
33140
33147
33130
33119
33131
33141
33111
33113
33119
33117
33122
33112
33135
33119
33143
33143
33119
33127
33154
33149
33135
33151
33155
33122
33124
33115
33141
33138
33111
33143
33157
33145
33115
33119
33128
33137
33137
33125
33121
33128
33135
33125
33121
33151
33139
33145
33148
33151
33149
33136
33137
33126
33138
33130
33153
33161
33142
33157
33143
33130
33133
33136
33144
33141
33145
33149
33137
33145
33128
33120
33133
33150
33136
33087
33109
33125
33130
33124
33119
33127
33120
33121
33113
33125
33136
33137
33113
33111
33131
33106
33111
33104
33099
33113
33119
33107
33108
33131
33145
33104
33093
33099
33111
33137
33150
33143
33136
33119
33125
33149
33149
33137
33145
33139
33140
33141
33148
33127
33116
33127
33119
33119
33138
33129
33143
33127
33126
33099
33125
33120
33101
33113
33143
33154
33121
33113
33111
33130
33143
33107
33108
33111
33132
33134
33145
33139
33125
33131
33139
33123
33116
33100
33119
33126
33147
33122
33095
33103
33124
33117
33131
33123
33125
33117
33125
33135
33151
33145
33129
33143
33149
33141
33135
33143
33139
33137
33147
33137
33131
33155
33137
33143
33150
33121
33139
33135
33137
33131
33119
33135
33120
33151
33144
33143
33139
33167
33143
33136
33130
33149
33140
33144
33137
33147
33156
33153
33160
33154
33139
33138
33159
33159
33147
33141
33159
33150
33149
33137
33145
33157
33146
33144
33149
33144
33135
33151
33147
33155
33154
33149
33136
33152
33160
33130
33132
33146
33159
33149
33127
33153
33155
33159
33152
33141
33150
33159
33151
33155
33167
33139
33141
33161
33147
33165
33151
33153
33148
33147
33151
33158
33155
33163
33149
33152
33165
33151
33154
33148
33147
33164
33159
33149
33132
33137
33161
33161
33143
33155
33150
33138
33149
33160
33154
33156
33163
33164
33147
33141
33123
33141
33160
33151
33146
33157
33137
33112
33133
33130
33136
33146
33143
33151
33146
33141
33147
33153
33143
33135
33143
33151
33146
33136
33142
33143
33141
33139
33126
33143
33142
33143
33125
33113
33122
33130
33143
33135
33143
33152
33139
33171
33183
33150
33109
33108
33099
33107
33110
33113
33091
33105
33132
33138
33126
33127
33122
33139
33120
33143
33115
33111
33127
33127
33134
33135
33135
33111
33113
33113
33133
33127
33119
33106
33111
33147
33135
33123
33124
33117
33114
33127
33143
33122
33121
33111
33127
33131
33114
33114
33113
33120
33119
33114
33128
33117
33118
33118
33123
33127
33134
33129
33127
33138
33137
33132
33084
33091
33128
33123
33132
33120
33133
33135
33114
33125
33125
33138
33121
33125
33147
33145
33098
33111
33137
33124
33121
33125
33127
33125
33127
33139
33145
33140
33135
33137
33141
33115
33121
33129
33119
33115
33091
33110
33120
33119
33124
33130
33117
33128
33153
33141
33135
33151
33155
33132
33133
33143
33135
33141
33131
33114
33095
33113
33118
33116
33123
33126
33143
33138
33134
33127
33136
33144
33154
33135
33132
33133
33132
33139
33134
33143
33147
33153
33140
33131
33151
33144
33128
33141
33135
33143
33149
33136
33117
33121
33128
33124
33127
33138
33141
33131
33124
33125
33127
33135
33132
33125
33122
33110
33132
33142
33159
33151
33150
33154
33143
33143
33129
33148
33155
33137
33135
33133
33133
33129
33117
33139
33165
33151
33125
33140
33143
33153
33159
33140
33147
33120
33145
33156
33147
33143
33140
33135
33159
33153
33134
33150
33142
33145
33162
33144
33133
33141
33160
33156
33125
33164
33155
33141
33131
33145
33129
33138
33137
33190
33149
33147
33127
33148
33143
33149
33139
33165
33175
33159
33159
33162
33149
33124
33150
33147
33143
33148
33168
33147
33142
33143
33127
33126
33151
33145
33154
33151
33127
33120
33143
33145
33158
33162
33145
33142
33151
33147
33116
33117
33136
33104
33127
33103
33110
33125
33134
33133
33111
33127
33132
33125
33135
33115
33111
33111
33120
33135
33129
33128
33134
33111
33099
33112
33108
33141
33141
33121
33112
33117
33131
33125
33143
33137
33120
33136
33135
33131
33119
33127
33114
33119
33143
33127
33127
33147
33119
33133
33133
33120
33121
33115
33121
33111
33111
33117
33125
33142
33138
33103
33137
33133
33125
33121
33131
33136
33131
33108
33091
33129
33135
33130
33130
33135
33148
33146
33139
33112
33129
33136
33135
33151
33133
33123
33127
33131
33139
33143
33149
33141
33131
33145
33131
33140
33119
33126
33135
33145
33119
33129
33137
33127
33107
33138
33143
33135
33126
33124
33117
33126
33128
33146
33128
33111
33118
33127
33103
33132
33135
33123
33137
33137
33129
33128
33117
33130
33136
33157
33151
33119
33119
33131
33133
33143
33134
33135
33151
33143
33129
33151
33173
33135
33135
33136
33135
33151
33132
33125
33142
33170
33150
33134
33119
33137
33135
33137
33141
33138
33137
33130
33135
33135
33141
33142
33112
33115
33119
33123
33128
33145
33142
33135
33139
33141
33136
33150
33141
33139
33127
33118
33119
33135
33132
33135
33165
33143
33114
33148
33125
33117
33141
33143
33139
33157
33135
33163
33122
33125
33125
33135
33095
33126
33124
33115
33122
33121
33155
33137
33157
33150
33147
33158
33145
33130
33115
33117
33115
33133
33131
33143
33138
33131
33109
33133
33107
33114
33136
33139
33145
33125
33132
33145
33138
33127
33150
33130
33151
33159
33165
33143
33153
33143
33135
33140
33143
33147
33141
33132
33131
33125
33158
33135
33097
33132
33139
33133
33123
33165
33150
33135
33122
33095
33094
33084
33080
33064
33062
33051
33076
33078
33086
33087
33079
33078
33085
33079
33085
33061
33067
33089
33074
33067
33060
33079
33085
33089
33095
33066
33082
33097
33093
33055
33087
33112
33088
33103
33111
33099
33108
33120
33103
33107
33105
33099
33095
33102
33096
33092
33105
33103
33097
33085
33087
33096
33087
33119
33095
33075
33093
33101
33087
33091
33101
33085
33096
33107
33079
33089
33110
33122
33099
33106
33119
33111
33103
33103
33107
33117
33113
33131
33129
33103
33102
33115
33113
33130
33138
33110
33124
33103
33123
33099
33117
33125
33138
33120
33109
33111
33137
33118
33111
33112
33122
33080
33102
33127
33137
33127
33128
33121
33125
33145
33138
33139
33135
33127
33112
33130
33125
33128
33125
33143
33136
33136
33111
33123
33128
33119
33112
33124
33126
33125
33123
33120
33136
33123
33121
33127
33147
33142
33145
33158
33151
33136
33131
33132
33111
33119
33135
33133
33105
33112
33127
33133
33121
33112
33142
33127
33105
33119
33127
33127
33111
33118
33135
33148
33135
33150
33139
33130
33161
33160
33162
33150
33167
33159
33133
33135
33159
33148
33137
33153
33161
33135
33148
33126
33143
33129
33145
33134
33144
33125
33129
33127
33133
33135
33123
33139
33160
33139
33151
33127
33125
33111
33135
33161
33149
33149
33165
33179
33156
33148
33143
33144
33141
33127
33127
33143
33121
33136
33147
33145
33132
33147
33149
33139
33141
33137
33150
33139
33143
33138
33151
33143
33137
33127
33141
33151
33151
33152
33129
33169
33155
33155
33151
33163
33148
33135
33130
33168
33151
33145
33154
33155
33143
33133
33153
33165
33121
33157
33163
33124
33125
33133
33125
33115
33145
33143
33133
33121
33112
33128
33141
33139
33133
33123
33142
33123
33120
33111
33135
33143
33137
33113
33124
33123
33125
33137
33111
33121
33109
33121
33140
33129
33129
33143
33137
33147
33144
33139
33134
33113
33139
33146
33147
33127
33126
33128
33121
33109
33133
33141
33126
33129
33131
33143
33144
33135
33139
33160
33153
33139
33154
33135
33132
33159
33161
33149
33139
33137
33144
33155
33135
33121
33119
33132
33147
33147
33129
33133
33116
33123
33144
33135
33157
33151
33162
33141
33144
33139
33106
33110
33111
33144
33124
33129
33141
33140
33151
33148
33141
33151
33136
33153
33171
33139
33138
33144
33141
33151
33135
33147
33158
33151
33148
33160
33151
33135
33127
33139
33144
33143
33119
33127
33128
33133
33133
33158
33147
33141
33137
33143
33133
33135
33160
33167
33146
33133
33145
33162
33116
33143
33158
33167
33153
33191
33181
33175
33182
33175
33155
33181
33176
33156
33153
33125
33125
33148
33171
33147
33143
33152
33157
33161
33155
33158
33141
33149
33156
33174
33183
33155
33170
33187
33147
33158
33163
33186
33172
33155
33155
33155
33164
33149
33145
33147
33153
33135
33144
33132
33141
33153
33146
33160
33175
33169
33165
33136
33155
33152
33165
33146
33174
33172
33144
33147
33135
33149
33153
33135
33155
33127
33143
33161
33153
33164
33145
33148
33157
33144
33159
33162
33156
33158
33157
33162
33158
33166
33164
33159
33150
33162
33185
33170
33156
33167
33167
33161
33187
33181
33174
33188
33207
33177
33160
33187
33181
33183
33179
33173
33158
33155
33149
33165
33174
33159
33168
33183
33180
33192
33178
33173
33186
33191
33183
33164
33151
33156
33140
33114
33134
33150
33181
33186
33154
33174
33163
33153
33172
33153
33159
33163
33151
33154
33162
33195
33154
33147
33166
33172
33158
33165
33175
33171
33175
33177
33185
33187
33184
33172
33183
33191
33167
33181
33177
33177
33162
33196
33185
33171
33187
33179
33183
33187
33183
33207
33199
33191
33172
33175
33180
33181
33183
33189
33169
33167
33171
33186
33188
33175
33193
33185
33191
33171
33179
33186
33151
33165
33165
33148
33156
33170
33158
33162
33167
33167
33183
33158
33169
33169
33149
33143
33154
33156
33134
33129
33143
33155
33137
33156
33150
33143
33151
33159
33153
33157
33175
33167
33137
33129
33115
33135
33172
33175
33149
33149
33146
33149
33165
33155
33143
33156
33147
33099
33137
33147
33171
33165
33155
33155
33185
33162
33135
33117
33095
33128
33170
33185
33157
33133
33125
33135
33121
33129
33118
33123
33135
33138
33137
33150
33141
33136
33130
33144
33133
33130
33121
33119
33121
33159
33159
33137
33125
33138
33147
33154
33139
33142
33138
33170
33159
33169
33170
33146
33134
33133
33148
33137
33154
33175
33183
33167
33150
33146
33148
33144
33161
33171
33166
33167
33170
33151
33123
33144
33161
33159
33145
33143
33146
33157
33144
33129
33153
33151
33167
33133
33128
33135
33154
33173
33168
33141
33144
33151
33151
33160
33159
33163
33143
33129
33149
33160
33174
33156
33157
33149
33167
33135
33157
33173
33136
33134
33143
33150
33154
33164
33140
33143
33143
33153
33162
33167
33156
33155
33135
33145
33141
33164
33151
33141
33127
33151
33147
33139
33163
33136
33114
33138
33155
33164
33165
33146
33131
33129
33145
33141
33161
33145
33127
33127
33144
33140
33143
33132
33115
33135
33134
33145
33130
33141
33145
33141
33137
33125
33127
33137
33159
33146
33115
33130
33145
33143
33134
33163
33154
33127
33123
33151
33138
33143
33149
33125
33146
33134
33161
33168
33155
33151
33151
33164
33139
33121
33153
33161
33161
33129
33123
33137
33151
33133
33114
33141
33136
33143
33158
33144
33155
33119
33148
33134
33128
33138
33126
33125
33145
33119
33117
33133
33143
33143
33149
33129
33152
33160
33155
33139
33150
33150
33124
33133
33129
33127
33141
33147
33144
33130
33126
33147
33148
33136
33164
33133
33136
33158
33155
33159
33159
33133
33145
33155
33159
33159
33161
33154
33168
33189
33153
33153
33151
33155
33153
33144
33185
33165
33147
33150
33144
33155
33172
33161
33167
33143
33121
33133
33139
33141
33153
33151
33139
33151
33163
33166
33158
33142
33138
33135
33124
33148
33147
33148
33143
33147
33165
33143
33143
33151
33151
33141
33143
33162
33169
33143
33152
33158
33167
33144
33133
33148
33175
33157
33151
33139
33153
33168
33145
33140
33136
33163
33131
33151
33181
33180
33174
33156
33145
33167
33175
33143
33150
33174
33162
33145
33135
33155
33174
33169
33151
33161
33163
33172
33169
33149
33139
33175
33167
33135
33154
33139
33150
33169
33170
33153
33127
33149
33151
33137
33133
33162
33141
33141
33132
33151
33153
33151
33145
33135
33144
33149
33136
33147
33145
33143
33147
33137
33178
33165
33169
33158
33171
33161
33151
33141
33143
33163
33158
33155
33156
33153
33127
33157
33179
33176
33160
33147
33156
33178
33163
33146
33132
33148
33147
33155
33159
33167
33149
33134
33149
33166
33127
33084
33066
33063
33058
33062
33074
33076
33062
33072
33069
33074
33095
33083
33061
33071
33077
33056
33075
33083
33091
33087
33073
33086
33079
33063
33079
33099
33103
33091
33084
33089
33061
33059
33095
33071
33071
33097
33079
33101
33101
33085
33089
33098
33111
33093
33081
33072
33093
33119
33105
33097
33071
33095
33094
33095
33095
33103
33099
33117
33106
33104
33097
33103
33093
33117
33101
33103
33123
33114
33095
33101
33097
33111
33122
33115
33106
33117
33114
33131
33124
33111
33102
33117
33125
33091
33101
33099
33089
33102
33100
33122
33099
33105
33118
33103
33119
33145
33128
33134
33118
33099
33104
33119
33140
33133
33045
33113
33153
33135
33125
33118
33123
33149
33135
33112
33105
33116
33125
33111
33099
33103
33124
33120
33106
33127
33145
33114
33129
33127
33107
33121
33131
33122
33120
33130
33143
33175
33122
33152
33161
33147
33127
33151
33165
33147
33179
33143
33122
33127
33134
33137
33145
33112
33122
33132
33132
33143
33136
33141
33121
33126
33145
33155
33150
33157
33151
33151
33137
33159
33160
33159
33128
33129
33158
33171
33173
33165
33142
33166
33145
33146
33159
33133
33123
33159
33136
33145
33154
33154
33143
33137
33137
33149
33163
33161
33147
33144
33176
33151
33134
33133
33147
33169
33175
33147
33133
33151
33163
33135
33151
33159
33140
33146
33145
33157
33159
33133
33138
33139
33158
33174
33143
33123
33139
33144
33133
33125
33152
33143
33147
33147
33157
33156
33149
33143
33159
33144
33175
33178
33144
33145
33151
33166
33181
33147
33136
33154
33157
33151
33149
33182
33143
33132
33153
33178
33150
33138
33153
33153
33157
33160
33130
33145
33145
33132
33151
33139
33143
33135
33119
33159
33167
33147
33151
33159
33169
33159
33162
33157
33137
33125
33147
33153
33163
33153
33151
33162
33145
33138
33132
33150
33163
33159
33139
33139
33129
33127
33159
33146
33156
33149
33163
33148
33143
33154
33175
33163
33153
33153
33149
33165
33178
33153
33151
33157
33137
33135
33136
33129
33129
33153
33177
33161
33170
33169
33165
33143
33161
33159
33138
33147
33138
33147
33151
33149
33144
33147
33167
33151
33139
33135
33154
33181
33148
33145
33155
33159
33163
33159
33143
33147
33153
33138
33159
33253
33172
33150
33161
33159
33161
33159
33150
33183
33180
33174
33161
33172
33168
33151
33163
33178
33174
33159
33160
33175
33163
33149
33164
33162
33145
33169
33171
33167
33171
33151
33175
33160
33169
33172
33159
33163
33161
33167
33155
33163
33166
33143
33155
33153
33181
33176
33186
33195
33173
33173
33176
33171
33169
33152
33151
33163
33183
33173
33158
33175
33183
33189
33190
33159
33186
33185
33191
33175
33175
33174
33167
33182
33194
33188
33159
33158
33185
33181
33170
33167
33168
33173
33177
33166
33173
33175
33150
33167
33167
33190
33179
33165
33159
33155
33165
33175
33179
33194
33176
33174
33181
33193
33181
33173
33157
33151
33170
33193
33183
33171
33163
33164
33187
33186
33177
33164
33173
33181
33186
33161
33152
33151
33170
33147
33151
33165
33157
33176
33177
33167
33159
33143
33148
33180
33169
33147
33173
33167
33175
33187
33180
33164
33183
33177
33165
33164
33181
33174
33164
33164
33158
33159
33170
33167
33166
33174
33157
33165
33151
33147
33149
33162
33173
33185
33171
33175
33154
33161
33144
33133
33137
33139
33127
33125
33133
33147
33143
33156
33141
33147
33148
33158
33161
33143
33146
33165
33146
33136
33131
33139
33151
33151
33140
33149
33147
33183
33150
33127
33165
33167
33142
33136
33155
33152
33150
33148
33167
33164
33138
33149
33151
33159
33151
33151
33174
33155
33137
33143
33131
33147
33141
33153
33132
33131
33153
33160
33155
33147
33149
33154
33146
33138
33160
33139
33158
33154
33154
33135
33135
33150
33135
33163
33167
33142
33127
33126
33139
33141
33167
33159
33128
33138
33151
33148
33151
33153
33153
33145
33121
33133
33133
33145
33147
33146
33150
33139
33155
33169
33151
33159
33155
33144
33143
33151
33152
33141
33123
33147
33168
33177
33159
33151
33157
33161
33157
33156
33161
33149
33141
33135
33165
33163
33157
33162
33146
33148
33146
33154
33156
33143
33141
33142
33151
33145
33147
33144
33171
33166
33136
33155
33150
33140
33149
33149
33160
33156
33139
33142
33153
33159
33159
33143
33144
33141
33145
33147
33170
33145
33145
33178
33148
33151
33157
33168
33171
33157
33151
33175
33186
33169
33156
33167
33173
33181
33157
33170
33177
33166
33143
33129
33165
33163
33157
33178
33154
33149
33154
33149
33149
33161
33158
33153
33162
33160
33165
33163
33159
33151
33157
33150
33157
33159
33158
33134
33159
33187
33159
33161
33183
33191
33161
33149
33166
33167
33137
33131
33141
33145
33151
33150
33157
33175
33179
33154
33149
33179
33177
33127
33145
33162
33148
33137
33167
33158
33165
33169
33160
33176
33165
33151
33167
33179
33171
33149
33159
33165
33157
33135
33166
33169
33153
33184
33170
33165
33181
33183
33139
33156
33177
33191
33153
33159
33136
33139
33141
33136
33153
33149
33147
33143
33146
33145
33121
33128
33136
33137
33135
33144
33144
33157
33143
33135
33141
33155
33122
33133
33147
33161
33146
33138
33148
33175
33147
33145
33160
33158
33169
33135
33149
33185
33168
33170
33167
33177
33167
33174
33191
33151
33161
33149
33157
33179
33173
33169
33157
33167
33169
33153
33135
33160
33176
33155
33151
33146
33143
33131
33141
33143
33173
33143
33153
33159
33154
33173
33167
33173
33161
33167
33159
33147
33167
33167
33137
33148
33146
33167
33154
33163
33173
33172
33157
33140
33155
33157
33165
33173
33179
33173
33171
33171
33169
33144
33159
33152
33175
33161
33140
33156
33155
33161
33183
33163
33146
33159
33159
33159
33167
33175
33152
33165
33142
33147
33170
33151
33167
33169
33166
33164
33151
33155
33169
33173
33177
33180
33163
33151
33170
33182
33167
33144
33159
33180
33174
33167
33145
33173
33179
33175
33175
33168
33191
33161
33175
33187
33198
33173
33171
33155
33169
33191
33198
33167
33155
33171
33181
33166
33183
33191
33160
33158
33173
33188
33209
33201
33200
33177
33159
33178
33185
33180
33155
33165
33178
33164
33171
33189
33182
33187
33177
33177
33183
33164
33142
33141
33160
33174
33151
33147
33149
33165
33153
33151
33174
33175
33149
33169
33161
33186
33185
33178
33179
33191
33163
33148
33171
33187
33161
33151
33175
33183
33165
33170
33195
33169
33161
33174
33169
33159
33178
33172
33168
33155
33168
33160
33163
33175
33194
33181
33167
33166
33189
33194
33188
33173
33161
33182
33209
33166
33199
33172
33140
33144
33159
33151
33159
33167
33169
33180
33172
33187
33196
33135
33111
33095
33095
33103
33093
33079
33111
33117
33119
33079
33095
33069
33079
33111
33097
33104
33085
33091
33100
33103
33087
33110
33119
33098
33108
33121
33108
33095
33107
33143
33113
33120
33113
33122
33109
33111
33113
33109
33107
33104
33111
33117
33111
33120
33120
33137
33125
33122
33109
33117
33108
33095
33109
33103
33111
33111
33121
33129
33153
33138
33139
33113
33115
33123
33139
33123
33136
33112
33104
33105
33121
33129
33113
33117
33118
33129
33127
33124
33151
33161
33139
33135
33123
33115
33121
33111
33111
33145
33142
33131
33111
33113
33117
33119
33122
33139
33125
33119
33133
33137
33129
33145
33159
33113
33123
33128
33141
33129
33169
33175
33159
33161
33131
33145
33139
33123
33127
33135
33134
33141
33134
33143
33149
33149
33142
33135
33151
33167
33143
33161
33168
33146
33153
33143
33137
33149
33154
33150
33151
33149
33167
33170
33145
33151
33170
33168
33164
33160
33170
33155
33150
33155
33150
33159
33158
33155
33181
33189
33158
33187
33183
33162
33159
33157
33167
33175
33160
33173
33173
33169
33146
33159
33175
33159
33158
33159
33168
33166
33167
33173
33161
33150
33153
33161
33183
33156
33185
33157
33151
33177
33183
33171
33169
33163
33184
33161
33147
33163
33161
33169
33151
33143
33146
33146
33137
33153
33155
33182
33161
33169
33165
33169
33141
33165
33177
33183
33165
33162
33157
33163
33144
33149
33174
33195
33173
33145
33167
33177
33175
33178
33185
33197
33191
33176
33177
33185
33185
33153
33154
33169
33159
33188
33162
33171
33155
33149
33155
33162
33153
33158
33171
33161
33149
33157
33175
33145
33163
33165
33149
33169
33181
33163
33163
33157
33149
33151
33146
33162
33157
33143
33169
33149
33135
33140
33157
33159
33146
33150
33149
33146
33161
33180
33152
33157
33143
33130
33141
33154
33163
33156
33140
33137
33155
33154
33167
33176
33183
33171
33173
33189
33171
33159
33184
33167
33181
33175
33151
33180
33175
33159
33152
33159
33166
33185
33159
33153
33163
33159
33167
33152
33162
33175
33157
33168
33167
33176
33179
33174
33169
33170
33157
33153
33161
33160
33153
33125
33155
33163
33177
33159
33151
33143
33145
33159
33135
33143
33157
33167
33163
33151
33145
33153
33173
33169
33187
33173
33150
33157
33173
33169
33151
33159
33173
33145
33164
33149
33150
33155
33165
33160
33165
33173
33173
33166
33191
33182
33151
33147
33165
33161
33168
33165
33160
33163
33160
33187
33184
33160
33171
33180
33181
33183
33179
33173
33194
33183
33172
33175
33160
33165
33191
33183
33179
33178
33180
33182
33193
33185
33163
33171
33159
33179
33181
33168
33167
33149
33166
33177
33183
33180
33194
33175
33192
33189
33181
33177
33181
33179
33176
33175
33168
33167
33185
33192
33174
33175
33194
33206
33183
33204
33198
33167
33173
33199
33197
33170
33167
33167
33163
33180
33183
33178
33189
33207
33188
33177
33207
33185
33169
33185
33223
33189
33183
33189
33183
33184
33198
33197
33209
33208
33178
33177
33165
33180
33175
33148
33161
33159
33172
33174
33187
33165
33165
33169
33174
33170
33143
33145
33146
33163
33173
33165
33164
33187
33183
33183
33151
33151
33169
33171
33195
33175
33178
33167
33174
33189
33171
33160
33157
33165
33161
33159
33171
33168
33174
33171
33175
33175
33172
33175
33181
33182
33147
33097
33127
33131
33148
33152
33142
33139
33143
33141
33153
33145
33151
33135
33147
33141
33143
33150
33143
33149
33151
33140
33133
33129
33149
33165
33151
33148
33137
33150
33129
33148
33151
33144
33148
33175
33178
33194
33165
33169
33155
33163
33150
33175
33185
33195
33139
33131
33167
33199
33163
33150
33154
33150
33135
33154
33175
33176
33151
33141
33154
33173
33143
33135
33151
33153
33151
33133
33156
33183
33168
33147
33145
33157
33161
33151
33188
33145
33136
33131
33126
33159
33154
33157
33154
33147
33147
33153
33173
33154
33147
33141
33141
33167
33164
33128
33123
33153
33171
33175
33161
33162
33160
33157
33135
33139
33147
33144
33177
33198
33191
33175
33161
33167
33184
33171
33156
33168
33167
33184
33184
33191
33173
33173
33163
33166
33180
33177
33175
33149
33150
33143
33157
33159
33169
33173
33139
33167
33182
33165
33171
33166
33160
33177
33185
33201
33191
33182
33151
33146
33155
33148
33143
33154
33160
33154
33188
33179
33163
33182
33179
33175
33179
33176
33176
33163
33157
33168
33182
33189
33187
33186
33185
33166
33188
33181
33185
33157
33169
33173
33177
33187
33197
33174
33163
33169
33165
33153
33167
33171
33180
33177
33191
33159
33167
33170
33160
33164
33161
33167
33175
33176
33173
33177
33187
33173
33177
33180
33177
33171
33203
33210
33181
33173
33175
33177
33159
33158
33167
33193
33173
33165
33165
