29799
30709
31263
31375
31407
31182
31255
31377
31659
31592
31535
31794
31594
31809
31464
31446
31699
31829
31461
31805
31567
31717
31787
31405
31649
31467
31655
31573
31573
31811
31498
31494
31581
31607
31499
31491
31602
31459
31467
31335
31461
31445
31542
31663
31474
31550
31596
31687
31475
31813
31633
31624
31675
31737
31793
31415
31673
31899
31495
31831
31581
32045
31863
31645
31629
31584
31581
31823
31506
31817
31415
31551
31448
31495
31493
31607
31503
31666
31732
31618
31621
31471
31591
31617
31509
31614
31713
31483
31554
31557
31820
31373
31548
31821
31526
31470
31684
31847
31643
31788
31527
31471
31719
31848
31489
31448
31661
31583
31827
31377
31605
31618
31509
31503
31667
31623
31511
31351
31314
31326
31375
31576
31351
31317
31577
31449
31454
31607
31714
31686
31688
31727
31524
31671
31586
31830
31642
31589
31623
31695
31837
31383
31660
31628
31698
31705
31793
31528
31715
31634
31587
31563
31561
31507
31615
31566
31615
31471
31347
31579
31505
31591
31359
31580
31505
31614
31567
31561
31511
31447
31442
31609
31845
31381
31704
31741
31911
31653
31742
31956
31752
31531
31839
31586
31734
31798
31641
31591
31830
31379
31607
31607
31510
31500
31503
31501
31497
31331
31372
31316
31257
31305
31310
31213
31095
31248
31207
31561
31242
31305
31460
31474
31350
31466
31454
31390
31451
31606
31455
30379
31496
31332
31224
31567
31613
31511
31481
31327
31423
31155
31203
31090
31093
31151
31097
31207
30993
30873
31108
31012
30875
31106
30879
30839
31102
31124
30773
31098
30879
30952
30999
30890
30991
30999
31004
30903
30894
30839
30832
31125
31439
31545
31723
31703
31365
31007
30879
30743
30748
30744
30613
31099
31029
31335
31459
31377
31178
31049
31126
30859
30838
30887
30835
30988
30867
30861
30747
30848
31009
31233
31255
31373
31258
31100
31209
31369
31310
31463
31473
31480
31437
31587
31245
31418
31473
31322
31314
31367
31260
31364
31107
31365
31256
31376
31279
30995
31241
31135
31210
31147
30988
31240
31259
31221
31095
31192
31239
31209
31353
31371
31373
31359
31579
31559
31505
31613
31564
31508
31503
31707
31726
31581
31679
31726
31598
31613
31720
31732
31471
31618
31512
31351
31583
31559
31563
31356
31431
31343
31469
31343
31335
31577
31399
31473
31369
31208
31347
31331
31444
31494
31613
31611
31462
31612
31830
31513
31561
31400
31455
31556
31671
31594
31623
31721
31597
31720
31841
31514
31509
31671
31615
31830
31417
31459
31501
31501
31462
31348
31362
31471
31327
31259
31364
31425
31585
31357
31471
31480
31595
31510
31614
31627
31572
31564
31718
31747
31352
31437
31831
31490
31676
31592
31479
31575
31729
31745
31528
31563
31827
31380
31497
31501
31351
31381
31340
31472
31481
31595
31356
31367
31361
31582
31486
31375
31473
31347
31375
31336
31333
31485
31613
31403
31344
31381
31658
31742
31743
31495
31713
31743
31639
31629
31485
31601
31693
31842
31379
31611
31830
31475
31508
31245
31203
31191
31453
31341
31471
31346
31230
31349
31315
31422
31587
31353
31427
31367
31431
31589
31718
31631
31627
31719
31733
31691
31491
31672
31591
31680
31575
31679
31591
31720
31637
31465
31671
31481
31671
31575
31358
31340
31581
31561
31250
31201
31412
31473
31458
31348
31359
31467
31591
31601
31511
31242
31309
31356
31581
31510
31560
31559
31673
31630
31629
31615
31723
31843
31517
31716
31841
31385
31446
31555
31473
31614
31733
31747
31509
31455
31666
31462
31504
31601
31460
31503
31615
31472
31503
31611
31626
31513
31453
31343
31471
31349
31316
31466
31477
31351
31361
31583
31396
31455
31445
31501
31351
31337
31597
31677
31687
31687
31621
31834
31517
31825
31267
31598
31828
31511
31619
31719
31734
31582
31569
31512
31461
31459
31500
31243
31417
31451
31592
31605
31513
31465
31439
31326
31373
31319
31313
31310
31576
31485
31462
31390
31493
31615
31567
31828
31402
31610
31612
31570
31734
31709
31639
31724
31601
31833
31624
31688
31731
31735
31693
31842
31409
31351
31339
31469
31368
31375
31472
31345
31361
31313
31311
31369
31317
31255
31573
31396
31236
31253
31215
31412
31474
31612
31679
31837
31514
31563
31619
31569
31566
31719
31706
31490
31579
31678
31485
31603
31567
31676
31725
31735
31691
31482
31599
31625
31474
31444
31481
31327
31429
31587
31599
31361
31376
31375
31376
31583
31507
31351
31431
31235
31327
31333
31376
31448
31390
31384
31492
31446
31665
31835
31623
31837
31493
31711
31467
31503
31615
31567
31510
31463
31594
31511
31465
31347
31318
31369
31473
31480
31439
31370
31156
31246
31303
31310
31423
31232
31575
31617
31358
31494
31239
31463
31345
31581
31563
31715
31468
31462
31349
31341
31485
31555
31618
31627
31463
31616
31407
31454
31346
31231
31345
31231
31303
31311
31573
31468
31441
31325
31467
31479
31439
31479
31222
31252
31197
31343
31427
31431
31342
31317
31369
31429
31323
31464
31613
31509
31617
31567
31564
31511
31503
31463
31593
31621
31832
31361
31591
31625
31515
31505
31595
31625
31360
31474
31592
31469
31596
31453
31443
31592
31361
31319
31258
31197
31246
31253
31421
31585
31509
31351
31339
31467
31348
31584
31509
31395
31344
31447
31591
31675
31727
31839
31631
31620
31574
31512
31505
31617
31460
31351
31335
31226
31219
31567
31463
31327
31315
31257
31365
31468
31439
31383
31225
31255
31096
31364
31313
31465
31437
31239
31197
31412
31320
31317
31223
31215
31212
31214
31566
31613
31719
31731
31731
31581
31569
31719
31841
31363
31343
31382
31338
31335
31469
31480
31352
31583
31357
31473
31326
31263
31249
31143
31350
31368
31111
31363
31147
31243
31359
31467
31345
31579
31485
31503
31349
31229
31461
31589
31623
31515
31617
31473
31447
31609
31611
31627
31625
31517
31398
31589
31623
31403
31591
31399
31346
31428
31383
31433
31320
31317
31220
31246
31304
31367
31316
31575
31353
31209
31359
31446
31367
31363
31230
31351
31466
31592
31357
31451
31553
31604
31513
31561
31564
31620
31518
31825
31472
31462
31612
31565
31510
31619
31605
31385
31478
31502
31353
31473
31590
31603
31405
31436
31370
31585
31487
31385
31268
31383
31432
31217
31362
31582
31601
31358
31477
31501
30579
31477
31448
31345
31579
31559
31357
31491
31557
31502
31465
31346
31468
31463
31346
31357
31210
31361
31154
31256
31099
31097
31364
31217
31111
30987
31143
31100
30887
31131
31151
31143
31040
31033
31030
30979
31025
31141
31097
31036
31033
30877
30967
30914
31133
31207
31094
31042
31091
31149
31143
31144
31155
31156
31217
30939
31025
31143
31127
31152
31001
31006
30851
30778
30773
30828
30889
30778
30617
30970
30783
30867
30759
30771
30764
30829
30733
30879
30736
30767
30939
30863
30862
30857
31015
30916
31190
31253
31263
31099
31208
31205
31207
31372
31258
31099
31141
31366
31255
31101
31209
31217
31008
30991
31027
30918
30979
30760
30855
30748
30939
30754
30852
30879
31129
31091
31038
31033
31148
31153
31213
31093
31363
31255
31380
31371
31337
31312
31310
31464
31591
31355
31316
31202
31141
31239
31414
31583
31353
31231
31301
31310
31106
31211
31095
31083
31359
31107
31253
31099
31233
31151
31213
31105
31155
31084
31207
31187
31243
31107
31363
31371
31468
31325
31259
31420
31472
31329
31357
31430
31323
31581
31485
31481
31595
31508
31379
31475
31329
31359
31317
31369
31263
31568
31487
31330
31222
31111
31143
31211
31374
31259
31223
31098
30976
31087
31121
31211
31255
31378
31263
31361
31260
31142
31187
31245
31414
31231
31248
31101
31401
31429
31589
31601
31357
31473
31482
31460
31481
31349
31487
31613
31249
31215
31097
30977
31239
31360
31256
31363
31369
31373
31222
31379
31111
31211
31261
31365
31259
31211
31373
31217
31095
31126
31085
31083
31343
31421
31365
31431
31433
31327
31151
31297
31463
31346
31205
31359
31315
31312
31147
31088
31233
31248
31141
31090
31193
31367
31107
31251
31095
31207
31258
31099
31251
31211
31371
31387
31112
31087
31084
30972
31085
31246
30985
31075
31081
31231
31207
31135
31127
31085
30975
31115
31231
31358
31311
31577
31465
31479
31437
31593
31494
31333
31108
31099
31141
31365
31107
31251
31263
31099
31251
31221
31099
31209
31259
31376
31261
31102
31255
31113
31365
31149
31241
31247
31303
31575
31596
31490
31594
31359
31261
31199
31413
31583
31359
31472
31479
31591
31492
31385
31229
31213
31247
31100
31087
31081
31360
31106
31198
31149
31145
31102
31249
31249
31249
31263
31103
31362
31107
31253
31208
31370
31106
31089
31083
31192
31239
31245
31248
30992
31201
31201
31353
31258
30988
31086
31247
31152
31365
31463
31230
31269
31212
31111
30889
31019
31143
30888
31001
30874
30977
30912
30841
30836
30749
30883
30949
31111
31014
31122
30863
30841
30948
30865
31105
30880
30953
31111
31038
30765
30988
31116
30927
31115
30771
30942
31111
31123
30977
30963
31001
30962
30900
30896
30897
30895
30780
30867
30873
30760
30863
30719
30877
30659
30869
30655
30759
30423
30609
30727
30262
30607
30687
30698
30631
30581
30630
30469
30351
30452
30616
30803
30871
31109
31303
31455
31281
30994
30623
30588
30365
30343
30310
30308
30420
30615
30747
30721
31109
31392
31421
31123
30655
30715
30877
30547
30487
30565
30485
30586
30806
30639
30759
30533
30858
30714
31087
30751
30865
30733
30767
30825
30621
30836
30731
30877
30776
30884
30879
30893
30894
30838
30647
30993
30895
30739
30727
30609
30965
30783
30883
30837
30755
30615
30990
30735
30723
30613
30991
30895
30836
30889
30780
30830
30945
30996
30873
30947
30759
30869
31103
30881
30910
30978
31137
31359
31269
31057
30882
31108
31039
31033
31123
31039
31144
31042
31091
31149
30989
31141
31153
30891
30868
30951
31022
31084
31148
31133
31097
30985
30983
30871
31015
31024
31196
31369
31109
30989
31199
31088
31233
31245
31359
31255
31209
31245
31359
31150
31241
31207
31355
31367
31258
31143
31089
31094
31360
31255
31098
31142
31255
31265
31224
31265
31170
31102
31155
31251
31375
31387
31390
31265
31267
31269
31213
31247
31304
31304
31255
31267
31251
31305
31369
31317
31463
31588
31490
31503
31483
31594
31338
31154
31369
31261
31213
31208
31263
31138
31367
31388
31112
31255
31262
31210
31109
31099
30985
31199
31369
31386
31279
31213
31247
31379
31388
31393
31111
31254
31248
31098
31361
31359
31259
31197
31247
31096
31086
31363
31149
31368
31371
31260
31102
31087
31137
31101
31360
31107
31209
31151
31101
31151
31237
30989
30988
30921
31135
31092
31135
30989
31083
31079
31191
31091
31084
31093
31361
31310
31255
31098
31087
31193
31259
31143
31195
31202
31244
31102
31363
31367
31203
31359
31259
31265
31101
31250
31375
31151
31369
31105
31156
31199
31090
31139
31145
31200
31104
31208
31151
31367
31219
31110
31363
31217
31111
31251
31095
31097
31361
31369
31373
31375
31261
31144
31091
31249
31095
31237
31247
31251
31303
31254
31247
31208
31246
31207
31301
31253
31365
31206
31375
31375
31373
31388
31157
31218
31167
31216
31372
31275
31229
31139
31369
31109
31145
31088
31085
31193
31297
31253
31251
31359
31580
31247
31365
31373
31373
31321
31465
31439
31437
31368
31211
31140
31203
31204
31359
31373
31375
31209
31371
31261
31381
31111
31159
31099
31251
31262
31263
31269
31267
31380
31389
31112
31371
31257
31144
31217
31373
31107
31238
31413
31429
31475
31593
31248
31307
31577
31245
31463
31325
31207
31357
31371
31154
31261
31099
31127
31196
31369
31203
31097
31363
30999
31035
31089
31208
31369
31221
31223
31220
31263
31099
31098
31364
31373
31208
31205
31136
31085
31191
31355
31215
31209
31245
31140
31239
31246
31572
31505
31333
31582
31599
31449
31329
31205
31138
31367
31259
31102
30975
31351
31367
31109
31155
31252
31169
31371
31318
31109
31253
31375
31316
31369
31374
31315
31369
31263
31253
31141
31241
31360
31369
31373
31425
31319
31468
31383
31225
31198
31302
31367
31151
31370
31316
31146
31368
31217
31359
31314
31367
31372
31155
31093
31365
31204
31378
31109
31365
31370
31223
31097
30975
31187
31087
31347
31309
31197
31245
31250
31248
31207
31357
31373
31319
31367
31429
31471
31439
31477
31351
31374
31318
31467
31477
31383
31319
31204
31245
31248
31212
31245
31305
31366
31387
31262
31382
31223
31211
31371
31261
31101
31253
31137
31199
31095
30974
31237
30987
31075
31079
31190
31297
31421
31339
31315
31311
31574
31353
31431
31476
31440
31325
31427
31477
31371
31317
31467
31458
31439
31325
31313
31219
31361
31374
31315
31312
31257
31254
31268
31100
31237
31355
31370
31207
31356
31371
31263
31309
31423
31583
31487
31443
31480
31441
31481
31483
31500
31463
31483
31370
31586
31448
31438
31349
31433
31587
31600
31234
31218
31455
31438
31323
31313
31371
31371
31111
31365
31371
31151
31093
31362
31107
31156
31131
31085
31245
31097
31127
31183
31239
31357
31257
31195
31206
31243
31363
31312
31255
31572
31352
31317
31205
31457
31477
31457
31479
31388
31267
31253
31142
31201
31453
31433
31366
31359
31373
31221
31251
31139
31213
30987
31239
31356
31111
31086
31082
31359
31367
31374
31375
31375
31207
31304
31201
31247
31304
31311
31463
31479
31479
31483
31243
31363
31313
31423
31431
31589
31338
31375
31373
31207
31095
31231
31207
31355
31259
31099
31349
31206
31096
31249
31361
31207
31135
31239
31361
31371
31371
31583
31378
31321
31580
31335
31428
31343
31467
31499
31349
31429
31591
31621
31473
31350
31583
31353
31583
31399
31213
31252
31250
31249
31363
31315
31106
31237
31099
31197
31133
31238
31209
31137
31364
31367
31371
31373
31264
31383
31317
31373
31317
31369
31315
31355
31226
31415
31586
31619
31623
31366
31454
31459
31477
31349
31340
31579
31617
31513
31615
31405
31349
31428
31478
31480
31331
31316
31205
31457
31589
31489
31331
31263
31418
31475
31370
31211
31303
31257
31249
31363
31369
31361
31428
31323
31374
31467
31497
31610
31456
31389
31590
31511
31465
31595
31471
31463
31479
31393
31495
31349
31230
31462
31478
31242
31223
31567
31351
31473
31219
31101
31294
31217
31362
31314
31311
31465
31438
31438
31437
31479
31593
31467
31613
31359
31475
31501
31615
31511
31507
31463
31593
31471
31612
31624
31517
31559
31509
31506
31394
31340
31580
31567
31489
31242
31353
31426
31236
31456
31325
31316
31206
31141
31407
31319
31205
31137
31367
31203
31138
31295
31417
31450
31607
31623
31514
31615
31569
31619
31513
31466
31394
31386
31495
31483
31596
31401
31455
31349
31584
31470
31374
31476
31327
31315
31219
31376
31371
31429
31435
31119
31103
31207
31257
31375
31120
31103
31366
31106
31159
31157
31044
31034
31034
30877
31019
31031
30879
30975
31193
31160
31159
31045
30879
30980
30872
31108
31039
30923
30982
31027
30989
30874
30975
30763
31094
31033
30877
30954
31114
31016
30874
30841
30890
30739
30978
30999
31003
30893
30731
30662
30951
30955
30841
30833
31103
31123
30999
30919
31109
30927
30871
31069
30979
31348
31267
31142
31199
31246
31209
31262
31248
31099
31362
31107
31366
31110
31365
31386
31207
31375
31109
31088
30983
31087
31093
30984
31142
31098
31152
31046
31092
31247
31099
31204
31093
31083
31362
31257
31198
31191
31449
31431
31475
31613
31623
31572
31677
31573
31830
31515
31451
31613
31478
31819
31511
31825
31381
31501
31558
31713
31635
31627
31573
31361
31585
31467
31503
31593
31471
31219
31365
31471
31483
31219
31250
31307
31368
31469
31479
31351
31318
31226
31323
31485
31611
31564
31566
31454
31501
31467
31611
31679
31834
31625
31469
31604
31721
31842
31474
31619
31461
31597
31470
31597
31512
31445
31438
31479
31593
31469
31327
31316
31257
31103
31197
31359
31313
31311
31311
31576
31598
31607
31519
31617
31627
31614
31628
31574
31678
31575
31569
31715
31731
31708
31733
31625
31620
31462
31615
31568
31567
31623
31514
31357
31367
31583
31601
31362
31433
31323
31209
31097
31087
31345
31577
31245
31421
31584
31251
31311
31313
31575
31451
31553
31672
31725
31843
31408
31350
31449
31553
31620
31613
31590
31571
31587
31831
31513
31618
31723
31579
31624
31519
31454
31351
31431
31593
31356
31266
31367
31372
31430
31234
31419
31434
31325
31371
31315
31425
31324
31316
31425
31495
31349
31472
31501
31616
31359
31491
31554
31563
31565
31719
31491
31615
31680
31689
31689
31732
31527
31400
31589
31359
31586
31249
31366
31469
31479
31273
31148
30983
31352
31216
31098
31142
31146
31253
31377
31221
31265
31378
31377
31262
31144
31369
31259
31365
31471
31478
31481
31458
31500
31595
31404
31477
31349
31473
31391
31474
31330
31315
31312
31274
31367
31261
31143
31369
31257
31310
31270
31381
31111
31043
31204
30995
31140
31208
31007
30875
30911
31106
30997
31178
31087
31079
31207
31106
31209
31371
31375
31468
31347
31470
31483
31502
31485
31351
31582
31676
31517
31599
31357
31478
31440
31327
31263
31367
31319
31315
31217
31195
31207
31371
31107
31253
31375
31392
31277
31269
31367
31111
31090
31361
31369
31372
31337
31337
31335
31578
31511
31670
31631
31836
31629
31702
31599
31831
31385
31704
31842
31649
31907
31637
31592
31833
31624
31631
31617
31573
31718
31689
31730
31583
31253
31426
31477
31394
31322
31427
31478
31350
31359
31469
31483
31459
31347
31472
31346
31334
31577
31607
31571
31564
31718
31841
31537
31832
31518
31469
31615
31901
31599
31699
31709
31697
31490
31617
31571
31457
31599
31721
31525
31511
31615
31627
31627
31361
31322
31312
31367
31316
31257
31255
31305
31201
31343
31581
31508
31597
31513
31391
31607
31620
31627
31682
31726
31711
31750
31508
31605
31686
31687
31690
31732
31845
31425
31505
31463
31460
31483
31240
31418
31472
31327
31151
31147
31369
31257
31266
31225
31263
31224
31223
31095
31144
30991
31087
31205
31093
31087
31138
31089
31344
31423
31319
31354
31429
31587
31621
31514
31245
31463
31347
31427
31343
31335
31466
31325
31373
31110
31236
31097
31193
31219
31164
31105
31098
31098
31359
31384
31264
31367
31371
31371
31317
31109
31092
31195
31341
31331
31359
31469
31389
31451
31497
31559
31566
31566
31605
31719
31579
31625
31571
31677
31619
31723
31623
31520
31465
31462
31479
31373
31473
31349
31232
31251
31254
31364
31429
31479
31611
31515
31462
31595
31582
31721
31859
31385
31598
31587
31735
31711
31952
31752
31849
31856
31540
31847
31704
31863
31593
31847
31649
31741
31751
31511
31718
31839
31515
31358
31587
31565
31565
31401
31495
31595
31622
31406
31454
31609
31567
31469
31558
31716
31637
31686
31578
31589
31701
31743
31699
31800
31532
31583
31697
31853
31487
31786
31643
31701
31856
31497
31584
31585
31585
31833
31422
31469
31601
31718
31622
31574
31567
31623
31626
31573
31568
31473
31504
31463
31349
31603
31719
31691
31839
31517
31623
31610
31700
31492
31675
31703
31839
31648
31593
31585
31735
31801
31426
31709
31745
31375
31463
31685
31487
31604
31834
31626
31593
31589
31844
31387
31459
31552
31563
31619
31681
31577
31471
31464
31396
31664
31483
31617
31721
31599
31834
31381
31443
31724
31745
31266
31599
31732
31799
31743
31825
31743
32072
31873
31753
31738
31718
31957
31606
31485
31581
31789
31531
31693
31855
31387
31707
31635
31836
31631
31575
31624
31834
31513
31620
31572
31680
31619
31834
31649
31839
31425
31712
31844
31630
31705
31801
31426
31575
31789
31587
31790
31698
31958
31647
31745
31641
31858
31743
31849
31521
31581
31585
31829
31533
31829
31477
31620
31572
31513
31453
31612
31405
31455
31612
31516
31455
31500
31459
31613
31480
31451
31557
31477
31818
31493
31688
31707
31912
31710
31804
31537
31625
31905
31863
31543
31845
31855
31595
31618
31833
31275
31547
31673
31727
31583
31844
31517
31620
31627
31519
31356
31432
31456
31501
31503
31617
31614
31834
31630
31467
31564
31583
31681
31633
31689
31855
31743
31822
31591
31906
31724
31959
31622
32061
31631
31911
31546
31740
31916
31543
31735
31751
31585
31737
31600
31684
31637
31617
31593
31683
31836
31274
31450
31597
31584
31569
31679
31591
31614
31630
31481
31617
31573
31623
31739
31746
31639
31797
31643
31798
31535
31585
31735
31953
31512
31735
31847
31649
31705
31749
31379
31554
31719
31705
31843
31385
31461
31555
31475
31602
31831
31473
31607
31721
31597
31589
31569
31587
31691
31705
31743
31712
31492
31826
31425
31711
31689
31800
31481
31733
31957
31751
31589
31904
31751
31585
31791
31479
31839
31591
31789
31643
31485
31717
31803
31532
31719
31639
31591
31720
31708
31596
31571
31569
31720
31583
31722
31746
31247
31447
31705
31704
31841
31383
31817
31644
31742
31807
31589
31793
31532
31736
32065
31873
31509
31845
31743
31807
31741
32069
31630
31843
31593
31799
31586
31591
31479
31821
31495
31715
31709
31601
31572
31625
31573
31624
31725
31693
31839
31495
31713
31747
31377
31117
31679
31792
31739
31958
31767
31702
31917
31862
31859
31859
31610
32062
31671
32067
31630
31858
31708
32069
31766
31701
31859
31595
31483
31712
31844
31629
31728
31602
31618
31723
31600
31573
31719
31692
31495
31713
31598
31737
31803
31493
31691
31799
31850
31747
31603
31741
31958
31863
31751
31631
31948
31753
31739
32071
31779
31591
31740
31807
31385
31706
31799
31423
31821
31380
31556
31606
31721
31709
31602
31615
31724
31639
31836
31367
31706
31839
31627
31730
31749
31487
31839
31592
31591
31844
31591
31701
31905
31599
31687
31689
31952
31601
31853
31743
31963
31719
31822
31591
31698
31599
31699
31799
31643
31487
32195
31769
31495
31691
31703
31732
31603
31833
31275
31545
31727
31747
31485
31473
31472
31671
31909
31596
31724
31803
31479
31893
31613
31905
31748
31589
31790
31631
32060
31777
31633
31710
31954
31648
31802
31647
31743
31751
31637
31855
31385
31711
31841
31648
31623
31685
31733
31493
31825
31492
31826
31273
31600
31475
31712
31729
31603
31625
31793
31739
31849
31744
31643
31949
31754
31589
31834
31501
31899
31615
31948
31727
32069
31671
31847
31746
31585
31793
31588
31845
31638
31708
31600
31832
31489
31607
31829
31627
31593
31831
31475
31674
31619
31724
31691
31492
31726
31639
31632
31632
31592
31847
31743
31919
31603
31949
31619
32058
31776
31855
31759
31741
31935
31753
31586
31797
31587
31698
31706
31801
31493
31829
31381
31597
31481
31559
31717
31842
31279
31547
31716
31578
31723
31855
31653
31841
31385
31573
31785
31586
31849
31743
31958
31621
31952
31663
31819
31742
31824
31863
31749
31698
31847
31853
31597
31905
31751
31590
31701
31857
31706
31860
31634
31855
31495
31718
31735
31842
31537
31613
31573
31735
31708
31735
31747
31623
31696
31746
31639
31851
31431
31469
31777
31695
32065
31739
31849
31597
31795
31715
31822
31633
32062
31738
31965
31756
31533
31587
31735
31748
31355
31496
31557
31510
31505
31354
31377
31375
31375
31376
31156
31135
31100
31154
31159
31087
31247
31219
31051
31015
30743
30887
30949
30843
30889
30783
30868
30762
30485
30727
30263
30609
30690
30481
30325
30097
41082
41997
42149
41943
42247
42049
42055
41757
41913
41921
41799
41629
41847
41599
41650
41541
41694
41597
41362
41350
41491
41238
41177
40872
40889
41191
41087
41081
40976
40887
41001
40926
40965
40873
40817
40812
40505
40583
41029
40761
40711
40860
40864
40697
40715
40410
40349
40450
40197
40323
40298
40136
40073
40069
39959
39753
39924
39829
40045
39802
39943
39856
39938
39668
39919
39985
39949
39860
40089
39811
40122
40256
40432
40445
40199
39983
40219
40315
40363
40371
40443
40635
40844
40719
40632
40744
40751
40855
40504
40843
40615
40510
40483
40828
40609
40586
40593
40695
40678
40747
40864
40812
40923
40852
41105
41020
40906
41077
41271
41303
41515
41695
41739
41796
41981
42241
42009
41993
42135
42341
42469
31687
30742
30615
30795
30423
30625
30631
30721
30530
30643
30773
30557
30651
30500
30583
30744
30363
30357
30401
30353
30595
30580
30262
40782
31700
31039
30776
30619
30983
30644
31009
31124
31159
31219
31366
31234
31537
31839
31610
31969
31773
31761
31813
31817
31935
32314
32184
32175
32021
32065
32012
31881
31939
31999
31963
31888
31664
31699
31861
31653
31694
31421
31409
31123
31221
31377
31170
30902
31141
31088
31198
31374
31169
31246
31326
31586
31732
31914
31767
31719
32025
32097
32009
32111
32065
32119
32217
32135
32220
32339
32241
32084
32015
31881
31648
31860
31653
31801
31274
31384
31377
31266
31386
31267
31105
31148
31161
31049
31251
31249
31380
31263
31419
31455
31614
31625
31723
31843
31591
31963
31978
31943
31980
31995
32164
32331
32347
32186
32226
31971
32117
31969
31832
31769
31743
31961
31717
31754
31403
31396
31591
31606
31611
31455
31169
31099
31253
31377
31280
31105
31090
31085
31239
31305
31332
31584
31584
31721
31802
31591
31705
31929
31933
32089
32111
31959
31947
31956
31741
31765
32076
31964
31889
31823
31653
32066
31727
31921
31547
31573
31513
31507
31600
31471
31599
31253
31357
31318
31207
31250
31309
31423
31479
31374
31451
31499
31451
31601
31585
31682
32062
31887
31772
31631
32075
32113
32105
32064
32104
31861
32087
32169
32109
32107
31999
31946
31775
31633
31707
31745
31379
31443
31349
31363
31471
31241
31103
31367
31261
31258
31145
30983
31199
31133
31295
31327
31331
31600
31565
31831
31743
31824
31631
31857
31965
31842
31835
31984
32105
32325
32182
32223
32227
31913
31945
32092
31860
31879
31751
31589
31593
31515
31469
31507
31487
31334
31263
31161
31261
31267
31159
31095
30973
31240
31153
31240
31375
31230
31476
31707
31707
31954
31863
31655
32065
32113
31969
32051
32168
32329
31964
32055
32116
32217
32074
32013
31878
31975
31885
31754
31645
31728
31629
31684
31636
31393
31382
31119
31259
31270
31382
31111
31255
31376
31263
31366
31340
31430
31550
31729
31857
31613
32017
31871
31975
31826
31973
32161
32220
31909
32053
32323
32343
32087
32015
31890
31769
31719
31975
31869
31507
31458
31561
31511
31599
31515
31390
31436
31217
31102
31255
31302
31369
31322
31315
31468
31350
31472
31447
31709
31798
31586
31946
31767
31810
32073
32007
31959
31739
32021
32093
32007
32112
31969
31983
31944
31830
31619
31947
31865
31709
31753
31513
31719
31694
31580
31255
31259
31144
31093
31201
31371
31262
31381
31212
31303
31419
31343
31597
31608
31721
31493
31473
31673
31961
31731
32141
31859
31931
31978
31959
31957
31995
31847
31821
31706
31975
31721
31975
31666
31695
31959
31395
31505
31559
31622
31473
31245
31255
31364
31316
31107
31089
31197
31371
31318
31469
31348
31448
31705
31838
31517
31731
31694
31860
31759
31851
31875
31835
32081
31950
31847
31837
32094
32007
32003
31982
31957
31828
31709
31716
31917
31637
31840
31386
31593
31472
31487
31334
31153
31245
31099
31090
31251
31379
31207
31361
31428
31455
31499
31503
31710
31852
31533
32050
31831
31871
31876
31974
31943
31845
32095
31790
31971
31993
31943
31939
31845
32079
31991
31778
31758
31475
31583
31845
31384
31502
31614
31407
31325
31583
31282
31121
31369
31263
31383
31315
31371
31473
31460
31505
31708
31639
31792
31697
31713
32080
31961
31982
31943
31848
31727
31962
32047
32000
31999
32051
31749
31755
31851
31761
31848
31858
31542
31719
31735
31737
31530
31603
31607
31499
31485
31388
31382
31319
31205
31362
31334
31467
31497
31445
31599
31626
31792
31587
31959
31933
31937
31978
31846
31879
31931
32101
32118
32014
32114
31955
31831
31712
31975
31881
31732
31853
31653
31695
31733
31497
31465
31484
31597
31256
31369
31374
31156
31095
31406
31335
31580
31623
31569
31676
31591
31627
31697
31803
31852
31819
32075
31945
31723
32185
32014
32097
32063
32056
32009
31849
31881
31841
31834
31817
31871
31615
31799
31742
31959
31499
31720
31691
31733
31698
31635
31367
31591
31456
31351
31319
31429
31587
31457
31469
31711
31706
31912
31859
31614
31814
31754
31810
31855
31875
31835
31831
31833
31983
32106
32211
32334
32234
32028
31965
32095
31841
31727
31977
31870
31511
31585
31681
31689
31635
31685
31481
31600
31492
31445
31501
31461
31611
31573
31511
31578
31567
31478
31839
31852
31612
31813
31869
31876
31970
31977
31982
31847
31988
32164
32216
32076
32117
32178
32129
31907
31939
31885
31727
32073
31767
31386
31668
31593
31616
31607
31475
31353
31449
31439
31327
31206
31359
31469
31457
31558
31821
31627
31594
31682
31637
31797
31715
32085
31961
31960
31954
31995
32113
32068
31964
32056
32170
32125
32126
31862
31824
31508
32051
31884
31750
31533
31831
31382
31557
31623
31628
31629
31571
31604
31500
31446
31350
31587
31402
31608
31585
31589
31792
31847
31609
31812
31867
31969
31846
31943
32047
31961
31959
32104
32215
32336
32236
32081
32012
32002
31879
31823
31817
31596
31797
31423
31577
31627
31517
31395
31476
31440
31460
31611
31405
31478
31484
31353
31339
31339
31601
31695
31853
31591
32056
31724
32141
32007
31891
31991
32109
32172
32224
31953
32316
31919
31957
32107
32009
31987
31851
31969
31887
31875
31861
31864
31543
31589
31696
31691
31841
31278
31339
31543
31561
31566
31619
31573
31404
31607
31587
31841
31590
31945
31619
32061
31727
32087
32099
31966
31743
31913
32155
32221
32336
32073
31905
32105
32173
32222
32079
31967
31945
31941
31880
31753
31848
31707
31807
31495
31567
31720
31735
31735
31847
31367
31612
31609
31834
31633
31593
31590
31685
31855
31487
31895
31815
31873
31819
31817
31925
31735
31975
31842
32094
32217
31965
32115
31957
32108
32011
32098
31995
31833
31711
31975
31729
32070
31765
31518
31719
31597
31570
31401
31344
31229
31220
31326
31599
31563
31717
31489
31688
31692
31854
31595
31837
31758
31712
31970
31846
31984
31944
32106
32215
32337
32019
32171
32180
32075
32211
32227
32076
32122
32013
31963
31875
31727
31961
31664
31695
31857
31543
31721
31599
31683
31623
31631
31683
31489
31822
31382
31610
31791
31736
31849
31744
31753
31753
31808
32073
32103
32105
32215
31911
32201
31910
32202
32019
32210
31951
32201
32129
31758
31967
31871
32087
31951
31624
31856
31651
31855
31387
31599
31481
31822
31627
31632
31631
31573
31681
31487
31823
31530
31735
32067
31886
31730
31923
31879
31930
31846
31946
32107
32175
32221
32119
31905
32199
31801
31991
31887
32100
31955
31981
31986
31887
31621
31951
31865
31751
31589
31593
31573
31681
31578
31833
31624
31837
31651
31703
31747
31381
31573
31939
31612
32060
31830
31815
31967
31995
32111
32065
32210
32339
32071
32065
32324
32033
32062
31902
32049
32059
32005
31891
31976
31830
31931
31823
31723
32071
31635
32062
31612
31707
31749
31511
31566
31586
31587
31683
31840
31652
31744
31269
31697
31707
31953
31719
31975
31879
31713
32181
31971
31999
31945
31999
31889
32047
31895
32103
32118
32108
32125
31959
31891
31866
31728
32089
32101
31897
31865
31544
31836
31649
31857
31387
31612
31460
31561
31608
31569
31610
31570
31720
31858
31594
31689
31952
31719
31975
31867
31836
31944
31842
32097
32321
32180
31948
32319
32071
32326
32347
31928
32055
32062
31749
31927
31867
31765
31707
32071
31875
31605
31741
31861
31499
31715
31598
31463
31671
31838
31520
31569
31831
31646
31639
32061
31887
31731
31975
31937
32088
31856
31841
32097
32103
32325
32071
31901
32107
32104
32177
32225
32339
32241
32191
32185
31979
32095
31994
31743
32075
31767
31382
31710
31638
31489
31673
31835
31362
41241
32447
31868
31425
31725
31863
31599
31841
31722
32087
31855
32087
31993
31849
31988
32111
32216
31913
32051
32209
32061
32324
32239
32229
32079
32009
32113
31903
31829
31765
31500
31830
31722
31863
31651
31743
31605
31588
31833
31495
31560
31719
31747
31639
31841
31535
31695
31911
31599
31947
31729
32139
31859
31945
31953
31943
32051
31950
31999
32316
32181
32059
31901
32203
31911
32105
31901
31978
31849
31875
31766
31759
31631
31854
31639
31905
31509
31476
31711
31855
31519
31829
31493
31579
31845
31647
31743
31807
31851
31711
32180
32107
32009
32055
32059
32058
32063
32061
32060
31897
32087
32323
32347
32021
32061
32117
32122
31903
31942
32092
31895
31735
31961
31607
31705
31711
31843
31522
31515
31621
31626
31681
31729
31582
31365
31496
31560
31565
31583
31737
31640
31703
32067
31737
31977
31773
31719
32085
31949
32089
32007
31959
31984
31986
31983
32095
31750
31869
31655
32063
31875
31599
31742
31751
31359
31455
31480
31244
31365
32060
31343
31382
31115
31369
31261
31255
31363
31315
31227
31435
31440
31552
31583
31738
31695
31908
31726
31920
31767
31717
32139
31857
31767
31866
31928
31867
31875
31863
31764
31631
31909
31861
31599
31797
31425
31504
31506
31393
31343
31317
31427
31342
31231
31457
31235
31363
31448
31391
31340
31544
31579
31694
31855
31853
31615
31814
31863
31815
31927
31839
31877
31948
31994
32164
32114
31903
31993
31893
32084
31748
31815
31830
31816
31870
31749
31641
31636
31595
31846
31519
31565
31679
31491
31353
31336
31227
31591
31582
31843
31646
31743
31847
31743
31820
31745
31863
31965
32106
32009
32099
31751
32073
32319
31918
32109
32325
31961
32320
32234
32079
32120
32122
31999
31747
31867
31615
31856
31761
31741
31822
31651
31743
31807
31703
31750
31530
31587
31695
31743
31957
31752
31701
31929
31730
31870
31655
32075
31853
32085
31963
31743
31907
31991
31847
31949
32159
32181
32224
32189
32073
32173
32071
31970
31959
31987
31985
31943
31941
31885
31662
31912
31644
31857
31487
31695
31841
31519
31693
31743
31806
31495
31565
31829
31645
31853
31724
31822
31853
31875
31821
31857
31875
31819
31967
32107
32119
32066
32323
32071
32011
31989
31669
31975
32092
32101
32105
31957
31887
31767
31743
31852
31487
31477
31837
31493
31565
31723
31623
31723
31847
31386
31710
31805
31535
31733
31930
31730
31827
31761
31754
31866
31834
31729
31976
32049
32098
32063
32117
32065
32012
31893
32103
32060
32061
32117
32106
31845
31771
31607
31909
31597
31593
31482
31693
31745
31400
31556
31567
31585
31583
31846
31483
31583
31585
31625
31905
31613
31925
31874
31767
31864
31820
32092
31967
31891
31951
31941
31845
31877
31987
31847
32081
31896
31935
31719
32178
31997
31890
31515
31847
31705
31859
31539
31830
31625
31839
31384
31612
31481
31713
31854
31385
31820
31605
31909
31614
32057
31831
31875
31817
31967
31976
31847
31987
32107
31899
32309
31957
32099
32176
31910
31982
31959
31982
31986
31743
32089
31894
31513
31949
31644
31954
31865
31601
31743
31805
31483
31677
31599
31739
31859
31652
31746
31845
31705
31955
31622
31951
31865
31875
31712
32030
32093
31859
32084
31951
31957
32109
32061
32118
32123
32013
32111
31955
31985
31743
32035
31944
31735
31827
31613
31909
31751
31591
31740
31601
31847
31593
31593
31591
31843
31484
31730
31801
31491
31839
31592
31848
31609
31814
31755
31604
31965
31979
31981
31743
31910
31880
31949
31736
32289
32189
32130
31903
31979
32093
31751
31813
31871
31875
31615
31949
31769
31743
31752
31641
31743
31644
31637
31703
31707
31750
31269
31655
31738
31805
31535
31848
31856
31749
31750
31861
31873
31973
31998
32108
32120
32123
32065
32008
31849
31975
31982
31985
32001
31848
31616
31842
31745
31741
31809
31538
31628
31573
31626
31627
31463
31595
31623
31516
31333
31321
31467
31594
31495
31351
31584
31623
31567
31719
31598
31589
31738
31957
31866
31749
31743
31933
31513
31831
31853
31746
31587
31592
31585
31697
31841
31479
31467
31615
31474
31404
31123
31047
31017
31123
30885
30791
30665
30932
30525
31075
31087
31455
31937
31927
31637
31349
31185
31143
30983
30745
30942
31072
31435
31661
32095
32244
32183
31889
31661
31711
31601
31629
31727
31711
31491
31712
31727
31603
31725
31736
31736
31621
31500
31247
31254
31213
31377
31265
31198
31099
31235
31208
31359
31465
31479
31391
31453
31388
31585
31677
31591
31588
31737
31956
31495
31785
31601
31945
31659
31928
31729
31933
31867
31726
31959
31755
31853
31614
31799
31591
31793
31534
31623
31630
31725
31711
31733
31602
31463
31615
31517
31715
31624
31726
31747
31527
31826
31423
31574
31789
31847
31854
31613
32073
31849
31819
31925
32085
31966
31849
31880
31837
31929
31939
32088
32101
31855
32083
31992
31875
31730
31868
31617
32058
31629
31745
31528
31737
31859
31538
31589
31736
31599
31737
31804
31701
31956
31754
31741
31866
31614
31817
31854
31973
31827
31927
31979
32094
31751
32075
32169
32068
31957
31845
31987
31739
32183
32111
31970
31983
31943
31884
31620
31855
31707
32065
31875
31655
31599
31795
31585
31741
31859
31540
31847
31592
31591
31739
31694
31847
31504
31955
31767
31865
31712
32139
31967
32001
31999
32055
32211
32072
32007
32113
32067
31855
32082
31966
32095
31900
31828
31711
31977
31879
31725
31827
31649
31734
31751
31585
31631
31833
31649
31843
31704
31806
31649
31637
31693
31954
31867
31765
31922
31879
31823
31708
31863
31929
31949
31737
32020
31999
32055
32169
32014
32113
32065
31751
31925
31975
32092
31895
31882
31716
31931
31755
31699
31917
31597
31856
31651
31743
31807
31534
31698
31855
31613
31953
31867
31727
31865
31748
31863
31927
31821
31987
32107
31967
32095
32121
32014
32002
31849
31879
31838
31823
31874
32085
31853
31877
31878
31715
31974
31831
31873
31747
31586
31794
31699
31711
31847
31595
31700
31694
31856
31702
31959
31514
31899
31707
31807
31649
32076
31944
31828
31710
32137
32007
31849
32083
32115
32123
31960
31999
32167
32070
32007
31853
31971
31939
31941
32090
31990
31729
31935
31769
31635
32061
31889
31865
31600
31595
31847
31745
31532
31589
31788
31535
31841
31609
31707
31967
31933
31826
31711
32029
31942
32087
32099
31862
31883
32087
31953
32108
32214
32075
31955
32110
32120
32122
32015
31853
31975
31884
31769
31719
31823
31610
31947
31713
31807
31647
31855
31485
31734
31847
31481
31841
31743
31960
31716
31959
31664
31968
31881
31876
31974
32092
31900
31951
31956
32047
32169
32125
32014
32112
31959
31943
31845
31835
31928
