32467
32383
32389
32406
32389
32383
32375
32361
32367
32375
32389
32402
32375
32359
32387
32391
32392
32414
32407
32423
32409
32381
32407
32411
32399
32390
32399
32409
32399
32369
32378
32382
32375
32391
32418
32407
32409
32414
32427
32405
32415
32413
32413
32423
32391
32413
32415
32424
32497
34451
32935
32401
32401
32402
32372
32377
32379
32374
32389
32415
32400
32423
32411
32361
32377
32401
32402
32410
32423
32419
32397
32392
32394
32417
32423
32425
32411
32405
32413
32378
32407
32415
32428
32407
32407
32429
32430
32394
32391
32417
32438
32425
32424
32429
32433
32415
32429
32423
32425
32449
32449
32458
32438
32433
32456
32443
32423
32411
32428
32442
32447
32447
32455
32463
32459
32450
32455
32443
32453
32445
32429
32430
32446
32452
32453
32443
32457
32447
32429
32449
32439
32455
32452
32458
32493
32456
32427
32451
32458
32463
32458
32471
32451
32461
32454
32475
32463
32479
32470
32469
32477
32470
32457
32470
32478
32495
32505
32497
32452
32475
32493
32472
32467
32462
32476
32482
32469
32475
32467
32470
32471
32455
32492
32488
32492
32496
32505
32499
32496
32481
32474
32423
32429
32447
32439
32451
32431
32413
32443
32453
32445
32442
32440
32408
32435
32442
32415
32426
32433
32449
32443
32445
32418
32411
32412
32426
32446
32461
32466
32437
32417
32434
32435
32438
32447
32455
32469
32463
32435
32432
32437
32447
32455
32471
32461
32462
32447
32437
32417
32444
32475
32494
32493
32452
32439
32430
32439
32435
32438
32440
32425
32425
32413
32441
32443
32413
32428
32417
32427
32437
32415
32429
32439
32439
32431
32419
32444
32435
32418
32423
32422
32429
32453
32441
32426
32435
32431
32423
32435
32436
32436
32440
32441
32427
32417
32402
32407
32424
32412
32443
32441
32443
32445
32436
32441
32424
32423
32451
32447
32463
32473
32475
32465
32448
32457
32484
32469
32434
32448
32462
32455
32445
32466
32477
32487
32471
32480
32445
32455
32476
32455
32437
32427
32450
32420
32401
32414
32413
32393
32407
32425
32450
32431
32449
32424
32424
32415
32407
32429
32442
32450
32469
32425
32425
32449
32451
32477
32479
32445
32408
32433
32418
32407
32430
32438
32459
32437
32439
32448
32440
32441
32418
32415
32410
32431
32411
32428
32404
32413
32434
32427
32423
32432
32455
32431
32441
32433
32420
32439
32466
32455
32415
32425
32445
32445
32436
32446
32452
32437
32456
32471
32444
32461
32449
32439
32430
32469
32495
32479
32466
32471
32460
32459
32449
32475
32472
32453
32446
32456
32454
32457
32473
32474
32453
32471
32480
32463
32474
32505
32478
32489
32492
32491
32477
32475
32479
32523
32487
32465
32481
32515
32509
32457
32449
32483
32484
32481
32494
32476
32472
32486
32506
32495
32499
32507
32496
32471
32485
32479
32501
32487
32477
32454
32477
32459
32457
32446
32440
32441
32463
32457
32468
32458
32457
32446
32456
32433
32433
32436
32458
32435
32486
32465
32446
32463
32451
32427
32460
32445
32474
32459
32413
32423
32475
32452
32471
32469
32479
32507
32482
32481
32473
32473
32497
32487
32498
32497
32452
32454
32482
32459
32449
32468
32499
32474
32460
32455
32470
32453
32477
32470
32466
32471
32469
32471
32466
32455
32457
32465
32453
32445
32459
32430
32429
32413
32464
32481
32469
32449
32451
32470
32444
32426
32468
32461
32467
32459
32448
32449
32422
32465
32481
32481
32480
32465
32477
32471
32449
32461
32443
32455
32431
32461
32471
32441
32453
32459
32448
32477
32509
32499
32488
32487
32466
32472
32495
32495
32506
32495
32471
32502
32463
32487
32494
32483
32501
32517
32493
32505
32465
32489
32493
32484
32447
32405
32406
32393
32418
32399
32378
32396
32393
32390
32374
32413
32399
32383
32399
32391
32403
32383
32401
32407
32397
32371
32364
32396
32417
32391
32397
32415
32419
32409
32395
32399
32394
32438
32422
32432
32417
32391
32417
32422
32421
32439
32449
32427
32423
32431
32427
32423
32423
32443
32433
32429
32426
32415
32431
32430
32430
32452
32429
32416
32445
32415
32429
32422
32423
32434
32430
32419
32431
32467
32446
32431
32434
32427
32443
32443
32470
32437
32421
32423
32429
32438
32453
32453
32443
32441
32439
32438
32439
32449
32451
32451
32447
32440
32433
32432
32429
32430
32455
32465
32454
32457
32427
32432
32429
32429
32438
32459
32443
32498
32477
32447
32459
32449
32458
32493
32468
32463
32471
32490
32447
32438
32439
32453
32487
32480
32460
32459
32451
32451
32476
32424
32397
32445
32454
32441
32439
32427
32411
32417
32439
32439
32438
32445
32443
32415
32423
32446
32442
32455
32430
32438
32442
32408
32409
32413
32441
32437
32433
32446
32401
32393
32418
32428
32449
32463
32455
32447
32423
32393
32399
32431
32447
32425
32449
32460
32442
32417
32400
32423
32418
32435
32441
32441
32424
32398
32415
32420
32425
32435
32433
32447
32440
32415
32423
32442
32407
32393
32398
32420
32409
32388
32396
32415
32426
32419
32434
32443
32441
32423
32407
32412
32429
32431
32433
32414
32435
32439
32411
32403
32439
32431
32436
32416
32441
32437
32445
32481
32441
32431
32439
32443
32475
32451
32444
32461
32445
32456
32455
32453
32473
32450
32440
32416
32438
32451
32466
32454
32466
32461
32463
32435
32439
32449
32459
32455
32452
32450
32441
32443
32460
32447
32427
32443
32439
32438
32404
32411
32399
32407
32407
32423
32447
32445
32417
32425
32413
32398
32405
32424
32396
32429
32430
32427
32459
32427
32420
32428
32436
32436
32447
32423
32419
32453
32459
32453
32447
32447
32427
32421
32411
32453
32445
32436
32460
32460
32463
32421
32423
32435
32433
32436
32469
32467
32461
32456
32449
32453
32462
32473
32431
32429
32451
32457
32460
32473
32479
32452
32452
32445
32446
32458
32437
32445
32447
32430
32439
32444
32455
32464
32453
32466
32452
32449
32455
32446
32473
32483
32448
32439
32434
32426
32460
32442
32467
32451
32439
32431
32431
32452
32456
32458
32472
32466
32463
32447
32449
32467
32467
32460
32460
32472
32471
32465
32467
32470
32481
32473
32489
32469
32445
32434
32455
32461
32470
32485
32492
32462
32466
32477
32453
32455
32469
32443
32427
32427
32455
32443
32415
32427
32417
32437
32433
32434
32422
32406
32413
32396
32401
32429
32455
32428
32451
32455
32442
32455
32430
32443
32445
32455
32471
32467
32438
32468
32451
32458
32479
32459
32470
32471
32433
32454
32440
32461
32479
32471
32465
32471
32451
32457
32450
32429
32445
32458
32439
32469
32447
32447
32450
32441
32471
32464
32439
32472
32442
32446
32447
32469
32470
32452
32453
32431
32437
32434
32425
32427
32425
32426
32440
32432
32430
32414
32429
32426
32431
32427
32438
32451
32419
32429
32447
32432
32429
32421
32422
32443
32443
32451
32457
32446
32432
32451
32449
32454
32447
32423
32440
32441
32452
32454
32443
32471
32449
32439
32431
32419
32429
32465
32471
32455
32473
32461
32459
32460
32430
32443
32450
32429
32446
32447
32463
32448
32438
32437
32383
32397
32391
32387
32389
32364
32355
32352
32355
32380
32390
32386
32346
32353
32363
32375
32361
32391
32385
32391
32374
32384
32380
32386
32408
32401
32407
32375
32407
32363
32373
32383
32365
32406
32419
32411
32400
32417
32401
32398
32409
32404
32395
32400
32440
32415
32391
32400
32391
32385
32395
32412
32395
32407
32427
32442
32405
32421
32423
32403
32428
32445
32431
32407
32431
32405
32436
32429
32425
32413
32421
32409
32441
32417
32425
32441
32439
32429
32437
32452
32461
32443
32449
32455
32439
32452
32439
32427
32431
32450
32454
32458
32458
32445
32459
32455
32453
32455
32461
32472
32479
32459
32487
32451
32417
32488
32469
32465
32474
32463
32475
32467
32459
32489
32487
32479
32455
32451
32460
32453
32458
32463
32474
32498
32488
32493
32486
32462
32461
32469
32455
32457
32450
32461
32449
32451
32449
32432
32439
32429
32433
32435
32467
32469
32469
32455
32451
32465
32455
32479
32461
32447
32456
32456
32454
32447
32466
32435
32456
32480
32468
32439
32461
32467
32463
32461
32470
32443
32440
32441
32424
32446
32467
32487
32467
32452
32441
32450
32470
32487
32491
32487
32478
32471
32459
32456
32470
32465
32464
32461
32478
32501
32490
32479
32487
32471
32476
32470
32477
32473
32456
32502
32488
32486
32475
32494
32501
32493
32467
32487
32493
32468
32468
32478
32476
32466
32463
32457
32487
32504
32489
32481
32487
32526
32511
32471
32481
32479
32488
32503
32491
32495
32473
32473
32471
32488
32507
32495
32499
32484
32499
32515
32491
32497
32498
32515
32499
32503
32504
32519
32491
32470
32507
32499
32503
32497
32509
32498
32487
32487
32505
32496
32481
32495
32484
32457
32464
32465
32447
32455
32453
32454
32465
32463
32449
32453
32439
32466
32478
32487
32505
32491
32452
32466
32451
32471
32489
32466
32461
32463
32477
32481
32483
32485
32490
32482
32483
32471
32490
32481
32479
32486
32489
32492
32509
32499
32511
32486
32475
32486
32493
32501
32490
32480
32495
32502
32499
32477
32486
32502
32483
32450
32499
32497
32503
32499
32477
32489
32516
32510
32486
32503
32501
32465
32494
32492
32496
32506
32516
32486
32503
32529
32506
32519
32505
32536
32517
32511
32479
32505
32499
32483
32503
32498
32513
32501
32518
32497
32507
32519
32515
32509
32499
32503
32503
32509
32508
32513
32515
32535
32517
32536
32515
32487
32507
32530
32535
32543
32539
32528
32517
32523
32521
32507
32519
32532
32544
32543
32525
32519
32531
32519
32496
32469
32475
32488
32485
32495
32487
32493
32474
32480
32499
32522
32493
32479
32491
32512
32502
32495
32503
32531
32525
32514
32486
32496
32514
32517
32514
32516
32510
32520
32511
32517
32522
32513
32513
32521
32507
32525
32510
32491
32549
32525
32510
32540
32533
32531
32520
32525
32527
32517
32522
32505
32505
32517
32523
32529
32529
32527
32527
32515
32520
32527
32511
32517
32530
32516
32509
32497
32530
32525
32520
32500
32496
32501
32511
32495
32523
32535
32511
32505
32512
32521
32507
32525
32527
32500
32498
32503
32491
32502
32501
32491
32504
32522
32511
32507
32523
32507
32518
32525
32509
32526
32505
32511
32487
32495
32493
32503
32503
32516
32516
32485
32470
32487
32476
32501
32517
32497
32500
32514
32501
32501
32509
32509
32529
32513
32515
32495
32487
32516
32523
32474
32467
32452
32455
32447
32415
32460
32470
32430
32431
32457
32476
32451
32455
32461
32445
32455
32456
32461
32440
32453
32461
32463
32465
32477
32465
32459
32464
32477
32465
32467
32467
32462
32497
32483
32489
32470
32455
32487
32461
32459
32489
32497
32471
32475
32469
32482
32465
32469
32465
32487
32478
32487
32481
32463
32475
32471
32459
32461
32503
32502
32510
32481
32479
32483
32488
32477
32475
32479
32469
32471
32479
32469
32487
32485
32503
32481
32483
32473
32464
32464
32467
32489
32503
32487
32489
32479
32479
32487
32493
32468
32478
32503
32511
32496
32504
32481
32487
32513
32487
32483
32478
32519
32484
32497
32505
32487
32501
32504
32477
32516
32515
32478
32484
32515
32523
32501
32507
32499
32494
32489
32463
32484
32485
32494
32479
32504
32515
32518
32524
32517
32499
32473
32493
32501
32477
32497
32479
32479
32469
32483
32479
32473
32482
32477
32472
32474
32465
32482
32494
32491
32473
32493
32503
32473
32471
32474
32501
32475
32463
32469
32491
32451
32483
32503
32497
32487
32509
32479
32485
32487
32491
32489
32507
32496
32511
32495
32476
32480
32487
32509
32499
32477
32472
32493
32483
32483
32458
32495
32506
32499
32492
32483
32477
32495
32493
32460
32476
32489
32493
32487
32478
32455
32464
32465
32474
32463
32469
32489
32493
32462
32470
32473
32458
32485
32490
32492
32481
32463
32453
32463
32457
32475
32483
32469
32479
32463
32463
32465
32487
32484
32467
32473
32469
32455
32465
32484
32517
32475
32465
32480
32467
32472
32479
32487
32474
32497
32475
32447
32479
32496
32481
32459
32474
32456
32487
32503
32491
32485
32480
32484
32465
32462
32455
32475
32474
32454
32469
32451
32435
32451
32450
32457
32451
32472
32479
32434
32419
32467
32479
32459
32470
32471
32454
32437
32456
32467
32471
32479
32513
32492
32462
32472
32466
32486
32509
32500
32471
32481
32487
32479
32493
32455
32459
32463
32463
32453
32478
32486
32477
32471
32467
32470
32479
32493
32470
32482
32474
32484
32459
32451
32472
32472
32503
32503
32497
32499
32502
32476
32465
32473
32471
32472
32472
32505
32494
32513
32505
32502
32503
32487
32483
32498
32495
32503
32524
32505
32505
32489
32509
32492
32477
32463
32457
32453
32487
32504
32479
32491
32466
32473
32487
32505
32472
32462
32468
32459
32483
32479
32493
32473
32488
32496
32467
32479
32464
32463
32475
32478
32449
32473
32487
32477
32457
32477
32480
32495
32499
32501
32487
32511
32519
32500
32463
32447
32459
32455
32467
32479
32473
32471
32477
32491
32478
32468
32447
32439
32469
32475
32440
32451
32481
32511
32489
32487
32469
32479
32474
32502
32480
32481
32475
32481
32495
32487
32454
32497
32519
32493
32487
32481
32459
32473
32474
32486
32481
32484
32471
32463
32456
32473
32487
32473
32483
32509
32487
32473
32469
32469
32455
32459
32480
32464
32481
32457
32479
32490
32493
32463
32449
32469
32436
32431
32435
32417
32417
32443
32455
32476
32482
32459
32469
32439
32447
32453
32437
32458
32454
32455
32446
32455
32483
32462
32480
32481
32487
32462
32439
32457
32483
32463
32441
32467
32480
32453
32445
32451
32437
32471
32485
32467
32481
32471
32483
32477
32469
32484
32468
32462
32497
32501
32464
32469
32446
32464
32447
32459
32475
32481
32503
32471
32477
32497
32471
32429
32419
32422
32423
32390
32400
32413
32399
32399
32418
32418
32397
32387
32383
32402
32405
32457
32433
32424
32431
32441
32439
32422
32431
32434
32423
32431
32412
32425
32423
32434
32416
32429
32470
32452
32443
32434
32440
32445
32442
32455
32472
32456
32447
32435
32423
32430
32447
32451
32441
32455
32441
32449
32431
32435
32443
32434
32451
32455
32448
32463
32449
32443
32445
32458
32447
32444
32432
32458
32450
32436
32427
32435
32485
32476
32441
32431
32447
32427
32437
32438
32428
32465
32471
32471
32459
32439
32428
32433
32465
32471
32470
32479
32480
32483
32477
32463
32481
32461
32455
32475
32467
32487
32478
32471
32453
32457
32497
32493
32495
32469
32457
32485
32499
32488
32512
32515
32501
32490
32451
32429
32495
32485
32491
32475
32486
32487
32501
32480
32485
32503
32493
32463
32446
32454
32449
32459
32471
32474
32449
32459
32476
32484
32453
32447
32459
32450
32447
32461
32439
32424
32451
32443
32439
32433
32439
32430
32425
32428
32429
32439
32470
32459
32444
32461
32455
32455
32451
32460
32453
32461
32475
32473
32464
32469
32467
32482
32492
32452
32488
32519
32495
32480
32487
32455
32427
32458
32471
32482
32487
32486
32473
32469
32475
32469
32463
32446
32455
32457
32453
32446
32445
32459
32452
32467
32471
32455
32475
32459
32447
32471
32448
32460
32465
32451
32467
32491
32466
32448
32457
32471
32459
32465
32486
32501
32480
32481
32464
32449
32446
32450
32463
32471
32458
32472
32477
32463
32470
32469
32473
32503
32483
32471
32490
32462
32464
32487
32487
32471
32459
32485
32474
32461
32477
32482
32488
32498
32495
32469
32475
32490
32506
32481
32452
32466
32468
32447
32429
32439
32429
32445
32451
32476
32455
32464
32436
32434
32451
32457
32475
32444
32453
32444
32435
32431
32439
32471
32463
32440
32459
32460
32455
32450
32455
32452
32470
32459
32479
32495
32481
32454
32477
32477
32481
32496
32521
32481
32495
32489
32489
32464
32470
32495
32499
32477
32455
32481
32487
32496
32475
32489
32501
32507
32491
32455
32460
32487
32457
32479
32480
32476
32479
32460
32443
32457
32452
32473
32475
32479
32503
32485
32459
32459
32483
32495
32480
32477
32461
32449
32459
32473
32484
32481
32476
32483
32491
32497
32492
32497
32493
32504
32503
32508
32501
32485
32480
32507
32494
32503
32503
32480
32479
32481
32495
32483
32505
32502
32499
32488
32496
32485
32481
32504
32503
32493
32508
32512
32513
32509
32493
32513
32522
32519
32471
32479
32490
32466
32456
32478
32451
32461
32479
32485
32479
32474
32506
32497
32487
32478
32475
32469
32483
32483
32463
32583
32515
32521
32515
32517
32518
32505
32507
32519
32537
32519
32502
32530
32519
32516
32514
32506
32508
32517
32475
32509
32515
32521
32517
32471
32499
32502
32508
32515
32531
32527
32545
32521
32511
32517
32503
32499
32499
32525
32522
32495
32503
32490
32485
32521
32518
32493
32493
32508
32493
32499
32481
32471
32493
32521
32503
32488
32487
32484
32487
32483
32499
32537
32491
32481
32487
32493
32487
32467
32504
32481
32455
32486
32452
32439
32463
32455
32485
32503
32462
32469
32471
32480
32473
32471
32503
32501
32508
32510
32508
32497
32447
32464
32501
32494
32493
32492
32515
32496
32479
32474
32511
32496
32498
32496
32505
32503
32483
32516
32490
32459
32449
32433
32430
32412
32425
32441
32433
32487
32483
32467
32470
32441
32459
32436
32433
32455
32448
32460
32448
32472
32442
32439
32447
32476
32469
32483
32477
32461
32459
32449
32463
32463
32475
32473
32495
32498
32508
32513
32472
32478
32474
32499
32480
32509
32499
32491
32503
32499
32489
32493
32487
32487
32479
32471
32479
32493
32503
32504
32490
32503
32471
32463
32459
32527
32513
32509
32478
32479
32467
32490
32478
32471
32471
32471
32459
32457
32476
32481
32461
32471
32497
32477
32461
32478
32476
32473
32465
32465
32479
32465
32473
32473
32477
32468
32465
32479
32486
32504
32496
32483
32499
32497
32469
32451
32477
32477
32485
32462
32439
32440
32455
32477
32470
32479
32473
32482
32491
32492
32483
32479
32483
32476
32507
32511
32496
32485
32482
32488
32485
32487
32471
32462
32464
32430
32432
32436
32455
32446
32429
32430
32445
32437
32455
32456
32466
32469
32463
32495
32471
32455
32472
32459
32445
32463
32478
32498
32491
32479
32497
32461
32483
32489
32492
32483
32487
32511
32503
32485
32485
32478
32487
32478
32483
32484
32471
32477
32479
32456
32471
32461
32477
32487
32467
32434
32471
32483
32489
32491
32487
32479
32491
32503
32514
32507
32487
32494
32498
32493
32487
32472
32474
32468
32471
32495
32495
32475
32477
32471
32431
32434
32457
32464
32485
32508
32500
32469
32477
32479
32451
32460
32495
32481
32479
32487
32451
32475
32488
32497
32485
32499
32507
32501
32487
32465
32491
32503
32497
32512
32502
32470
32463
32451
32443
32477
32477
32479
32467
32485
32482
32479
32471
32470
32471
32473
32498
32499
32473
32477
32471
32471
32475
32459
32453
32459
32454
32436
32424
32439
32463
32459
32483
32485
32463
32464
32471
32462
32475
32484
32477
32485
32473
32474
32479
32454
32458
32484
32470
32478
32467
32449
32464
32476
32491
32475
32449
32479
32487
32492
32479
32487
32508
32517
32487
32481
32513
32503
32497
32492
32467
32453
32492
32479
32485
32508
32493
32475
32462
32486
32509
32521
32517
32481
32486
32475
32473
32493
32499
32481
32495
32498
32477
32463
32462
32479
32455
32475
32497
32513
32497
32484
32455
32469
32489
32478
32481
32496
32465
32462
32469
32495
32481
32475
32458
32455
32493
32512
32488
32481
32497
32527
32504
32495
32507
32471
32511
32505
32494
32499
32504
32513
32511
32502
32503
32529
32515
32513
32519
32523
32497
32473
32491
32507
32543
32493
32522
32487
32492
32503
32510
32509
32487
32475
32473
32495
32483
32482
32485
32488
32485
32479
32507
32485
32473
32489
32462
32492
32485
32467
32504
32495
32480
32477
32466
32492
32473
32484
32487
32494
32483
32467
32469
32476
32464
32459
32467
32490
32479
32489
32509
32478
32486
32479
32503
32488
32471
32497
32487
32475
32469
32511
32513
32516
32503
32493
32500
32481
32465
32481
32478
32483
32509
32495
32471
32459
32472
32474
32476
32467
32455
32441
32478
32465
32475
32481
32479
32493
32467
32492
32474
32471
32465
32486
32501
32474
32490
32485
32481
32492
32480
32479
32495
32472
32484
32483
32492
32503
32488
32467
32469
32455
32488
32497
32511
32489
32445
32462
32487
32477
32515
32509
32518
32494
32482
32489
32490
32485
32494
32495
32492
32485
32473
32489
32497
32501
32484
32467
32481
32487
32476
32493
32497
32487
32451
32411
32409
32422
32433
32415
32414
32425
32397
32401
32413
32405
32422
32411
32431
32419
32403
32396
32421
32431
32441
32430
32401
32406
32403
32435
32435
32449
32438
32434
32431
32430
32446
32442
32439
32432
32456
32441
32438
32448
32439
32444
32451
32442
32454
32448
32425
32447
32448
32451
32463
32473
32460
32459
32469
32473
32465
32469
32471
32464
32439
32458
32424
32476
32505
32493
32462
32499
32471
32462
32463
32486
32479
32487
32481
32487
32482
32492
32483
32471
32455
32442
32471
32470
32467
32479
32461
32471
32473
32473
32482
32477
32488
32499
32493
32449
32464
32477
32473
32482
32506
32492
32483
32479
32489
32506
32493
32491
32510
32519
32492
32507
32509
32540
32531
32505
32535
32522
32539
32549
32520
32518
32525
32542
32521
32502
32467
32485
32503
32529
32531
32505
32479
32501
32492
32498
32509
32511
32498
32481
32481
32499
32497
32491
32500
32509
32505
32511
32511
32510
32506
32517
32492
32489
32512
32511
32503
32511
32511
32523
32516
32524
32519
32518
32551
32526
32531
32506
32504
32528
32534
32519
32529
32542
32551
32535
32528
32511
32539
32544
32533
32531
32537
32540
32518
32505
32510
32515
32511
32515
32538
32533
32550
32533
32525
32531
32535
32520
32504
32496
32509
32495
32493
32501
32481
32516
32524
32501
32523
32537
32527
32526
32516
32519
32495
32529
32537
32545
32546
32521
32509
32511
32537
32544
32521
32519
32535
32519
32503
32519
32530
32559
32513
32502
32518
32514
32542
32521
32526
32515
32498
32509
32519
32514
32520
32531
32531
32551
32529
32533
32546
32528
32540
32532
32503
32489
32513
32519
32515
32525
32518
32491
32472
32465
32486
32503
32499
32479
32482
32485
32475
32489
32495
32481
32471
32449
32452
32459
32454
32467
32477
32481
32479
32497
32477
32505
32501
32477
32488
32487
32493
32503
32483
32502
32499
32477
32485
32511
32471
32475
32494
32489
32491
32473
32479
32489
32479
32465
32475
32477
32490
32499
32485
32487
32486
32498
32493
32483
32489
32489
32487
32466
32453
32491
32476
32487
32485
32479
32462
32474
32477
32467
32471
32473
32459
32450
32475
32461
32461
32471
32455
32473
32471
32469
32464
32482
32486
32475
32485
32471
32458
32472
32484
32485
32485
32478
32485
32470
32471
32471
32468
32484
32494
32489
32485
32504
32513
32474
32477
32464
32488
32476
32495
32491
32486
32476
32487
32483
32494
32486
32471
32470
32491
32487
32519
32524
32533
32497
32507
32498
32499
32526
32534
32504
32511
32502
32494
32471
32480
32491
32487
32487
32503
32484
32478
32475
32481
32503
32492
32482
32483
32490
32485
32491
32477
32474
32497
32504
32502
32503
32499
32471
32493
32489
32497
32491
32485
32497
32505
32483
32469
32471
32482
32479
32471
32474
32449
32492
32493
32484
32469
32467
32467
32485
32494
32472
32455
32444
32440
32465
32436
32451
32453
32451
32425
32449
32451
32455
32451
32443
32443
32449
32435
32431
32422
32404
32426
32413
32417
32453
32441
32396
32405
32406
32412
32403
32417
32423
32409
32378
32385
32403
32415
32412
32394
32404
32422
32411
32425
32440
32404
32398
32392
32384
32380
32400
32413
32406
32398
32420
32428
32428
32443
32401
32403
32424
32409
32416
32439
32441
32429
32432
32425
32434
32442
32441
32434
32419
32444
32455
32445
32435
32430
32433
32411
32420
32409
32399
32421
32409
32419
32423
32403
32402
32423
32438
32409
32422
32435
32465
32451
32439
32448
32461
32431
32414
32423
32465
32456
32437
32423
32439
32463
32458
32461
32457
32481
32487
32467
32479
32502
32496
32503
32478
32479
32499
32505
32516
32511
32509
32505
32519
32515
32511
32511
32524
32519
32507
32521
32504
32505
32504
32498
32527
32517
32551
32518
32518
32495
32492
32494
32510
32494
32521
32514
32507
32503
32517
32497
32525
32525
32513
32532
32527
32503
32518
32530
32537
32542
32519
32504
32517
32525
32493
32533
32521
32525
32506
32508
32529
32503
32500
32524
32514
32517
32504
32499
32521
32519
32502
32505
32507
32513
32539
32527
32526
32504
32504
32525
32524
32503
32515
32509
32509
32523
32554
32551
32538
32540
32543
32539
32519
32513
32533
32527
32469
32485
32520
32520
32494
32507
32519
32522
32517
32495
32514
32521
32516
32508
32523
32525
32505
32519
32535
32523
32499
32509
32539
32532
32522
32522
32538
32535
32549
32512
32495
32519
32523
32519
32541
32526
32545
32523
32542
32529
32517
32531
32533
32504
32517
32520
32541
32536
32531
32529
32522
32502
32521
32501
32482
32493
32496
32503
32464
32477
32526
32520
32483
32495
32502
32504
32481
32491
32513
32501
32485
32476
32491
32505
32487
32495
32517
32498
32478
32471
32472
32486
32479
32485
32489
32481
32463
32480
32474
32487
32487
32487
32471
32479
32491
32506
32495
32519
32483
32483
32487
32518
32505
32493
32488
32492
32479
32499
32502
32471
32450
32474
32483
32492
32501
32528
32514
32516
32518
32505
32506
32503
32511
32500
32497
32520
32505
32477
32500
32501
32471
32477
32496
32467
32464
32493
32488
32487
32471
32461
32480
32476
32455
32481
32481
32459
32465
32487
32469
32483
32515
32488
32491
32506
32527
32519
32517
32516
32489
32509
32510
32526
32509
32500
32531
32523
32497
32493
32510
32527
32517
32523
32516
32513
32505
32528
32542
32542
32560
32545
32532
32527
32539
32545
32522
32519
32530
32519
32523
32505
32507
32499
32519
32543
32547
32511
32500
32494
32495
32488
32508
32509
32511
32517
32491
32495
32511
32487
32466
32448
32469
32485
32471
32475
32456
32484
32471
32478
32486
32461
32477
32467
32463
32495
32484
32495
32461
32469
32479
32474
32492
32500
32470
32479
32505
32501
32466
32465
32495
32502
32511
32505
32503
32515
32481
32479
32492
32466
32485
32491
32473
32471
32467
32477
32485
32511
32528
32485
32470
32495
32485
32457
32471
32467
32475
32535
32471
32477
32488
32505
32498
32489
32501
32472
32485
32493
32490
32478
32498
32474
32486
32496
32473
32445
32463
32465
32470
32485
32472
32485
32477
32468
32483
32485
32493
32473
32463
32489
32501
32478
32467
32468
32491
32483
32485
32489
32467
32469
32471
32473
32480
32474
32457
32491
32501
32493
32487
32471
32489
32469
32497
32503
32477
32486
32477
32478
32473
32462
32459
32467
32459
32436
32443
32451
32436
32444
32439
32445
32447
32445
32433
32455
32456
32459
32468
32478
32463
32439
32450
32445
32453
32483
32488
32487
32487
32471
32479
32477
32463
32455
32477
32485
32480
32471
32447
32473
32451
32461
32468
32479
32471
32476
32447
32463
32477
32462
32445
32447
32451
32485
32473
32450
32463
32464
32449
32487
32492
32486
32479
32471
32475
32455
32417
32435
32414
32411
32417
32399
32407
32443
32411
32418
32434
32429
32429
32429
32412
32408
32393
32407
32409
32408
32439
32407
32421
32452
32419
32435
32441
32439
32435
32439
32422
32429
32453
32441
32451
32454
32466
32459
32456
32456
32465
32466
32456
32467
32479
32465
32448
32459
32471
32447
32494
32487
32485
32489
32441
32432
32455
32451
32481
32455
32453
32475
32492
32487
32501
32485
32471
32489
32485
32496
32487
32510
32502
32481
32494
32499
32455
32452
32461
32478
32476
32471
32482
32499
32494
32503
32505
32495
32480
32498
32495
32505
32496
32511
32523
32519
32494
32506
32521
32523
32523
32527
32528
32506
32553
32507
32503
32511
32538
32547
32527
32509
32505
32541
32569
32556
32548
32543
32509
32513
32537
32548
32556
32565
32555
32543
32539
32528
32522
32519
32527
32535
32518
32480
32501
32515
32495
32487
32497
32498
32493
32505
32538
32521
32500
32518
32523
32515
32539
32529
32511
32526
32505
32509
32503
32506
32525
32502
32526
32517
32499
32503
32515
32519
32523
32538
32534
32548
32519
32513
32521
32536
32535
32547
32551
32527
32520
32525
32552
32587
32562
32538
32557
32555
32556
32547
32538
32522
32535
32533
32534
32539
32539
32550
32533
32546
32543
32555
32521
32521
32559
32545
32549
32537
32551
32543
32571
32586
32557
32562
32553
32557
32573
32589
32564
32559
32579
32586
32554
32531
32564
32557
32563
32562
32586
32572
32549
32527
32543
32548
32551
32541
32541
32559
32561
32538
32534
32543
32564
32572
32575
32577
32568
32526
32556
32580
32566
32563
32570
32591
32553
32547
32567
32569
32557
32567
32563
32579
32558
32564
32601
32599
32575
32547
32565
32547
32529
32548
32533
32525
32540
32523
32530
32530
32535
32546
32536
32537
32539
32556
32544
32537
32561
32543
32573
32567
32565
32557
32572
32557
32551
32543
32542
32561
32557
32554
32567
32574
32573
32563
32539
32556
32567
32559
32561
32581
32572
32572
32576
32553
32562
32567
32569
32559
32554
32567
32553
32547
32563
32565
32567
32583
32567
32579
32593
32557
32545
32572
32563
32555
32559
32558
32539
32573
32581
32559
32569
32586
32589
32579
32548
32540
32534
32565
32569
32546
32550
32548
32559
32558
32560
32552
32553
32594
32576
32575
32567
32527
32556
32575
32573
32589
32573
32557
32559
32549
32577
32591
32562
32575
32582
32596
32576
32608
32591
32592
32583
32615
32630
32584
32601
32598
32560
32580
32587
32589
32579
32569
32575
32565
32583
32607
32579
32541
32563
32569
32563
32552
32515
32536
32535
32546
32583
32577
32585
32583
32560
32537
32584
32602
32576
32569
32601
32557
32577
32551
32564
32575
32583
32579
32567
32591
32559
32572
32545
32543
32561
32565
32539
32531
32549
32546
32548
32541
32535
32539
32554
32555
32553
32535
32551
32565
32565
32580
32570
32565
32553
32578
32580
32581
32569
32549
32579
32568
32577
32575
32579
32551
32551
32560
32556
32579
32583
32535
32521
32547
32533
32563
32553
32584
32562
32552
32554
32559
32543
32545
32555
32543
32545
32554
32549
32523
32535
32541
32573
32572
32551
32561
32572
32542
32552
32560
32549
32573
32577
32573
32577
32581
32594
32593
32598
32591
32586
32578
32555
32539
32565
32551
32567
32551
32547
32577
32567
32551
32532
32547
32573
32573
32569
32551
32571
32559
32551
32554
32547
32537
32511
32496
32489
32500
32531
32567
32536
32549
32532
32519
32543
32548
32549
32529
32534
32533
32541
32546
32545
32488
32503
32499
32511
32538
32559
32557
32539
32496
32503
32516
32527
32509
32520
32527
32518
32538
32511
32511
32494
32535
32566
32566
32556
32511
32518
32547
32554
32541
32542
32564
32560
32548
32535
32551
32550
32553
32551
32569
32568
32563
32539
32535
32559
32567
32558
32547
32561
32553
32548
32543
32541
32555
32567
32535
32551
32539
32519
32541
32523
32519
32545
32556
32567
32572
32552
32547
32543
32536
32513
32553
32553
32549
32517
32514
32508
32537
32561
32531
32547
32549
32551
32561
32551
32548
32567
32571
32555
32546
32533
32544
32529
32557
32556
32547
32574
32561
32539
32561
32535
32551
32556
32551
32551
32552
32536
32554
32542
32529
32525
32533
32505
32510
32543
32526
32516
32521
32537
32527
32547
32543
32543
32532
32500
32527
32533
32520
32520
32510
32517
32537
32533
32517
32479
32511
32521
32528
32535
32528
32509
32513
32517
32521
32527
32544
32524
32524
32516
32524
32525
32517
32553
32549
32541
32551
32515
32533
32519
32528
32528
32519
32523
32540
32519
32543
32516
32535
32536
32513
32509
32519
32501
32528
32530
32527
32501
32481
32510
32535
32535
32511
32514
32550
32576
32565
32529
32545
32573
32552
32529
32518
32530
32555
32561
32551
32544
32545
32533
32531
32551
32557
32550
32533
32543
32516
32513
32519
32502
32543
32547
32529
32519
32507
32523
32520
32515
32542
32550
32536
32550
32570
32538
32548
32549
32526
32541
32527
32535
32555
32535
32527
32553
32539
32532
32538
32544
32555
32555
32571
32533
32532
32529
32535
32537
32564
32529
32511
32540
32519
32533
32531
32505
32521
32531
32528
32549
32529
32520
32520
32539
32528
32495
32507
32519
32522
32528
32533
32535
32544
32528
32539
32543
32551
32535
32531
32536
32546
32560
32533
32544
32553
32567
32547
32567
32560
32545
32551
32525
32551
32533
32545
32526
32507
32511
32514
32504
32528
32540
32513
32545
32549
32551
32544
32531
32523
32535
32539
32527
32533
32520
32521
32541
32544
32541
32571
32560
32543
32551
32554
32533
32518
32517
32535
32519
32535
32567
32570
32539
32519
32523
32517
32510
32521
32507
32509
32496
32509
32498
32495
32511
32519
32537
32540
32533
32563
32528
32514
32533
32519
32523
32543
32545
32540
32537
32534
32548
32525
32533
32532
32512
32543
32537
32527
32548
32564
32545
32558
32558
32535
32535
32543
32548
32516
32504
32526
32507
32495
32503
32518
32520
32515
32535
32511
32506
32531
32515
32509
32513
32510
32525
32526
32534
32503
32540
32561
32559
32554
32537
32551
32524
32520
32516
32503
32494
32520
32531
32535
32523
32515
32524
32534
32532
32535
32548
32551
32537
32524
32527
32519
32511
32528
32526
32526
32533
32563
32516
32489
32521
32529
32519
32531
32534
32495
32509
32531
32521
32520
32519
32508
32511
32547
32523
32518
32487
32491
32513
32525
32537
32535
32504
32517
32523
32517
32507
32533
32541
32515
32523
32533
32515
32524
32492
32537
32553
32555
32515
32515
32519
32517
32503
32508
32505
32511
32511
32521
32525
32504
32509
32520
32520
32519
32529
32535
32504
32488
32497
32531
32512
32509
32497
32498
32502
32521
32518
32539
32521
32505
32527
32536
32523
32516
32521
32501
32461
32458
32447
32448
32459
32479
32459
32449
32448
32469
32461
32469
32442
32448
32479
32469
32474
32463
32497
32501
32471
32465
32499
32477
32486
32487
32485
32455
32471
32465
32457
32459
32478
32491
32495
32508
32499
32487
32505
32492
32489
32511
32505
32483
32507
32494
32495
32482
32488
32495
32512
32529
32501
32503
32502
32514
32494
32505
32505
32498
32494
32506
32503
32508
32491
32501
32483
32511
32520
32531
32528
32531
32508
32525
32504
32508
32502
32499
32487
32492
32521
32517
32524
32509
32505
32560
32573
32554
32521
32513
32527
32527
32511
32511
32526
32518
32523
32543
32553
32574
32578
32579
32549
32559
32573
32575
32573
32581
32603
32586
32550
32537
32550
32561
32551
32541
32561
32567
32559
32549
32559
32566
32585
32583
32569
32586
32595
32574
32544
32556
32567
32543
32565
32569
32575
32560
32573
32567
32572
32543
32563
32583
32589
32543
32529
32545
32560
32565
32560
32569
32598
32559
32573
32555
32530
32544
32558
32563
32561
32557
32557
32558
32527
32549
32554
32554
32549
32543
32545
32543
32537
32534
32557
32567
32576
32558
32567
32569
32579
32578
32578
32583
32595
32586
32582
32554
32549
32567
32579
32594
32583
32591
32579
32569
32592
32577
32580
32576
32577
32576
32553
32567
32567
32555
32575
32573
32579
32577
32581
32559
32589
32593
32575
32578
32589
32606
32580
32571
32579
32579
32571
32579
32579
32595
32598
32575
32567
32559
32564
32592
32567
32599
32586
32561
32559
32570
32578
32554
32557
32563
32559
32567
32567
32552
32545
32537
32578
32599
32589
32592
32561
32557
32581
32560
32558
32575
32591
32594
32538
32591
32600
32589
32580
32556
32543
32573
32568
32544
32567
32549
32547
32538
32549
32563
32555
32548
32545
32547
32557
32561
32566
32542
32547
32569
32551
32569
32561
32593
32580
32563
32559
32557
32569
32567
32566
32575
32577
32593
32603
32573
32564
32563
32573
32578
32574
32562
32559
32569
32577
32552
32547
32553
32561
32551
32568
32563
32581
32551
32531
32526
32538
32567
32563
32540
32547
32553
32563
32543
32525
32543
32556
32553
32553
32547
32553
32571
32573
32567
32550
32563
32566
32591
32582
32566
32567
32574
32573
32586
32563
32575
32573
32573
32583
32501
32543
32548
32545
32561
32580
32571
32560
32551
32571
32571
32575
32556
32546
32564
32549
32555
32567
32583
32567
32552
32571
32565
32571
32573
32565
32592
32573
32580
32593
32583
32567
32561
32584
32612
32589
32595
32594
32579
32548
32571
32581
32565
32571
32567
32567
32541
32567
32541
32549
32563
32547
32552
32575
32557
32573
32558
32593
32575
32574
32565
32559
32587
32573
32594
32547
32551
32599
32586
32569
32583
32577
32568
32569
32557
32575
32591
32585
32569
32579
32583
32590
32611
32585
32585
32583
32577
32575
32580
32564
32599
32579
32566
32563
32582
32581
32586
32566
32575
32561
32551
32574
32589
32586
32596
32583
32570
32567
32565
32581
32563
32579
32582
32568
32580
32575
32573
32562
32551
32543
32565
32597
32599
32594
32569
32564
32548
32553
32571
32581
32583
32583
32584
32567
32559
32572
32583
32565
32567
32559
32567
32559
32541
32557
32586
32579
32567
32548
32553
32548
32577
32577
32555
32579
32563
32567
32581
32555
32580
32581
32547
32572
32559
32558
32584
32570
32549
32569
32575
32575
32547
32542
32557
32562
32551
32549
32511
32511
32554
32547
32526
32517
32531
32533
32562
32543
32538
32551
32567
32555
32535
32551
32547
32543
32556
32535
32543
32537
32549
32549
32538
32531
32540
32535
32544
32557
32532
32533
32565
32543
32536
32523
32559
32557
32551
32549
32541
32537
32528
32541
32538
32578
32551
32541
32551
32530
32549
32541
32557
32567
32580
32579
32561
32567
32548
32559
32537
32535
32571
32551
32552
32531
32529
32535
32539
32569
32549
32565
32573
32551
32550
32547
32551
32562
32563
32560
32565
32551
32563
32551
32531
32547
32567
32571
32567
32563
32569
32575
32560
32574
32575
32558
32589
32567
32562
32527
32565
32576
32545
32558
32581
32582
32539
32549
32547
32530
32569
32583
32558
32553
32544
32541
32555
32585
32568
32573
32554
32561
32561
32552
32548
32527
32544
32557
32550
32551
32549
32546
32536
32543
32535
32544
32550
32542
32557
32563
32552
32543
32551
32572
32576
32541
32500
32535
32519
32545
32637
32562
32574
32546
32543
32553
32544
32533
32540
32547
32568
32564
32563
32532
32531
32542
32532
32531
32549
32550
32524
32511
32523
32550
32552
32561
32570
32553
32537
32559
32571
32554
32539
32549
32549
