33331
33298
33311
33346
33376
33325
33335
33335
33345
33370
33363
33301
33334
33348
33335
33361
33329
33323
33317
33293
33349
33310
33318
33302
33349
33303
33295
33319
33305
33303
33293
33289
33286
33315
33308
33303
33331
33356
33351
33315
33269
33414
34423
33363
33287
33322
33315
33305
33321
33377
33309
33303
33343
33335
33303
33350
33319
33332
33290
33291
33303
33299
33311
33321
33301
33335
33315
33293
33319
33332
33313
33278
33309
33311
33347
33313
33281
33288
33308
33333
33308
33285
33339
33347
33363
33381
33349
33341
33297
33338
33329
33293
33307
33341
33293
33340
33367
33390
33313
33319
33335
33327
33306
33335
33300
33243
33297
33336
33290
33321
33336
33315
33343
33319
33311
33312
33319
33351
33343
33325
33309
33315
33313
33361
33351
33349
33341
33354
33365
33310
33343
33313
33329
33319
33325
33337
33359
33360
33369
33361
33321
33335
33311
33333
33369
33346
33307
33317
33311
33301
33295
33311
33312
33351
33303
33305
33305
33329
33318
33282
33320
33335
33289
33306
33323
33327
33289
33327
33371
33367
33369
33373
33343
33335
33302
33285
33282
33333
33361
33286
33338
33328
33343
33343
33287
33317
33319
33354
33351
33304
33332
33325
33366
33364
33330
33360
33335
33340
33357
33349
33349
33297
33314
33369
33371
33299
33351
33322
33364
33351
33321
33342
33351
33347
33380
33367
33371
33335
33335
33345
33307
33338
33336
33363
33309
33342
33298
33319
33311
33318
33317
33349
33312
33361
33379
33333
33342
33374
33346
33358
33353
33317
33373
33359
33322
33349
33343
33327
33316
33319
33381
33355
33335
33316
33347
33342
33317
33343
33367
33343
33337
33347
33324
33326
33343
33356
33293
33351
33395
33348
33343
33353
33371
33344
33329
33357
33359
33333
33335
33255
33329
33349
33335
33358
33351
33343
33354
33267
33327
33401
33392
33344
33304
33295
33333
33319
33383
33347
33349
33387
33367
33337
33323
33335
33351
33345
33353
33379
33335
33351
33373
33347
33383
33373
33379
33379
33384
33401
33377
33375
33381
33343
33345
33341
33356
33401
33342
33351
33346
33317
33339
33336
33397
33367
33318
33319
33331
33362
33323
33323
33368
33335
33319
33336
33354
33356
33335
33391
33375
33355
33348
33347
33332
33357
33353
33353
33373
33348
33323
33350
33386
33313
33347
33354
33336
33369
33377
33348
33342
33328
33325
33297
33352
33375
33359
33339
33342
33318
33311
33295
33331
33346
33335
33363
33323
33334
33341
33310
33305
33354
33341
33303
33308
33351
33333
33348
33325
33307
33271
33337
33347
33327
33345
33351
33354
33335
33368
33349
33368
33409
33374
33329
33311
33325
33363
33365
33367
33328
33356
33352
33343
33377
33383
33395
33371
33361
33356
33363
33345
33329
33317
33324
33317
33333
33295
33325
33338
33338
33361
33347
33340
33356
33391
33375
33384
33373
33337
33346
33367
33357
33359
33343
33335
33327
33359
33343
33331
33328
33357
33311
33342
33353
33355
33359
33331
33322
33391
33415
33392
33345
33367
33417
33366
33323
33399
33374
33343
33344
33351
33333
33377
33321
33358
33361
33379
33367
33299
33351
33349
33355
33338
33380
33379
33337
33341
33379
33373
33331
33355
33330
33369
33341
33335
33329
33329
33327
33312
33313
33367
33345
33355
33335
33345
33405
33365
33337
33343
33327
33370
33351
33369
33351
33328
33321
33303
33327
33367
33359
33271
33292
33316
33327
33348
33378
33341
33338
33341
33328
33292
33320
33335
33347
33368
33371
33389
33391
33316
33344
33318
33351
33362
33379
33353
33357
33359
33353
33329
33341
33323
33357
33305
33337
33357
33351
33404
33349
33367
33380
33390
33390
33361
33402
33395
33364
33347
33367
33377
33383
33377
33358
33328
33329
33353
33390
33351
33339
33357
33338
33353
33362
33319
33332
33392
33391
33349
33350
33333
33363
33374
33357
33359
33351
33329
33338
33342
33341
33329
33358
33377
33351
33357
33357
33348
33387
33392
33343
33311
33349
33337
33391
33325
33317
33354
33339
33341
33335
33332
33335
33336
33349
33314
33347
33331
33275
33343
33337
33325
33331
33350
33327
33376
33355
33356
33297
33335
33360
33377
33383
33335
33363
33373
33326
33319
33355
33351
33373
33345
33353
33357
33375
33351
33379
33327
33313
33364
33356
33297
33307
33301
33371
33327
33330
33359
33394
33368
33317
33374
33343
33357
33383
33363
33373
33343
33347
33375
33353
33333
33357
33339
33383
33319
33330
33370
33405
33405
33389
33319
33304
33313
33340
33329
33329
33305
33360
33351
33335
33355
33327
33348
33327
33342
33382
33356
33355
33358
33333
33353
33341
33291
33331
33341
33327
33349
33373
33356
33323
33378
33359
33361
33342
33320
33323
33331
33317
33332
33347
33347
33327
33336
33360
33313
33331
33315
33364
33375
33305
33397
33366
33360
33365
33328
33336
33360
33327
33279
33349
33343
33354
33337
33383
33351
33301
33339
33315
33325
33390
33323
33335
33383
33333
33380
33378
33313
33293
33323
33350
33362
33363
33427
33373
33331
33343
33343
33388
33336
33288
33361
33335
33333
33316
33317
33335
33325
33313
33296
33356
33359
33364
33315
33354
33339
33363
33332
33375
33349
33362
33364
33324
33379
33327
33321
33379
33358
33363
33372
33359
33368
33347
33373
33385
33373
33381
33274
33301
33287
33319
33344
33336
33355
33376
33335
33343
33367
33333
33299
33325
33339
33377
33359
33346
33319
33329
33362
33351
33354
33375
33379
33341
33413
33389
33387
33343
33370
33383
33361
33317
33315
33323
33303
33347
33347
33350
33322
33329
33328
33350
33360
33340
33347
33337
33347
33395
33327
33327
33319
33328
33383
33414
33351
33308
33352
33364
33341
33369
33373
33369
33366
33337
33353
33397
33293
33321
33335
33363
33351
33365
33363
33388
33374
33351
33331
33335
33353
33351
33365
33319
33359
33373
33364
33371
33339
33337
33347
33326
33357
33373
33351
33378
33343
33358
33379
33332
33382
33374
33356
33320
33361
33305
33351
33366
33354
33347
33317
33338
33313
33373
33373
33311
33351
33375
33330
33401
33360
33329
33333
33351
33355
33300
33342
33367
33339
33300
33339
33347
33388
33371
33312
33319
33346
33329
33326
33343
33345
33333
33365
33377
33340
33288
33315
33346
33311
33315
33305
33298
33319
33357
33317
33310
33339
33343
33337
33341
33351
33321
33307
33349
33379
33341
33327
33378
33329
33347
33382
33375
33339
33363
33322
33315
33307
33379
33393
33361
33370
33349
33383
33400
33375
33383
33370
33415
33375
33380
33377
33323
33368
33306
33305
33338
33317
33298
33328
33337
33351
33334
33331
33359
33362
33363
33321
33322
33335
33328
33330
33399
33383
33313
33379
33398
33337
33323
33319
33385
33368
33332
33365
33306
33290
33322
33359
33379
33343
33358
33319
33374
33318
33313
33322
33307
33282
33325
33313
33315
33312
33301
33281
33288
33353
33380
33340
33321
33330
33312
33341
33362
33348
33345
33388
33355
33327
33379
33339
33270
33315
33285
33354
33375
33343
33302
33319
33363
33361
33309
33363
33371
33309
33352
33335
33301
33265
33283
33327
33330
33286
33319
33329
33317
33312
33341
33327
33341
33329
33365
33355
33274
33277
33313
33389
33377
33347
33289
33337
33357
33341
33323
33347
33349
33319
33306
33310
33301
33338
33352
33354
33328
33324
33311
33307
33321
33277
33306
33338
33349
33315
33304
33372
33347
33331
33321
33317
33299
33303
33329
33344
33295
33291
33349
33345
33344
33323
33327
33298
33320
33311
33298
33343
33300
33291
33351
33311
33298
33359
33354
33291
33319
33319
33294
33336
33332
33304
33311
33347
33351
33305
33295
33291
33298
33341
33322
33351
33352
33343
33321
33351
33286
33315
33329
33343
33371
33355
33346
33330
33323
33265
33311
33334
33329
33356
33343
33349
33305
33317
33302
33327
33297
33337
33334
33332
33348
33318
33291
33345
33289
33304
33312
33267
33319
33327
33325
33307
33315
33362
33333
33341
33300
33328
33353
33287
33295
33303
33280
33359
33333
33319
33340
33340
33306
33315
33286
33352
33389
33369
33305
33377
33347
33335
33318
33345
33317
33329
33399
33351
33341
33345
33327
33303
33389
33359
33338
33301
33333
33269
33299
33308
33331
33322
33332
33351
33347
33343
33346
33370
33341
33375
33363
33344
33359
33380
33318
33337
33359
33366
33299
33337
33331
33353
33340
33332
33305
33304
33359
33333
33314
33369
33355
33351
33352
33383
33321
33357
33325
33369
33368
33383
33321
33347
33331
33364
33288
33337
33361
33348
33331
33341
33311
33320
33351
33317
33339
33307
33349
33352
33335
33308
33357
33346
33331
33347
33325
33327
33287
33331
33291
33308
33308
33369
33363
33329
33351
33385
33373
33351
33363
33347
33343
33357
33380
33407
33368
33355
33325
33375
33381
33363
33381
33345
33369
33371
33343
33351
33320
33324
33340
33365
33367
33359
33344
33279
33359
33326
33372
33343
33343
33335
33349
33386
33357
33329
33371
33365
33363
33313
33321
33383
33396
33358
33368
33355
33353
33347
33415
33407
33329
33351
33328
33356
33371
33365
33370
33344
33337
33331
33311
33308
33329
33335
33315
33305
33334
33301
33339
33358
33343
33338
33325
33351
33353
33373
33359
33343
33340
33387
33376
33350
33407
33375
33365
33319
33364
33369
33370
33333
33343
33301
33327
33335
33374
33350
33365
33357
33358
33343
33331
33367
33370
33393
33388
33367
33343
33355
33355
33349
33331
33365
33304
33327
33351
33385
33338
33327
33331
33349
33351
33361
33360
33311
33314
33343
33351
33371
33365
33342
33320
33289
33339
33326
33359
33365
33383
33386
33399
33326
33355
33367
33359
33355
33337
33382
33375
33374
33389
33351
33359
33383
33389
33349
33332
33382
33405
33381
33343
33314
33319
33373
33375
33359
33323
33343
33359
33329
33364
33353
33331
33332
33280
33337
33307
33302
33319
33315
33330
33347
33297
33319
33331
33309
33361
33367
33341
33350
33343
33330
33289
33313
33357
33351
33343
33309
33323
33343
33323
33335
33362
33334
33342
33345
33323
33345
33383
33356
33365
33375
33365
33359
33336
33367
33358
33362
33383
33375
33347
33331
33337
33335
33317
33271
33298
33311
33347
33323
33366
33324
33332
33357
33323
33383
33408
33355
33328
33335
33370
33329
33323
33305
33352
33365
33376
33393
33374
33348
33330
33325
33345
33344
33296
33335
33348
33383
33385
33350
33365
33353
33317
33331
33352
33335
33340
33333
33379
33335
33319
33363
33327
33309
33377
33369
33323
33387
33362
33335
33388
33333
33317
33356
33381
33379
33330
33310
33319
33317
33343
33301
33361
33347
33318
33319
33338
33345
33335
33323
33300
33342
33347
33316
33283
33327
33343
33340
33308
33344
33352
33379
33340
33341
33352
33412
33335
33322
33323
33308
33311
33295
33355
33357
33385
33341
33351
33356
33340
33292
33339
33320
33323
33365
33361
33301
33330
33324
33347
33343
33320
33319
33373
33360
33310
33365
33368
33320
33339
33343
33382
33357
33377
33355
33355
33303
33301
33351
33351
33326
33299
33259
33285
33287
33351
33337
33362
33413
33335
33318
33345
33311
33317
33343
33341
33344
33358
33340
33259
33316
33326
33305
33390
33333
33278
33342
33335
33309
33306
33326
33354
33359
33351
33330
33292
33360
33339
33376
33373
33340
33357
33321
33337
33377
33359
33330
33329
33320
33351
33344
33332
33357
33383
33408
33383
33398
33390
33355
33297
33355
33355
33345
33387
33324
33349
33347
33377
33343
33331
33365
33359
33337
33379
33362
33351
33343
33364
33349
33363
33352
33361
33339
33319
33367
33401
33341
33348
33359
33381
33342
33343
33333
33357
33308
33349
33367
33347
33376
33369
33378
33396
33335
33370
33397
33400
33367
33391
33378
33335
33394
33373
33312
33376
33378
33369
33376
33345
33340
33343
33379
33363
33341
33365
33354
33333
33318
33352
33339
33383
33343
33335
33350
33343
33372
33356
33339
33325
33365
33294
33295
33345
33320
33350
33341
33363
33343
33354
33343
33347
33350
33334
33324
33356
33342
33341
33367
33399
33396
33351
33354
33355
33361
33383
33361
33377
33377
33394
33375
33348
33353
33383
33378
33351
33377
33340
33348
33375
33405
33365
33374
33403
33377
33351
33368
33356
33344
33345
33341
33353
33321
33342
33363
33315
33299
33312
33326
33351
33346
33363
33319
33358
33352
33355
33322
33308
33324
33376
33330
33388
33346
33325
33343
33345
33335
33324
33335
33295
33341
33369
33347
33339
33336
33335
33339
33332
33355
33343
33295
33346
33330
33335
33326
33343
33344
33302
33325
33337
33335
33319
33313
33335
33337
33328
33350
33311
33340
33302
33322
33342
33350
33330
33332
33345
33337
33335
33331
33326
33322
33316
33350
33309
33351
33307
33295
33303
33335
33337
33287
33301
33313
33327
33289
33369
33352
33306
33305
33349
33377
33355
33294
33318
33305
33336
33278
33319
33303
33343
33383
33337
33321
33267
33291
33291
33287
33327
33335
33352
33334
33313
33333
33305
33344
33340
33348
33368
33384
33343
33345
33385
33311
33325
33347
33351
33367
33381
33362
33345
33329
33345
33340
33339
33405
33395
33329
33339
33357
33375
33357
33359
33345
33321
33319
33351
33330
33369
33354
33378
33372
33401
33359
33373
33325
33380
33337
33356
33399
33352
33307
33356
33314
33281
33307
33339
33328
33317
33360
33351
33325
33336
33351
33361
33363
33364
33313
33323
33357
33371
33393
33381
33371
33359
33348
33352
33351
33331
33356
33361
33303
33353
33408
33336
33323
33343
33357
33320
33309
33364
33328
33349
33339
33345
33395
33337
33318
33333
33400
33360
33303
33347
33321
33335
33405
33367
33362
33372
33360
33336
33367
33350
33315
33366
33375
33342
33335
33327
33358
33409
33380
33329
33372
33342
33357
33333
33337
33369
33327
33347
33400
33388
33359
33322
33356
33353
33358
33367
33355
33361
33347
33371
33320
33343
33389
33360
33375
33353
33327
33317
33378
33299
33357
33343
33369
33379
33358
33357
33291
33311
33354
33344
33335
33337
33296
33345
33348
33345
33345
33345
33350
33315
33323
33314
33313
33314
33342
33323
33378
33374
33369
33393
33389
33349
33354
33339
33367
33319
33315
33286
33323
33307
33333
33341
33353
33349
33310
33359
33337
33341
33355
33361
33345
33312
33362
33363
33319
33357
33364
33382
33371
33297
33333
33337
33346
33367
33371
33367
33309
33309
33317
33341
33288
33330
33336
33327
33350
33330
33323
33313
33326
33323
33351
33335
33287
33327
33350
33398
33388
33335
33363
33333
33277
33341
33378
33379
33368
33356
33329
33311
33326
33361
33332
33321
33331
33365
33349
33286
33335
33375
33339
33354
33307
33354
33335
33307
33298
33311
33354
33281
33316
33335
33353
33346
33333
33367
33338
33344
33347
33339
33293
33302
33323
33329
33381
33341
33340
33339
33389
33364
33351
33289
33367
33351
33326
33351
33351
33335
33345
33367
33356
33314
33333
33377
33319
33284
33345
33311
33326
33336
33304
33374
33363
33343
33364
33333
33333
33334
33333
33315
33332
33320
33302
33301
33358
33328
33381
33359
33327
33351
33368
33347
33305
33291
33330
33319
33329
33331
33341
33349
33343
33361
33319
33329
33355
33330
33367
33354
33378
33341
33353
33321
33303
33279
33320
33322
33328
33333
33327
33309
33315
33340
33291
33359
33328
33288
33258
33309
33333
33313
33283
33298
33309
33298
33323
33349
33331
33299
33298
33323
33309
33277
33275
33327
33376
33359
33311
33316
33345
33286
33319
33365
33353
33356
33373
33339
33337
33389
33371
33359
33360
33323
33355
33355
33355
33375
33379
33373
33348
33381
33311
33328
33268
33338
33335
33297
33339
33323
33346
33331
33329
33319
33310
33323
33339
33347
33322
33326
33317
33317
33338
33333
33350
33317
33375
33329
33303
33275
33296
33311
33264
33283
33313
33318
33351
33337
33311
33325
33357
33334
33297
33336
33311
33317
33335
33300
33328
33330
33341
33327
33292
33309
33375
33364
33325
33327
33313
33286
33308
33327
33336
33303
33309
33312
33337
33327
33291
33334
33365
33349
33367
33305
33353
33337
33339
33313
33341
33299
33305
33315
33313
33358
33415
33346
33333
33354
33354
33376
33312
33363
33337
33326
33369
33340
33335
33347
33388
33378
33333
33351
33353
33375
33338
33339
33311
33356
33357
33337
33321
33363
33387
33370
33303
33293
33337
33354
33349
33335
33389
33326
33346
33335
33301
33291
33360
33361
33329
33319
33346
33351
33311
33335
33350
33343
33318
33345
33317
33352
33351
33351
33330
33381
33405
33348
33371
33367
33379
33358
33293
33310
33323
33303
33344
33308
33302
33296
33353
33303
33331
33359
33350
33359
33343
33315
33298
33279
33325
33372
33321
33329
33325
33335
33359
33356
33324
33383
33325
33336
33339
33384
33353
33345
33316
33382
33360
33337
33297
33318
33333
33349
33360
33367
33379
33377
33390
33347
33401
33393
33327
33356
33337
33365
33335
33334
33367
33389
33375
33343
33337
33366
33385
33389
33345
33362
33336
33349
33410
33383
33375
33367
33407
33393
33373
33388
33372
33392
33349
33362
33370
33415
33371
33321
33328
33329
33353
33355
33406
33314
33333
33323
33351
33344
33339
33357
33367
33356
33304
33351
33375
33341
33363
33361
33349
33359
33378
33380
33364
33367
33382
33369
33342
33351
33360
33349
33362
33384
33379
33353
33355
33377
33346
33357
33355
33327
33351
33351
33368
33343
33332
33308
33279
33324
33347
33353
33397
33415
33362
33375
33419
33383
33384
33348
33397
33335
33329
33335
33347
33341
33347
33378
33349
33347
33335
33351
33351
33375
33345
33360
33326
33335
33355
33282
33333
33319
33332
33345
33359
33323
33339
33350
33363
33343
33337
33307
33337
33385
33378
33336
33401
33349
33342
33424
33355
33293
33287
33359
33356
33357
33385
33351
33371
33393
33367
33311
33341
33356
33370
33347
33326
33307
33370
33393
33367
33351
33321
33376
33360
33394
33353
33362
33319
33315
33367
33311
33349
33338
33340
33368
33360
33373
33356
33358
33321
33311
33328
33335
33339
33328
33362
33338
33378
33343
33379
33321
33327
33319
33313
33341
33314
33365
33369
33397
33373
33374
33325
33305
33317
33399
33358
33340
33295
33345
33375
33325
33341
33364
33347
33350
33307
33279
33312
33325
33323
33285
33319
33327
33351
33353
33351
33345
33367
33327
33323
33345
33367
33335
33367
33347
33359
33326
33337
33308
33369
33374
33372
33336
33387
33392
33374
33347
33319
33335
33368
33343
33354
33349
33350
33335
33342
33356
33313
33343
33339
33335
33302
33277
33324
33345
33349
33340
33369
33365
33351
33351
33330
33339
33333
33365
33317
33318
33357
33348
33334
33349
33349
33343
33359
33313
33359
33351
33329
33363
33377
33379
33365
33351
33389
33409
33351
33341
33376
33370
33373
33367
33393
33352
33324
33348
33359
33313
33324
33363
33350
33367
33347
33368
33401
33371
33387
33368
33361
33360
33349
33356
33375
33294
33319
33371
33321
33335
33328
33329
33365
33376
33358
33348
33335
33344
33390
33364
33350
33344
33374
33351
33362
33333
33383
33365
33347
33363
33348
33350
33373
33337
33331
33343
33287
33330
33314
33328
33334
33375
33363
33361
33375
33336
33321
33346
33350
33327
33337
33335
33329
33344
33313
33336
33333
33355
33293
33323
33334
33335
33310
33339
33371
33371
33323
33366
33387
33363
33399
33353
33362
33356
33385
33370
33352
33325
33373
33385
33330
33308
33322
33381
33347
33360
33331
33310
33312
33361
33323
33316
33327
33345
33335
33365
33326
33359
33321
33337
33359
33292
33317
33349
33386
33369
33363
33363
33315
33345
33296
33326
33333
33330
33330
33351
33311
33314
33319
33312
33362
33359
33351
33353
33346
33354
33312
33295
33339
33355
33343
33343
33367
33293
33321
33360
33351
33317
33289
33321
33310
33328
33356
33343
33322
33335
33335
33351
33327
33383
33368
33365
33399
33367
33339
33350
33337
33371
33385
33365
33353
33349
33372
33381
33312
33367
33311
33309
33333
33379
33361
33331
33317
33326
33351
33315
33365
33301
33343
33347
33309
33336
33355
33337
33333
33345
33283
33295
33323
33362
33324
33296
33323
33337
33296
33266
33306
33327
33346
33345
33322
33333
33319
33324
33355
33351
33289
33335
33369
33319
33347
33326
33327
33410
33345
33345
33324
33336
33375
33354
33325
33303
33327
33319
33351
33345
33328
33379
33356
33409
33389
33337
33347
33331
33385
33379
33385
33357
33341
33363
33355
33287
33310
33263
33309
33369
33389
33397
33373
33325
33333
33309
33328
33311
33306
33359
33340
33346
33345
33400
33375
33345
33368
33319
33347
33356
33327
33363
33357
33283
33275
33295
33311
33290
33330
33315
33290
33311
33372
33318
33359
33297
33289
33295
33285
33319
33325
33312
33327
33307
33302
33308
33295
33312
33327
33343
33321
33315
33271
33255
33345
33320
33264
33271
33296
33299
33311
33303
33283
33322
33319
33309
33295
33285
33308
33340
33302
33348
33337
33344
33313
33329
33326
33315
33353
33297
33349
33359
33359
33355
33317
33337
33365
33365
33354
33358
33381
33342
33339
33344
33353
33349
33387
33327
33333
33329
33335
33363
33351
33383
33337
33343
33349
33395
33285
33295
33296
33307
33324
33315
33327
33337
33311
33308
33316
33332
33318
33315
33304
33321
33289
33280
33317
33334
33326
33319
33341
33323
33319
33277
33359
33341
33294
33301
33325
33313
33332
33341
33334
33328
33334
33287
33317
33354
33335
33300
33302
33312
33335
33349
33359
33327
33333
33345
33357
33330
33346
33325
33397
33365
33351
33371
33277
33307
33342
33335
33346
33281
33341
33363
33363
33355
33343
33337
33362
33361
33349
33367
33302
33339
33342
33335
33364
33381
33335
33360
33335
33341
33389
33345
33351
33364
33391
33363
33331
33365
33347
33335
33351
33345
33327
33371
33348
33319
33387
33333
33306
33365
33384
33375
33333
33290
33326
33317
33361
33348
33384
33323
33295
33349
33314
33309
33303
33339
33359
33325
33337
33341
33337
33353
33388
33359
33389
33317
33312
33363
33349
33346
33357
33337
33381
33390
33357
33367
33368
33347
33332
33345
33307
33393
33399
33379
33395
33324
33349
33326
33319
33344
33328
33388
33391
33367
33367
33367
33281
33271
33306
33303
33359
33349
33343
33355
33384
33353
33285
33313
33303
33306
33342
33351
33323
33347
33323
33313
33300
33355
33311
33321
33295
33340
33359
33349
33347
33343
33353
33351
33357
33300
33290
33343
33366
33334
33311
33307
33345
33367
33381
33301
33349
33359
33391
33361
33353
33356
33349
33331
33340
33367
33367
33352
33388
33359
33408
33382
33335
33357
33333
33347
33363
33417
33350
33327
33369
33362
33374
33405
33389
33343
33314
33359
33377
33375
33347
33400
33331
33339
33351
33335
33345
33349
33373
33351
33368
33377
33400
33378
33362
33409
33319
33374
33387
33346
33357
33378
33359
33332
33354
33355
33383
33327
33319
33362
33367
33341
33346
33401
33415
33341
33351
33399
33390
33327
33342
33310
33365
33352
33301
33311
33316
33335
33340
33343
33309
33306
33346
33363
33319
33363
33402
33361
33350
33378
33354
33320
33362
33399
33376
33359
33382
33339
33346
33373
33325
33344
33284
33341
33359
33391
33358
33363
33376
33391
33321
33313
33320
33363
33371
33356
33349
33393
33367
33359
33361
33411
33413
33351
33361
33391
33343
33320
33305
33355
33357
33331
33349
33371
33391
33399
33363
33342
33351
33390
33383
33351
33327
33363
33372
33373
33349
33398
33371
33346
33357
33372
33351
33387
33411
33402
33385
33367
33350
33407
33397
33335
33365
33366
33348
33349
33387
33419
33374
33376
33376
33356
33413
33422
33398
33369
33380
33359
33427
33424
33391
33383
33341
33392
33415
33383
33423
33369
33395
33366
33331
33352
33316
33336
33416
33392
33383
33414
33411
33384
33389
33399
33382
33383
33407
33359
33365
33391
33407
33369
33367
33377
33386
33391
33367
33391
33429
33399
33383
33383
33423
33418
33415
33385
33379
33323
33368
33347
33319
33351
33379
33344
33325
33383
33354
33379
33371
33345
33335
33375
33341
33391
33413
33378
33353
33361
33362
33379
33359
33337
33343
33331
33320
33341
33389
33329
33341
33366
33355
33349
33363
33362
33318
33335
33347
33305
33311
33344
33344
33399
33364
33339
33317
33423
33411
33391
33305
33303
33335
33335
33346
33354
33360
33357
33352
33347
33345
33367
33403
33372
33375
33330
33300
33325
33289
33349
33371
33322
33309
33353
33325
33327
33319
33321
33312
33328
33342
33319
33255
33289
33356
33334
33332
33355
33322
33291
33294
33335
33317
33288
33297
33300
33287
33309
33332
33377
33350
33343
33289
33298
33349
33332
33345
33360
33357
33298
33314
33329
33335
33347
33349
33288
33265
33275
33353
33343
33319
33355
33359
33351
33363
33337
33307
33347
33347
33286
33290
33313
33340
33345
33309
33309
33326
33319
33338
33335
33343
33356
33357
33316
33355
33365
33335
33367
33331
33366
33420
33301
33297
33333
33330
33325
33326
33280
33281
33315
33346
33367
33324
33319
33341
33327
33300
33349
33319
33341
33371
33329
33363
33321
33319
33359
33340
33375
33363
33341
33330
33324
33319
33361
33321
33329
33329
33367
33399
33385
33378
33367
33356
33361
33415
33351
33353
33363
33370
33366
33351
33352
33342
33344
33351
33365
33375
33335
33342
33337
33359
33369
33319
33353
33319
33331
33316
33351
33327
33377
33349
33343
33325
33335
33349
33342
33377
33393
33390
33341
33331
33340
33313
33345
33334
33335
33340
33359
33348
33321
33295
33349
33351
33383
33358
33327
33327
33321
33380
33393
33313
33294
33361
33384
33335
33328
33319
33325
33319
33351
33366
33345
33329
33337
33349
33363
33369
33335
33341
33361
33338
33372
33404
33367
33289
33347
33314
33366
33337
33297
33328
33309
33337
33336
33323
33352
33324
33320
33366
33343
33315
33302
33377
33330
33357
33349
33338
33319
33325
33359
33342
33339
33350
33295
33351
33349
33364
33354
33323
33340
33371
33360
33351
33359
33334
33348
33343
33336
33385
33348
33357
33383
33289
33331
33343
33381
33355
33336
33345
33327
33312
33326
33331
33329
33278
33334
33359
33369
33362
33290
33327
33350
33342
33347
33337
33322
33351
33356
33343
33363
33338
33355
33327
33368
33347
33324
33370
33331
33315
33317
33359
33361
33355
33355
33325
33300
33289
33284
33351
33354
33338
33324
33312
33354
33279
33269
33347
33316
33325
33362
33343
33374
33373
33369
33351
33333
33351
33331
33342
33310
33359
33355
33371
33339
33361
33351
33324
33301
33363
33349
33360
33386
33329
33367
33385
33381
33388
33379
33353
33333
33343
33374
33327
33349
33331
33397
33332
33319
33352
33359
33343
33323
33293
33334
33369
33363
33341
33379
33353
33339
33329
33357
33359
33335
33369
33398
33358
33367
33323
33369
33391
33343
33307
33275
33299
33291
33275
33320
33370
33333
33355
33323
33280
33310
33332
33346
33337
33313
33337
33329
33325
33269
33312
33327
33341
33330
33359
33357
33335
33369
33333
33302
33315
33290
33305
33344
33341
33336
33375
33373
33376
33351
33322
33322
33316
33291
33364
33347
33348
33281
33330
33333
33335
33373
33401
33328
33368
33347
33329
33384
33351
33335
33331
33344
33343
33313
33335
33366
33331
33351
33308
33354
33375
33253
33319
33316
33324
33397
33338
33303
33312
33316
33333
33262
33259
33301
33309
33317
33336
33323
33305
33300
33323
33332
33328
33314
33327
33385
33352
33318
33319
33343
33345
33350
33325
33331
33358
33353
33351
33330
33332
33312
33335
33338
33337
33351
33339
33383
33373
33347
33320
33315
33371
33317
33303
33341
33403
33331
33275
33347
33339
33285
33344
33359
33351
33335
33356
33329
33351
33380
33352
33359
33304
33360
33388
33337
33312
33333
33343
33314
33305
33344
33319
33323
33327
33339
33370
33355
33330
33348
33296
33323
33327
33379
33343
33265
33320
33355
33358
33353
33332
33393
33372
33331
33327
33351
33351
33377
33366
33333
33301
33334
33362
33321
33281
33332
33324
33282
33341
33319
33319
33351
33330
33304
33345
33341
33356
33349
33310
33299
33331
33335
33359
33349
33294
33337
33314
33305
33289
33341
33351
33293
33343
33319
33315
33315
33324
33344
33353
33309
33337
33366
33343
33300
33307
33351
33345
33295
33343
33342
33359
33347
33367
33370
33339
33319
33357
33309
33334
33334
33325
33349
33335
33379
33337
33321
33364
33378
33352
33359
33368
33381
33348
33377
33354
33335
33318
33302
33333
33359
33403
33366
33357
33357
33351
33381
33403
33375
33292
33321
33370
33355
33331
33336
33353
33305
33335
33351
33381
33349
33395
33368
33349
33315
33330
33329
33337
33362
33300
33333
33337
33331
33317
33342
33361
33388
33340
33349
33332
33307
33310
33335
33337
33313
33317
33349
33331
33300
33331
33318
33322
33335
33303
33324
33343
33359
33363
33361
33336
33381
33328
33358
33351
33349
33312
33346
33339
33369
33317
33379
33367
33367
33366
33381
33333
33311
33347
33334
33319
33367
33319
33343
33365
33349
33309
33327
33329
33357
33319
33321
33341
33379
33367
33361
33398
33350
33349
33354
33359
33310
33305
33321
33356
33357
33335
33292
33289
33347
33321
33341
33357
33343
33349
33342
33335
33358
33268
33335
33303
33376
33369
33367
33381
33381
33366
33367
33311
33321
33332
33329
33342
33348
33354
33359
33427
33415
33367
33371
33347
33310
33365
33377
33387
33376
33322
33364
33351
33343
33363
33364
33327
33321
33351
33319
33370
33381
33324
33381
33365
33397
33399
33388
33341
33329
33390
33345
33326
33367
33325
33343
33345
33386
33323
33360
33369
33387
33390
33395
33341
33337
33292
33392
33353
33350
33349
33371
33347
33357
33359
33348
33293
33307
33336
33431
33396
33331
33287
33327
33328
33332
33355
33353
33347
33351
33361
33338
33385
33336
33375
33385
33399
33393
33352
33342
33359
33366
33364
33395
33351
33375
33348
33368
33393
33338
33294
33335
33326
33288
33325
33322
33343
33371
33367
33315
33323
33353
33360
33338
33331
33331
33359
33359
33359
33303
33331
33317
33330
33349
33332
33337
33339
33357
33360
33329
33327
33359
33319
33369
33380
33332
33327
33316
33332
33330
33367
33354
33375
33375
33363
33335
33368
33360
33389
33347
33305
33325
33373
33361
33321
33333
33393
33364
33362
33337
33333
33329
33354
33357
33369
33381
33330
33377
33359
33378
33364
33359
33343
33373
33351
33353
33367
33389
33332
33324
33371
33376
33335
33335
33310
33385
33375
33383
33301
33341
33340
33331
33363
33374
33323
33327
33331
33359
33353
33381
33349
33393
33407
33345
33363
33315
33321
33365
33367
33319
33330
33371
33384
33289
33353
33392
33395
33341
33307
33370
33348
33335
33317
33321
33329
33287
33361
33341
33351
33345
33328
33322
33375
33375
33367
33386
33345
33367
33407
33375
33363
33314
33347
33351
33385
33392
33389
33361
33319
33315
33322
33367
33373
33347
33379
33378
33345
33391
33343
33335
33303
33338
33308
33301
33375
33383
33376
33340
33367
33359
33347
33338
33279
33317
33322
33318
33353
33348
33353
33341
33327
33346
33381
33361
33376
33333
33313
33337
33345
33337
33391
33389
33354
33349
33339
33343
33349
33355
33299
33352
33344
33341
33377
33367
33300
33299
33355
33383
33303
33355
33337
33312
33343
33304
33358
33375
33345
33339
33315
33326
33345
33361
33342
33382
33327
33348
33365
33408
33351
33398
33367
33362
33351
33339
33351
33377
33346
33341
33330
33366
33423
33380
33346
33305
33322
33315
33305
33304
33379
33360
33360
33345
33332
33358
33334
33355
33321
33347
33385
33320
33385
33378
33397
33354
33364
33359
33348
33343
33317
33360
33346
33327
33320
33343
33389
33334
33329
33377
33355
33319
33385
33319
33292
33362
33351
33319
33377
33357
33331
33331
33358
33332
33351
33353
33295
33368
33352
33343
33339
33328
33339
33374
33370
33349
33299
33324
33357
33311
33295
33324
33326
33327
33332
33329
33359
33367
33408
33375
33352
33375
33364
33365
33384
33328
33349
33328
33349
33373
33379
33337
33335
33350
33347
33321
33400
33348
33347
33371
33372
33312
33337
33390
33369
33320
33331
33333
33295
33317
33307
33306
33335
33366
33378
33359
33392
33346
33329
33318
33351
33333
33360
33377
33373
33426
33343
33351
33338
33354
33369
33367
33372
33367
33374
33355
33391
33346
33364
33325
33379
33350
33366
33352
33373
33389
33401
33353
33369
33393
33399
33367
33404
33367
33376
33406
33365
33313
33309
33339
33353
33356
33351
33343
33381
33387
33325
33330
33325
33343
33347
33335
33361
33342
33312
33355
33333
33329
33382
33355
33373
33370
33341
33341
33387
33371
33400
33361
33355
33353
33343
33411
33373
33353
33336
33387
33337
33337
33348
33351
33345
33367
33367
33349
33341
33375
33361
33356
33326
33364
33366
33417
33354
33344
33321
33324
33325
33333
33370
33369
33333
33375
33340
33335
33349
33367
33334
33368
33377
33321
33324
33379
33405
33415
33367
33379
33391
33351
33347
33364
33331
33339
33399
33413
33376
33343
33367
33363
33338
33345
33300
33347
33321
33347
33361
33385
33370
33367
33321
33381
33303
33317
33352
33307
33323
33316
33360
33309
33321
33341
33366
33365
33297
33373
33341
33326
33333
33344
33371
33354
33323
33368
33417
33354
33387
33378
33367
33425
33386
33382
33383
33401
33347
33401
33358
33357
33311
33321
33363
33343
33385
33342
33367
33353
33349
33341
33357
33349
33388
33406
33393
33355
33407
33359
33355
33356
33365
33381
33423
33389
33321
33327
33346
33365
33418
33359
33367
33323
33325
33329
33393
33334
33358
33357
33355
33357
33343
33359
33311
33315
33380
33369
33367
33331
33389
33374
33339
33367
33332
33323
33401
33393
33377
33381
33430
33361
33335
33381
33387
33405
33431
33389
33375
33391
33317
33333
33331
33365
33375
33341
33358
33377
33375
33351
33395
33418
33393
33328
33335
33351
33377
33356
33345
33328
33338
33366
33323
33367
33321
33307
33321
33359
33342
33341
33368
33334
33325
33279
33298
33335
33377
33373
33416
33379
33346
33352
33325
33404
33418
33398
33340
33347
33400
33362
33406
33362
33319
33383
33339
33371
33356
33331
33328
33297
33339
33340
33338
33354
33311
33317
33316
33354
33351
33343
33317
33326
33313
33362
33310
33313
33327
33287
33295
33337
33338
33311
33325
33321
33307
33305
33328
33314
33289
33303
33321
33329
33312
33313
33323
33318
33305
33301
33329
33318
33346
33354
33343
33393
33352
33317
33312
33312
33322
33321
33367
33333
33327
33311
33303
33314
33368
33341
33313
33303
33292
33309
33405
33326
33307
33319
33304
33338
33320
33333
33316
33331
33313
33329
33335
33333
33303
33353
33299
33322
33319
33343
33287
33322
33332
33287
33284
33311
33363
33326
33319
33285
33319
33335
33334
33361
33391
33311
33366
33365
33324
33319
33345
33383
33368
33325
33319
33318
33302
33343
33348
33335
33303
33335
33343
33293
33273
33345
33347
33331
33308
33359
33403
33373
33383
33365
33322
33306
33323
33330
33353
33344
33368
33319
33319
33337
33355
33353
33351
33390
33399
33385
33348
33338
33303
33319
33385
33386
33327
33327
33390
33363
33381
33365
33359
33344
33335
33349
33309
33309
33423
33331
33285
33325
33299
33352
33370
33321
33391
33311
33317
33337
33412
33351
33378
33343
33391
33359
33349
33319
33371
33359
33346
33363
33347
33365
33352
33333
33365
33367
33399
33343
33321
33341
33352
33335
33318
33335
33321
33337
33367
33343
33365
33347
33351
33337
33353
33327
33317
33285
33291
33309
33326
33317
33351
33316
33321
33309
33326
33340
33337
33314
33364
33345
33343
33351
33355
33367
33339
33343
33337
33361
33335
33347
33363
33365
33355
33351
33351
33340
33351
33380
33393
33427
33446
33413
33418
33383
33363
33327
33349
33361
33359
33380
33407
33337
33363
33334
33316
33365
33375
33369
33364
33299
33363
33379
33348
33339
33319
33314
33331
33340
33321
33377
33361
33333
33353
33341
33334
33367
33357
33355
33336
33327
33335
33362
33388
33319
33335
33376
33291
33307
33303
33338
33397
33351
33370
33417
33388
33335
33359
33365
33387
33355
33367
33363
33367
33370
33378
33367
33363
33383
33329
33331
33367
33367
33357
33384
33382
33378
33369
33343
33375
33388
33389
33377
33337
33300
33316
33317
33363
33317
33298
33329
33357
33337
33351
33303
33319
33323
33335
33329
33345
33351
33320
33311
33375
33351
33303
33364
33371
33352
33335
33367
33345
33325
33391
33399
33409
33321
33325
33371
33356
33373
33363
33387
33355
33383
33320
33332
33331
33303
33301
33323
33371
33367
33343
33372
33403
33405
33391
33382
33399
33393
33374
33379
33348
33356
33329
33313
33337
33369
33420
33366
33322
33340
33371
33375
33378
33367
33349
33311
33346
33312
33321
33353
33339
33324
33325
33343
33343
33370
33330
33327
33374
33356
33367
33341
33391
33361
33347
33368
33346
33361
33364
33359
33362
33383
33345
33367
33390
33373
33339
33364
33345
33336
33340
33373
33331
33351
33366
33361
33355
33339
33341
33315
33328
33378
33399
33340
33383
33339
33396
33373
33367
33427
33367
33358
33336
33345
33351
33329
33359
33341
33381
33370
33376
33346
33345
33364
33376
33328
33359
33417
33309
33335
33337
33339
33390
33373
33332
33393
33395
33381
33367
33361
33387
33389
33331
33372
33364
33363
33328
33311
33328
33365
33385
33397
33354
33377
33378
33374
33358
33374
33383
33344
33377
33391
33412
33399
33391
33338
33359
33326
33331
33311
33321
33331
33393
33373
33350
33349
33413
33361
33357
33369
33357
33365
33365
33354
33383
33330
33351
33393
33337
33305
33349
33335
33363
33350
33351
33361
33355
33361
33333
33349
33371
33347
33338
33345
33324
33369
33376
33309
33293
33360
33385
33366
33351
33362
33351
33339
33287
33339
33342
33309
33323
33273
33294
33291
33334
33340
33328
33320
33276
33289
33335
33323
33345
33341
33325
33337
33348
33327
33321
33315
33314
33351
33339
33331
33361
33316
33407
33380
33319
33334
33310
33335
33325
33374
33341
33311
33329
33328
33319
33323
33319
33355
33319
33312
33330
33308
33325
33300
33335
33381
33367
33308
33332
33322
33341
33369
33351
33337
33358
33375
33365
33309
33323
33335
33306
33357
33322
33347
33363
33375
33365
33351
33345
33349
33336
33351
33393
33376
33367
33367
33367
33385
33377
33381
33368
33375
33369
33349
33320
33329
33325
33369
33353
33329
33354
33389
33373
33391
33358
33411
33386
33363
33338
33363
33376
33398
33394
33319
33336
33341
33358
33345
33397
33401
33352
33335
33375
33353
33345
33371
33369
33394
33357
33367
33339
33311
33307
33353
33359
33367
33333
33343
33346
33371
