32456
32385
32441
32501
32615
32697
32637
32546
32421
32331
32375
32409
32413
32431
32431
32441
32488
32534
32520
32447
32366
32344
32241
32281
32309
32301
32365
32480
32552
32613
32539
32407
32383
32459
32479
32445
32342
32245
32183
32182
32178
32199
32359
32483
32588
32683
32607
32479
32455
32505
32524
32469
32405
32399
32415
32369
32280
32224
32311
32393
32526
32581
32490
32423
32446
32478
32501
32497
32468
32439
32465
32511
32592
32625
32612
32575
32582
32537
32397
32279
32267
32301
32388
32436
32472
32529
32550
32551
32539
32548
32525
32543
32538
32497
32423
32343
32287
32298
32363
32403
32428
32459
32392
32391
32375
32363
32376
32429
32407
32393
32383
32412
32383
32321
32308
32315
32351
32455
32496
32485
32456
32432
32459
32532
32536
32448
32343
32242
32201
32295
32459
32504
32439
32438
32455
32481
32489
32477
32477
32425
32477
32535
32527
32447
32329
32273
32394
32487
32461
32429
32407
32417
32579
32652
32607
32501
32437
32438
32453
32472
32449
32397
32389
32443
32575
32631
32579
32498
32451
32401
32383
32354
32387
32411
32425
32476
32519
32613
32671
32571
32469
32361
32271
32258
32217
32177
32265
32387
32447
32501
32503
32497
32492
32470
32474
32421
32460
32477
32407
32393
32410
32343
32335
32337
32315
32300
32309
32354
32395
32479
32538
32542
32551
32515
32450
32430
32377
32321
32383
32446
32455
32495
32519
32473
32383
32361
32401
32405
32422
32410
32385
32461
32541
32571
32583
32529
32497
32515
32464
32433
32432
32430
32459
32527
32613
32618
32507
32397
32387
32439
32503
32467
32464
32468
32426
32485
32501
32421
32356
32375
32405
32439
32453
32442
32463
32518
32577
32519
32432
32319
32218
32282
32296
32290
32312
32374
32413
32479
32517
32477
32443
32430
32420
32429
32440
32422
32327
32316
32335
32370
32455
32482
32460
32442
32430
32405
32381
32383
32363
32321
32333
32449
32544
32599
32595
32563
32506
32462
32389
32343
32319
32330
32341
32379
32487
32521
32487
32492
32523
32587
32654
32683
32659
32591
32536
32480
32395
32319
32263
32279
32359
32445
32527
32549
32565
32549
32567
32561
32483
32453
32455
32440
32361
32367
32393
32426
32439
32424
32377
32355
32367
32405
32362
32370
32378
32353
32360
32337
32319
32317
32407
32441
32509
32548
32521
32464
32417
32349
32315
32397
32452
32407
32375
32339
32293
32337
32433
32476
32523
32508
32486
32469
32383
32335
32414
32448
32571
32509
32391
32342
32379
32446
32669
32710
32630
32439
32379
32362
32360
32327
32423
32510
32571
32532
32440
32365
32361
32436
32575
32680
32813
32886
32765
32521
32362
32232
32119
32113
32255
32346
32383
32429
32479
32589
32711
32679
32547
32406
32369
32383
32351
32314
32213
32235
32297
32484
32558
32591
32495
32407
32279
32287
32311
32317
32268
32350
32405
32487
32535
32587
32582
32488
32417
32453
32454
32457
32407
32314
32316
32341
32303
32362
32407
32457
32485
32500
32521
32597
32625
32623
32553
32439
32387
32319
32349
32301
32274
32311
32482
32614
32726
32673
32623
32530
32433
32439
32469
32404
32383
32375
32407
32495
32460
32441
32436
32426
32501
32575
32606
32560
32387
32312
32372
32396
32473
32430
32333
32333
32304
32364
32424
32429
32465
32503
32505
32578
32455
32370
32207
32076
32187
32339
32454
32557
32537
32511
32543
32465
32499
32415
32319
32287
32289
32392
32479
32449
32482
32538
32585
32609
32481
32407
32347
32303
32304
32337
32375
32487
32485
32491
32509
32486
32473
32491
32493
32554
32594
32589
32557
32529
32527
32441
32291
32207
32183
32260
32379
32488
32599
32672
32635
32698
32722
32687
32542
32279
32104
32135
32289
32454
32551
32558
32509
32497
32532
32475
32338
32217
32226
32329
32519
32497
32425
32347
32363
32474
32589
32551
32438
32281
32234
32259
32390
32483
32509
32467
32439
32404
32358
32329
32297
32379
32516
32642
32695
32665
32580
32445
32261
32195
32207
32281
32401
32489
32496
32531
32560
32619
32647
32531
32439
32361
32349
32421
32425
32411
32415
32397
32459
32545
32545
32492
32415
32435
32541
32557
32608
32503
32367
32327
32361
32453
32488
32403
32362
32419
32527
32671
32663
32556
32505
32427
32483
32471
32385
32258
32189
32235
32373
32467
32572
32554
32483
32426
32381
32416
32457
32437
32398
32346
32366
32456
32487
32487
32425
32349
32363
32435
32434
32395
32295
32247
32314
32397
32479
32489
32455
32471
32526
32583
32602
32539
32473
32436
32414
32390
32328
32271
32259
32331
32434
32473
32439
32421
32412
32513
32597
32549
32504
32485
32537
32623
32599
32471
32307
32241
32293
32389
32534
32546
32449
32457
32541
32563
32536
32443
32375
32405
32446
32473
32439
32387
32399
32476
32619
32630
32496
32383
32363
32365
32376
32341
32305
32334
32411
32474
32479
32361
32285
32290
32423
32560
32587
32497
32415
32342
32343
32348
32300
32327
32367
32455
32498
32529
32499
32407
32367
32419
32380
32331
32271
32271
32351
32464
32553
32604
32621
32638
32577
32474
32375
32260
32224
32297
32396
32461
32514
32499
32483
32489
32541
32527
32465
32420
32479
32525
32591
32570
32479
32455
32443
32434
32453
32436
32433
32443
32447
32455
32423
32431
32460
32447
32506
32512
32450
32449
32459
32503
32493
32444
32440
32417
32421
32408
32297
32273
32247
32287
32370
32443
32457
32492
32440
32439
32424
32411
32412
32372
32357
32443
32495
32454
32397
32299
32298
32339
32359
32430
32477
32491
32505
32483
32475
32451
32421
32440
32390
32368
32359
32377
32449
32513
32578
32613
32599
32568
32531
32456
32325
32257
32267
32393
32519
32586
32600
32557
32538
32525
32493
32496
32458
32428
32395
32430
32497
32571
32531
32465
32441
32469
32473
32431
32422
32455
32453
32426
32391
32423
32413
32375
32292
32311
32397
32482
32519
32491
32481
32433
32349
32291
32313
32359
32345
32295
32305
32403
32503
32461
32377
32384
32460
32529
32511
32445
32399
32364
32341
32371
32443
32455
32367
32337
32405
32491
32524
32462
32455
32544
32604
32557
32473
32422
32439
32405
32372
32390
32428
32462
32453
32463
32541
32577
32516
32446
32422
32455
32466
32407
32434
32503
32553
32526
32454
32456
32517
32523
32482
32427
32409
32390
32373
32363
32407
32423
32381
32363
32455
32561
32540
32419
32369
32435
32550
32515
32385
32294
32281
32271
32327
32391
32455
32447
32393
32407
32439
32467
32393
32343
32388
32493
32511
32405
32315
32321
32401
32434
32446
32487
32546
32551
32477
32447
32443
32407
32328
32315
32393
32471
32454
32399
32429
32544
32595
32571
32497
32493
32483
32439
32388
32400
32413
32408
32403
32431
32489
32528
32489
32449
32485
32550
32501
32428
32407
32427
32427
32418
32399
32493
32601
32565
32469
32451
32479
32449
32368
32328
32377
32416
32431
32404
32426
32442
32400
32359
32412
32523
32577
32507
32446
32450
32456
32378
32255
32249
32337
32405
32387
32385
32429
32441
32432
32435
32496
32551
32495
32404
32411
32457
32457
32376
32350
32403
32495
32497
32441
32407
32409
32393
32378
32391
32483
32523
32467
32396
32406
32471
32500
32451
32420
32491
32561
32571
32515
32451
32388
32327
32323
32379
32461
32487
32425
32413
32489
32572
32563
32488
32441
32500
32521
32477
32399
32386
32419
32441
32471
32491
32533
32479
32363
32334
32397
32463
32454
32389
32371
32439
32482
32461
32415
32391
32391
32396
32414
32483
32527
32477
32394
32405
32431
32423
32336
32253
32249
32342
32410
32433
32453
32477
32485
32461
32470
32497
32506
32423
32353
32366
32437
32464
32427
32375
32439
32478
32453
32425
32413
32433
32419
32399
32409
32471
32484
32461
32442
32492
32544
32521
32472
32460
32470
32502
32429
32405
32453
32462
32435
32384
32394
32457
32473
32451
32505
32545
32615
32557
32467
32471
32449
32396
32343
32326
32394
32465
32465
32446
32433
32443
32417
32365
32382
32423
32423
32385
32373
32438
32483
32431
32389
32401
32410
32409
32361
32351
32415
32441
32411
32389
32400
32425
32393
32313
32332
32423
32497
32507
32479
32495
32495
32432
32395
32385
32438
32443
32398
32429
32495
32506
32465
32405
32426
32464
32476
32439
32441
32461
32461
32445
32445
32494
32531
32493
32455
32450
32519
32535
32485
32453
32453
32469
32470
32433
32437
32423
32383
32364
32408
32531
32571
32506
32457
32471
32513
32496
32399
32339
32327
32343
32371
32407
32435
32419
32345
32337
32405
32471
32435
32361
32343
32391
32429
32399
32362
32375
32415
32421
32417
32447
32449
32432
32363
32343
32397
32423
32437
32414
32411
32421
32417
32409
32473
32526
32547
32475
32449
32483
32488
32439
32347
32316
32378
32455
32505
32511
32513
32507
32487
32494
32501
32497
32451
32401
32423
32487
32522
32461
32405
32393
32446
32474
32453
32462
32482
32487
32463
32447
32468
32481
32435
32384
32401
32419
32428
32415
32403
32447
32457
32455
32435
32435
32421
32357
32301
32295
32338
32401
32413
32398
32425
32445
32437
32397
32383
32408
32415
32387
32385
32408
32419
32381
32365
32378
32420
32479
32469
32452
32447
32471
32435
32401
32394
32396
32411
32421
32437
32493
32535
32535
32498
32500
32492
32473
32450
32436
32423
32400
32379
32396
32442
32485
32485
32455
32488
32527
32543
32514
32477
32438
32415
32433
32467
32461
32463
32406
32389
32399
32451
32453
32461
32425
32446
32493
32484
32473
32423
32388
32353
32377
32389
32423
32434
32430
32419
32444
32444
32433
32387
32363
32331
32345
32354
32400
32429
32431
32412
32433
32470
32487
32473
32407
32381
32375
32391
32418
32397
32391
32406
32404
32441
32444
32464
32455
32444
32468
32491
32515
32474
32413
32381
32363
32383
32407
32447
32470
32495
32505
32512
32505
32469
32414
32371
32385
32427
32463
32462
32446
32439
32449
32466
32477
32492
32499
32470
32457
32482
32469
32444
32405
32390
32386
32423
32427
32415
32391
32413
32451
32488
32494
32507
32476
32454
32417
32391
32370
32365
32372
32395
32403
32452
32442
32445
32430
32391
32365
32342
32346
32383
32419
32429
32449
32451
32477
32472
32473
32455
32434
32420
32391
32409
32406
32391
32365
32352
32377
32421
32433
32442
32463
32487
32499
32511
32493
32493
32462
32439
32428
32407
32414
32389
32391
32420
32465
32489
32507
32473
32478
32441
32429
32415
32431
32457
32475
32461
32459
32497
32519
32496
32455
32439
32434
32447
32461
32459
32443
32423
32386
32415
32425
32436
32410
32391
32411
32449
32490
32473
32447
32423
32399
32392
32399
32394
32368
32359
32358
32389
32435
32455
32441
32408
32377
32387
32397
32371
32348
32371
32369
32409
32456
32501
32501
32467
32421
32417
32409
32420
32409
32383
32387
32419
32418
32432
32431
32433
32433
32455
32474
32521
32517
32463
32451
32449
32461
32455
32435
32430
32422
32437
32456
32471
32476
32475
32483
32482
32495
32495
32485
32444
32417
32447
32484
32503
32487
32481
32463
32435
32422
32394
32394
32393
32397
32399
32430
32447
32428
32399
32415
32413
32419
32394
32402
32428
32411
32405
32402
32395
32377
32357
32357
32362
32371
32371
32383
32407
32445
32447
32427
32408
32415
32429
32426
32398
32374
32383
32410
32433
32442
32461
32461
32469
32467
32455
32462
32424
32398
32390
32423
32462
32467
32465
32471
32494
32491
32482
32477
32487
32486
32447
32452
32451
32452
32437
32412
32425
32460
32494
32506
32487
32470
32467
32442
32449
32447
32435
32414
32381
32399
32441
32493
32482
32451
32408
32412
32407
32395
32367
32370
32372
32397
32395
32418
32431
32415
32391
32405
32418
32423
32408
32378
32388
32399
32415
32405
32410
32419
32379
32360
32367
32407
32454
32457
32465
32472
32495
32471
32454
32446
32427
32389
32414
32419
32447
32471
32464
32439
32462
32485
32480
32441
32422
32439
32465
32463
32484
32487
32505
32468
32446
32431
32435
32451
32459
32448
32473
32487
32473
32441
32443
32441
32455
32413
32411
32445
32465
32469
32456
32474
32463
32437
32417
32416
32406
32378
32353
32365
32382
32405
32419
32432
32447
32448
32438
32421
32375
32383
32392
32360
32335
32375
32407
32438
32445
32465
32459
32431
32409
32423
32383
32373
32377
32404
32426
32423
32425
32441
32439
32469
32508
32501
32441
32432
32442
32438
32423
32399
32433
32429
32451
32487
32473
32463
32445
32467
32480
32461
32449
32417
32409
32433
32445
32497
32504
32492
32477
32455
32430
32403
32438
32419
32436
32445
32443
32433
32451
32434
32433
32429
32441
32461
32465
32431
32423
32425
32455
32453
32463
32406
32332
32285
32288
32391
32505
32541
32472
32431
32414
32456
32441
32328
32369
32394
32334
32348
32363
32393
32495
32495
32497
32413
32311
32273
32321
32495
32561
32475
32418
32445
32433
32502
32503
32381
32364
32342
32328
32376
32396
32476
32576
32561
32558
32446
32438
32443
32402
32441
32495
32403
32433
32459
32421
32403
32481
32431
32406
32460
32523
32455
32452
32471
32465
32479
32563
32509
32490
32451
32375
32329
32430
32479
32471
32474
32434
32307
32367
32447
32429
32477
32551
32542
32519
32491
32407
32340
32368
32424
32388
32321
32299
32258
32321
32467
32495
32503
32508
32424
32360
32413
32399
32335
32310
32445
32509
32507
32445
32319
32247
32391
32467
32429
32368
32369
32323
32389
32535
32585
32513
32456
32325
32327
32386
32426
32399
32522
32639
32599
32525
32529
32452
32407
32393
32282
32217
32339
32430
32538
32633
32653
32574
32483
32451
32401
32395
32456
32428
32425
32573
32609
32557
32545
32453
32301
32227
32208
32253
32405
32567
32606
32609
32617
32495
32344
32345
32339
32312
32359
32345
32349
32469
32511
32471
32391
32375
32375
32349
32294
32241
32257
32403
32455
32546
32641
32554
32335
32289
32230
32205
32240
32356
32478
32603
32617
32501
32393
32426
32465
32419
32349
32263
32278
32428
32507
32550
32633
32555
32444
32421
32434
32401
32390
32459
32535
32576
32560
32460
32366
32429
32447
32465
32498
32519
32533
32523
32434
32343
32343
32383
32435
32461
32487
32518
32500
32529
32525
32459
32439
32429
32375
32342
32273
32271
32309
32387
32480
32509
32519
32543
32499
32446
32431
32385
32365
32405
32378
32396
32419
32367
32333
32289
32249
32229
32252
32317
32363
32487
32660
32736
32729
32671
32477
32321
32266
32175
32141
32233
32371
32507
32567
32539
32423
32342
32379
32397
32383
32453
32463
32551
32664
32699
32613
32545
32449
32387
32306
32234
32228
32363
32513
32606
32547
32509
32423
32351
32365
32413
32382
32426
32455
32545
32609
32647
32571
32461
32421
32332
32223
32208
32261
32375
32503
32570
32607
32597
32543
32419
32322
32227
32148
32146
32267
32441
32568
32589
32557
32507
32480
32443
32343
32263
32303
32461
32525
32538
32520
32461
32371
32265
32183
32093
32123
32255
32446
32614
32763
32714
32645
32581
32529
32463
32342
32234
32233
32321
32409
32434
32441
32485
32443
32379
32363
32383
32426
32501
32513
32586
32623
32600
32495
32453
32433
32398
32303
32276
32307
32363
32430
32443
32449
32531
32493
32419
32437
32465
32483
32495
32494
32514
32551
32519
32462
32378
32339
32294
32215
32241
32325
32407
32447
32411
32485
32594
32650
32635
32554
32461
32402
32335
32321
32279
32251
32309
32407
32495
32533
32455
32366
32335
32325
32360
32360
32298
32378
32519
32655
32655
32573
32474
32328
32255
32285
32315
32355
32493
32568
32532
32512
32458
32393
32343
32303
32284
32284
32343
32453
32551
32569
32528
32487
32511
32516
32497
32457
32426
32413
32477
32511
32489
32427
32381
32351
32365
32331
32336
32327
32343
32391
32488
32567
32595
32556
32570
32579
32528
32455
32385
32335
32383
32441
32457
32437
32364
32294
32295
32302
32269
32261
32329
32419
32546
32664
32674
32633
32561
32472
32404
32352
32257
32229
32287
32329
32343
32387
32397
32386
32422
32444
32420
32423
32455
32439
32451
32494
32502
32505
32494
32439
32409
32421
32383
32348
32387
32383
32360
32424
32490
32513
32563
32557
32523
32463
32445
32376
32375
32439
32480
32535
32539
32495
32477
32467
32391
32311
32349
32409
32446
32494
32525
32535
32535
32497
32412
32358
32371
32368
32407
32470
32487
32499
32483
32461
32424
32377
32316
32316
32349
32409
32411
32429
32455
32437
32401
32380
32327
32387
32436
32433
32423
32454
32448
32465
32473
32423
32391
32355
32371
32335
32345
32338
32304
32332
32414
32459
32491
32519
32500
32519
32549
32534
32518
32474
32441
32381
32377
32448
32451
32433
32385
32335
32355
32397
32379
32441
32487
32509
32563
32592
32595
32565
32517
32473
32421
32464
32432
32359
32327
32383
32420
32447
32432
32381
32381
32389
32393
32423
32447
32457
32470
32515
32569
32525
32447
32348
32305
32360
32409
32364
32339
32337
32380
32440
32454
32411
32391
32347
32356
32398
32440
32443
32417
32451
32475
32483
32498
32400
32317
32314
32341
32369
32407
32411
32431
32484
32503
32496
32503
32477
32443
32414
32406
32408
32398
32430
32455
32488
32551
32518
32464
32443
32456
32439
32439
32447
32462
32467
32489
32435
32423
32449
32421
32370
32401
32507
32519
32555
32551
32501
32457
32401
32327
32326
32357
32330
32309
32411
32525
32599
32533
32425
32359
32391
32336
32279
32390
32525
32519
32549
32443
32296
32270
32279
32282
32402
32503
32456
32307
32344
32463
32442
32382
32402
32473
32488
32445
32391
32472
32515
32483
32423
32387
32421
32405
32312
32297
32378
32461
32434
32377
32430
32555
32535
32448
32453
32578
32648
32519
32382
32383
32439
32451
32460
32441
32409
32321
32267
32288
32331
32439
32466
32513
32613
32719
32655
32509
32411
32452
32393
32313
32322
32443
32486
32413
32316
32394
32484
32457
32335
32266
32360
32495
32535
32525
32461
32461
32496
32491
32455
32453
32393
32360
32348
32353
32372
32293
32285
32394
32449
32418
32356
32389
32533
32588
32511
32443
32375
32423
32431
32385
32378
32337
32352
32381
32378
32439
32509
32493
32491
32539
32530
32453
32341
32300
32347
32381
32461
32458
32455
32463
32428
32420
32485
32497
32535
32534
32465
32443
32441
32416
32363
32333
32392
32407
32392
32463
32489
32531
32578
32511
32451
32416
32385
32389
32407
32445
32479
32459
32507
32554
32527
32488
32366
32273
32355
32392
32365
32372
32373
32437
32473
32507
32511
32473
32460
32439
32378
32361
32401
32348
32379
32412
32403
32407
32340
32341
32419
32383
32386
32439
32518
32599
32560
32465
32405
32395
32439
32407
32336
32355
32407
32462
32474
32471
32471
32451
32385
32371
32399
32433
32494
32537
32547
32548
32513
32447
32406
32397
32392
32374
32367
32423
32475
32483
32445
32435
32493
32495
32433
32392
32407
32397
32417
32421
32465
32485
32487
32453
32463
32503
32525
32479
32402
32357
32371
32401
32411
32411
32440
32440
32379
32315
32319
32324
32311
32351
32413
32533
32607
32597
32545
32471
32418
32378
32333
32343
32365
32379
32388
32387
32389
32354
32293
32288
32357
32472
32541
32560
32570
32551
32514
32473
32463
32448
32439
32433
32440
32449
32497
32429
32349
32299
32328
32364
32389
32436
32503
32561
32601
32552
32483
32439
32431
32449
32479
32487
32473
32448
32436
32437
32430
32381
32305
32287
32392
32479
32538
32533
32495
32521
32482
32399
32370
32362
32420
32491
32487
32497
32470
32427
32371
32352
32407
32411
32391
32383
32388
32463
32471
32452
32427
32398
32353
32332
32343
32359
32402
32459
32454
32452
32465
32490
32435
32424
32449
32415
32379
32356
32340
32353
32383
32413
32447
32506
32497
32425
32396
32411
32459
32516
32516
32473
32469
32484
32454
32422
32399
32376
32370
32393
32432
32439
32432
32438
32464
32523
32583
32548
32492
32453
32413
32405
32367
32368
32369
32398
32452
32452
32454
32506
32477
32469
32474
32439
32419
32451
32485
32493
32491
32483
32431
32347
32289
32271
32303
32371
32405
32443
32479
32431
32401
32411
32374
32359
32382
32436
32476
32495
32477
32418
32386
32361
32309
32305
32336
32377
32376
32407
32417
32437
32494
32464
32428
32401
32446
32511
32480
32494
32446
32451
32454
32459
32443
32425
32395
32401
32439
32494
32529
32475
32373
32396
32455
32524
32505
32463
32400
32375
32422
32447
32447
32451
32428
32445
32529
32584
32527
32449
32359
32369
32411
32427
32415
32399
32400
32375
32393
32438
32447
32433
32406
32410
32447
32475
32455
32385
32363
32371
32410
32383
32369
32359
32350
32365
32399
32449
32458
32401
32358
32393
32427
32438
32426
32415
32411
32437
32447
32431
32418
32414
32397
32372
32355
32371
32431
32487
32506
32516
32543
32573
32553
32510
32427
32354
32360
32415
32473
32455
32395
32363
32400
32439
32455
32457
32439
32462
32458
32503
32508
32517
32513
32464
32457
32500
32478
32449
32405
32341
32375
32408
32367
32344
32333
32384
32460
32489
32501
32480
32442
32441
32440
32455
32471
32431
32424
32449
32463
32419
32349
32303
32309
32329
32367
32375
32415
32424
32425
32399
32387
32375
32386
32407
32447
32493
32535
32535
32499
32461
32428
32417
32370
32359
32396
32421
32440
32435
32439
32435
32399
32353
32315
32391
32483
32521
32558
32535
32554
32551
32532
32471
32452
32399
32361
32358
32375
32411
32410
32375
32363
32415
32455
32430
32397
32407
32463
32493
32528
32509
32486
32471
32472
32440
32463
32444
32383
32322
32325
32357
32397
32377
32401
32410
32440
32435
32424
32431
32447
32449
32441
32469
32505
32482
32415
32353
32332
32339
32333
32328
32349
32415
32441
32451
32457
32455
32436
32390
32359
32422
32477
32493
32464
32449
32455
32459
32407
32367
32367
32375
32385
32446
32473
32505
32468
32403
32403
32442
32485
32463
32413
32407
32465
32511
32494
32453
32435
32433
32415
32399
32415
32415
32371
32361
32395
32439
32439
32425
32423
32455
32503
32503
32468
32452
32452
32428
32439
32444
32472
32447
32427
32393
32397
32395
32367
32333
32367
32418
32455
32466
32431
32409
32439
32439
32450
32447
32461
32447
32451
32447
32445
32405
32357
32299
32298
32339
32354
32364
32377
32435
32461
32461
32455
32451
32451
32443
32434
32449
32479
32471
32451
32413
32403
32409
32404
32380
32361
32383
32407
32415
32446
32471
32485
32433
32429
32447
32462
32458
32462
32451
32495
32498
32487
32470
32443
32400
32393
32399
32415
32436
32447
32426
32427
32472
32475
32455
32425
32422
32457
32455
32473
32476
32451
32434
32421
32392
32411
32408
32407
32402
32410
32445
32423
32406
32392
32391
32375
32386
32389
32399
32431
32424
32383
32395
32425
32419
32411
32394
32375
32393
32397
32405
32399
32409
32403
32399
32432
32467
32467
32439
32430
32411
32431
32447
32420
32431
32428
32447
32427
32423
32423
32415
32419
32439
32465
32499
32506
32465
32460
32447
32435
32415
32404
32423
32443
32452
32455
32464
32475
32461
32413
32395
32404
32431
32440
32449
32469
32500
32470
32463
32420
32411
32415
32435
32427
32455
32447
32417
32399
32378
32375
32363
32346
32383
32407
32415
32427
32450
32439
32431
32433
32402
32391
32395
32395
32373
32386
32403
32410
32413
32383
32369
32392
32403
32412
32424
32439
32407
32407
32427
32436
32471
32482
32469
32459
32474
32462
32431
32391
32410
32430
32471
32479
32467
32441
32443
32415
32416
32449
32437
32433
32479
32511
32541
32530
32474
32414
32397
32408
32397
32405
32413
32430
32464
32477
32471
32447
32407
32380
32393
32441
32476
32481
32471
32465
32430
32398
32361
32343
32331
32367
32381
32409
32427
32439
32410
32407
32393
32390
32399
32404
32403
32423
32443
32445
32449
32432
32419
32375
32381
32379
32385
32401
32401
32391
32395
32411
32451
32448
32458
32450
32433
32454
32467
32477
32465
32455
32453
32462
32461
32465
32463
32429
32401
32400
32401
32415
32406
32412
32438
32458
32487
32471
32453
32466
32472
32461
32464
32447
32465
32459
32471
32457
32432
32407
32350
32347
32358
32380
32416
32397
32433
32436
32463
32457
32455
32423
32425
32433
32447
32469
32473
32461
32419
32391
32363
32326
32313
32315
32349
32370
32427
32435
32444
32439
32434
32431
32427
32441
32426
32430
32460
32467
32456
32435
32413
32389
32373
32381
32382
32411
32428
32436
32438
32450
32461
32467
32461
32461
32451
32469
32467
32455
32447
32423
32421
32425
32447
32445
32440
32424
32403
32417
32424
32421
32429
32428
32427
32449
32471
32465
32447
32430
32427
32427
32449
32454
32445
32430
32450
32429
32433
32407
32385
32375
32375
32394
32453
32471
32460
32451
32443
32440
32410
32402
32398
32407
32408
32441
32441
32439
32413
32372
32355
32356
32359
32387
32411
32409
32434
32453
32454
32439
32459
32437
32423
32446
32445
32440
32415
32421
32407
32383
32394
32399
32407
32415
32423
32425
32445
32458
32463
32471
32484
32476
32495
32481
32454
32427
32398
32391
32391
32395
32420
32423
32437
32471
32467
32445
32435
32409
32439
32446
32495
32487
32481
32464
32453
32435
32422
32399
32394
32388
32397
32423
32437
32447
32433
32413
32405
32413
32423
32417
32426
32420
32453
32432
32440
32431
32407
32378
32393
32397
32402
32394
32404
32413
32418
32414
32399
32408
32402
32383
32383
32391
32409
32427
32442
32451
32475
32466
32460
32445
32419
32411
32422
32411
32437
32425
32435
32431
32419
32427
32411
32420
32413
32429
32467
32486
32484
32479
32471
32462
32469
32469
32457
32412
32413
32431
32436
32440
32437
32413
32417
32435
32449
32472
32443
32435
32447
32473
32476
32462
32437
32409
32399
32413
32403
32403
32391
32394
32423
32434
32447
32439
32417
32418
32412
32423
32425
32422
32407
32419
32415
32413
32407
32391
32379
32374
32393
32395
32405
32430
32431
32439
32445
32438
32430
32433
32425
32417
32443
32420
32419
32411
32415
32409
32423
32429
32428
32442
32453
32462
32457
32465
32459
32460
32463
32471
32444
32452
32434
32434
32431
32426
32436
32449
32439
32455
32445
32445
32437
32424
32424
32426
32437
32447
32444
32453
32445
32463
32444
32443
32432
32433
32433
32421
32417
32425
32405
32421
32433
32425
32430
32393
32373
32365
32383
32399
32415
32421
32425
32423
32439
32420
32410
32396
32388
32397
32413
32407
32415
32393
32375
32364
32359
32387
32410
32411
32437
32463
32454
32463
32463
32457
32447
32431
32423
32431
32435
32445
32438
32430
32419
32406
32408
32441
32478
32480
32487
32487
32487
32471
32458
32439
32443
32456
32457
32439
32447
32439
32423
32420
32421
32419
32407
32416
32421
32441
32469
32455
32447
32467
32458
32455
32421
32431
32415
32419
32392
32393
32410
32408
32393
32393
32406
32423
32429
32401
32405
32394
32412
32391
32431
32422
32430
32432
32425
32412
32411
32391
32378
32389
32421
32437
32422
32415
32420
32411
32409
32406
32419
32425
32420
32435
32453
32463
32468
32464
32451
32463
32471
32455
32446
32432
32439
32440
32423
32410
32387
32407
32426
32433
32441
32452
32455
32471
32462
32477
32482
32466
32436
32433
32443
32438
32427
32415
32407
32424
32418
32404
32377
32399
32410
32422
32433
32446
32455
32449
32449
32471
32461
32453
32423
32407
32405
32407
32395
32388
32400
32409
32406
32396
32387
32387
32413
32429
32441
32440
32437
32441
32422
32433
32423
32400
32397
32399
32407
32422
32415
32403
32411
32433
32435
32419
32417
32425
32433
32439
32435
32451
32435
32441
32439
32446
32454
32449
32433
32423
32423
32445
32429
32433
32425
32435
32447
32431
32429
32417
32417
32421
32447
32457
32473
32468
32446
32460
32445
32449
32427
32431
32425
32427
32425
32426
32439
32457
32435
32405
32414
32399
32409
32406
32438
32455
32471
32452
32474
32445
32439
32406
32369
32381
32391
32390
32397
32383
32394
32409
32415
32423
32423
32423
32408
32416
32429
32427
32450
32437
32415
32417
32423
32411
32379
32368
32391
32404
32415
32431
32433
32454
32441
32434
32449
32451
32439
32442
32435
32440
32442
32461
32456
32435
32445
32435
32424
32415
32432
32431
32423
32427
32453
32457
32454
32455
32460
32458
32451
32447
32450
32427
32443
32421
32438
32465
32453
32445
32417
32430
32449
32442
32412
32398
32423
32463
32446
32440
32415
32397
32412
32421
32436
32423
32422
32395
32398
32413
32415
32417
32383
32376
32383
32405
32413
32404
32387
32402
32401
32418
32412
32401
32407
32409
32405
32421
32455
32479
32445
32405
32397
32389
32397
32413
32409
32407
32428
32463
32470
32492
32479
32451
32409
32420
32429
32455
32445
32418
32423
32447
32463
32463
32468
32467
32434
32437
32450
32435
32457
32463
32456
32423
32438
32457
32469
32464
32464
32440
32413
32395
32395
32399
32407
32377
32409
32466
32476
32469
32452
32437
32393
32389
32383
32415
32445
32431
32397
32383
32350
32359
32398
32389
32365
32393
32448
32463
32457
32450
32417
32374
32365
32361
32380
32445
32458
32471
32455
32411
32429
32439
32435
32414
32389
32396
32423
32462
32487
32457
32432
32466
32481
32484
32465
32456
32448
32439
32432
32429
32429
32437
32453
32427
32450
32449
32449
32435
32440
32467
32481
32459
32447
32407
32390
32373
32423
32468
32508
32473
32451
32457
32454
32434
32404
32377
32377
32380
32433
32379
32327
32319
32411
32507
32571
32549
32535
32483
32433
32371
32297
32293
32325
32272
32335
32415
32461
32584
32476
32323
32316
32377
32466
32575
32519
32473
32351
32347
32464
32411
32413
32481
32351
32287
32308
32316
32525
32603
32567
32476
32340
32342
32409
32517
32595
32499
32481
32579
32467
32383
32423
32319
32299
32351
32435
32505
32489
32455
32379
32351
32489
32567
32565
32623
32507
32407
32479
32495
32433
32363
32258
32211
32312
32498
32544
32504
32535
32528
32470
32506
32543
32522
32503
32374
32231
32192
32257
32295
32279
32294
32423
32533
32697
32743
32647
32523
32406
32349
32331
32375
32325
32227
32223
32285
32331
32465
32575
32551
32493
32515
32485
32447
32426
32402
32336
32355
32423
32454
32429
32392
32307
32347
32545
32665
32625
32509
32302
32197
32253
32372
32379
32439
32495
32467
32476
32550
32585
32539
32554
32498
32368
32363
32437
32396
32443
32394
32331
32373
32527
32561
32597
32572
32527
32437
32437
32451
32345
32335
32313
32287
32373
32487
32520
32527
32505
32449
32461
32527
32557
32507
32413
32299
32151
32162
32274
32382
32459
32433
32394
32449
32511
32545
32520
32394
32286
32279
32353
32453
32467
32454
32425
32378
32433
32485
32489
32422
32261
32195
32312
32421
32569
32578
32413
32235
32239
32349
32487
32603
32689
32639
32567
32475
32348
32259
32235
32261
32332
32485
32541
32609
32683
32701
32625
32513
32375
32282
32321
32391
32439
32429
32404
32417
32430
32462
32568
32613
32615
32565
32540
32565
32573
32403
32205
32083
32151
32346
32481
32547
32471
32336
32335
32379
32488
32609
32540
32411
32385
32415
32508
32545
32423
32304
32199
32253
32373
32405
32444
32433
32339
32355
32360
32374
32360
32269
32271
32387
32554
32674
32655
32495
32346
32159
32187
32315
32383
32457
32478
32419
32399
32442
32444
32441
32385
32414
32412
32457
32565
32584
32537
32461
32340
32369
32482
32492
32437
32391
32365
32482
32622
32695
32621
32471
32386
32322
32380
32485
32479
32407
32388
32383
32431
32485
32487
32431
32430
32457
32487
32492
32533
32496
32461
32404
32374
32363
32320
32249
32272
32324
32389
32381
32461
32564
32600
32565
32457
32359
32335
32368
32381
32418
32381
32340
32299
32285
32333
32403
32343
32312
32363
32535
32582
32545
32481
32400
32361
32382
32377
32353
32396
32418
32438
32441
32434
32405
32322
32305
32343
32442
32542
32519
32513
32599
32641
32640
32614
32569
32504
32416
32361
32391
32375
32357
32298
32278
32402
32469
32491
32506
32487
32495
32539
32603
32622
32565
32477
32394
32304
32349
32439
32371
32350
32325
32373
32477
32471
32394
32344
32311
32350
32399
32466
32460
32432
32412
32443
32455
32479
32484
32432
32415
32405
32411
32411
32322
32280
32253
32271
32326
32428
32474
32461
32436
32441
32406
32357
32353
32382
32426
32463
32480
32529
32573
32538
32471
32415
32403
32366
32411
32413
32347
32369
32422
32373
32386
32440
32457
32491
32541
32575
32641
32693
32654
32501
32474
32425
32339
32309
32362
32343
32362
32408
32432
32441
32431
32386
32369
32414
32493
32522
32551
32546
32469
32439
32416
32360
32391
32405
32381
32311
32367
32414
32411
32378
32389
32328
32307
32381
32401
32469
32505
32497
32466
32482
32501
32495
32404
32334
32279
32311
32321
32337
32330
32339
32322
32385
32542
32591
32522
32463
32419
32431
32453
32479
32402
32354
32407
32406
32431
32461
32435
32338
32399
32464
32509
32551
32574
32465
32439
32445
32441
32421
32474
32439
32420
32456
32563
32581
32569
32486
32379
32343
32404
32399
32405
32397
32367
32412
32497
32500
32489
32411
32367
32381
32447
32557
32559
32469
32369
32329
32398
32429
32353
32362
32341
32365
32432
32454
32403
32377
32322
32329
32380
32433
32479
32417
32419
32412
32395
32385
32432
32439
32489
32455
32397
32402
32368
32324
32267
32216
32262
32319
32404
32485
32468
32549
32604
32517
32543
32511
32426
32417
32465
32517
32506
32397
32314
32266
32300
32401
32367
32423
32513
32575
32667
32670
32579
32442
32345
32438
32548
32590
32556
32464
32375
32353
32257
32331
32405
32391
32422
32476
32519
32555
32562
32548
32447
32363
32376
32383
32367
32405
32426
32407
32393
32353
32323
32270
32329
32420
32532
32607
32592
32495
32419
32243
32207
32186
32249
32341
32414
32464
32483
32461
32456
32467
32407
32383
32439
32410
32372
32359
32328
32299
32352
32359
32387
32440
32415
32431
32475
32534
32561
32527
32461
32343
32335
32409
32402
32415
32444
32507
32571
32577
32527
32418
32347
32339
32427
32472
32530
32467
32453
32495
32498
32548
32561
32522
32507
32569
32477
32415
32350
32287
32233
32297
32422
32536
32551
32513
32455
32471
32504
32473
32427
32421
32412
32420
32361
32254
32215
32281
32312
32349
32409
32509
32490
32453
32467
32429
32392
32347
32321
32405
32481
32405
32300
32313
32351
32346
32307
32261
32350
32482
32538
32463
32428
32423
32381
32393
32456
32516
32541
32517
32490
32501
32485
32430
32299
32272
32388
32476
32466
32439
32411
32487
32529
32557
32577
32605
32589
32563
32605
32593
32493
32352
32281
32322
32345
32409
32362
32400
32472
32549
32539
32507
32416
32441
32427
32398
32419
32455
32365
32286
32293
32407
32533
32555
32476
32395
32427
32423
32391
32330
32301
32298
32334
32377
32399
32365
32333
32276
32332
32433
32580
32583
32489
32400
32364
32422
32426
32447
32469
32439
32399
32375
32369
32311
32274
32235
32245
32379
32491
32485
32487
32443
32439
32446
32539
32595
32602
32557
32503
32410
32447
32480
32470
32374
32246
32228
32339
32436
32479
32465
32485
32522
32578
32625
32626
32588
32509
32451
32460
32479
32405
32331
32284
32327
32389
32379
32330
32402
32495
32566
32517
32453
32453
32461
32375
32412
32423
32370
32311
32338
32402
32507
32493
32449
32348
32361
32444
32441
32414
32370
32401
32400
32393
32363
32385
32368
32439
32467
32493
32513
32482
32355
32309
32303
32319
32259
32335
32444
32520
32527
32543
32493
32471
32412
32333
32333
32387
32402
32348
32358
32436
32496
32551
32589
32563
32597
32537
32401
32343
32403
32403
32373
32325
32348
32495
32559
32611
32531
32499
32527
32417
32392
32429
32522
32619
32744
32648
32419
32164
32026
32175
32355
32465
32412
32440
32599
32631
32596
32519
32445
32348
32259
32236
32386
32526
32589
32511
32429
32419
32430
32309
32335
32255
32145
32111
32198
32317
32424
32488
32610
32703
32783
32771
32545
32259
32126
31975
32054
32222
32379
32471
32549
32567
32568
32574
32551
32325
32211
32231
32316
32436
32577
32566
32591
32564
32499
32518
32501
32629
32526
32348
32283
32317
32405
32516
32513
32437
32429
32441
32518
32621
32610
32573
32453
32487
32543
32559
32523
32423
32299
32337
32359
32378
32343
32447
32538
32675
32653
32521
32312
32236
32193
32141
32164
32225
32246
32422
32603
32670
32617
32539
32397
32329
32323
32300
32210
32155
32164
32256
32414
32535
32525
32472
32439
32317
32355
32452
32483
32482
32535
32555
32561
32504
32453
32453
32399
32364
32283
32261
32403
32525
32605
32571
32428
32391
32446
32489
32508
32499
32473
32474
32515
32649
32663
32562
32357
32190
32202
32358
32451
32517
32577
32609
32615
32607
32593
32466
32317
32228
32222
32298
32504
32535
32604
32577
32474
32319
32281
32303
32289
32260
32237
32268
32473
32541
32534
32295
32191
32217
32308
32423
32453
32483
32423
32387
32297
32302
32355
32447
32397
32385
32415
32617
32646
32613
32437
32288
32235
32342
32402
32459
32429
32416
32492
32653
32653
32622
32441
32419
32473
32582
32488
32420
32278
32300
32322
32341
32439
32559
32543
32541
32452
32549
32585
32515
32336
32312
32389
32681
32603
32483
32287
32310
32407
32545
32425
32539
32393
32485
32417
32435
32393
32332
32203
32327
32311
32469
32489
32627
32633
32474
32229
32159
32103
32231
32071
32033
32169
32419
32711
32889
32695
32462
32247
32249
32263
32243
32240
32325
32375
32599
32748
32590
32487
32326
32335
32369
32407
32361
32579
32518
32779
32684
32620
32406
32359
32172
32318
32167
32549
32591
32778
32789
32651
32355
32361
32199
32318
32253
32279
32407
32553
32652
32765
32560
32549
32422
32333
32329
32199
32227
32383
32439
32563
32639
32693
32649
32484
32342
32353
32377
32364
32305
32267
32302
32348
32406
32414
32465
32391
32478
32431
32395
32449
32385
32366
32489
32427
32349
32317
32120
32238
32173
32221
32345
32417
32676
32787
32673
32509
32413
32327
32383
32285
32273
32344
32414
32663
32813
32719
32567
32434
32303
32285
32289
32239
32303
32359
32650
32725
32671
32583
32423
32411
32343
32386
32327
32487
32394
32519
32391
32339
32287
32352
32357
32451
32441
32555
32569
32560
32599
32493
32461
32360
32273
32336
32403
32355
32432
32479
32503
32559
32436
32503
32440
32406
32476
32358
32335
32341
32359
32344
32432
32330
32405
32401
32381
32475
32423
32349
32414
32361
32429
32417
32303
32409
32355
32316
32376
32366
32439
32587
32495
32520
32468
32318
32395
32394
32383
32502
32402
32520
32511
32528
32567
32482
32292
32339
32341
32451
32475
32368
32406
32470
32505
32517
32404
32358
32348
32393
32520
32514
32561
32477
32465
32447
32443
32343
32270
32294
32301
32464
32513
32541
32541
32599
32577
32521
32452
32483
32409
32527
32419
32370
32329
32412
32343
32441
32387
32256
32333
32381
32504
32587
32481
32365
32319
32433
32435
32409
32300
32268
32227
32346
32482
32410
32435
32430
32401
32447
32401
32354
32303
32289
32293
32319
32514
32575
32617
32522
32527
32423
32482
32429
32335
32373
32363
32363
32439
32467
32472
32465
32467
32521
32424
32402
32411
32410
32487
32511
32399
32427
32423
32407
32447
32447
32471
32445
32509
32526
32525
32578
32511
32425
32433
32335
32300
32383
32439
32447
32516
32495
32561
32547
32574
32521
32327
32353
32317
32363
32459
32481
32413
32379
32304
32299
32354
32347
32281
32247
32345
32522
32489
32505
32401
32266
32291
32302
32358
32422
32408
32362
32431
32498
32455
32393
32331
32339
32330
32446
32525
32429
32526
32525
32493
32461
32454
32408
32427
32502
32551
32556
32511
32389
32322
32289
32449
32359
32441
32444
32479
32556
32609
32571
32525
32357
32390
32328
32449
32463
32495
32358
32465
32471
32510
32529
32437
32412
32419
32451
32502
32479
32502
32405
32377
32361
32440
32376
32409
32367
32329
32439
32457
32393
32361
32323
32349
32303
32329
32344
32319
32329
32356
32363
32381
32493
32366
32383
32346
32327
32343
32375
32358
32365
32403
32441
32417
32513
32525
32468
32423
32449
32405
32453
32458
32375
32439
32493
32481
32532
32479
32481
32447
32515
32497
32499
32433
32409
32418
32451
32471
32381
32367
32381
32430
32544
32538
32493
32404
32425
32487
32519
32531
32408
32316
32311
32377
32493
32525
32459
32386
32407
32470
32450
32437
32343
32293
32295
32412
32488
32523
32459
32365
32343
32376
32422
32375
32261
32276
32265
32372
32466
32421
32340
32324
32311
32351
32442
32423
32439
32399
32423
32476
32476
32446
32359
32279
32379
32441
32475
32463
32450
32392
32467
32494
32548
32507
32441
32447
32456
32535
32555
32434
32403
32404
32421
32500
32444
32417
32391
32454
32480
32495
32445
32434
32393
32373
32447
32418
32427
32407
32411
32461
32519
32503
32419
32439
32408
32447
32415
32375
32403
32407
32440
32454
32426
32463
32422
32397
32407
32399
32375
32423
32411
32365
32365
32383
32386
32399
32381
32406
32314
32359
32373
32456
32452
32423
32311
32337
32345
32377
32367
32333
32344
32407
32483
32575
32536
32503
32440
32382
32418
32468
32407
32389
32356
32375
32443
32515
32511
32514
32420
32427
32451
32509
32525
32445
32425
32395
32439
32454
32426
32382
32397
32378
32404
32478
32479
32414
32447
32403
32446
32440
32424
32375
32397
32470
32516
32511
32493
32444
32460
32475
32435
32355
32361
32308
32369
32443
32515
32461
32441
32403
32431
32495
32471
32352
32333
32369
32456
32449
32450
32333
32295
32299
32321
32363
32397
32383
32368
32407
32490
32471
32459
32343
32323
32329
32408
32454
32407
32413
32423
32417
32457
32475
32471
32441
32407
32380
32423
32471
32463
32431
32396
32432
32432
32428
32471
32439
32463
32457
32445
32481
32487
32476
32421
32399
32375
32432
32375
32407
32400
32459
32492
32487
32499
32494
32426
32421
32425
32422
32478
32467
32456
32519
32509
32482
32459
32432
32415
32409
32393
32400
32387
32435
32355
32337
32372
32352
32380
32439
32418
32405
32439
32438
32440
32417
32366
32284
32244
32301
32327
32339
32391
32325
32340
32439
32478
32495
32469
32429
32368
32383
32415
32455
32409
32406
32415
32431
32513
32535
32439
32407
32383
32387
32447
32483
32457
32468
32440
32441
32427
32474
32501
32443
32429
32451
32439
32522
32487
32475
32444
32421
32381
32404
32433
32502
32477
32490
32499
32497
32520
32503
32413
32367
32339
32353
32395
32457
32509
32489
32431
32451
32446
32431
32401
32314
32303
32373
32382
32416
32430
32376
32355
32297
32341
32319
32343
32359
32363
32389
32482
32464
32423
32388
32331
32325
32352
32353
32411
32399
32417
32414
32463
32498
32478
32447
32418
32410
32464
32499
32502
32471
32488
32463
32475
32456
32459
32413
32377
32404
32459
32515
32549
32484
32452
32459
32461
32458
32449
32399
32395
32419
32483
32504
32504
32438
32399
32377
32419
32408
32439
32399
32407
32425
32483
32519
32501
32474
32432
32405
32401
32402
32364
32337
32344
32347
32364
32396
32394
32407
32400
32394
32355
32351
32362
32378
32408
32414
32378
32355
32365
32363
32330
32353
32346
32343
32432
32479
32484
32471
32419
32364
32363
32397
32417
32431
32453
32483
32501
32527
32543
32471
32449
32393
32407
32443
32466
32473
32469
32485
32511
32498
32477
32427
32407
32392
32425
32432
32445
32479
32467
32439
32441
32461
32441
32426
32423
32436
32459
32451
32447
32446
32445
32417
32381
32365
32371
32393
32391
32438
32443
32464
32483
32463
32441
32435
32377
32332
32338
32353
32357
32392
32375
32400
32398
32399
32372
32344
32345
32363
32385
32417
32446
32447
32433
32429
32409
32424
32373
32355
32367
32396
32461
32463
32469
32456
32464
32437
32459
32441
32465
32479
32464
32469
32471
32471
32485
32455
32443
32436
32428
32415
32438
32435
32423
32429
32416
32431
32472
32470
32460
32438
32433
32449
32425
32407
32381
32391
32415
32423
32431
32447
32413
32408
32422
32472
32472
32461
32405
32415
32427
32471
32415
32387
32336
32377
32367
32427
32450
32451
32437
32431
32399
32423
32403
32350
32309
32313
32356
32389
32425
32417
32423
32435
32407
32413
32407
32401
32362
32367
32399
32429
32429
32436
32427
32427
32404
32418
32421
32438
32455
32449
32447
32483
32477
32483
32427
32414
32407
32441
32469
32470
32475
32511
32482
32443
32455
32407
32365
32352
32363
32399
32456
32469
32477
32475
32506
32491
32463
32458
32444
32435
32439
32395
32411
32426
32431
32423
32429
32421
32443
32445
32447
32436
32405
32426
32450
32426
32483
32443
32417
32365
32340
32336
32357
32366
32383
32383
32423
32447
32414
32407
32376
32326
32323
32309
32343
32379
32395
32406
32411
32458
32499
32443
32418
32400
32381
32363
32375
32391
32419
32409
32471
32467
32469
32455
32393
32385
32431
32479
32509
32535
32475
32439
32415
32404
32392
32389
32415
32447
32469
32529
32521
32495
32456
32407
32407
32423
32396
32398
32389
32418
32447
32471
32491
32523
32541
32540
32471
32437
32458
32423
32377
32344
32324
32375
32415
32403
32407
32439
32446
32487
32499
32479
32439
32345
32293
32279
32319
32335
32317
32309
32343
32369
32453
32509
32490
32391
32359
32389
32375
32354
32293
32271
32289
32422
32471
32511
32609
32581
32473
32415
32455
32406
32343
32267
32305
32418
32599
32584
32473
32462
32551
32551
32507
32457
32457
32429
32375
32287
32367
32485
32479
32466
32523
32532
32497
32518
32505
32406
32378
32370
32366
32453
32529
32471
32398
32407
32445
32489
32544
32499
32335
32343
32424
32372
32325
32401
32404
32417
32503
32535
32407
32326
32337
32308
32250
32372
32459
32445
32418
32427
32418
32399
32317
32311
32385
32419
32335
32287
32347
32423
32423
32403
32335
32373
32593
32670
32553
32484
32400
32285
32246
32255
32329
32435
32572
32589
32610
32623
32591
32386
32396
32478
32469
32431
32317
32203
32393
32569
32539
32439
32593
32662
32591
32416
32344
32298
32451
32462
32361
32319
32326
32294
32374
32466
32577
32628
32639
32565
32457
32433
32339
32231
32263
32311
32271
32361
32503
32515
32483
32592
32592
32457
32323
32230
32221
32327
32295
32223
32349
32444
32425
32535
32839
32833
32385
31991
31905
32148
32419
32492
32429
32709
32631
32406
32317
32203
32567
32969
32506
32258
32107
31818
31963
32115
32474
33026
32920
32686
32853
32820
32727
32409
32115
32024
31848
31813
32024
32201
32449
32577
32686
33114
33517
33211
32805
32417
32015
31462
31369
31909
32311
32691
32979
32977
32984
33146
32853
32481
32374
32484
32553
32253
31790
31475
31363
31833
32439
33093
33385
33256
33107
32702
32302
32073
31859
31861
31793
31851
32023
32184
32325
32558
32421
32568
32586
32643
32911
32945
32735
32608
32253
31961
31774
31847
31949
32347
32738
32952
32903
32865
32808
32642
32536
32614
32480
32801
32901
32790
32497
32313
31823
31793
31895
32272
32201
32216
32273
32581
32949
33415
33017
32431
31723
31151
31039
31376
31932
32819
33825
34515
34550
33371
31963
30937
30878
31841
32501
32722
32837
32509
32295
31924
31473
31511
32407
33294
33848
33697
33483
33465
33312
33299
32767
31569
30639
30335
30921
31857
32519
32763
33012
33305
33092
32554
31708
31457
31333
31651
32025
32527
32889
33473
33494
33776
33729
33265
32287
31469
30889
31202
31539
31955
32268
32733
33065
33159
32824
32853
32445
31883
31753
32215
32667
32951
33082
33275
33641
33682
33163
31891
30975
30382
30712
31357
32201
32523
32873
32938
33178
33278
33056
32118
31507
31372
31993
32457
33199
33841
34200
33900
33285
32283
31759
31662
31539
31869
32494
33075
33493
33488
32971
32015
30967
30672
31217
32848
34305
34559
34065
33683
32983
32223
31286
30327
30063
30550
31518
32606
33365
33695
33457
33095
32548
31755
31151
31105
31394
31909
32596
32897
33055
33209
33278
33352
33276
33049
32703
32015
31338
30730
30751
31427
32285
33179
33992
34048
33770
33231
32599
31907
31339
31195
31719
32395
33071
33396
33211
32683
32071
31715
31689
31751
31600
31755
32586
33548
33996
33878
33434
32847
32525
32199
31847
31795
31993
32421
32895
33269
33329
32991
32579
32189
32139
32343
32322
31895
31615
31980
32432
32975
33143
33074
32941
32757
32375
32019
31715
31487
31309
31497
31803
32152
32415
32647
32424
32360
32279
32069
32007
31935
32169
32556
32882
33329
33630
33554
33143
32415
31647
31236
31227
31867
32797
33289
33345
33124
32567
31908
31381
31181
31291
31670
32469
33175
33709
33813
33727
33378
32988
32265
31529
31041
30987
31282
31864
32367
32604
32793
33023
33050
32839
32365
31785
31796
32452
33304
33812
33919
33707
33441
33248
32711
31826
31281
31392
31767
32182
32543
32759
33039
33425
33402
32887
32303
31436
30726
30813
31673
32583
33462
34341
34436
33787
32813
31768
30579
29904
30093
30822
32037
33304
33655
33419
33030
32919
32539
32183
31805
31354
31255
31853
32566
33228
33679
33405
32718
32266
31907
31437
31098
31303
31703
32598
33540
33622
32955
32420
31879
31602
31655
32090
32293
32432
32503
32513
32697
33175
33041
32698
32677
32468
32135
32109
31709
31579
32122
33167
33699
33995
33895
33187
32261
32010
32079
32175
32359
32472
32786
33645
33977
33405
32521
31775
31274
31119
31545
31943
32296
32772
33301
33295
33383
33071
32199
31583
31271
31156
31624
32169
32622
32887
32986
32599
32113
31788
31667
31526
31465
31674
32167
32943
33391
33389
33425
33327
32819
32191
31637
31331
31317
31573
31836
32319
32877
33159
33089
33038
32879
32488
31868
31362
31313
31706
32408
33077
33603
33837
33530
32835
32511
32139
31724
31461
31549
31795
32511
33079
33520
33472
33264
32855
32610
32503
32504
32493
32578
32543
32699
33039
33217
32870
32428
32055
31761
31741
31968
32354
32528
32877
33074
33021
32665
32199
31794
31525
31214
31467
31943
32590
32933
33161
33045
32735
32311
32061
31749
31500
31664
31763
31814
32098
32355
32832
33231
33289
33045
32622
32088
31855
32021
32329
32543
32615
32783
32831
32487
32153
31736
31621
31999
32453
32662
32717
32815
32887
32907
32923
32633
32193
31893
32020
32193
32461
32552
32681
33066
33439
33339
32823
32147
31658
31504
31795
32149
32461
32829
33213
33383
33545
33694
33320
32742
32127
31930
31936
31968
32057
32093
32257
32515
32537
32281
32104
32131
32139
32281
32324
32500
32635
32519
32380
32443
32495
32278
32026
32009
32009
32075
32224
32389
32464
32491
32351
32151
32129
32307
32481
32471
32326
32241
32503
32819
32823
32740
32749
32714
32624
32500
32353
31973
31725
31687
32056
32474
32625
32592
32599
32660
32573
32511
32495
32325
32223
32295
32569
32720
32836
32901
32767
32570
32306
32086
32122
32371
32583
32842
32971
32897
32762
32779
32671
32257
32003
32105
32295
32646
32935
33127
33042
32937
32807
32525
32120
31695
31367
31603
32099
32470
32624
32638
32420
32345
32415
32454
32392
32346
32253
32327
32507
32595
32242
31895
31918
32267
32624
32653
32231
31858
31973
32364
32627
32703
32524
32415
32472
32755
32839
32641
32258
31999
32039
32437
32643
32364
32175
32395
32597
32508
32074
31705
31611
31993
32506
32891
33229
33312
33150
33114
32996
32478
31882
31691
31803
32389
32908
32981
32749
32718
32843
32695
32277
31954
31933
32399
33004
33371
33431
33151
32571
32231
32427
32486
32229
31982
32109
32456
32724
32650
32255
31939
31899
31931
32087
32233
32242
32199
32372
32574
32720
32685
32455
32177
32139
32359
32411
32320
32253
32196
32125
32104
32143
32253
32393
32367
32329
32375
32437
32333
32157
32217
32467
32647
32761
32725
32703
32695
32534
32229
32125
32125
32186
32190
32240
32440
32646
32681
32575
32269
32193
32271
32433
32633
32952
33233
33292
33069
32806
32596
32402
32277
32257
32321
32577
32609
32586
32625
32669
32605
32496
32469
32509
32545
32579
32529
32447
32443
32435
32415
32390
32325
32194
32209
32205
32273
32237
32127
31880
31825
32065
32322
32351
32391
32488
32584
32619
32469
32219
32024
31899
32023
32350
32593
32583
32317
32171
32199
32263
32345
32409
32431
32543
32666
32703
32626
32442
32269
32219
32189
32307
32385
32471
32538
32615
32667
32639
32507
32410
32427
32449
32487
32495
32583
32669
32674
32656
32685
32651
32725
32782
32797
32698
32635
32485
32419
32455
32510
32455
32435
32471
32595
32652
32695
32478
32347
32343
32380
32350
32401
32426
32383
32363
32376
32302
32186
31968
31822
31896
32259
32446
32498
32417
32272
32114
32011
31919
31921
32121
32455
32707
32886
32895
32721
32403
32172
32060
32020
32085
32146
32304
32488
32631
32607
32451
32327
32341
32393
32492
32641
32751
32818
32862
32753
32516
32295
32133
32135
32285
32475
32541
32563
32647
32668
32627
32541
32438
32375
32559
32752
32870
32906
32774
32600
32415
32421
32469
32537
32603
32605
32647
32711
32567
32254
32019
31985
32104
32378
32610
32719
32767
32706
32523
32316
32203
32085
31977
32047
32207
32321
32316
32213
32127
32193
32207
32159
32177
32313
32467
32539
32539
32467
32319
32239
32187
32181
32321
32417
32427
32588
32791
32827
32588
32249
32119
32220
32357
32386
32381
32475
32558
32504
32504
32485
32497
32545
32647
32707
32783
32723
32447
32229
32233
32269
32261
32246
32356
32529
32807
32937
32792
32663
32497
32379
32394
32551
32664
32723
32709
32657
32614
32585
32467
32262
32234
32317
32413
32500
32531
32481
32383
32281
32201
32200
32283
32325
32321
32419
32593
32673
32641
32449
32215
32010
31879
31847
31984
32211
32395
32407
32376
32375
32405
32434
32456
32511
32519
32494
32451
32437
32424
32383
32301
32257
32360
32475
32457
32371
32301
32286
32402
32563
32550
32519
32511
32433
32450
32593
32561
32386
32255
32297
32505
32718
32697
32557
32467
32539
32495
32390
32291
32168
32201
32484
32751
32965
32978
32764
32519
32576
32689
32631
32447
32351
32377
32528
32648
32537
32411
32329
32237
32237
32367
32467
32453
32441
32481
32527
32485
32282
32053
32049
32303
32441
32481
32480
32344
32282
32255
32223
32189
32156
32111
32090
32201
32337
32337
32267
32298
32438
32636
32729
32626
32521
32503
32460
32367
32267
32201
32155
32209
32336
32477
32567
32504
32376
32315
32381
32399
32383
32421
32512
32677
32800
32819
32687
32535
32422
32391
32437
32505
32525
32530
32533
32567
32611
32557
32347
32279
32367
32581
32777
32932
32927
32871
32775
32650
32469
32410
32312
32279
32377
32529
32559
32506
32311
32103
32058
32135
32252
32360
32471
32473
32415
32331
32262
32230
32223
32175
32181
32294
32383
32407
32406
32351
32243
32143
32066
32100
32206
32319
32371
32427
32490
32495
32415
32351
32324
32357
32469
32555
32616
32617
32522
32376
32263
32269
32340
32399
32399
32463
32583
32691
32634
32543
32433
32397
32444
32509
32581
32659
32695
32651
32670
32695
32637
32501
32409
32455
32559
32688
32700
32609
32509
32460
32446
32511
32571
32518
32491
32535
32620
32643
32555
32359
32222
32219
32239
32185
32169
32214
32262
32348
32446
32414
32322
32232
32147
32154
32278
32349
32314
32255
32229
32225
32220
32199
32172
32245
32383
32404
32407
32416
32408
32361
32327
32334
32374
32413
32495
32514
32593
32643
32579
32505
32461
32399
32364
32343
32365
32427
32493
32492
32456
32483
32579
32597
32641
32685
32687
32703
32633
32545
32491
32463
32462
32481
32551
32638
32619
32551
32473
32463
32528
32537
32495
32475
32516
32560
32562
32543
32475
32437
32385
32383
32431
32479
32431
32316
32286
32315
32304
32225
32087
32013
32103
32241
32298
32329
32321
32319
32314
32359
32401
32403
32289
32219
32221
32369
32407
32319
32251
32265
32345
32459
32425
32368
32358
32389
32451
32513
32557
32502
32441
32463
32529
32593
32560
32447
32418
32519
32605
32631
32543
32456
32406
32393
32390
32404
32421
32433
32464
32565
32710
32754
32716
32591
32547
32535
32567
32522
32469
32455
32439
32431
32467
32519
32559
32524
32446
32407
32435
32476
32506
32485
32487
32463
32403
32365
32304
32261
32244
32267
32316
32355
32383
32317
32259
32238
32245
32222
32217
32189
32211
32277
32371
32442
32503
32492
32421
32363
32336
32319
32307
32315
32299
32327
32385
32399
32417
32419
32442
32509
32588
32606
32559
32493
32439
32413
32423
32497
32496
32464
32405
32406
32477
32515
32479
32454
32482
32507
32515
32525
32535
32504
32462
32442
32481
32559
32588
32571
32625
32647
32662
32596
32493
32408
32371
32353
32407
32470
32508
32500
32472
32467
32503
32477
32444
32403
32409
32463
32438
32400
32355
32335
32287
32255
32236
32252
32209
32169
32215
32313
32378
32353
32307
32273
32296
32290
32302
32333
32380
32424
32465
32455
32465
32423
32350
32277
32289
32328
32348
32334
32347
32385
32433
32431
32433
32424
32459
32510
32575
32608
32650
32627
32542
32455
32389
32355
32319
32324
32383
32468
32534
32564
32555
32565
32572
32535
32512
32541
32559
32615
32636
32615
32588
32585
32557
32557
32524
32523
32496
32468
32497
32499
32453
32360
32281
32331
32407
32466
32463
32447
32463
32487
32464
32438
32357
32281
32249
32254
32313
32327
32237
32166
32159
32218
32299
32311
32291
32289
32342
32403
32383
32338
32280
32275
32329
32402
32455
32497
32440
32414
32463
32485
32429
32322
32265
32319
32397
32440
32443
32439
32463
32503
32519
32545
32547
32548
32535
32539
32577
32607
32574
32509
32447
32443
32445
32455
32462
32519
32594
32660
32655
32620
32561
32551
32510
32527
32532
32561
32589
32587
32582
32571
32511
32416
32355
32343
32359
32385
32403
32378
32369
32376
32366
32334
32289
32275
32268
32279
32299
32328
32324
32284
32245
32214
32198
32195
32208
32229
32250
32295
32315
32353
32365
32379
32381
32359
32367
32388
32377
32383
32391
32374
32374
32373
32407
32452
32507
32493
32466
32463
32493
32502
32517
32521
32496
32487
32509
32538
32559
32529
32535
32530
32553
32578
32579
32541
32514
32515
32507
32541
32554
32514
32487
32525
32573
32625
32648
32598
32565
32534
32511
32462
32412
32379
32382
32383
32435
32402
32408
32389
32362
32344
32341
32285
32234
32215
32251
32325
32351
32345
32273
32237
32258
32271
32297
32289
32260
32226
32237
32247
32240
32223
32203
32237
32328
32423
32455
32449
32456
32479
32509
32541
32493
32435
32415
32432
32451
32467
32439
32422
32425
32447
32503
32533
32516
32533
32522
32549
32549
32504
32475
32494
32563
32643
32649
32610
32542
32488
32455
32482
32503
32509
32488
32475
32483
32523
32520
32481
32445
32463
32519
32560
32561
32539
32498
32477
32441
32379
32351
32300
32289
32282
32352
32392
32361
32327
32286
32267
32276
32279
32271
32293
32295
32283
32274
32294
32307
32294
32321
32353
32355
32381
32344
32317
32337
32378
32369
32359
32355
32346
32381
32415
32433
32475
32495
32510
32483
32525
32520
32506
32476
32451
32479
32495
32482
32429
32395
32423
32479
32559
32575
32565
32543
32525
32515
32519
32511
32471
32425
32439
32509
32577
32581
32551
32517
32485
32498
32493
32457
32440
32444
32457
32511
32534
32519
32477
32424
32393
32410
32445
32487
32454
32419
32367
32305
32273
32251
32215
32227
32243
32281
32369
32428
32437
32423
32367
32331
32274
32272
32253
32264
32293
32339
32353
32347
32335
32319
32320
32335
32389
32417
32439
32451
32435
32441
32461
32457
32455
32455
32471
32484
32518
32513
32484
32473
32443
32439
32434
32421
32412
32405
32438
32489
32535
32564
32558
32535
32523
32552
32572
32583
32558
32513
32496
32495
32483
32465
32499
32487
32490
32511
32503
32506
32489
32480
32456
32460
32474
32457
32455
32468
32485
32463
32461
32417
32386
32337
32313
32303
32321
32353
32317
32261
32223
32202
32223
32260
32292
32347
32389
32387
32398
32390
32373
32341
32322
32319
32323
32319
32287
32300
32336
32383
32383
32373
32373
32401
32414
32439
32435
32455
32483
32499
32488
32489
32473
32463
32466
32479
32511
32525
32497
32458
32457
32482
32503
32471
32456
32439
32471
32501
32549
32589
32625
32615
32603
32611
32614
32546
32499
32450
32447
32485
32519
32483
32470
32481
32513
32514
32487
32462
32411
32393
32389
32407
32399
32406
32367
32332
32329
32326
32303
32293
32305
32323
32325
32299
32268
32238
32214
32191
32219
32258
32287
32325
32343
32353
32375
32376
32359
32358
32353
32327
32321
32333
32359
32427
32461
32417
32399
32398
32446
32466
32497
32479
32477
32481
32486
32489
32515
32499
32448
32461
32537
32588
32589
32531
32486
32485
32510
32553
32561
32547
32505
32515
32541
32599
32631
32572
32501
32468
32506
32555
32575
32542
32486
32441
32433
32431
32399
32406
32393
32407
32439
32473
32474
32403
32327
32289
32316
32345
32333
32315
32273
32275
32253
32257
32262
32237
32235
32221
32248
32321
32348
32347
32330
32299
32283
32290
32309
32333
32354
32382
32419
32440
32423
32425
32370
32353
32353
32383
32432
32477
32482
32479
32481
32517
32504
32539
32549
32531
32530
32567
32571
32583
32545
32503
32453
32451
32455
32475
32518
32567
32567
32572
32556
32535
32517
32487
32481
32505
32544
32553
32575
32519
32494
32469
32463
32468
32459
32426
32390
32360
32395
32408
32377
32336
32294
32297
32337
32342
32377
32398
32377
32349
32312
32297
32269
32212
32221
32226
32289
32321
32306
32290
32305
32284
32289
32324
32343
32350
32375
32377
32376
32412
32422
32423
32415
32450
32452
32468
32472
32499
32501
32486
32411
32395
32417
32471
32496
32510
32525
32559
32567
32557
32517
32517
32497
32498
32509
32554
32581
32535
32485
32451
32461
32487
32527
32509
32507
32501
32487
32531
32540
32495
32467
32412
32403
32465
32495
32487
32468
32407
32399
32405
32412
32383
32325
32319
32328
32360
32387
32375
32314
32294
32277
32309
32343
32307
32288
32285
32303
32339
32327
32304
32264
32248
32263
32299
32324
32358
32356
32383
32412
32463
32437
32412
32375
32399
32439
32437
32435
32416
32403
32405
32432
32465
32487
32508
32493
32495
32479
32496
32505
32497
32505
32503
32515
32523
32517
32529
32537
32547
32513
32484
32469
32490
32505
32504
32487
32463
32482
32487
32502
32508
32529
32535
32541
32551
32559
32504
32455
32405
32411
32407
32399
32374
32375
32377
32389
32369
32370
32360
32357
32335
32316
32298
32332
32362
32353
32336
32321
32326
32323
32327
32319
32321
32311
32309
32299
32300
32283
32275
32271
32304
32364
32393
32391
32407
32445
32427
32455
32457
32468
32471
32459
32415
32426
32441
32458
32443
32425
32432
32463
32464
32485
32510
32501
32494
32471
32509
32533
32559
32515
32513
32561
32576
32575
32537
32495
32477
32479
32511
32500
32518
32494
32477
32472
32503
32499
32487
32467
32469
32493
32519
32509
32497
32458
32415
32381
32363
32357
32369
32314
32289
32323
32331
32364
32332
32316
32291
32279
32286
32311
32313
32305
32297
32281
32309
32336
32329
32333
32321
32351
32350
32363
32348
32334
32345
32334
32352
32397
32395
32405
32421
32422
32451
32484
32497
32487
32499
32494
32499
32474
32458
32452
32469
32471
32483
32473
32519
32539
32542
32562
32557
32544
32527
32495
32513
32514
32506
32529
32537
32567
32569
32541
32518
32472
32505
32494
32480
32485
32472
32467
32479
32467
32465
32447
32433
32399
32408
32409
32422
32391
32359
32307
32300
32294
32275
32265
32285
32298
32327
32334
32354
32327
32303
32312
32319
32311
32311
32263
32263
32307
32321
32333
32337
32340
32362
32359
32370
32393
32433
32418
32425
32408
32416
32460
32463
32484
32469
32479
32493
32504
32521
32497
32472
32457
32465
32493
32538
32513
32507
32501
32503
32530
32537
32551
32561
32563
32566
32583
32553
32542
32520
32499
32494
32473
32491
32493
32480
32505
32488
32462
32446
32439
32437
32455
32418
32402
32410
32423
32438
32391
32392
32347
32321
32352
32349
32327
32322
32280
32287
32289
32291
32258
32252
32262
32280
32326
32332
32335
32349
32364
32371
32349
32351
32341
32346
32352
32368
32369
32375
32371
32394
32423
32460
32457
32431
32437
32473
32491
32496
32491
32475
32514
32515
32501
32537
32519
32519
32515
32509
32555
32531
32530
32487
32471
32509
32535
32527
32519
32503
32498
32499
32527
32575
32575
32528
32507
32487
32465
32463
32430
32454
32449
32466
32453
32442
32429
32419
32417
32420
32412
32377
32344
32325
32329
32337
32319
32327
32302
32343
32355
32360
32336
32314
32296
32307
32300
32303
32279
32240
32265
32329
32389
32416
32393
32363
32352
32371
32383
32387
32366
32367
32379
32407
32442
32443
32440
32473
32485
32522
32547
32529
32457
32436
32463
32493
32510
32483
32471
32475
32541
32555
32517
32527
32545
32533
32522
32495
32463
32443
32499
32569
32549
32539
32520
32508
32559
32554
32514
32495
32439
32438
32435
32397
32367
32383
32437
32485
32471
32466
32401
32353
32375
32397
32407
32413
32369
32356
32323
32325
32336
32279
32281
32299
32268
32239
32257
32315
32463
32432
32291
32203
32234
32347
32457
32459
32353
32309
32237
32222
32355
32437
32501
32567
32543
32524
32387
32249
32217
32387
32531
32589
32418
32303
32319
32413
32547
32679
32763
32797
32593
32423
32423
32351
32336
32444
32511
32574
32509
32432
32405
32425
32642
32747
32730
32660
32493
32308
32339
32383
32496
32561
32583
32509
32570
32484
32418
32355
32451
32503
32530
32491
32404
32253
32317
32298
32351
32349
32352
32252
32295
32273
32325
32457
32709
32685
32553
32340
32137
31972
32058
32163
32207
32273
32273
32265
32337
32447
32443
32549
32638
32599
32431
32433
32311
32101
32110
32247
32360
32575
32482
32382
32305
32447
32509
32635
32727
32773
32517
32447
32377
32279
32324
32413
32423
32602
32751
32833
32706
32602
32511
32417
32439
32547
32457
32623
32501
32378
32459
32561
32621
32687
32575
32487
32317
32299
32433
32461
32498
32470
32351
32360
32426
32397
32507
32541
32463
32387
32284
32233
32229
32152
32181
32161
32329
32483
32474
32441
32356
32194
32291
32422
32452
32516
32462
32340
32189
32034
32055
32059
32206
32383
32431
32611
32723
32707
32646
32455
32271
32218
32307
32407
32451
32375
32385
32438
32531
32566
32529
32456
32433
32484
32579
32641
32561
32519
32529
32515
32533
32506
32448
32459
32565
32799
32861
32692
32343
32127
32120
32295
32423
32569
32617
32597
32563
32527
32490
32511
32543
32752
32812
32687
32347
31989
31875
31991
32183
32372
32446
32513
32495
32389
32343
32362
32442
32545
32505
32432
32295
32092
31981
32017
32232
32503
32569
32551
32455
32351
32278
32193
32173
32271
32342
32382
32348
32286
32248
32291
32397
32633
32751
32703
32538
32351
32357
32405
32416
32419
32419
32487
32573
32485
32427
32369
32361
32431
32616
32609
32661
32493
32415
32375
32595
32687
32643
32470
32535
32537
32587
32519
32478
32451
32481
32374
32421
32369
32258
32111
32230
32530
32721
32709
32598
32466
32501
32665
32653
32495
32307
32164
32071
32116
32135
32202
32245
32358
32446
32573
32634
32489
32279
32266
32309
32453
32431
32391
32280
32246
32205
32321
32465
32501
32354
32230
32196
32361
32474
32478
32307
32328
32475
32581
32528
32415
32343
32383
32485
32687
32703
32467
32257
32146
32285
32528
32537
32385
32371
32439
32672
32690
32574
32425
32438
32482
32549
32575
32548
32377
32334
32451
32601
32585
32469
32273
32331
32435
32609
32611
32520
32421
32417
32405
32477
32431
32434
32436
32429
32468
32525
32447
32363
32342
32426
32534
32503
32397
32321
32238
32228
32217
32206
32304
32389
32480
32509
32489
32488
32481
32365
32375
32376
32383
32334
32209
32221
32321
32397
32418
32327
32303
32295
32332
32417
32470
32483
32476
32430
32428
32495
32482
32419
32430
32455
32527
32487
32397
32403
32419
32397
32339
32329
32437
32470
32488
32505
32493
32503
32600
32632
32687
32696
32609
32475
32433
32454
32451
32338
32279
32265
32421
32569
32603
32492
32516
32511
32524
32536
32533
32507
32429
32407
32432
32465
32463
32358
32291
32375
32446
32419
32305
32340
32336
32363
32295
32313
32281
32305
32284
32325
32382
32489
32435
32415
32359
32395
32387
32359
32239
32208
32222
32263
32284
32335
32409
32370
32392
32413
32488
32524
32480
32353
32372
32437
32507
32425
32397
32421
32481
32503
32547
32499
32535
32493
32438
32453
32481
32463
32419
32359
32499
32587
32635
32588
32529
32581
32644
32597
32594
32591
32494
32428
32388
32425
32454
32397
32363
32353
32429
32537
32500
32495
32456
32480
32510
32451
32401
32415
32391
32318
32319
32321
32355
32347
32251
32216
32287
32308
32321
32315
32359
32327
32275
32271
32323
32365
32451
32396
32347
32393
32390
32350
32302
32297
32339
32353
32330
32353
32337
32349
32300
32319
32452
32591
32549
32533
32531
32603
32601
32541
32436
32421
32422
32467
32417
32475
32499
32473
32458
32540
32604
32645
32569
32499
32494
32542
32545
32511
32496
32587
32550
32511
32495
32488
32517
32453
32387
32377
32402
32415
32382
32347
32360
32371
32369
32419
32449
32487
32472
32407
32349
32351
32350
32293
32247
32246
32305
32301
32300
32279
32268
32259
32261
32271
32363
32436
32395
32317
32307
32337
32335
32353
32371
32385
32474
32475
32435
32445
32451
32374
32327
32315
32335
32394
32441
32429
32449
32533
32561
32537
32563
32585
32554
32537
32561
32547
32550
32547
32461
32432
32445
32423
32398
32431
32486
32537
32563
32577
32525
32519
32511
32437
32427
32514
32536
32509
32503
32487
32451
32424
32367
32337
32335
32359
32335
32329
32375
32356
32311
32305
32344
32423
32462
32433
32395
32431
32392
32340
32297
32293
32280
32252
32262
32295
32333
32321
32294
32307
32383
32461
32431
32405
32417
32460
32481
32393
32361
32337
32383
32377
32382
32434
32497
32511
32471
32463
32518
32519
32460
32399
32437
32479
32495
32446
32459
32515
32567
32529
32494
32509
32520
32521
32472
32465
32497
32463
32383
32382
32453
32504
32483
32485
32540
32607
32554
32445
32391
32413
32423
32401
32391
32423
32440
32431
32383
32412
32430
32430
32394
32391
32420
32397
32328
32270
32294
32353
32403
32386
32384
32421
32428
32412
32391
32403
32366
32301
32273
32274
32313
32329
32304
32301
32367
32428
32441
32455
32482
32499
32479
32443
32428
32407
32381
32335
32323
32393
32449
32407
32406
32439
32468
32477
32471
32423
32431
32489
32516
32511
32536
32549
32526
32519
32523
32518
32474
32403
32367
32409
32461
32488
32423
32424
32455
32462
32477
32494
32517
32538
32540
32530
32535
32505
32439
32385
32375
32398
32422
32383
32374
32378
32399
32395
32367
32351
32383
32401
32421
32439
32427
32395
32369
32339
32340
32344
32322
32319
32326
32402
32421
32407
32343
32297
32325
32311
32305
32319
32331
32365
32391
32392
32419
32418
32433
32409
32437
32446
32458
32432
32441
32440
32419
32390
32366
32367
32384
32416
32429
32493
32554
32563
32531
32520
32500
32481
32457
32450
32483
32553
32617
32585
32529
32511
32470
32427
32411
32363
32406
32475
32469
32466
32541
32560
32471
32433
32449
32439
32461
32509
32495
32535
32463
32298
32150
32174
32317
32419
32361
32359
32383
32391
32391
32267
32290
32379
32352
32355
32477
32493
32411
32251
32099
32137
32220
32280
32328
32471
32533
32439
32270
32265
32341
32457
32395
32322
32369
32491
32519
32471
32451
32456
32398
32374
32488
32568
32544
32443
32339
32424
32571
32519
32397
32397
32524
32592
32547
32513
32598
32651
32587
32431
32390
32485
32547
32554
32565
32589
32587
32483
32411
32423
32407
32367
32323
32423
32563
32571
32463
32337
32359
32404
32429
32382
32455
32495
32426
32289
32245
32302
32404
32366
32282
32309
32327
32309
32255
32247
32207
32264
32326
32439
32547
32589
32449
32295
32281
32329
32262
32196
32206
32295
32380
32424
32396
32388
32467
32457
32363
32427
32497
32549
32578
32559
32487
32476
32421
32369
32430
32523
32548
32455
32487
32530
32511
32495
32471
32487
32551
32576
32539
32541
32621
32621
32525
32493
32526
32508
32534
32445
32326
32344
32376
32372
32447
32550
32593
32552
32531
32505
32432
32355
32284
32231
32293
32319
32334
32387
32465
32491
32411
32333
32291
32295
32313
32299
32281
32351
32434
32410
32396
32394
32389
32323
32251
32209
32227
32304
32349
32386
32439
32482
32494
32495
32463
32411
32343
32289
32311
32400
32477
32454
32404
32423
32491
32501
32503
32439
32379
32429
32465
32489
32550
32544
32544
32569
32566
32579
32511
32407
32345
32353
32433
32488
32500
32559
32597
32606
32549
32471
32439
32439
32469
32439
32446
32535
32555
32478
32407
32365
32343
32387
32408
32471
32489
32449
32387
32379
32423
32423
32335
32354
32386
32425
32409
32307
32234
32247
32293
32336
32389
32469
32444
32349
32303
32336
32385
32391
32338
32322
32391
32443
32383
32323
32265
32261
32291
32379
32449
32472
32460
32440
32408
32483
32506
32472
32445
32454
32469
32473
32487
32464
32478
32468
32433
32389
32423
32473
32455
32445
32469
32543
32618
32616
32582
32513
32530
32542
32511
32498
32489
32455
32406
32421
32440
32478
32485
32445
32439
32445
32483
32472
32455
32435
32439
32428
32399
32373
32381
32358
32375
32409
32480
32455
32382
32343
32297
32305
32298
32287
32279
32307
32338
32368
32374
32375
32374
32425
32383
32340
32325
32311
32287
32335
32420
32439
32457
32435
32393
32358
32343
32330
32348
32425
32452
32429
32425
32429
32424
32453
32474
32485
32543
32571
32498
32447
32433
32446
32451
32511
32547
32473
32452
32397
32369
32449
32520
32525
32497
32519
32585
32581
32569
32510
32437
32483
32493
32439
32443
32396
32337
32351
32415
32450
32469
32443
32382
32337
32445
32469
32439
32430
32437
32432
32391
32347
32308
32295
32344
32365
32398
32409
32395
32291
32281
32274
32265
32309
32334
32339
32381
32434
32447
32439
32453
32443
32367
32340
32354
32333
32322
32359
32352
32379
32438
32447
32463
32440
32437
32390
32415
32425
32469
32510
32546
32531
32507
32526
32499
32465
32448
32437
32443
32455
32515
32537
32555
32535
32453
32401
32392
32433
32455
32469
32515
32574
32619
32621
32565
32483
32437
32416
32425
32443
32423
32399
32369
32356
32361
32360
32369
32360
32411
32447
32415
32356
32335
32365
32389
32423
32431
32401
32397
32398
32371
32309
32281
32271
32273
32299
32310
32350
32365
32378
32337
32335
32377
32372
32409
32452
32500
32471
32495
32485
32425
32388
32360
32331
32339
32391
32433
32435
32463
32469
32448
32465
32463
32487
32519
32533
32551
32533
32546
32541
32502
32509
32500
32485
32477
32481
32444
32443
32467
32450
32435
32465
32468
32469
32494
32522
32481
32465
32470
32452
32471
32468
32441
32447
32458
32429
32391
32337
32297
32295
32321
32349
32343
32365
32407
32400
32377
32387
32376
32354
32344
32338
32328
32338
32389
32374
32387
32391
32343
32313
32338
32351
32322
32331
32323
32354
32400
32428
32420
32426
32436
32429
32462
32471
32462
32428
32435
32471
32497
32509
32467
32421
32421
32427
32429
32418
32460
32501
32535
32556
32552
32507
32511
32513
32527
32527
32509
32471
32493
32510
32487
32470
32460
32439
32436
32457
32461
32415
32401
32413
32429
32483
32530
32493
32461
32445
32411
32422
32445
32399
32343
32356
32359
32368
32385
32357
32316
32323
32336
32338
32341
32376
32367
32388
32404
32411
32377
32336
32301
32311
32367
32377
32359
32369
32393
32407
32419
32412
32367
32389
32397
32391
32376
32434
32446
32443
32449
32484
32477
32471
32431
32437
32458
32489
32487
32471
32492
32501
32505
32510
32509
32513
32484
32457
32448
32493
32494
32455
32447
32483
32546
32527
32494
32461
32444
32455
32469
32463
32481
32475
32469
32459
32450
32446
32389
32346
32351
32412
32429
32426
32406
32391
32406
32397
32381
32363
32362
32347
32350
32359
32383
32379
32333
32312
32319
32353
32382
32377
32380
32375
32399
32374
32344
32359
32360
32370
32354
32338
32382
32384
32404
32388
32395
32435
32457
32447
32455
32449
32460
32441
32439
32458
32471
32463
32429
32435
32462
32486
32497
32501
32505
32495
32460
32459
32456
32489
32515
32536
32555
32541
32546
32512
32470
32426
32423
32417
32439
32416
32428
32466
32456
32447
32464
32468
32471
32468
32445
32423
32454
32443
32413
32385
32393
32374
32330
32327
32327
32376
32416
32391
32371
32371
32359
32333
32353
32376
32394
32372
32373
32352
32356
32369
32327
32317
32384
32416
32401
32382
32363
32354
32359
32378
32399
32417
32450
32433
32425
32449
32467
32455
32426
32417
32433
32495
32510
32483
32477
32502
32517
32463
32449
32454
32441
32469
32479
32493
32533
32526
32487
32469
32503
32498
32485
32474
32513
32540
32554
32488
32450
32447
32441
32409
32401
32421
32418
32391
32391
32413
32436
32457
32433
32407
32433
32457
32423
32400
32385
32385
32382
32335
32313
32312
32297
32261
32266
32331
32391
32399
32387
32385
32379
32360
32357
32391
32424
32410
32391
32351
32329
32344
32350
