32903
32829
32747
32671
32657
32641
32671
32727
32792
32880
32799
32665
32570
32437
32303
32294
32380
32455
32414
32467
32661
32822
32837
32761
32680
32663
32772
32925
32901
32780
32639
32466
32421
32417
32397
32423
32481
32681
32919
33210
33386
33453
33409
33364
33346
33298
33262
33229
33161
33143
33326
33359
33301
33295
33233
33077
32999
32911
32921
32994
33022
33172
33379
33403
33308
33162
33108
33095
33085
33128
33133
33023
32922
32691
32439
32377
32416
32503
32603
32687
32845
33037
33083
32974
32776
32621
32442
32348
32293
32302
32330
32391
32586
32754
32904
33143
33181
32999
32780
32503
32251
32199
32035
32007
32202
32451
32625
32727
32850
33014
33056
32961
32823
32698
32645
32695
32777
33027
33141
33177
33223
33219
33213
33203
33150
33087
32993
32940
32999
33131
33115
33095
33097
33191
33420
33645
33694
33655
33532
33311
33095
32938
32869
32839
32786
32789
32873
32942
33047
33001
32957
33049
33037
32926
32907
32772
32605
32482
32433
32480
32613
32594
32598
32743
32805
32825
32803
32767
32669
32567
32579
32599
32559
32545
32675
32683
32643
32626
32550
32429
32333
32283
32272
32418
32687
32862
33067
33139
33098
33059
32955
32685
32561
32559
32565
32695
32813
32927
32892
32839
32960
33177
33295
33249
33145
33041
32932
32949
33009
33057
33128
33311
33511
33696
33659
33455
33155
32883
32723
32667
32753
32869
32930
33022
33103
33241
33468
33495
33219
32970
32742
32530
32469
32403
32509
32563
32610
32804
33040
33134
33151
32996
32905
32875
32695
32569
32481
32378
32305
32255
32404
32655
32831
33043
33014
32975
32813
32530
32379
32401
32463
32698
32841
32931
32981
32811
32739
32689
32612
32698
32755
32695
32695
32512
32425
32535
32683
32851
33083
33169
33199
33210
33207
33108
32818
32657
32696
32829
33032
33239
33245
33256
33314
33313
33374
33345
33252
33221
33237
33090
32875
32696
32685
32839
32986
33059
33085
33180
33264
33215
33003
32805
32755
32717
32873
32995
33010
33185
33265
33199
32888
32514
32301
32318
32305
32380
32476
32583
32794
32961
32971
32985
32947
32953
32908
32928
32902
32711
32543
32422
32328
32436
32591
32707
32895
32855
32695
32545
32408
32379
32493
32649
32823
32926
32936
32945
32820
32673
32612
32676
32919
33028
33034
33002
32946
32935
32854
32878
32948
33059
33143
33124
33021
32904
32911
32923
32985
33060
33229
33295
33252
33274
33220
33149
33142
33193
33259
33270
33307
33315
33113
32873
32696
32509
32517
32549
32598
32795
32965
33106
33167
33057
33009
32955
32895
32902
32837
32883
32829
32735
32677
32593
32503
32439
32399
32574
32737
32693
32649
32606
32543
32598
32601
32687
32778
32895
32897
32909
32727
32541
32402
32343
32363
32477
32656
32719
32685
32736
32734
32767
32865
32943
32961
32972
32966
32866
32716
32597
32634
32807
33023
33199
33355
33404
33315
33205
33113
33047
33103
33156
33172
33189
33167
33160
33125
33153
33209
33179
33168
33119
32986
32932
32857
32847
32915
33035
33171
33301
33359
33287
33101
32849
32607
32401
32361
32461
32519
32529
32591
32689
32791
32928
33015
33011
32941
32779
32663
32554
32497
32353
32272
32303
32404
32554
32677
32727
32706
32687
32616
32553
32511
32591
32655
32615
32632
32757
32846
32884
32821
32750
32639
32621
32643
32625
32706
32857
32966
33001
33055
33011
33075
33207
33255
33285
33329
33341
33351
33258
33046
32899
32828
32919
33027
33060
33183
33278
33373
33450
33431
33404
33332
33176
32967
32883
32847
32833
32871
32901
32984
33000
32935
32875
32847
32831
32794
32720
32592
32601
32615
32709
32770
32848
32845
32825
32771
32650
32475
32391
32345
32239
32312
32521
32711
32849
32887
32804
32743
32615
32538
32520
32537
32591
32651
32695
32674
32600
32623
32679
32689
32751
32823
32912
32935
32911
32894
32876
32879
32955
32985
33045
33097
33068
33046
33023
33027
33101
33229
33239
33199
33228
33215
33194
33129
33189
33210
33199
33173
33145
33079
32993
32905
32905
32949
33024
33127
33144
33102
33099
33096
33069
32997
32921
32830
32707
32587
32466
32432
32487
32527
32671
32801
32903
32931
32845
32750
32584
32397
32406
32531
32636
32700
32743
32825
32917
32861
32794
32639
32463
32386
32343
32345
32407
32469
32653
32827
32981
33125
33136
33056
32995
32870
32695
32574
32551
32599
32668
32788
32927
32987
33073
33120
33138
33121
33041
32991
32888
32888
32936
32994
33139
33184
33211
33219
33203
33211
33249
33215
33180
33101
32994
33042
33089
33061
32978
32865
32796
32848
32944
33045
33057
32979
32945
32924
32897
32949
32871
32752
32639
32581
32719
32816
32875
32933
32917
32866
32791
32613
32493
32455
32399
32391
32437
32541
32713
32855
33045
32985
32846
32763
32701
32693
32593
32550
32590
32626
32695
32697
32728
32723
32655
32597
32600
32639
32679
32761
32801
32957
33061
33021
32958
32892
32821
32809
32871
32944
33015
33057
33123
33108
33059
33059
33063
33047
32992
32971
32997
33019
33109
33174
33127
33178
33228
33238
33205
33108
32984
32957
32917
32928
32997
33091
33115
32999
32953
32856
32765
32762
32732
32788
32931
32942
32873
32847
32783
32665
32635
32637
32647
32677
32740
32812
32866
32845
32801
32701
32652
32681
32594
32534
32448
32370
32424
32515
32666
32719
32759
32855
32924
32871
32767
32661
32604
32555
32513
32533
32628
32699
32811
32940
32939
32919
32857
32857
32888
32893
32843
32823
32877
32955
33054
33087
33121
33120
33151
33253
33317
33255
33100
33002
32941
32976
33013
33073
33130
33143
33153
33209
33237
33255
33181
33063
32991
32959
32970
32936
32879
32831
32846
32834
32861
32940
32963
32963
32874
32780
32753
32717
32739
32714
32639
32519
32455
32472
32586
32705
32771
32789
32797
32779
32639
32519
32428
32395
32493
32541
32583
32679
32755
32742
32679
32601
32606
32576
32528
32593
32651
32660
32661
32709
32777
32903
32991
33082
33088
32971
32863
32814
32855
32881
32912
33011
33088
33127
33215
33205
33205
33213
33159
33159
33192
33199
33215
33235
33173
33114
33102
33104
33115
33077
33053
33094
33100
33079
33055
33010
32919
32881
32869
32894
32967
32983
32898
32839
32810
32806
32753
32589
32503
32461
32523
32628
32661
32667
32631
32634
32655
32646
32711
32703
32615
32483
32412
32402
32462
32514
32596
32680
32726
32695
32664
32646
32593
32589
32565
32586
32659
32739
32898
33007
32960
32859
32831
32851
32843
32855
32867
32951
32975
32967
33021
33101
33175
33242
33225
33197
33187
33113
33053
33031
33008
33058
33111
33133
33182
33251
33284
33273
33269
33223
33164
33105
33030
32925
32806
32775
32813
32892
32946
32993
32979
32953
32895
32792
32719
32639
32626
32603
32632
32691
32755
32780
32781
32719
32619
32605
32553
32486
32450
32427
32389
32436
32519
32625
32713
32755
32788
32805
32735
32703
32723
32713
32673
32619
32608
32631
32649
32669
32702
32705
32746
32837
32976
33035
33019
32962
32887
32854
32869
32935
32958
33039
33081
33125
33189
33239
33191
33139
33056
32965
32956
32973
33058
33127
33155
33189
33191
33181
33169
33118
32994
32942
32893
32897
32951
32941
32979
33021
33045
33079
33045
32959
32869
32767
32625
32590
32571
32581
32598
32624
32641
32671
32703
32737
32717
32718
32725
32725
32714
32673
32661
32661
32631
32621
32586
32567
32609
32647
32663
32633
32627
32637
32676
32696
32710
32700
32691
32745
32821
32927
32991
32975
32938
32870
32770
32761
32714
32727
32772
32815
32897
32983
33062
33109
33093
33071
33074
33006
33000
33065
33060
33061
33020
33001
33044
33096
33160
33175
33147
33069
33035
32997
33009
33015
33020
32989
32962
32954
32909
32903
32904
32889
32871
32851
32865
32879
32887
32864
32814
32809
32803
32823
32852
32845
32793
32707
32559
32531
32546
32523
32556
32601
32631
32688
32765
32817
32838
32781
32714
32655
32637
32633
32607
32605
32641
32671
32721
32742
32723
32683
32635
32611
32649
32724
32783
32885
32888
32903
32902
32907
32903
32874
32909
32929
32957
32970
32987
32990
32959
32927
32921
32990
33037
33140
33179
33203
33229
33175
33117
33043
33001
32997
32961
32926
32961
33050
33103
33125
33151
33135
33113
33078
33037
32983
32893
32797
32723
32661
32693
32745
32817
32894
32913
32893
32845
32789
32726
32592
32555
32592
32663
32695
32711
32709
32703
32688
32649
32613
32587
32573
32550
32521
32529
32584
32619
32635
32649
32700
32737
32751
32765
32764
32746
32703
32647
32630
32620
32670
32715
32694
32751
32803
32901
33039
33118
33137
33111
33023
32955
32937
32953
32967
32955
32979
33021
33111
33183
33247
33210
33183
33150
33146
33140
33144
33106
33086
33079
33043
33034
33056
33063
33065
33042
32969
32914
32865
32879
32867
32867
32875
32845
32839
32847
32840
32847
32799
32737
32627
32597
32614
32625
32599
32564
32567
32569
32589
32612
32618
32615
32615
32609
32619
32619
32599
32578
32547
32561
32597
32620
32631
32657
32673
32669
32671
32685
32748
32781
32856
32889
32908
32921
32893
32853
32838
32855
32871
32903
32946
33010
33055
33071
33080
33140
33170
33210
33231
33211
33175
33119
33082
33069
33043
33057
33054
33087
33103
33107
33105
33103
33135
33109
33082
33072
33030
32964
32895
32849
32820
32837
32861
32862
32883
32885
32835
32747
32645
32571
32531
32490
32520
32567
32605
32659
32714
32744
32736
32669
32615
32569
32507
32494
32481
32461
32460
32514
32636
32711
32777
32807
32789
32757
32705
32657
32607
32599
32600
32624
32717
32826
32947
32980
32963
32972
32991
33013
33020
32992
32963
32950
32925
32946
32989
33041
33075
33099
33101
33140
33161
33173
33162
33148
33100
33082
33079
33079
33100
33119
33091
33119
33111
33109
33083
32987
32908
32826
32748
32719
32737
32763
32815
32905
32923
32900
32872
32837
32813
32753
32639
32613
32574
32559
32558
32548
32569
32599
32615
32637
32647
32653
32631
32599
32585
32557
32567
32591
32649
32701
32740
32735
32723
32721
32695
32695
32709
32727
32723
32743
32791
32815
32829
32849
32842
32864
32909
32911
32923
32923
32943
32961
32987
33005
33045
33063
33114
33124
33108
33093
33053
32999
32997
33011
33055
33053
33045
33063
33065
33063
33063
33073
33049
33034
32999
32977
32938
32964
32983
32995
32971
32923
32890
32850
32825
32799
32769
32738
32669
32657
32676
32685
32705
32669
32683
32694
32727
32781
32819
32778
32707
32633
32567
32531
32535
32595
32648
32651
32696
32731
32769
32805
32781
32747
32656
32591
32595
32638
32636
32685
32763
32808
32921
32955
32964
32943
32879
32843
32783
32769
32797
32832
32859
32918
32982
33039
33066
33053
33042
33017
32985
32957
32975
32989
32999
33020
33059
33097
33135
33138
33121
33099
33071
32999
32996
32984
32963
32950
32927
32929
32925
32933
32957
32979
32953
32942
32921
32913
32870
32829
32785
32754
32663
32660
32692
32714
32745
32752
32738
32738
32700
32653
32632
32609
32584
32567
32582
32627
32680
32717
32713
32715
32701
32687
32666
32651
32646
32647
32651
32661
32698
32732
32753
32744
32747
32748
32743
32763
32777
32822
32812
32831
32861
32884
32921
32953
32959
32993
33015
33014
33015
33010
33019
32991
32991
33009
33055
33079
33097
33120
33119
33117
33082
33067
33034
33019
32987
33011
33035
33065
33083
33050
33011
32977
32948
32926
32917
32897
32871
32840
32826
32817
32817
32831
32801
32769
32735
32679
32666
32677
32673
32643
32605
32595
32628
32655
32643
32648
32623
32607
32631
32641
32667
32638
32611
32575
32573
32591
32611
32634
32643
32686
32719
32751
32751
32775
32809
32799
32777
32752
32716
32765
32799
32904
32954
32994
33018
33009
33025
33017
32980
32951
32956
32963
33013
33093
33133
33133
33135
33119
33135
33143
33120
33078
33073
33072
33065
33091
33073
33086
33078
33060
33047
33017
32994
32929
32879
32856
32839
32800
32833
32822
32819
32804
32811
32813
32795
32760
32692
32667
32642
32607
32596
32605
32583
32555
32556
32554
32581
32601
32605
32615
32615
32591
32558
32576
32569
32599
32599
32619
32667
32733
32777
32823
32810
32782
32750
32701
32723
32748
32775
32826
32864
32908
32941
32972
33003
33000
33009
33003
33001
33020
33007
33005
32995
33036
33117
33169
33194
33201
33191
33159
33113
33072
33035
33013
33000
33002
33012
33005
33013
33056
33063
33057
33059
33015
32971
32924
32879
32816
32793
32785
32756
32727
32739
32743
32732
32677
32655
32619
32591
32569
32554
32558
32601
32626
32631
32648
32652
32669
32652
32605
32597
32589
32583
32602
32595
32600
32617
32633
32673
32687
32705
32739
32735
32751
32773
32833
32842
32855
32841
32839
32844
32891
32915
32933
32940
32991
33023
33036
33031
33008
32999
32964
32979
33007
33047
33093
33079
33099
33075
33079
33079
33064
33070
33077
33066
33061
33079
33095
33069
33034
32995
32963
32923
32890
32867
32849
32845
32818
32829
32856
32839
32847
32817
32812
32810
32777
32738
32663
32659
32632
32615
32619
32633
32649
32655
32639
32629
32615
32608
32603
32597
32601
32627
32654
32696
32705
32709
32709
32717
32749
32731
32711
32714
32705
32709
32719
32720
32746
32783
32854
32890
32922
32931
32942
32929
32943
32921
32895
32907
32907
32916
32919
32965
33009
33047
33072
33089
33119
33117
33080
33029
32982
32939
32942
32950
32967
33002
33030
33071
33057
33063
33035
33013
32972
32948
32915
32881
32883
32880
32877
32880
32871
32865
32862
32838
32792
32773
32750
32679
32658
32638
32661
32662
32682
32702
32735
32760
32770
32789
32745
32645
32601
32558
32555
32583
32622
32662
32697
32719
32769
32809
32789
32775
32757
32710
32703
32700
32721
32733
32731
32759
32795
32851
32868
32888
32902
32903
32925
32909
32917
32915
32916
32928
32925
32955
32967
32997
32991
32999
33017
33015
33025
33023
33039
33039
33028
33038
33053
33043
33057
33062
33061
33040
33013
32975
32942
32914
32907
32914
32919
32930
32931
32933
32909
32895
32862
32823
32781
32774
32771
32770
32775
32772
32749
32687
32674
32653
32663
32623
32614
32601
32614
32647
32656
32669
32644
32655
32702
32697
32676
32632
32605
32595
32611
32635
32664
32692
32727
32760
32782
32851
32853
32832
32801
32783
32794
32813
32791
32823
32842
32861
32919
32955
32981
33000
32983
33011
33033
33040
33052
33039
33026
33025
33022
33031
33057
33104
33121
33091
33092
33087
33061
33051
33001
32970
32970
32973
32999
33031
33056
33037
32993
32969
32941
32895
32827
32807
32785
32758
32703
32711
32737
32718
32735
32741
32737
32736
32689
32659
32620
32564
32543
32526
32546
32567
32595
32635
32667
32699
32691
32686
32674
32612
32601
32577
32580
32629
32645
32644
32682
32703
32754
32785
32851
32816
32825
32839
32861
32875
32862
32906
32906
32959
32987
33021
33048
33049
33013
32999
33015
33011
33029
33023
33018
33047
33082
33115
33139
33139
33142
33115
33111
33129
33089
33072
33037
32975
32965
32959
32951
32935
32917
32905
32922
32938
32921
32871
32837
32776
32749
32715
32701
32682
32679
32673
32678
32670
32680
32663
32626
32596
32573
32584
32603
32585
32580
32589
32574
32601
32603
32591
32603
32586
32591
32620
32653
32679
32705
32742
32745
32765
32796
32811
32791
32778
32783
32799
32810
32863
32854
32889
32925
32938
32955
32983
32985
32975
33014
33010
33043
33077
33070
33064
33069
33073
33096
33080
33101
33079
33040
33035
33031
33044
33057
33027
33011
33010
33024
33047
33047
33020
32988
32945
32919
32925
32885
32858
32811
32779
32759
32730
32743
32730
32736
32728
32732
32707
32681
32631
32583
32527
32554
32588
32599
32628
32630
32665
32712
32715
32689
32648
32604
32596
32615
32630
32662
32663
32658
32660
32713
32782
32837
32830
32790
32792
32784
32812
32870
32878
32868
32882
32939
32967
33004
33011
32975
32987
32983
32957
32943
32939
32953
32972
32991
33027
33063
33074
33091
33071
33079
33066
33017
33005
32982
32975
32999
33023
32986
32971
32933
32931
32952
32972
32961
32935
32889
32866
32826
32800
32824
32811
32774
32765
32727
32761
32772
32788
32749
32667
32639
32628
32645
32657
32672
32673
32655
32635
32649
32636
32668
32664
32652
32679
32647
32645
32653
32649
32671
32714
32740
32781
32815
32794
32791
32794
32772
32803
32812
32763
32757
32797
32861
32915
32934
32885
32894
32892
32888
32935
32940
32943
32919
32917
32934
33015
33025
33019
32998
32967
32991
33001
32997
33001
32999
32954
32992
32999
33009
33029
32981
32968
32964
32957
32919
32917
32944
32933
32933
32899
32863
32855
32865
32891
32908
32884
32807
32790
32790
32791
32783
32749
32650
32672
32701
32708
32721
32744
32690
32689
32736
32706
32695
32681
32654
32664
32648
32649
32649
32690
32717
32724
32732
32721
32701
32687
32703
32723
32748
32723
32709
32759
32805
32856
32856
32878
32874
32877
32881
32839
32851
32868
32885
32935
32975
32993
33000
33019
33013
33038
33049
32979
32973
32965
33023
33050
33077
33061
33088
33079
33073
33098
33075
33076
33051
33025
32969
32968
32953
32927
32946
32949
32951
32962
32913
32853
32837
32880
32847
32782
32731
32701
32756
32759
32752
32702
32664
32663
32674
32661
32657
32615
32551
32505
32521
32559
32645
32631
32583
32582
32609
32627
32657
32623
32608
32613
32585
32615
32638
32635
32647
32663
32728
32793
32884
32828
32840
32839
32817
32816
32846
32861
32887
32922
32943
33012
33039
33053
33069
33075
33081
33061
33049
33060
33072
33100
33091
33087
33094
33123
33144
33139
33076
33067
33036
33025
33069
33047
32993
32958
32980
32991
33023
33020
32935
32908
32906
32849
32802
32782
32771
32737
32663
32692
32683
32662
32641
32585
32603
32639
32642
32609
32570
32551
32525
32556
32578
32557
32549
32591
32591
32605
32569
32583
32601
32567
32623
32670
32657
32689
32675
32649
32671
32757
32789
32855
32889
32823
32858
32904
32901
32943
32983
32968
32981
32985
33019
33076
33084
33061
33028
33025
33031
33079
33084
33097
33101
33111
33134
33149
33164
33161
33102
33073
33063
33052
33023
32983
32965
32993
32979
32977
32935
32900
32879
32861
32847
32831
32813
32771
32744
32691
32695
32743
32739
32675
32655
32617
32587
32587
32599
32590
32519
32524
32549
32573
32585
32636
32597
32590
32615
32605
32624
32650
32607
32569
32609
32639
32691
32744
32743
32742
32778
32829
32823
32846
32881
32884
32853
32831
32858
32887
32931
32958
32965
33023
33047
33022
33044
33048
33035
33063
33047
33028
33063
33043
33059
33077
33098
33083
33105
33072
33013
33036
33027
32976
32973
32959
32947
32960
32993
32993
32995
32959
32912
32884
32871
32844
32811
32765
32666
32657
32660
32706
32725
32714
32702
32689
32684
32679
32669
32605
32557
32564
32565
32609
32623
32631
32614
32613
32648
32682
32707
32673
32620
32635
32651
32679
32695
32701
32721
32733
32733
32747
32809
32867
32826
32786
32835
32890
32912
32915
32901
32918
32913
32927
32975
33018
33025
33007
32959
32922
32953
32999
32999
32984
32980
32982
33020
33044
33069
33049
33025
33007
33000
33003
33017
32987
32991
32983
32947
32945
32946
32919
32908
32885
32859
32875
32861
32839
32849
32841
32840
32836
32802
32790
32756
32691
32679
32677
32663
32663
32669
32645
32685
32711
32702
32702
32680
32638
32634
32632
32623
32622
32615
32614
32643
32659
32698
32707
32710
32734
32740
32735
32743
32730
32707
32743
32781
32815
32839
32845
32823
32845
32870
32892
32897
32891
32880
32880
32929
32957
32933
32958
32972
32957
33007
33043
33068
33069
33043
33004
32974
32983
33005
32997
33023
32983
32971
33012
33059
33095
33041
33001
32967
32947
32957
32947
32904
32866
32853
32853
32887
32899
32913
32885
32847
32803
32803
32794
32771
32696
32633
32652
32658
32671
32675
32646
32646
32652
32693
32671
32622
32625
32611
32605
32602
32653
32649
32642
32625
32655
32671
32676
32679
32671
32635
32631
32667
32701
32725
32727
32767
32781
32842
32856
32919
32925
32928
32909
32895
32922
32919
32936
32953
32951
32967
32997
33063
33065
33063
33053
33045
33046
33040
33055
33069
33045
33083
33083
33057
33036
33046
33037
33035
32995
33018
33003
32969
32906
32903
32911
32919
32901
32871
32849
32836
32821
32815
32801
32739
32687
32670
32666
32704
32697
32682
32656
32617
32612
32611
32596
32583
32567
32554
32535
32553
32594
32601
32574
32583
32623
32646
32637
32663
32671
32672
32679
32697
32714
32723
32725
32754
32772
32841
32843
32834
32848
32861
32885
32922
32959
32975
32976
33012
33019
33028
33069
33072
33063
33072
33066
33045
33063
33067
33079
33079
33075
33081
33107
33119
33105
33075
33041
33020
33003
32994
32973
32948
32937
32957
32932
32899
32910
32873
32867
32851
32839
32802
32737
32662
32639
32664
32654
32663
32617
32623
32621
32613
32607
32594
32567
32549
32560
32558
32584
32599
32580
32579
32623
32662
32633
32615
32611
32631
32623
32611
32614
32663
32713
32743
32781
32854
32873
32865
32879
32892
32905
32910
32931
32927
32923
32967
32975
33005
33039
33033
33055
33079
33071
33063
33044
33051
33063
33077
33063
33047
33038
33081
33109
33095
33083
33049
33002
32993
32995
32981
32974
32923
32907
32910
32923
32921
32903
32834
32827
32803
32789
32775
32743
32677
32660
32657
32656
32669
32651
32651
32638
32634
32629
32612
32611
32617
32585
32582
32567
32573
32579
32624
32635
32665
32669
32663
32675
32679
32672
32679
32705
32711
32748
32777
32811
32836
32827
32855
32850
32891
32879
32887
32887
32894
32951
32973
32955
32977
32999
33015
33023
33017
33013
33005
33005
33013
33038
33043
33037
33014
33021
33023
33039
33065
33033
33004
32975
32981
32988
32974
32937
32927
32909
32929
32931
32879
32874
32867
32857
32864
32826
32806
32780
32782
32760
32737
32721
32707
32667
32679
32689
32686
32647
32636
32627
32637
32653
32647
32638
32647
32631
32642
32678
32679
32681
32663
32667
32660
32677
32663
32686
32717
32741
32743
32756
32778
32832
32820
32823
32846
32855
32845
32839
32855
32863
32895
32908
32933
32943
32951
32959
32988
32985
32968
32964
32951
32955
32978
33001
32993
33007
33015
33024
33023
33007
32983
32976
32965
32965
32987
32972
32988
32976
32968
32947
32964
32947
32907
32875
32871
32855
32851
32818
32804
32809
32815
32795
32794
32785
32800
32791
32759
32693
32683
32669
32679
32664
32664
32673
32671
32671
32688
32679
32680
32681
32669
32649
32647
32645
32656
32664
32648
32671
32698
32737
32737
32732
32734
32772
32799
32804
32788
32772
32800
32813
32844
32873
32883
32879
32895
32908
32927
32933
32921
32928
32929
32951
32990
32999
33005
33007
33006
33035
33063
33053
33049
33028
32988
33001
32991
32981
32991
32982
32980
32994
33015
32986
32970
32950
32930
32942
32925
32901
32895
32879
32845
32858
32820
32824
32794
32783
32775
32775
32737
32691
32674
32659
32654
32645
32639
32655
32632
32626
32597
32610
32642
32644
32635
32607
32623
32621
32637
32633
32643
32663
32663
32668
32689
32701
32706
32713
32701
32713
32747
32793
32821
32869
32869
32879
32902
32919
32931
32905
32943
32945
32980
32995
32987
32996
33019
33019
33013
33033
33049
33051
33042
33040
33041
33055
33061
33069
33051
33052
33080
33070
33043
33021
32989
32967
32947
32935
32915
32905
32887
32881
32883
32861
32839
32831
32809
32785
32740
32681
32678
32661
32655
32657
32630
32637
32633
32632
32639
32622
32594
32568
32561
32579
32593
32607
32560
32564
32583
32615
32655
32652
32655
32661
32675
32695
32716
32727
32723
32729
32753
32771
32862
32875
32879
32895
32900
32923
32917
32921
32952
32959
32951
32991
32994
33007
33045
33072
33078
33096
33065
33065
33068
33071
33049
33048
33030
33031
33029
33034
33031
33037
33015
33011
32984
32969
32967
32947
32932
32890
32865
32845
32848
32827
32806
32823
32777
32790
32759
32695
32682
32647
32639
32639
32641
32624
32624
32613
32581
32571
32575
32587
32611
32634
32627
32603
32589
32595
32625
32639
32655
32649
32663
32687
32709
32737
32734
32719
32715
32719
32767
32817
32872
32866
32877
32897
32909
32933
32950
32933
32949
32951
32973
32997
33007
33011
33029
33061
33047
33037
33037
33030
33045
33037
33017
33035
33037
33023
33015
33021
33039
33013
32967
32948
32925
32943
32934
32911
32883
32866
32871
32875
32861
32823
32817
32819
32816
32789
32752
32667
32662
32637
32627
32631
32642
32683
32691
32660
32635
32627
32631
32654
32610
32593
32609
32607
32637
32647
32663
32672
32657
32673
32687
32705
32694
32728
32719
32718
32740
32771
32827
32819
32845
32869
32888
32889
32884
32909
32923
32929
32899
32895
32903
32944
32978
32991
32991
32979
32999
33008
33011
32991
32977
32967
32964
32962
33012
33008
32983
32967
32982
33005
32996
32976
32940
32925
32915
32933
32935
32891
32871
32868
32863
32861
32832
32831
32823
32802
32812
32775
32781
32790
32780
32748
32703
32672
32687
32695
32689
32661
32650
32641
32624
32655
32660
32664
32655
32634
32672
32700
32720
32710
32709
32705
32679
32686
32694
32701
32704
32719
32735
32753
32768
32794
32826
32839
32847
32845
32843
32869
32871
32852
32887
32903
32915
32935
32946
32949
32962
32964
32967
32948
32935
32951
32967
32966
32995
32999
33000
32998
32988
32999
32980
32961
32954
32953
32958
32965
32955
32950
32932
32935
32960
32953
32926
32894
32848
32818
32849
32839
32821
32781
32735
32716
32740
32765
32753
32734
32682
32687
32693
32727
32710
32669
32613
32609
32643
32689
32679
32666
32629
32611
32623
32618
32641
32682
32661
32646
32657
32687
32714
32721
32717
32735
32743
32753
32775
32807
32807
32811
32805
32821
32842
32861
32877
32913
32926
32935
32937
32947
32956
32959
32957
32974
32987
32985
32980
32977
33030
33063
33061
33042
32997
33005
33010
33047
33011
33021
32993
32973
32973
32975
32972
32970
32923
32902
32907
32912
32911
32903
32852
32851
32831
32821
32817
32827
32758
32699
32669
32679
32670
32661
32639
32625
32600
32609
32629
32622
32595
32599
32631
32651
32643
32629
32608
32609
32607
32639
32644
32639
32646
32659
32658
32667
32675
32708
32719
32753
32770
32835
32849
32840
32852
32863
32897
32942
32937
32951
32941
32951
32993
32999
32997
32999
33019
33034
33065
33079
33074
33055
33059
33062
33081
33060
33043
33049
33023
33047
33041
33045
33061
33022
33033
32997
32982
32985
32923
32903
32879
32875
32851
32809
32775
32775
32792
32793
32779
32736
32694
32695
32656
32632
32631
32610
32618
32607
32604
32589
32578
32595
32596
32566
32559
32557
32573
32576
32577
32607
32601
32604
32617
32644
32716
32738
32738
32689
32685
32720
32766
32775
32822
32825
32812
32837
32880
32941
32983
32989
32979
32945
32944
32980
32995
32998
33015
33003
33019
33039
33055
33082
33079
33093
33069
33053
33049
33067
33078
33043
32989
32953
32984
32983
33014
32994
32975
32936
32887
32845
32833
32855
32897
32857
32823
32801
32759
32712
32721
32741
32707
32700
32639
32593
32591
32595
32617
32615
32581
32567
32571
32613
32649
32655
32599
32552
32573
32630
32649
32661
32639
32629
32595
32642
32714
32753
32777
32754
32702
32721
32791
32835
32835
32843
32854
32865
32925
32935
32923
32901
32925
32969
32995
33023
33011
32999
33009
33019
33031
33038
33028
33034
33015
33017
33027
33019
32995
32969
32988
33025
33009
32995
32971
32968
32954
32956
32963
32935
32911
32877
32846
32831
32825
32846
32861
32861
32811
32748
32713
32716
32685
32685
32666
32659
32658
32646
32664
32667
32665
32667
32645
32643
32654
32645
32641
32610
32659
32639
32647
32664
32657
32690
32711
32711
32703
32707
32712
32747
32755
32758
32733
32724
32755
32800
32874
32917
32931
32925
32920
32903
32896
32917
32899
32893
32919
32956
32965
32965
32958
32972
32946
32965
32999
33015
33016
32998
32959
32925
32937
32999
33005
33011
32983
32923
32951
32942
32959
32957
32893
32859
32840
32885
32895
32895
32871
32819
32797
32827
32861
32875
32843
32747
32689
32680
32712
32735
32745
32741
32690
32656
32647
32684
32701
32705
32665
32639
32627
32659
32673
32670
32633
32635
32655
32688
32710
32721
32714
32718
32711
32699
32726
32722
32744
32751
32765
32783
32804
32826
32821
32837
32874
32884
32858
32839
32869
32908
32957
32947
32948
32921
32919
32937
32963
32977
32990
32972
32978
32987
32977
32967
32987
32977
32971
32993
33006
32986
32997
32991
32957
32953
32958
32949
32925
32920
32925
32933
32894
32868
32849
32858
32863
32866
32837
32813
32769
32761
32714
32743
32766
32743
32693
32663
32631
32630
32665
32687
32679
32650
32635
32650
32653
32667
32639
32634
32609
32631
32651
32657
32671
32674
32653
32639
32644
32709
32739
32764
32768
32773
32782
32778
32790
32837
32856
32861
32842
32833
32879
32935
32957
32959
32927
32917
32936
32977
32981
32987
32975
32996
33003
33020
33041
33051
33020
33009
33015
33047
33048
33011
32983
32945
32959
32964
32999
32979
32953
32959
32923
32940
32891
32869
32839
32838
32831
32813
32791
32793
32767
32705
32703
32707
32720
32712
32657
32628
32601
32615
32615
32607
32600
32620
32605
32619
32619
32623
32616
32595
32615
32636
32643
32663
32649
32645
32637
32663
32683
32727
32745
32761
32761
32765
32774
32823
32839
32861
32873
32895
32892
32937
32951
32959
32991
33007
32988
32996
33016
33011
33030
33026
33028
33043
33033
33049
33057
33061
33041
33038
33020
33039
33029
33017
32990
32972
32963
32951
32952
32955
32932
32926
32897
32863
32856
32843
32815
32797
32771
32756
32719
32705
32688
32678
32668
32647
32651
32659
32630
32625
32607
32588
32567
32588
32610
32611
32615
32615
32613
32623
32620
32616
32593
32634
32653
32701
32700
32700
32702
32721
32746
32782
32815
32812
32872
32860
32863
32865
32892
32903
32923
32941
32951
32959
32982
32979
32987
32999
32994
32999
33008
33023
33035
33038
33023
33025
33020
33030
33047
33044
33013
32975
32964
32973
32983
32973
32981
32962
32932
32903
32887
32874
32859
32873
32831
32813
32791
32797
32791
32780
32779
32761
32715
32679
32665
32669
32648
32633
32615
32612
32635
32649
32626
32591
32592
32633
32661
32647
32626
32636
32647
32649
32679
32679
32663
32683
32699
32745
32751
32754
32753
32737
32757
32761
32818
32851
32859
32875
32869
32897
32924
32943
32945
32949
32965
32983
32958
32962
32951
32959
32971
32983
32999
33018
33031
33000
32989
32982
33003
33007
32969
32977
32951
32939
32945
32935
32930
32955
32959
32948
32930
32891
32886
32842
32847
32824
32822
32805
32799
32775
32777
32777
32781
32754
32678
32681
32707
32693
32695
32673
32638
32645
32673
32688
32695
32695
32662
32665
32665
32651
32661
32687
32688
32665
32652
32653
32709
32749
32749
32727
32747
32759
32771
32823
32838
32830
32831
32828
32833
32859
32894
32892
32901
32883
32907
32929
32935
32935
32922
32933
32951
32945
32961
32959
32975
32967
32955
32943
32959
32971
32990
32979
32967
32945
32952
32949
32937
32957
32959
32940
32922
32906
32903
32897
32885
32875
32854
32860
32858
32877
32864
32823
32813
32807
32791
32747
32724
32726
32740
32754
32727
32707
32683
32679
32681
32667
32669
32677
32682
32671
32673
32672
32657
32667
32677
32715
32737
32745
32703
32703
32695
32708
32715
32718
32739
32747
32781
32845
32847
32828
32833
32832
32832
32853
32861
32891
32900
32881
32874
32903
32918
32952
32971
32942
32967
32964
32967
32977
32956
32963
32965
32953
32971
32977
32999
33003
32951
32943
32949
32974
32963
32948
32940
32923
32934
32909
32877
32889
32871
32892
32908
32875
32851
32814
32795
32773
32755
32717
32725
32741
32739
32720
32697
32682
32661
32673
32677
32689
32662
32626
32626
32612
32664
32659
32645
32626
32632
32682
32725
32714
32698
32645
32644
32663
32715
32746
32763
32729
32729
32747
32771
32851
32887
32880
32869
32863
32860
32903
32943
32935
32922
32922
32935
32943
32974
32981
32999
32998
32975
32981
33007
33018
33035
33019
32989
32999
33009
33021
33020
33030
33007
32983
32980
32934
32937
32939
32935
32920
32893
32866
32869
32875
32872
32857
32838
32823
32774
32751
32720
32727
32734
32711
32676
32659
32645
32641
32663
32639
32633
32643
32620
32629
32607
32607
32629
32643
32625
32638
32641
32660
32671
32659
32687
32681
32695
32711
32738
32757
32776
32829
32794
32785
32791
32815
32871
32895
32903
32902
32889
32907
32916
32980
32994
33012
32991
32988
32999
33007
33039
33041
33011
33000
33027
33031
33045
33037
33029
32986
32989
32987
32993
33002
32990
32945
32913
32912
32943
32956
32944
32894
32877
32846
32839
32830
32804
32768
32769
32733
32734
32725
32715
32680
32663
32659
32649
32664
32671
32643
32595
32591
32603
32630
32642
32620
32610
32629
32657
32665
32659
32667
32667
32647
32665
32671
32703
32709
32729
32757
32755
32784
32835
32835
32872
32875
32863
32881
32891
32899
32907
32955
32949
32948
32945
32967
32976
33016
33018
33013
32993
32984
32976
32967
33007
33041
33031
33005
32997
33003
32997
32999
32981
32967
32917
32909
32919
32936
32925
32909
32881
32878
32863
32864
32861
32869
32823
32775
32753
32712
32735
32729
32722
32703
32681
32670
32677
32677
32679
32663
32643
32611
32626
32639
32655
32638
32639
32649
32676
32669
32663
32675
32676
32705
32716
32699
32706
32715
32727
32763
32762
32772
32816
32838
32819
32835
32874
32899
32883
32885
32877
32894
32931
32958
32976
32973
32941
32937
32952
32971
32982
33000
32983
32965
32948
32964
32988
32997
32989
32974
32944
32955
32971
32970
32959
32941
32925
32929
32918
32931
32947
32911
32875
32861
32849
32852
32839
32809
32813
32796
32806
32791
32777
32764
32741
32719
32711
32677
32678
32690
32681
32685
32687
32690
32657
32673
32674
32685
32703
32701
32691
32653
32663
32675
32694
32693
32684
32689
32711
32754
32749
32757
32738
32743
32747
32771
32843
32837
32831
32855
32841
32859
32887
32911
32925
32905
32909
32923
32921
32922
32905
32927
32932
32947
32974
32985
32986
32984
32967
32943
32945
32972
32989
32979
32950
32915
32927
32935
32963
32953
32947
32921
32901
32880
32883
32895
32860
32856
32827
32837
32847
32855
32845
32811
32784
32783
32807
32781
32761
32716
32701
32699
32678
32690
32670
32687
32691
32679
32684
32667
32664
32658
32653
32653
32675
32663
32689
32667
32703
32719
32721
32740
32721
32717
32731
32751
32748
32763
32769
32809
32825
32830
32853
32873
32887
32883
32889
32889
32917
32919
32931
32908
32935
32951
32957
32966
32974
32977
32995
32991
32983
32992
32978
32981
32997
32987
32988
32991
32976
32964
32953
32939
32948
32939
32927
32905
32890
32909
32889
32900
32874
32853
32831
32821
32814
32808
32787
32791
32749
32679
32719
32712
32692
32671
32633
32653
32668
32663
32676
32664
32664
32653
32647
32643
32648
32639
32642
32651
32665
32681
32682
32685
32693
32685
32705
32714
32726
32740
32758
32790
32832
32818
32825
32831
32864
32895
32901
32903
32903
32927
32948
32964
32955
32946
32963
32985
33015
32999
32983
32980
32983
32981
32999
33017
33004
32999
32995
32994
33012
33013
32994
32976
32963
32949
32953
32961
32928
32893
32883
32863
32847
32848
32854
32837
32821
32786
32775
32757
32709
32719
32710
32702
32703
32675
32673
32654
32641
32643
32640
32621
32623
32629
32645
32649
32630
32631
32619
32650
32655
32684
32687
32684
32673
32676
32691
32719
32734
32749
32763
32775
32816
32839
32846
32856
32880
32883
32907
32897
32905
32913
32933
32953
32955
32946
32975
32975
32995
33024
33003
33004
33007
32998
33010
32994
33008
32985
32975
32993
33022
32983
32965
32965
32935
32949
32938
32923
32891
32873
32897
32893
32882
32857
32827
32817
32819
32810
32787
32775
32759
32703
32687
32671
32683
32675
32653
32647
32642
32642
32661
32660
32624
32625
32631
32635
32651
32645
32654
32648
32661
32688
32694
32703
32706
32713
32701
32710
32729
32765
32781
32809
32830
32824
32844
32878
32867
32878
32870
32892
32905
32937
32951
32933
32942
32951
32949
32965
32991
33005
32996
32997
32979
32981
32983
32984
32983
32991
32999
32974
32987
32969
32967
32953
32927
32912
32923
32911
32918
32901
32895
32872
32854
32838
32823
32817
32837
32817
32815
32783
32743
32713
32725
32725
32725
32713
32683
32680
32699
32687
32682
32657
32659
32652
32631
32684
32709
32683
32671
32662
32684
32718
32709
32709
32700
32713
32717
32721
32749
32762
32779
32802
32799
32807
32831
32865
32865
32873
32877
32882
32870
32890
32890
32887
32915
32903
32933
32930
32943
32943
32955
32985
32989
32973
32985
32961
32946
32953
32965
32965
32969
32948
32947
32961
32963
32945
32919
32897
32895
32917
32909
32901
32873
32859
32839
32839
32857
32861
32862
32841
32837
32804
32779
32775
32756
32727
32719
32710
32711
32706
32689
32695
32696
32697
32703
32691
32685
32675
32695
32694
32678
32701
32706
32699
32703
32706
32717
32699
32707
32709
32737
32760
32750
32752
32759
32761
32775
32831
32847
32873
32872
32874
32855
32882
32883
32897
32918
32911
32912
32928
32925
32935
32944
32941
32951
32938
32951
32953
32953
32967
32986
32983
32980
32980
32977
32961
32937
32909
32918
32944
32948
32934
32909
32895
32905
32901
32901
32869
32869
32857
32829
32815
32827
32789
32789
32783
32797
32806
32799
32782
32750
32711
32695
32692
32685
32675
32690
32675
32681
32642
32625
32633
32689
32703
32719
32710
32671
32667
32659
32676
32711
32723
32698
32711
32742
32773
32834
32828
32817
32779
32813
32839
32862
32859
32858
32860
32885
32892
32892
32913
32936
32943
32951
32963
32957
32990
32975
32973
32961
32951
32945
32964
32991
33015
33018
33019
32976
32959
32935
32931
32939
32931
32927
32938
32943
32951
32909
32885
32862
32860
32853
32857
32836
32811
32815
32807
32811
32789
32767
32711
32687
32673
32695
32696
32702
32663
32647
32639
32629
32677
32666
32638
32653
32657
32663
32649
32647
32652
32660
32677
32679
32682
32687
32711
32728
32742
32749
32735
32751
32758
32773
32811
32846
32871
32889
32906
32919
32916
32903
32897
32910
32926
32931
32919
32969
32985
33026
33041
33047
33013
32971
32959
32956
32919
32954
32984
32974
33015
33036
33084
33015
32915
32864
32849
32834
32936
33024
32981
32918
32838
32810
32820
32825
32815
32763
32782
32797
32762
32724
32673
32631
32707
32722
32663
32724
32749
32722
32721
32623
32615
32603
32509
32519
32657
32710
32671
32575
32615
32699
32739
32775
32745
32650
32759
32679
32616
32687
32693
32850
32927
32828
32866
32929
32949
32906
32835
32811
32881
32893
32867
32923
32975
33048
33081
33033
33016
32986
32972
32979
32852
32851
32946
32983
33027
32990
33034
33133
33125
33038
32967
32908
32905
32940
32907
32849
32769
32764
32789
32897
32910
32939
32945
32932
32834
32713
32633
32637
32663
32771
32811
32796
32847
32905
32871
32780
32559
32413
32447
32493
32597
32722
32741
32717
32679
32703
32669
32658
32626
32621
32709
32843
32887
32793
32740
32641
32716
32726
32666
32731
32765
32855
32922
32839
32779
32791
32751
32760
32862
32973
33047
33052
33045
33082
33055
33021
32923
32825
32827
32873
32899
32959
32942
32943
33042
33122
33146
33095
32994
32924
32839
32779
32733
32667
32757
32889
33012
33085
33081
33009
33031
32987
32871
32791
32647
32490
32575
32697
32767
32877
32901
32871
32861
32816
32759
32612
32507
32479
32547
32634
32799
32888
32887
32831
32813
32827
32731
32645
32617
32593
32619
32663
32626
32674
32742
32740
32762
32764
32715
32633
32639
32743
32857
32935
32963
32973
32948
32949
32944
32880
32863
32767
32724
32802
32853
32856
32799
32764
32793
32973
33087
33146
33129
33115
33014
32921
32821
32715
32741
32857
32959
32990
33038
33039
32994
32987
32906
32842
32806
32734
32683
32698
32801
32879
32915
32913
32974
33084
33047
32930
32840
32723
32633
32609
32585
32599
32674
32719
32747
32764
32820
32889
32895
32890
32822
32693
32555
32487
32526
32645
32778
32884
32838
32823
32799
32758
32677
32635
32615
32628
32683
32743
32836
32862
32823
32791
32770
32805
32899
32923
32921
32887
32866
32819
32814
32828
32859
32883
32885
32885
32876
32877
32869
32887
32907
32929
32949
33032
33119
33119
33074
32971
32885
32855
32822
32822
32885
32939
32965
33016
33019
33007
32963
32855
32785
32723
32695
32777
32895
32939
32948
32943
32967
32938
32887
32896
32872
32815
32808
32679
32578
32539
32493
32527
32629
32703
32736
32821
32880
32853
32797
32732
32662
32641
32645
32665
32663
32699
32691
32681
32736
32766
32755
32754
32676
32627
32650
32663
32629
32646
32647
32741
32827
32915
32979
33023
33049
33087
33073
33008
32899
32735
32659
32686
32752
32856
32958
33015
33008
33018
33067
33013
32913
32887
32881
32923
32964
33020
33089
33126
33095
33034
32988
32937
32926
32890
32831
32804
32776
32838
32887
32853
32825
32773
32733
32693
32689
32760
32887
32935
32887
32823
32812
32838
32823
32708
32564
32571
32589
32581
32551
32533
32573
32590
32614
32663
32733
32733
32704
32670
32630
32635
32706
32747
32795
32810
32849
32833
32784
32754
32703
32759
32788
32846
32831
32799
32789
32797
32785
32825
32914
32998
33023
33053
33077
33067
33079
32995
32974
33000
33001
32978
32887
32829
32853
32907
32981
33057
33085
33086
33011
32969
32879
32778
32774
32825
32900
32957
33022
33039
33011
32965
32889
32845
32801
32743
32647
32625
32599
32594
32589
32663
32724
32769
32871
32819
32764
32693
32609
32575
32579
32560
32617
32687
32732
32773
32814
32742
32663
32655
32663
32633
32564
32569
32603
32635
32735
32827
32933
32972
32926
32919
32913
32876
32831
32805
32793
32828
32885
32930
32975
32989
32999
32954
32915
32880
32885
32880
32903
32981
33051
33102
33093
33063
33018
32943
32907
32911
32937
32929
32945
32999
32973
32885
32833
32798
32829
32867
32873
32853
32867
32921
32882
32816
32778
32796
32815
32824
32804
32794
32805
32807
32769
32727
32662
32637
32645
32599
32528
32557
32600
32668
32712
32807
32885
32852
32775
32683
32613
32625
32665
32673
32691
32743
32789
32882
32885
32813
32789
32765
32675
32635
32663
32676
32695
32757
32891
33107
33174
33131
33063
32943
32851
32855
32860
32853
32857
32875
32924
32943
32934
32903
32919
32927
32938
32923
32941
32956
32938
32914
32922
32985
33018
33018
32978
32935
32875
32830
32839
32875
32854
32821
32789
32745
32713
32718
32701
32735
32802
32869
32874
32887
32853
32759
32682
32689
32738
32783
32841
32809
32753
32679
32638
32645
32647
32630
32655
32676
32680
32658
32643
32688
32717
32802
32851
32853
32866
32828
32774
32777
32832
32820
32841
32806
32778
32747
32720
32747
32796
32877
32911
32903
32877
32850
32810
32785
32831
32919
32999
33078
33112
33086
33003
32895
32849
32876
32851
32859
32861
32881
32908
32863
32842
32885
32989
33022
32991
32984
32975
32917
32863
32800
32813
32903
32940
32916
32888
32918
32831
32787
32735
32703
32742
32726
32710
32707
32716
32728
32805
32864
32793
32772
32735
32729
32697
32663
32695
32719
32758
32735
32713
32679
32609
32571
32584
32671
32723
32731
32729
32734
32755
32817
32819
32753
32727
32783
32853
32865
32821
32829
32871
32829
32788
32822
32812
32802
32835
32885
32925
32980
33001
32985
32943
32850
32822
32857
32951
33009
33040
33071
33057
33009
33006
32963
32857
32818
32776
32798
32927
32983
32967
32879
32859
32914
32992
33051
33003
32905
32820
32813
32848
32863
32791
32724
32723
32751
32735
32783
32807
32745
32662
32652
32655
32652
32656
32634
32618
32662
32761
32798
32839
32807
32750
32663
32606
32572
32597
32651
32681
32667
32637
32661
32695
32695
32691
32721
32761
32798
32847
32871
32847
32860
32871
32903
32913
32920
32823
32931
32919
32839
32959
32925
33043
32954
32857
32825
32818
32856
32897
33063
33081
33047
32845
32755
32763
32790
33103
33231
33215
33117
33127
32943
32741
32634
32469
32697
32865
32901
32927
33029
32830
32543
32535
32590
32783
33037
32954
32811
32823
32779
32761
32733
32659
32625
32781
32840
32629
32703
32711
32621
32535
32556
32543
32657
32623
32518
32603
32631
32873
33110
33031
32805
32593
32671
32656
32791
32863
32858
32947
32873
32902
32967
32906
32844
32868
32859
32908
32929
32947
32911
32808
32761
32835
32919
32928
32971
33036
33193
33127
33231
33287
33241
33059
32925
32781
32707
32613
32579
32725
32814
32949
33065
32981
32892
32829
32812
32722
32777
32901
32983
32939
32767
32713
32679
32772
32818
32783
32783
32765
32839
32863
32772
32505
32305
32343
32420
32593
32664
32778
32875
32959
32988
33044
32993
32859
32807
32743
32618
32575
32483
32404
32396
32604
32887
33134
33124
33093
33125
33161
33087
32969
32817
32551
32423
32561
32685
32889
33041
32925
32967
33066
33133
33198
33218
32997
32965
33061
32945
32929
32895
32761
32666
32692
32755
32810
32951
32944
32888
32901
32939
32947
32984
32898
32717
32636
32589
32715
32857
33031
33133
32975
32811
32699
32511
32451
32526
32517
32597
32679
32799
32854
32859
32801
32703
32695
32786
32845
32819
32832
32695
32683
32754
32647
32694
32683
32733
32791
32827
32839
32871
32902
32939
32995
32939
32839
32674
32613
32573
32706
32946
33045
33051
32878
32901
32999
32939
32863
32867
32903
32855
32907
32892
32999
33013
32871
32969
32941
32988
33003
32903
32823
32783
32784
32796
32749
32674
32755
32839
32979
32935
32940
33040
33087
33034
32971
32765
32565
32493
32383
32387
32516
32617
32733
32801
32824
32905
33002
32841
32797
32803
32780
32827
32775
32585
32577
32637
32637
32704
32681
32790
32922
32830
32678
32559
32635
32793
32959
33131
33147
33041
32955
32748
32551
32639
32642
32685
32759
32717
32783
32954
32842
32916
32983
33023
33157
33135
33063
33007
32889
32792
32678
32555
32538
32721
32912
33104
32979
32881
32907
32962
33139
33083
32984
32894
32670
32659
32804
33031
33053
32895
32705
32703
32755
32909
33025
32793
32631
32486
32641
32869
32941
32959
32887
32869
32849
32790
32749
32647
32513
32517
32576
32675
32832
32891
32843
32738
32699
32801
32885
32861
32833
32832
32821
32813
32733
32644
32652
32657
32728
32743
32619
32647
32850
32932
32866
32919
33046
33071
33005
32961
32903
32878
32782
32760
32707
32591
32583
32593
32628
32771
32983
33143
33183
33109
33111
33125
32969
32785
32689
32633
32711
32793
32918
32982
32903
32936
32941
32993
33020
32968
32951
32791
32653
32775
32750
32692
32711
32759
32990
33002
32855
32849
32775
32609
32649
32625
32646
32499
32631
32912
32727
32671
32725
32782
32907
32900
32824
32617
32514
32405
32344
32517
32675
32519
32806
32867
32852
32959
33129
32897
32960
33253
32915
32672
32511
32343
32398
32726
32743
32806
33045
32896
33064
33176
33203
32840
32908
32995
32882
32933
32891
32851
32793
32871
32978
33083
33196
32963
32881
32791
32812
32844
33037
32969
32852
33006
32949
33138
33042
32830
32933
32821
32877
32954
32855
32839
32763
32629
32819
32659
32626
33017
33029
33001
32814
32579
32623
32630
32586
32698
32661
32613
32723
32615
32583
32534
32544
32726
32767
32749
32929
32917
32885
32879
32711
32649
32587
32441
32567
32667
32583
32772
32728
32759
32894
32919
33109
33173
33097
32966
32943
32899
32883
32949
32827
32674
32607
32865
32988
33059
33141
33072
33179
33199
33103
33031
32939
32812
32818
32833
32823
32843
32877
32954
32968
33165
33326
33151
33049
32931
32684
32555
32620
32551
32546
32747
32885
32917
33003
33033
32906
32925
32794
32546
32390
32443
32386
32399
32599
32731
32888
33042
33029
32887
32871
32750
32429
32569
32607
32577
32635
32467
32300
32526
32673
32840
33037
32935
33103
33079
33136
33135
32725
32613
32591
32462
32691
32840
32807
32962
32967
33057
33095
32913
32915
32964
32834
32930
33015
33008
33069
33003
32957
32993
32911
32972
32914
32911
32931
32939
32937
32872
32824
32899
33033
33006
32966
32815
32674
32787
33021
32927
32834
32699
32515
32693
32661
32603
32605
32611
32567
32711
32851
33011
33135
32941
32771
32711
32492
32503
32321
32154
32233
32423
32853
33103
32997
33027
32968
32847
32877
32643
32405
32517
32559
32653
32703
32851
32930
32945
33007
32931
32955
32927
32853
32776
32711
32646
32705
32816
32883
32896
33001
33159
33149
33086
33105
32967
33007
32906
32663
32451
32583
32815
33003
33190
33149
33162
33179
33197
33036
32905
32807
32569
32621
32727
32751
32751
32830
32843
32957
33103
33039
33064
32885
32750
32724
32805
32791
32709
32727
32763
32879
32796
32649
32539
32605
32707
32703
32681
32567
32749
32788
32813
32915
32685
32582
32646
32710
32731
32802
32749
32683
32608
32572
32830
32907
32851
32735
32623
32758
32841
32798
32717
32717
32750
32899
32947
32861
32782
32794
32989
33017
32979
33007
32935
32887
32834
32642
32575
32718
32827
33141
33277
33220
33232
33042
32834
32720
32678
32631
32611
32686
32955
33181
33205
33215
33120
33084
33031
32967
32986
32824
32713
32667
32633
32599
32664
32736
32721
32837
32973
32999
32949
32871
32759
32721
32791
32711
32605
32521
32432
32532
32703
32752
32694
32785
32890
32920
32847
32641
32546
32463
32434
32503
32539
32599
32677
32831
33002
33141
33025
32897
32743
32577
32581
32664
32687
32680
32713
32791
32945
33025
33106
33027
32830
32822
32846
32877
32923
32853
32858
32981
32943
32962
33045
33058
33102
32999
32928
32994
33033
33116
33161
33036
32929
32795
32649
32668
32761
32859
33019
33011
33037
33018
32959
32927
32769
32777
32863
32958
32975
32847
32664
32518
32519
32479
32491
32591
32701
32745
32816
32870
32771
32739
32556
32511
32553
32593
32642
32619
32589
32589
32644
32687
32788
32775
32781
32879
32777
32699
32560
32482
32615
32716
32737
32809
32971
33076
33103
33105
33072
32887
32799
32701
32615
32744
32855
32932
32924
32984
33081
33143
33198
33209
33098
33028
32985
32911
32898
32749
32639
32734
32816
32997
33142
33196
33235
33120
33019
32980
32876
32813
32753
32557
32585
32683
32695
32780
32911
32951
33026
32987
32863
32744
32557
32431
32359
32395
32514
32670
32877
33022
32924
32825
32695
32551
32563
32513
32463
32517
32527
32532
32624
32723
32786
32879
32887
32881
32880
32925
32827
32689
32625
32608
32711
32734
32798
32897
32945
33031
33031
32945
32959
33022
32975
32936
32792
32764
32820
32899
32961
33080
33107
33054
33049
32998
32969
32846
32823
32883
32910
33019
33087
33070
33051
32964
32871
32871
32829
32778
32793
32791
32820
32851
32879
32887
32871
32853
32853
32823
32799
32825
32788
32733
32659
32623
32656
32628
32638
32663
32731
32651
32631
32643
32608
32609
32611
32631
32675
32738
32853
32903
32848
32795
32723
32649
32695
32689
32707
32715
32690
32692
32679
32685
32831
32965
32987
32994
33007
32965
32931
32819
32736
32656
32715
32807
32901
33021
33079
33074
33075
32965
32910
32921
32873
32802
32701
32689
32831
32946
32959
33069
33053
33079
33023
32923
32899
32859
32759
32730
32755
32783
32920
32910
32923
32865
32847
32925
32834
32885
32903
32761
32643
32649
32568
32573
32721
32762
32789
32800
32866
32895
32916
32883
32790
32713
32583
32525
32430
32407
32491
32571
32759
32952
33075
33005
32955
32802
32650
32601
32649
32677
32733
32689
32560
32559
32671
32895
33119
33154
33037
33009
32863
32639
32599
32601
32647
32763
32857
32999
33073
33023
32907
32815
32764
32865
33097
33149
32902
32782
32787
32828
32893
32928
32939
32983
32969
32899
32964
32924
32907
32903
32931
32996
32973
32993
32953
32815
32781
32810
32845
32839
32791
32791
32774
32769
32827
32875
32934
32931
32896
32809
32719
32685
32675
32627
32559
32541
32600
32649
32620
32633
32675
32703
32831
32825
32728
32665
32555
32525
32655
32744
32729
32802
32762
32748
32823
32667
32611
32499
32550
32632
32645
32665
32781
32779
32817
33003
33008
33063
33050
32769
32719
32660
32849
32887
32867
32769
32709
32904
32931
32989
33329
33259
33161
33172
32991
32715
32713
32795
32667
32674
32669
33009
33321
33253
33153
33117
33301
33102
33055
32957
32785
32653
32647
32774
32815
32902
32830
32841
32735
32693
32858
32803
32745
32513
32577
32759
32831
32856
32886
32714
32459
32529
32557
32571
32518
32554
32625
32677
32808
32767
32703
32631
32493
32499
32618
32620
32708
32793
32765
32828
32891
32879
32919
32779
32685
32747
32859
32824
32936
33033
33009
32993
33031
32927
32823
32809
32697
32879
32985
33051
33212
33095
32979
32930
32983
32906
32905
32920
32943
33130
33235
33163
33042
32923
32832
32955
32999
32947
32859
32814
32742
32669
32760
32987
33038
32951
32779
32818
33027
33039
33047
32903
32701
32583
32493
32471
32425
32425
32618
32847
32903
32985
32967
32797
32680
32639
32637
32624
32663
32530
32450
32517
32500
32633
32797
32871
32930
33037
32912
32819
32732
32581
32590
32605
32654
32775
32914
32935
32923
33001
33004
32931
32832
32776
32655
32614
32638
32618
32751
32904
33112
33265
33189
33146
33079
32952
32967
32859
32782
32814
32796
32829
32882
32963
33033
33096
33063
32971
32931
32921
32883
32871
32868
32931
33005
33014
33006
33066
33028
32951
32827
32708
32596
32575
32538
32608
32663
32732
32847
33048
33115
33013
32880
32700
32476
32454
32424
32427
32511
32551
32660
32834
32897
32944
32883
32807
32785
32795
32721
32569
32522
32419
32437
32494
32689
32821
32969
33003
32969
32913
32821
32727
32547
32570
32513
32555
32707
32882
33061
33107
33111
33018
32905
32822
32763
32675
32679
32549
32615
32803
32995
33115
33237
33215
33034
32992
32936
32802
32857
32775
32729
32841
32990
33023
33166
33181
33096
33064
32935
32775
32791
32765
32615
32663
32701
32820
32980
32931
32941
32911
32895
32790
32732
32552
32485
32561
32589
32661
32757
32837
32937
33032
32942
32838
32807
32605
32381
32336
32345
32369
32483
32548
32725
32969
33083
33149
33079
33023
32891
32681
32509
32369
32423
32523
32703
32917
33059
33077
33020
32938
32854
32791
32767
32692
32598
32623
32744
32839
32992
33055
33056
33105
33153
33187
33098
32996
32879
32709
32569
32553
32667
32913
33099
33110
33100
33142
33068
33052
33001
32877
32750
32563
32547
32662
32771
32926
33022
33049
33042
32944
32954
32856
32659
32529
32531
32492
32571
32710
32793
32838
32733
32603
32622
32611
32714
32735
32713
32726
32683
32726
32784
32807
32772
32735
32601
32635
32739
32713
32729
32669
32737
32737
32814
32850
32847
32847
32842
32811
32804
32863
32873
32886
32797
32762
32849
32915
32970
32969
32907
32994
32958
32900
32885
32839
32773
32837
32849
32905
32967
33041
33055
33069
33094
33098
32947
32859
32715
32667
32747
32724
32816
32944
32963
33069
33111
33041
32979
32868
32863
32808
32661
32533
32503
32495
32544
32660
32776
32892
32933
32914
32919
32924
32880
32727
32567
32489
32481
32559
32604
32674
32727
32756
32807
32865
32910
32900
32831
32733
32639
32584
32594
32610
32641
32654
32741
32848
32975
33046
33071
33013
32943
32839
32756
32683
32681
32600
32655
32736
32841
32989
33071
33081
33051
32934
32882
32890
32913
32937
32861
32808
32805
32799
32864
32955
32949
33012
33058
33123
33130
33090
32981
32851
32746
32593
32529
32627
32707
32791
32967
32951
32967
32993
32958
32916
32813
32722
32613
32605
32605
32715
32773
32747
32661
32663
32723
32737
32727
32743
32696
32713
32753
32749
32728
32675
32669
32646
32639
32681
32751
32793
32864
32835
32849
32857
32755
32679
32705
32710
32725
32774
32858
32879
32875
32871
32874
32793
32801
32830
32830
32855
32843
32926
32935
32875
32887
32910
32926
32881
32883
32933
32937
32949
33015
32985
32956
32998
32957
32911
32895
32848
32797
32792
32791
32830
32933
33001
32999
32973
32974
32968
32958
32875
32773
32735
32677
32675
32677
32679
32682
32720
32729
32780
32871
32849
32858
32754
32633
32644
32610
32602
32655
32639
32667
32753
32762
32800
32871
32834
32762
32711
32680
32647
32657
32676
32635
32622
32729
32863
32997
33013
32868
32796
32741
32614
32623
32689
32747
32806
32919
33035
33063
33076
33018
32877
32762
32707
32739
32751
32813
32866
32899
32981
32985
33011
33105
33061
32993
32940
32851
32810
32843
32893
32905
32890
32901
32920
32979
33005
32980
32962
32890
32813
32742
32684
32657
32631
32691
32743
32805
32880
32956
32993
32929
32837
32715
32536
32483
32462
32517
32585
32623
32714
32810
32903
32933
32927
32861
32766
32605
32585
32567
32537
32561
32619
32693
32775
32902
32938
32907
32862
32839
32782
32733
32693
32685
32743
32807
32835
32898
32956
32908
32924
32935
32916
32893
32860
32849
32827
32824
32863
32895
32955
32995
33029
33040
32984
32943
32919
32915
32840
32861
32863
32889
32943
33007
32990
32972
32976
32927
32881
32860
32806
32779
32746
32672
32685
32719
32782
32903
32951
32893
32840
32787
32711
32641
32618
32583
32589
32630
32753
32849
32914
32805
32742
32663
32605
32567
32567
32592
32583
32592
32655
32765
32815
32885
32976
32961
32872
32824
32771
32731
32608
32568
32616
32693
32761
32839
32921
32939
32955
32984
32974
32922
32878
32817
32739
32677
32727
32801
32911
32968
33064
33113
33095
33069
32840
32786
32839
32794
32942
32907
32844
32911
32914
32951
32929
32843
32889
32887
32933
32842
32652
32652
32751
32803
32917
32809
32739
32636
32740
32718
32574
32658
32627
32569
32737
32558
32584
32823
32927
32859
32878
32793
32600
32591
32623
32665
32784
32878
32763
32817
32953
32867
32893
32813
32675
32651
32834
32915
32822
32831
32812
32901
33007
32899
32817
32849
32918
32919
32903
32810
32769
32814
32957
32927
32921
32989
32890
32966
32929
32799
32879
32873
32879
33015
32985
33095
32978
32837
32873
32823
32884
32999
32911
32953
32873
32747
32699
32710
32783
32880
32967
32932
32831
32758
32607
32570
32665
32641
32744
32879
32856
32937
32933
32781
32700
32599
32516
32603
32713
32624
32743
32882
32807
32909
33063
32981
33067
32913
32719
32641
32598
32586
32691
32863
33047
33105
33111
33026
32895
32937
32921
32890
32815
32699
32629
32721
32766
32855
32991
33019
33016
32953
32949
32856
32809
32747
32559
32446
32511
32657
32780
32863
32919
32950
33009
33104
32998
32792
32695
32455
32440
32609
32628
32663
32879
33012
33015
33007
32915
32893
33027
32989
32880
32799
32663
32621
32715
32863
32973
33019
33061
33015
32936
32879
32820
32842
32863
32795
32803
32829
32894
32939
32887
32924
32886
32831
32796
32775
32773
32787
32752
32695
32690
32802
32913
32940
32935
32783
32672
32562
32631
32794
32801
32775
32739
32725
32719
32663
32715
32748
32774
32781
32715
32618
32591
32597
32663
32783
32825
32843
32870
32849
32880
32891
32798
32722
32609
32547
32631
32679
32713
32787
32928
32991
33074
33145
33095
33079
32929
32711
32630
32555
32697
32878
32980
32972
33049
33079
33069
33030
32983
32935
32893
32839
32725
32706
32623
32699
32771
32813
32947
33021
33066
33122
32867
32692
32537
32507
32487
32608
32696
32724
32822
32894
32856
32953
32935
32783
32778
32597
32446
32496
32451
32439
32592
32783
32992
33230
33250
33011
32929
32813
32633
32563
32570
32505
32650
32745
32729
32847
32999
33003
33139
33115
32965
32878
32719
32587
32679
32719
32799
32985
33021
33073
33137
33121
33047
32972
32798
32743
32666
32609
32667
32721
32817
32964
33031
33055
33075
33089
32999
32846
32709
32571
32540
32579
32647
32699
32759
32784
32831
32845
32922
32874
32838
32763
32511
32470
32545
32565
32586
32642
32761
32859
32881
32855
32772
32812
32821
32801
32736
32620
32652
32767
32810
32944
32952
32937
32910
32847
32842
32809
32798
32772
32875
32941
33000
33123
33103
32999
32945
32876
32806
32878
32857
32823
32888
32839
32815
32921
33007
32963
32985
32953
32880
32827
32717
32673
32765
32823
32847
32842
32903
32873
32874
32887
32815
32735
32636
32647
32616
32629
32645
32651
32700
32727
32814
32936
32982
32930
32785
32700
32550
32494
32558
32521
32540
32703
32707
32778
32927
32937
32923
32965
32932
32889
32847
32758
32630
32692
32663
32713
32884
32971
33023
33124
33073
33011
32971
32875
32870
32888
32813
32844
32848
32848
32899
33010
32999
33051
33077
32995
32966
32837
32739
32727
32734
32687
32739
32755
32722
32825
32889
32899
32933
32891
32865
32793
32678
32525
32520
32528
32604
32687
32785
32887
32931
32920
32887
32829
32729
32643
32609
32571
32617
32621
32613
32632
32701
32791
32909
33035
33017
32913
32869
32783
32723
32697
32727
32775
32863
32825
32829
32905
32946
32945
32976
32952
32935
32917
32887
32871
32838
32847
32883
32943
32999
33061
33031
32985
32881
32795
32855
32859
32854
32849
32810
32807
32798
32812
32824
32863
32920
32884
32833
32789
32745
32687
32652
32632
32653
32705
32717
32695
32649
32671
32699
32750
32765
32738
32731
32779
32805
32766
32707
32655
32690
32727
32695
32727
32765
32809
32865
32863
32881
32855
32871
32856
32871
32895
32888
32903
32873
32865
32881
32863
32869
32861
32842
32877
32927
32949
32916
32905
32890
32891
32937
32853
32801
32836
32836
32869
32871
32863
32865
32909
32886
32871
32863
32809
32761
32741
32711
32713
32727
32717
32736
32803
32841
32855
32831
32708
32616
32672
32719
32685
32643
32605
32641
32706
32743
32821
32899
32884
32888
32829
32763
32716
32659
32639
32646
32684
32741
32830
32915
32898
32972
33027
32993
33005
32941
32815
32790
32794
32783
32806
32846
32871
32975
33066
33037
33053
32993
32864
32788
32762
32717
32743
32754
32775
32874
32938
32971
32969
32921
32868
32806
32741
32655
32583
32570
32669
32732
32775
32841
32863
32903
32914
32909
32856
32725
32633
32566
32537
32573
32622
32657
32734
32799
32915
32972
32982
32887
32775
32711
32649
32657
32703
32751
32755
32841
32918
32925
32971
32951
32941
32927
32859
32786
32809
32787
32769
32851
32945
33065
33072
33043
32981
32972
32976
32927
32894
32846
32807
32823
32850
32905
32923
32905
32925
32944
32966
32933
32866
32781
32667
32593
32676
32738
32732
32756
32751
32765
32793
32795
32780
32744
32631
32682
32625
32614
32673
32623
32623
32675
32651
32723
32836
32837
32734
32645
32643
32703
32737
32801
32831
32825
32884
32885
32949
32976
32875
32791
32808
32775
32793
32821
32827
32836
32889
32961
33023
33068
33053
32956
32901
32884
32842
32853
32882
32883
32908
32934
32949
33002
33003
32986
32893
32787
32795
32796
32767
32767
32776
32801
32879
32911
32925
32915
32855
32747
32724
32695
32649
32655
32593
32571
32611
32680
32785
32907
32825
32783
32768
32735
32683
32605
32486
32548
32589
32686
32811
32871
32898
32903
32819
32871
32890
32805
32762
32695
32677
32785
32812
32860
32959
32959
32999
33045
33009
32969
32880
32831
32847
32857
32851
32907
32915
32947
32986
33016
33019
33022
32940
32854
32834
32783
32795
32787
32753
32745
32827
32926
32975
32977
32979
32863
32758
32686
32652
32652
32635
32637
32633
32703
32786
32890
32887
32879
32766
32702
32708
32681
32663
32670
32631
32591
32695
32719
32765
32827
32833
32801
32807
32775
32780
32750
32663
32696
32711
32823
32925
32906
32945
32941
32919
32955
32902
32878
32839
32803
32807
32865
32930
32905
32907
32921
32997
33024
33039
33026
32972
32871
32833
32829
32839
32880
32863
32848
32831
32858
32872
32915
32873
32831
32823
32765
32724
32743
32737
32695
32678
32656
32753
32819
32815
32798
32762
32711
32706
32697
32704
32687
32659
32702
32749
32791
32819
32795
32755
32740
32769
32805
32785
32762
32739
32761
32807
32849
32887
32865
32854
32852
32919
32915
32881
32819
32835
32874
32877
32922
32922
32903
32915
32877
32887
32941
32871
32839
32857
32885
32915
32915
32932
32937
32939
32871
32826
32837
32874
32831
32785
32769
32775
32791
32824
32837
32842
32887
32837
32822
32821
32795
32721
32623
32595
32620
32701
32763
32755
32738
32725
32755
32801
32845
32839
32764
32673
32709
32732
32717
32735
32705
32731
32815
32890
32963
32977
32913
32831
32813
32791
32839
32839
32845
32827
32915
32966
32987
32990
32951
32975
32932
32901
32875
32833
32804
32789
32782
32823
32903
32921
32967
32974
32970
32928
32885
32831
32806
32765
32670
32665
32676
32721
32787
32835
32859
32874
32879
32831
32815
32802
32717
32623
32597
32645
32713
32711
32716
32773
32829
32854
32870
32828
32823
32763
32667
32687
32706
32713
32743
32719
32759
32861
32932
32934
32917
32884
32873
32871
32807
32799
32799
32817
32873
32915
33003
33013
32965
32973
33009
32967
32899
32843
32805
32809
32840
32885
32899
32933
32915
32914
32945
32975
32923
32827
32798
32781
32787
32755
32722
32720
32760
32735
32750
32765
32786
32771
32750
32693
32688
32701
32692
32690
32718
32748
32735
32727
32731
32758
32751
32691
32678
32683
32712
32749
32781
32824
32839
32825
32847
32879
32906
32841
32810
32817
32843
32855
32879
32871
32913
32929
32923
32953
32933
32924
32847
32837
32871
32905
32905
32915
32927
32932
32984
32978
32977
32935
32921
32846
32846
32805
32823
32818
32828
32833
32876
32917
32925
32919
32836
32819
32752
32679
32654
32665
32663
32673
32680
32753
32783
32799
32822
32794
32801
32747
32676
32595
32622
32575
32602
32663
32725
32792
32838
32846
32865
32879
32831
32785
32771
32785
32767
32748
32763
32803
32889
32909
32962
32989
33014
32963
32924
32860
32839
32805
32817
32863
32907
32921
32967
33006
33033
33054
32991
32942
32895
32866
32808
32775
32799
32791
32797
32840
32919
32967
32974
32909
32872
32852
32797
32757
32689
32677
32659
32686
32708
32759
32792
32829
32831
32831
32772
32759
32671
32654
32647
32655
32618
32694
32738
32759
32811
32835
32809
32762
32713
32709
32747
32727
32712
32703
32733
32821
32896
32909
32913
32911
32907
32915
32887
32880
32839
32847
32846
32890
32923
32937
32969
32915
32941
32946
32945
32916
32903
32867
32888
32872
32872
32897
32890
32899
32889
32867
32857
32859
32820
32827
32805
32775
32792
32810
32835
32825
32791
32791
32762
32718
32701
32679
32674
32689
32720
32713
32741
32754
32779
32804
32800
32791
32781
32776
32725
32707
32695
32704
32718
32739
32775
32857
32858
32885
32869
32837
32834
32829
32818
32809
32829
32828
32871
32899
32934
32933
32955
32935
32911
32861
32849
32859
32839
32841
32818
32878
32915
32955
32965
32939
32946
32928
32884
32858
32824
32805
32777
32751
32725
32801
32860
32858
32853
32847
32835
32825
32783
32755
32679
32683
32660
32673
32682
32716
32711
32777
32807
32819
32814
32807
32785
32770
32719
32659
32707
32739
32751
32759
32796
32867
32879
32871
32885
32877
32827
32805
32802
32835
32871
32859
32833
32858
32915
32943
32959
32945
32917
32873
32842
32821
32835
32831
32841
32841
32887
32927
32940
32951
32931
32882
32861
32831
32820
32833
32805
32789
32785
32808
32845
32853
32863
32851
32891
32837
32807
32749
32689
32690
32710
32727
32759
32759
32770
32769
32772
32785
32792
32785
32742
32698
32722
32717
32731
32740
32771
32843
32838
32859
32895
32855
32807
32741
32727
32773
32859
32885
32919
32873
32898
32934
32935
32941
32900
32864
32841
32858
32919
32949
32895
32829
32833
32887
32938
32983
32965
32873
32807
32777
32829
32844
32815
32784
32830
32840
32883
32869
32853
32841
32801
32754
32750
32787
32756
32700
32667
32652
32655
32734
32809
32910
32863
32767
32702
32695
32719
32723
32693
32729
32711
32697
32747
32777
32867
32852
32807
32875
32895
32815
32802
32827
32858
32806
32717
32685
32809
32951
32981
33007
32997
32919
32849
32856
32849
32877
32880
32841
32871
32929
32951
32871
32904
32948
32993
32983
32918
32873
32814
32763
32735
32776
32817
32863
32943
32941
32817
32801
32793
32711
32707
32802
32847
32764
32612
32620
32709
32784
32781
32713
32669
32752
32724
32751
32789
32727
32649
32607
32677
32800
32885
32831
32775
32818
32777
32752
32669
32671
32757
32938
33009
32924
32862
32807
32844
32801
32775
32903
33007
33033
32841
32760
32805
32959
32965
32949
32959
32948
32911
32882
32900
32959
32894
32777
32855
32917
32885
32935
32932
32940
32877
32804
32853
32967
32933
32815
32766
32813
32833
32648
32579
32639
32823
32893
32827
32783
32833
32818
32646
32617
32721
32764
32679
32578
32664
32769
32762
32644
32739
32893
32975
32856
32725
32582
32425
32465
32717
32883
32994
32925
32965
33039
32981
32837
32793
32755
32691
32699
32731
32838
32919
32978
32981
32976
32965
33044
32999
32846
32788
32823
32844
32955
32888
32919
33025
32937
32799
32639
32651
32734
32568
32881
33543
33269
33061
32728
32477
32629
32313
32327
32343
32687
33017
33079
33287
33335
33132
32454
32128
31849
31778
32351
32959
33199
33254
32991
32695
32769
32766
32730
32791
32485
32119
32538
32873
32903
32490
32347
32557
33154
33680
33518
33368
32614
32136
31909
32029
32801
33328
33922
33890
33719
33307
32249
31713
31415
31815
32427
33175
33587
33438
32955
32477
32729
33195
33817
33921
34023
33690
32968
32123
31338
31316
31849
32433
33132
33680
33091
32758
32216
31985
32517
32899
33633
34023
33810
33314
33051
32943
33115
33382
33369
33199
32717
32647
32663
32634
32575
32703
32147
31874
32231
32171
32998
33273
33052
33773
33739
33493
33203
32643
32243
32379
32419
32687
33177
33342
33402
32909
32541
32027
31607
31305
31871
32563
33485
34083
33062
32400
32170
32699
33921
34119
33621
33175
32623
32059
31580
31254
31533
32571
33201
32955
32721
32487
32601
32585
32747
32851
32864
32847
32521
32377
32367
32127
32469
32813
33317
33831
33995
33229
32754
32182
31942
31871
32127
32767
33315
34153
34482
34822
35248
35023
34206
33415
32731
32007
31585
31455
31925
33359
34358
34117
33375
32453
32099
31973
32306
32607
33099
33847
33959
33697
33272
32513
31489
31702
32239
32889
33704
33367
32789
32041
31283
30999
31439
32131
32359
32880
33049
33131
32821
32597
32901
33347
34001
33809
33619
33266
32871
32637
32444
32641
32862
32867
32289
31725
30815
30093
30309
31319
32405
33223
33871
33814
33412
33013
32546
32719
33088
33555
33695
33906
33793
33555
33501
33132
32951
32593
32283
31900
31369
31545
32136
32972
33939
34356
34969
35363
35009
34673
34280
33622
33435
33371
33171
33067
33114
32961
32476
31767
31255
31319
31470
31445
31429
32095
32753
33219
33335
33547
33461
33254
33057
32343
32252
32213
32087
32815
33305
33186
33221
32743
31998
31999
31975
31888
32371
32564
32877
33311
33133
33127
32899
32741
32622
32307
31981
31928
31940
32282
32427
32341
33005
33386
33008
32517
31799
31149
30919
31234
31792
33154
34087
34266
33533
32419
32338
32479
33101
33486
33752
33960
33878
33839
33303
32809
32551
33016
33936
34469
34559
34427
34391
33469
32631
31831
32137
32883
32633
33339
33953
33669
32584
31501
31207
32063
32841
32671
32396
31735
31504
32206
32917
33551
33757
33806
33859
33338
32851
32209
31709
31825
32013
31803
31851
32116
32745
33737
33447
33037
32925
32524
32119
32183
32927
33897
33949
33307
32908
32791
32849
32937
33010
33051
32492
31570
31141
30853
30829
31265
31951
32232
32033
32428
33092
33951
34374
33958
33359
33108
33323
33639
33965
34315
34509
34380
33812
32815
32023
31640
31588
32103
32942
33703
33813
33490
32820
32243
32375
33019
33712
34117
34391
34710
34581
33639
32770
32051
32041
32005
31764
31629
31543
31407
31070
31188
31787
32343
32710
32485
32475
32465
32433
32833
33788
34657
34771
34367
34153
33987
33345
32230
31468
31493
31961
32059
32261
32247
32201
32185
32551
32580
32833
33487
33397
33249
32669
31990
31967
32339
32873
33647
33831
33581
33495
33077
32599
32135
31651
31568
31452
31273
31902
32717
33040
33352
33710
34166
34472
34442
34099
33576
33081
32872
32774
32759
32855
33126
33539
33761
33653
33528
33233
32762
32247
32277
32182
31793
31913
32127
32186
32275
32511
33146
33594
33516
33036
32618
32285
32149
32439
32753
32797
32797
32619
32455
32629
32977
33251
33389
33345
32933
32655
32657
32505
32351
32599
32951
32861
32733
32581
32455
33095
33390
33465
33636
33650
33194
32265
31709
31663
31855
32109
32651
32919
33113
33153
32579
31901
31453
31163
31613
32407
32889
33216
33591
33848
33744
33382
33226
33399
33491
33395
33019
32799
33117
33175
33081
33375
33355
33033
32583
32235
32200
32360
32493
32731
33170
33373
33277
33139
32841
32651
32777
33020
33225
33292
33167
32907
32257
31941
31846
31851
31979
32093
32527
32946
33103
32915
32953
32895
32937
33279
33365
33127
32609
32239
32521
33026
33673
34273
34103
33496
32681
32098
31855
31743
31801
32240
32704
32803
32753
32536
32281
32125
32429
32981
33079
32837
32601
32307
32186
32268
32725
33149
33371
33339
33191
33048
32890
32584
32687
32853
32857
33289
33467
33385
33240
32948
32629
32553
32855
33522
33839
33551
33345
33044
32899
33176
33146
33249
33219
32815
32643
32703
32679
32748
32833
32675
32471
32187
31746
31571
31518
32048
32801
33177
33389
33393
33087
32771
32500
32454
32927
33174
33395
33660
33511
33104
32807
32351
32124
32383
32631
32911
32726
32102
31751
31613
31945
32695
33267
33669
33572
33251
32977
32823
32822
32896
32826
32789
32878
32927
32644
32149
31849
31893
32140
32460
32833
33042
33161
33008
32751
32720
32865
33453
33995
34199
34110
34007
33728
33313
33214
33370
33412
33145
32812
32429
32185
32079
32059
32359
32591
32595
32769
32809
32775
33025
33321
33325
33052
32700
32501
32481
32549
32791
33009
32956
32833
32394
32055
31882
31717
31764
31977
32303
32896
33460
33718
33581
33081
32695
32580
32831
33151
33408
33531
33331
32905
32426
32095
32273
32519
32665
32905
32961
32712
32424
32160
32094
32379
32609
32924
33106
33135
32947
32855
32943
33053
33145
33198
33207
32972
32879
32729
32471
32491
32759
33161
33588
33789
33703
33502
33178
32884
32787
32898
33098
33103
32967
32848
32693
32639
32663
32753
32943
33109
32942
32723
32553
32305
32385
32391
32427
32634
32783
32836
32728
32444
32447
32583
32575
32591
32464
32247
32163
32119
32223
32595
32949
33304
33580
33505
33428
33231
33043
33025
32971
33007
33125
33065
32735
32437
32301
32295
32259
32273
32495
32765
32887
32828
32703
32655
32673
32891
33248
33311
33274
33189
33057
32920
32891
32927
32929
32787
32675
32573
32571
32568
32471
32588
32880
33067
33075
33121
33175
33312
33337
33464
33715
33749
33629
33443
32999
32726
32525
32429
32397
32258
32224
32248
32173
32138
32238
32292
32473
32762
32863
32914
32840
32770
32703
32679
32845
33228
33287
33031
32902
32783
32767
32701
32561
32439
32457
32438
32432
32399
32295
32501
32851
33249
33611
33850
33843
33555
33032
32695
32489
32559
32615
32608
32669
32752
32647
32578
32524
32359
32453
32601
32605
32587
32589
32601
32691
32757
32836
33147
33297
33301
33225
33198
33249
33302
33220
33066
32813
32650
32583
32626
32730
32885
32951
33091
33348
33411
33213
33031
32823
32635
32488
32495
32642
32712
32678
32699
32835
32919
32962
32889
32753
32607
32463
32390
32327
32262
32364
32608
32859
33070
32943
32777
32734
32695
32834
33025
33058
33063
32933
32681
32557
32592
32825
33101
33120
33135
33165
33063
32871
32692
32455
32412
32479
32641
32783
32765
32619
32498
32403
32327
32520
32785
33023
33057
32904
32809
32779
32678
32699
32894
33113
33296
33265
33039
32923
32791
32811
32943
33016
33054
33074
33002
33022
33016
32940
32997
33095
33155
33262
33215
33119
33017
32937
32821
32744
32706
32712
32671
32555
32525
32449
32359
32359
32501
32663
32677
32677
32733
32733
32687
32711
32701
32687
32735
32737
32808
32903
32834
32807
32831
32867
32886
32859
32711
32685
32791
32946
32906
32771
32671
32537
32489
32535
32720
32917
33094
33080
32982
32745
32391
32191
32249
32455
32693
33025
33238
33198
33037
32879
32764
32655
32653
32708
32936
33109
33147
33095
32975
32914
32981
33079
33172
33273
33319
33312
33182
33008
32982
32967
33033
33155
33098
32935
32816
32758
32795
32868
32836
32809
32735
32502
32274
32184
32276
32352
32395
32571
32789
32929
32971
32935
32934
32833
32705
32605
32625
32670
32659
32603
32593
32545
32520
32581
