32771
32761
32741
32739
32751
32747
32759
32789
32763
32747
32758
32770
32762
32775
32769
32739
32742
32767
32767
32751
32750
32761
33367
33143
32719
32729
32743
32747
32745
32751
32758
32755
32756
32763
32753
32747
32767
32797
32778
32764
32731
32748
32776
32763
32778
32756
32752
32754
32758
32753
32739
32760
32751
32742
32742
32747
32759
32757
32757
32753
32773
32765
32728
32755
32756
32745
32745
32755
32783
32783
32763
32782
32803
32751
32750
32743
32757
32758
32757
32774
32773
32763
32775
32775
32759
32762
32767
32759
32755
32756
32752
32767
32765
32770
32783
32763
32745
32761
32754
32752
32760
32761
32779
32770
32767
32770
32759
32753
32746
32759
32747
32741
32735
32749
32759
32779
32775
32743
32767
32743
32759
32781
32799
32785
32767
32774
32769
32757
32767
32764
32779
32755
32757
32763
32775
32767
32759
32789
32773
32759
32766
32777
32751
32740
32735
32771
32767
32753
32743
32765
32774
32768
32778
32752
32747
32741
32743
32755
32755
32727
32752
32733
32781
32774
32749
32750
32751
32766
32745
32754
32782
32762
32764
32763
32745
32751
32752
32779
32761
32744
32747
32753
32743
32735
32759
32784
32765
32769
32778
32787
32759
32745
32775
32764
32769
32764
32764
32751
32752
32748
32760
32775
32776
32788
32767
32761
32753
32773
32759
32759
32787
32785
32767
32764
32755
32782
32775
32783
32785
32780
32767
32745
32748
32757
32735
32751
32781
32760
32748
32768
32765
32775
32754
32765
32770
32773
32758
32759
32785
32774
32783
32769
32739
32767
32782
32765
32767
32769
32765
32776
32801
32769
32774
32777
32763
32760
32767
32753
32762
32767
32745
32763
32743
32735
32776
32799
32796
32775
32748
32770
32761
32746
32759
32762
32759
32776
32769
32764
32768
32759
32775
32785
32799
32775
32778
32779
32767
32767
32747
32726
32756
32767
32747
32767
32779
32758
32780
32761
32773
32776
32773
32802
32795
32790
32785
32784
32783
32787
32777
32777
32791
32767
32757
32781
32754
32767
32767
32771
32760
32774
32795
32775
32756
32766
32767
32786
32769
32761
32779
32781
32786
32767
32774
32779
32776
32771
32773
32765
32760
32779
32767
32767
32787
32770
32760
32778
32773
32784
32785
32771
32755
32777
32753
32776
32784
32755
32755
32777
32749
32741
32751
32761
32761
32785
32761
32774
32753
32768
32781
32767
32760
32754
32760
32797
32792
32783
32767
32738
32748
32779
32767
32759
32769
32781
32771
32777
32780
32762
32751
32749
32764
32767
32759
32761
32761
32744
32769
32767
32779
32764
32762
32775
32760
32775
32777
32795
32764
32759
32774
32769
32781
32803
32798
32787
32755
32775
32777
32777
32762
32772
32759
32780
32751
32767
32781
32759
32754
32759
32752
32757
32766
32776
32779
32754
32746
32751
32774
32757
32747
32723
32745
32766
32757
32749
32783
32779
32787
32774
32750
32732
32727
32745
32761
32785
32791
32782
32767
32771
32765
32751
32770
32777
32802
32771
32753
32763
32799
32773
32771
32781
32779
32781
32771
32745
32753
32759
32753
32752
32751
32753
32757
32759
32761
32767
32769
32767
32751
32747
32741
32759
32749
32763
32765
32748
32738
32762
32792
32774
32767
32770
32769
32763
32791
32759
32747
32736
32743
32760
32766
32777
32760
32769
32765
32753
32753
32755
32773
32779
32789
32809
32796
32773
32801
32795
32789
32787
32796
32776
32769
32759
32759
32777
32795
32769
32767
32783
32766
32767
32769
32777
32765
32787
32769
32783
32798
32756
32783
32769
32754
32763
32756
32737
32750
32761
32767
32760
32744
32772
32775
32768
32773
32776
32777
32767
32764
32778
32777
32766
32760
32749
32751
32760
32738
32752
32772
32757
32763
32762
32769
32773
32755
32750
32758
32782
32767
32754
32755
32742
32760
32779
32786
32776
32771
32765
32764
32761
32763
32769
32775
32785
32782
32773
32767
32755
32772
32775
32791
32789
32767
32769
32793
32783
32755
32746
32740
32767
32801
32776
32771
32769
32761
32777
32764
32761
32767
32783
32767
32781
32761
32747
32767
32775
32783
32743
32767
32775
32763
32769
32761
32747
32757
32778
32767
32759
32753
32753
32751
32767
32773
32776
32757
32787
32794
32773
32765
32777
32779
32781
32790
32767
32767
32774
32783
32761
32769
32779
32754
32755
32736
32740
32765
32784
32775
32775
32750
32769
32764
32758
32758
32757
32759
32766
32751
32767
32758
32737
32728
32729
32748
32759
32770
32763
32749
32745
32772
32767
32762
32784
32799
32784
32777
32767
32745
32751
32793
32766
32756
32756
32739
32754
32751
32752
32772
32781
32772
32771
32759
32770
32785
32779
32767
32767
32757
32751
32755
32766
32761
32766
32765
32767
32775
32767
32749
32757
32780
32767
32764
32764
32767
32772
32763
32756
32761
32774
32757
32735
32756
32761
32762
32773
32781
32773
32759
32762
32767
32771
32766
32767
32772
32772
32762
32760
32757
32767
32775
32775
32763
32753
32752
32748
32763
32763
32759
32761
32760
32768
32763
32780
32759
32766
32799
32798
32775
32781
32795
32781
32787
32783
32785
32783
32801
32767
32759
32749
32752
32767
32771
32775
32771
32767
32759
32766
32772
32762
32750
32757
32769
32759
32747
32769
32776
32760
32769
32763
32755
32763
32756
32758
32773
32785
32783
32782
32755
32756
32779
32753
32758
32782
32798
32803
32789
32760
32776
32767
32775
32792
32794
32790
32799
32791
32776
32772
32767
32765
32789
32797
32808
32794
32757
32773
32785
32781
32765
32785
32783
32781
32780
32794
32793
32780
32763
32757
32767
32756
32770
32791
32772
32781
32783
32780
32776
32773
32779
32775
32806
32764
32763
32770
32775
32763
32776
32775
32764
32777
32784
32772
32800
32783
32795
32776
32776
32787
32790
32771
32787
32784
32775
32775
32783
32775
32773
32771
32777
32773
32781
32769
32761
32778
32794
32773
32792
32791
32791
32794
32783
32792
32795
32783
32761
32744
32765
32767
32769
32767
32765
32790
32755
32763
32774
32773
32794
32779
32787
32793
32783
32781
32777
32775
32776
32767
32784
32773
32771
32759
32765
32756
32767
32757
32759
32758
32764
32743
32769
32758
32744
32732
32743
32737
32757
32767
32759
32765
32743
32767
32763
32783
32774
32751
32753
32768
32759
32756
32757
32783
32765
32767
32785
32767
32766
32765
32775
32751
32770
32767
32774
32777
32765
32794
32785
32775
32759
32770
32774
32780
32767
32757
32765
32760
32751
32761
32761
32759
32751
32764
32767
32764
32793
32762
32759
32767
32771
32763
32753
32763
32761
32750
32752
32729
32732
32752
32775
32789
32785
32783
32775
32772
32773
32773
32782
32773
32765
32763
32761
32754
32751
32765
32769
32780
32763
32733
32742
32739
32759
32751
32747
32755
32751
32774
32778
32767
32761
32773
32783
32763
32765
32773
32767
32767
32785
32745
32751
32770
32775
32762
32775
32761
32740
32758
32739
32755
32795
32793
32783
32770
32767
32774
32781
32769
32773
32774
32735
32749
32744
32761
32751
32763
32772
32771
32768
32762
32778
32793
32805
32789
32778
32778
32771
32774
32797
32784
32767
32789
32770
32783
32793
32767
32777
32784
32778
32764
32780
32793
32777
32769
32775
32794
32787
32777
32760
32789
32783
32778
32775
32784
32796
32783
32780
32784
32777
32777
32759
32770
32791
32791
32775
32764
32773
32792
32780
32791
32813
32785
32775
32781
32783
32764
32755
32763
32789
32787
32759
32770
32775
32785
32776
32773
32775
32760
32769
32763
32773
32758
32741
32746
32780
32775
32757
32761
32767
32757
32761
32765
32795
32771
32783
32781
32796
32787
32783
32788
32770
32767
32786
32753
32757
32779
32779
32783
32769
32774
32792
32807
32805
32810
32787
32779
32773
32783
32791
32787
32789
32788
32795
32757
32751
32762
32758
32773
32771
32767
32756
32773
32777
32807
32779
32757
32773
32788
32774
32769
32772
32769
32765
32773
32733
32771
32790
32761
32777
32786
32749
32751
32767
32793
32795
32769
32767
32763
32770
32777
32759
32767
32767
32769
32805
32788
32801
32774
32761
32782
32783
32813
32791
32771
32792
32811
32815
32781
32777
32758
32767
32765
32799
32802
32775
32792
32787
32785
32781
32799
32779
32821
32811
32796
32787
32779
32794
32793
32784
32775
32777
32810
32798
32787
32773
32786
32776
32805
32805
32807
32793
32795
32775
32795
32783
32799
32788
32797
32788
32797
32788
32779
32785
32814
32775
32790
32801
32781
32767
32783
32799
32774
32767
32783
32803
32799
32801
32793
32801
32807
32817
32786
32775
32775
32771
32792
32761
32783
32784
32789
32791
32774
32786
32775
32775
32803
32800
32779
32795
32792
32787
32791
32819
32801
32784
32811
32797
32753
32767
32791
32807
32809
32789
32792
32787
32799
32788
32797
32789
32790
32790
32780
32769
32777
32767
32767
32776
32789
32776
32783
32782
32786
32776
32783
32777
32759
32778
32798
32792
32778
32785
32787
32802
32794
32793
32789
32804
32782
32804
32802
32803
32799
32782
32773
32784
32783
32792
32776
32787
32782
32781
32788
32791
32773
32797
32788
32793
32799
32799
32799
32807
32818
32807
32777
32783
32785
32777
32772
32792
32808
32790
32801
32777
32773
32790
32820
32807
32772
32775
32787
32783
32791
32787
32790
32818
32815
32773
32803
32804
32824
32807
32809
32783
32785
32807
32799
32784
32797
32789
32806
32795
32804
32809
32802
32791
32789
32809
32807
32797
32778
32783
32769
32795
32795
32789
32790
32779
32785
32798
32763
32783
32796
32807
32805
32811
32793
32790
32772
32780
32794
32777
32775
32797
32791
32793
32775
32783
32795
32793
32765
32767
32789
32777
32775
32793
32793
32790
32820
32801
32804
32783
32783
32784
32791
32775
32774
32777
32783
32789
32791
32775
32791
32799
32789
32777
32781
32787
32772
32767
32767
32813
32788
32779
32800
32791
32767
32775
32793
32776
32777
32774
32778
32778
32791
32778
32775
32777
32783
32761
32752
32776
32788
32785
32791
32800
32778
32767
32784
32774
32771
32782
32771
32775
32761
32791
32789
32806
32796
32774
32789
32791
32797
32779
32804
32786
32799
32798
32799
32785
32791
32784
32791
32777
32783
32799
32767
32776
32783
32794
32782
32766
32807
32775
32777
32775
32795
32791
32789
32787
32801
32798
32777
32794
32795
32813
32793
32797
32789
32791
32792
32799
32787
32791
32810
32791
32777
32794
32805
32767
32775
32790
32806
32813
32783
32773
32805
32791
32759
32778
32788
32762
32789
32796
32804
32802
32771
32779
32797
32797
32792
32781
32778
32795
32792
32781
32784
32807
32797
32791
32807
32773
32791
32793
32781
32762
32760
32779
32787
32802
32783
32767
32774
32761
32783
32776
32765
32767
32787
32807
32791
32765
32775
32787
32796
32791
32769
32779
32779
32767
32801
32800
32759
32769
32798
32802
32809
32795
32768
32753
32767
32780
32767
32771
32789
32791
32785
32767
32774
32799
32802
32783
32783
32797
32793
32793
32767
32780
32775
32791
32797
32779
32782
32777
32759
32790
32801
32797
32776
32809
32780
32795
32792
32816
32811
32798
32797
32792
32817
32783
32783
32785
32799
32791
32805
32790
32782
32814
32781
32769
32801
32783
32771
32760
32776
32795
32770
32789
32784
32789
32800
32786
32757
32785
32803
32782
32776
32785
32798
32781
32794
32799
32782
32778
32778
32799
32818
32818
32781
32797
32802
32802
32809
32791
32806
32807
32791
32799
32799
32797
32807
32799
32791
32792
32792
32791
32801
32798
32792
32782
32791
32787
32795
32785
32775
32778
32802
32783
32796
32787
32775
32775
32779
32801
32780
32798
32775
32767
32765
32783
32801
32793
32786
32807
32802
32792
32787
32809
32791
32817
32812
32811
32791
32795
32791
32785
32786
32769
32787
32790
32769
32795
32795
32812
32816
32789
32789
32793
32787
32784
32797
32815
32815
32801
32777
32770
32790
32795
32802
32789
32799
32783
32770
32757
32765
32783
32786
32767
32794
32767
32764
32779
32788
32769
32789
32787
32764
32777
32781
32786
32769
32782
32795
32795
32788
32829
32806
32775
32801
32799
32783
32813
32807
32799
32778
32769
32797
32786
32791
32800
32799
32808
32806
32804
32790
32777
32791
32810
32802
32778
32789
32785
32779
32787
32776
32793
32789
32825
32799
32795
32795
32804
32807
32797
32789
32818
32798
32772
32759
32759
32783
32789
32809
32781
32791
32805
32797
32791
32777
32781
32792
32791
32777
32801
32777
32794
32808
32797
32782
32788
32797
32769
32767
32763
32795
32794
32783
32775
32809
32803
32789
32763
32782
32781
32791
32783
32783
32762
32786
32783
32780
32778
32796
32800
32771
32776
32790
32801
32799
32793
32795
32795
32775
32768
32793
32791
32776
32795
32798
32771
32793
32811
32793
32789
32794
32788
32798
32792
32863
32787
32790
32771
32782
32792
32776
32798
32809
32785
32795
32807
32797
32797
32781
32780
32753
32753
32780
32795
32782
32790
32794
32798
32800
32813
32800
32762
32763
32773
32789
32799
32791
32783
32789
32777
32785
32791
32796
32799
32795
32775
32779
32779
32794
32791
32790
32794
32773
32758
32778
32767
32767
32775
32787
32801
32806
32811
32775
32782
32776
32767
32779
32777
32781
32791
32804
32797
32775
32771
32797
32827
32795
32804
32791
32794
32784
32773
32758
32760
32789
32771
32783
32785
32775
32775
32784
32783
32780
32758
32765
32785
32770
32784
32791
32804
32809
32807
32787
32780
32773
32786
32813
32790
32783
32779
32791
32786
32787
32795
32789
32775
32767
32781
32769
32769
32775
32778
32780
32793
32803
32823
32788
32767
32763
32779
32779
32791
32792
32810
32797
32767
32781
32779
32778
32794
32786
32796
32829
32819
32806
32800
32781
32824
32797
32781
32803
32802
32783
32787
32780
32767
32765
32759
32760
32780
32811
32803
32794
32801
32787
32762
32781
32775
32769
32755
32772
32775
32756
32746
32777
32799
32795
32766
32756
32788
32787
32780
32771
32790
32799
32792
32781
32779
32785
32776
32791
32771
32767
32793
32807
32797
32798
32806
32821
32783
32779
32794
32803
32809
32783
32771
32813
32806
32806
32804
32813
32809
32807
32805
32805
32791
32789
32770
32794
32791
32787
32803
32802
32781
32778
32767
32763
32777
32804
32804
32795
32793
32803
32799
32809
32801
32791
32788
32796
32781
32775
32799
32803
32787
32805
32787
32808
32807
32790
32781
32765
32779
32771
32769
32783
32791
32785
32795
32773
32781
32804
32792
32782
32777
32784
32774
32789
32796
32781
32783
32797
32793
32805
32799
32825
32785
32767
32793
32765
32751
32767
32780
32792
32805
32801
32795
32775
32767
32759
32776
32786
32785
32772
32775
32757
32778
32782
32787
32796
32773
32789
32795
32786
32783
32781
32783
32784
32792
32765
32788
32786
32771
32776
32782
32783
32785
32798
32775
32800
32813
32801
32777
32769
32783
32791
32797
32783
32775
32781
32797
32804
32775
32787
32796
32783
32763
32781
32814
32783
32772
32751
32775
32769
32767
32778
32784
32779
32773
32785
32755
32753
32785
32801
32793
32784
32771
32783
32791
32799
32773
32785
32786
32775
32784
32786
32793
32788
32797
32790
32777
32786
32793
32785
32784
32767
32769
32750
32771
32758
32785
32781
32773
32767
32795
32807
32778
32796
32777
32789
32790
32779
32777
32800
32773
32779
32796
32807
32795
32804
32794
32795
32771
32790
32801
32791
32784
32783
32793
32783
32785
32789
32777
32778
32767
32797
32815
32801
32777
32774
32774
32784
32787
32796
32789
32784
32774
32782
32799
32808
32781
32786
32815
32801
32797
32787
32782
32792
32782
32791
32798
32784
32790
32781
32783
32779
32787
32761
32767
32783
32777
32785
32767
32789
32779
32787
32784
32803
32789
32811
32815
32842
32818
32799
32787
32759
32767
32776
32790
32789
32801
32790
32786
32799
32792
32798
32824
32837
32809
32814
32806
32796
32802
32807
32799
32796
32770
32761
32812
32806
32787
32804
32789
32803
32795
32809
32812
32809
32803
32804
32802
32775
32781
32814
32790
32775
32774
32769
32793
32795
32792
32825
32821
32785
32787
32789
32800
32788
32789
32803
32801
32797
32825
32793
32791
32791
32778
32795
32823
32798
32775
32783
32805
32821
32808
32797
32783
32785
32795
32791
32805
32814
32789
32774
32782
32789
32792
32796
32781
32774
32761
32767
32779
32792
32795
32812
32795
32790
32793
32799
32779
32770
32788
32774
32791
32780
32777
32775
32791
32786
32781
32767
32791
32770
32767
32755
32770
32780
32791
32788
32772
32792
32788
32793
32775
32783
32775
32802
32780
32777
32795
32787
32775
32763
32791
32762
32767
32771
32764
32767
32765
32773
32783
32773
32779
32765
32761
32783
32797
32793
32815
32804
32775
32779
32791
32801
32797
32753
32776
32770
32759
32773
32805
32781
32783
32785
32798
32804
32795
32791
32782
32795
32790
32771
32775
32775
32775
32783
32791
32783
32778
32770
32797
32827
32799
32799
32791
32775
32774
32783
32776
32776
32785
32797
32767
32774
32783
32788
32773
32752
32775
32779
32807
32806
32794
32801
32800
32793
32781
32796
32779
32787
32780
32778
32793
32808
32789
32787
32791
32799
32809
32807
32797
32776
32777
32781
32771
32766
32767
32769
32769
32775
32803
32800
32797
32783
32773
32777
32779
32791
32795
32798
32793
32825
32791
32798
32773
32775
32796
32781
32769
32787
32805
32788
32779
32791
32795
32807
32788
32791
32799
32805
32775
32781
32800
32784
32767
32786
32776
32769
32775
32787
32775
32789
32791
32807
32802
32785
32793
32812
32799
32776
32798
32784
32771
32767
32757
32776
32807
32797
32798
32799
32803
32800
32761
32767
32799
32781
32802
32790
32799
32795
32776
32777
32816
32799
32785
32795
32793
32786
32754
32814
32829
32818
32793
32772
32775
32781
32783
32791
32807
32780
32783
32785
32795
32787
32790
32807
32777
32783
32784
32777
32797
32787
32794
32781
32806
32800
32793
32770
32771
32790
32783
32794
32793
32771
32769
32797
32789
32778
32773
32751
32786
32803
32779
32791
32795
32782
32763
32773
32795
32781
32761
32766
32759
32767
32779
32776
32787
32775
32775
32773
32783
32775
32779
32779
32768
32794
32791
32767
32771
32775
32764
32766
32774
32777
32791
32784
32779
32758
32780
32779
32765
32771
32766
32777
32777
32783
32751
32784
32812
32779
32756
32756
32759
32743
32764
32787
32765
32759
32765
32767
32765
32759
32783
32801
32771
32791
32768
32767
32775
32769
32777
32780
32795
32785
32801
32802
32781
32783
32787
32771
32782
32818
32813
32809
32790
32788
32787
32791
32782
32775
32779
32785
32801
32785
32780
32770
32787
32759
32789
32773
32757
32749
32767
32786
32767
32748
32771
32772
32793
32800
32790
32794
32803
32771
32778
32775
32767
32775
32807
32820
32792
32797
32800
32788
32785
32787
32774
32783
32784
32791
32776
32792
32759
32793
32807
32797
32806
32796
32782
32791
32761
32767
32791
32805
32789
32783
32784
32793
32784
32765
32751
32775
32789
32792
32789
32796
32804
32793
32787
32794
32802
32791
32779
32775
32779
32772
32787
32807
32797
32797
32776
32775
32784
32796
32809
32799
32788
32781
32797
32798
32791
32801
32810
32785
32795
32795
32785
32784
32807
32821
32805
32800
32790
32792
32769
32801
32800
32799
32797
32779
32780
32791
32789
32778
32794
32783
32787
32795
32784
32791
32798
32781
32761
32773
32759
32785
32765
32781
32770
32773
32787
32782
32766
32791
32810
32786
32771
32786
32795
32788
32763
32770
32775
32767
32767
32775
32783
32810
32782
32760
32791
32791
32748
32758
32759
32759
32767
32757
32797
32803
32788
32765
32790
32796
32771
32757
32771
32771
32753
32752
32762
32777
32757
32778
32805
32777
32803
32793
32795
32788
32791
32790
32785
32761
32764
32764
32764
32754
32757
32759
32753
32765
32761
32771
32785
32783
32763
32763
32773
32760
32765
32771
32775
32781
32805
32785
32785
32767
32766
32821
32776
32769
32765
32738
32763
32783
32773
32781
32786
32813
32785
32744
32765
32770
32792
32780
32767
32791
32761
32763
32768
32788
32777
32764
32751
32773
32790
32780
32785
32799
32781
32784
32799
32781
32771
32782
32777
32777
32783
32783
32770
32797
32793
32770
32767
32784
32751
32773
32767
32753
32750
32823
32783
32767
32759
32751
32746
32777
32778
32773
32774
32770
32801
32799
32795
32801
32784
32759
32761
32784
32775
32737
32764
32759
32765
32775
32779
32767
32757
32764
32807
32802
32789
32782
32784
32805
32797
32783
32783
32769
32775
32783
32775
32794
32793
32824
32830
32823
32799
32807
32808
32794
32792
32812
32812
32787
32793
32799
32801
32780
32776
32816
32815
32800
32782
32789
32793
32804
32790
32801
32787
32801
32777
32784
32821
32826
32821
32794
32782
32791
32781
32792
32825
32814
32795
32781
32806
32793
32792
32792
32807
32813
32791
32793
32811
32778
32795
32815
32826
32812
32783
32783
32789
32795
32787
32797
32810
32795
32794
32784
32794
32814
32793
32767
32775
32791
32796
32791
32793
32803
32823
32797
32807
32823
32801
32786
32795
32793
32777
32798
32796
32785
32786
32819
32814
32823
32827
32798
32792
32770
32789
32783
32783
32804
32802
32784
32794
32795
32798
32807
32789
32783
32775
32799
32801
32799
32782
32797
32807
32836
32799
32787
32807
32813
32814
32817
32797
32825
32803
32810
32811
32795
32810
32817
32825
32814
32785
32797
32821
32828
32807
32811
32807
32789
32816
32810
32800
32799
32775
32791
32821
32789
32793
32789
32783
32776
32795
32794
32775
32793
32803
32833
32815
32794
32790
32798
32785
32813
32816
32797
32792
32795
32814
32800
32818
32807
32806
32791
32804
32794
32803
32820
32807
32795
32803
32797
32781
32806
32807
32813
32805
32811
32799
32786
32797
32801
32795
32813
32809
32808
32783
32801
32798
32793
32789
32813
32787
32788
32805
32829
32826
32801
32787
32793
32828
32817
32816
32819
32833
32821
32790
32801
32814
32810
32803
32789
32803
32775
32805
32793
32798
32797
32807
32822
32805
32783
32795
32803
32791
32800
32789
32797
32815
32813
32815
32809
32806
32812
32807
32797
32797
32800
32791
32805
32810
32809
32820
32814
32816
32813
32796
32783
32783
32801
32806
32826
32821
32791
32789
32785
32802
32803
32785
32809
32823
32825
32824
32815
32810
32807
32804
32812
32817
32792
32810
32799
32815
32804
32814
32793
32815
32824
32810
32831
32806
32802
32793
32791
32797
32803
32808
32785
32813
32801
32798
32809
32821
32800
32783
32792
32805
32831
32826
32815
32821
32825
32836
32820
32795
32807
32807
32823
32839
32806
32827
32838
32800
32811
32827
32805
32828
32805
32811
32811
32816
32787
32815
32817
32821
32808
32800
32827
32800
32829
32827
32823
32823
32822
32801
32807
32807
32810
32801
32802
32797
32775
32797
32822
32814
32805
32813
32833
32831
32833
32825
32805
32775
32809
32800
32804
32811
32805
32807
32837
32809
32789
32802
32819
32819
32838
32855
32847
32817
32819
32851
32838
32809
32815
32804
32820
32825
32776
32811
32805
32822
32809
32803
32822
32825
32811
32809
32803
32821
32807
32785
32802
32817
32808
32802
32802
32799
32783
32791
32787
32783
32787
32791
32783
32819
32804
32811
32790
32779
32797
32816
32794
32784
32811
32826
32808
32828
32807
32822
32823
32831
32827
32825
32822
32803
32810
32823
32827
32820
32823
32821
32829
32825
32795
32799
32807
32804
32801
32813
32801
32799
32788
32796
32810
32801
32819
32815
32801
32801
32817
32797
32821
32817
32786
32803
32811
32809
32824
32799
32822
32804
32801
32826
32814
32796
32790
32807
32799
32795
32780
32780
32799
32805
32809
32833
32823
32823
32806
32801
32815
32817
32802
32783
32785
32819
32810
32803
32805
32805
32810
32806
32791
32791
32766
32779
32822
32817
32788
32800
32796
32796
32795
32798
32801
32798
32819
32815
32815
32809
32809
32798
32795
32812
32809
32815
32804
32799
32808
32826
32812
32818
32824
32825
32819
32812
32793
32793
32823
32821
32809
32767
32795
32823
32793
32807
32797
32791
32777
32785
32788
32807
32816
32825
32823
32813
32814
32793
32795
32793
32807
32815
32818
32791
32790
32778
32797
32802
32774
32798
32797
32807
32801
32791
32799
32789
32826
32821
32802
32799
32809
32810
32803
32832
32833
32822
32829
32815
32805
32830
32811
32804
32829
32844
32813
32801
32817
32836
32823
32821
32826
32840
32819
32796
32809
32824
32800
32802
32812
32793
32789
32784
32775
32767
32801
32809
32833
32818
32815
32783
32799
32812
32823
32817
32806
32804
32795
32792
32794
32804
32783
32797
32778
32804
32813
32792
32791
32781
32797
32792
32788
32796
32803
32810
32818
32811
32813
32799
32805
32810
32807
32815
32791
32801
32792
32798
32803
32817
32794
32790
32802
32789
32792
32796
32797
32787
32783
32793
32797
32799
32805
32785
32779
32803
32805
32767
32797
32816
32791
32789
32769
32785
32815
32790
32809
32821
32795
32807
32823
32809
32822
32825
32829
32823
32805
32820
32839
32821
32802
32799
32803
32822
32810
32799
32796
32820
32815
32797
32791
32791
32783
32787
32786
32795
32788
32811
32811
32801
32787
32815
32815
32801
32781
32776
32799
32798
32802
32799
32793
32808
32819
32811
32813
32820
32806
32820
32825
32807
32813
32804
32790
32793
32791
32793
32805
32787
32788
32804
32791
32787
32779
32800
32807
32799
32805
32779
32794
32816
32811
32796
32798
32787
32795
32821
32822
32811
32809
32806
32809
32794
32793
32791
32775
32804
32815
32831
32843
32827
32789
32798
32807
32787
32789
32811
32803
32805
32821
32791
32791
32803
32809
32820
32824
32822
32797
32782
32798
32785
32811
32815
32808
32791
32803
32801
32783
32804
32803
32776
32791
32791
32793
32795
32807
32815
32824
32831
32822
32789
32807
32805
32799
32807
32797
32797
32813
32795
32783
32804
32797
32783
32785
32791
32787
32791
32789
32792
32795
32790
32817
32801
32796
32789
32783
32814
32805
32816
32797
32816
32821
32815
32817
32820
32803
32807
32804
32802
32820
32797
32814
32797
32823
32817
32787
32795
32777
32789
32807
32802
32798
32807
32812
32823
32833
32827
32788
32779
32780
32823
32815
32799
32775
32787
32806
32813
32807
32801
32823
32825
32813
32808
32808
32822
32836
32802
32807
32807
32805
32805
32811
32812
32783
32766
32805
32784
32768
32797
32805
32786
32795
32802
32791
32799
32791
32795
32783
32779
32802
32798
32806
32780
32781
32810
32803
32779
32781
32780
32777
32795
32824
32807
32797
32779
32801
32793
32776
32765
32775
32786
32785
32777
32783
32787
32802
32807
32805
32779
32791
32807
32809
32780
32775
32793
32792
32773
32785
32795
32791
32796
32775
32803
32801
32777
32787
32789
32799
32787
32777
32776
32805
32787
32786
32795
32794
32794
32798
32813
32807
32805
32799
32779
32773
32807
32786
32788
32784
32798
32813
32795
32788
32774
32799
32810
32786
32775
32809
32789
32777
32791
32765
32766
32804
32780
32785
32796
32823
32814
32783
32786
32796
32795
32798
32817
32797
32805
32799
32807
32786
32805
32796
32792
32799
32802
32837
32835
32817
32826
32819
32826
32815
32816
32808
32797
32791
32815
32835
32854
32847
32830
32805
32803
32795
32809
32815
32812
32803
32788
32813
32811
32797
32803
32791
32827
32824
32823
32831
32837
32836
32845
32822
32792
32801
32814
32807
32804
32803
32796
32807
32807
32799
32800
32804
32795
32798
32807
32806
32787
32793
32826
32823
32808
32817
32821
32820
32839
32815
32811
32789
32790
32810
32800
32805
32805
32794
32782
32812
32817
32820
32881
32828
32815
32811
32789
32787
32786
32804
32831
32796
32789
32797
32794
32818
32786
32775
32801
32829
32809
32813
32835
32836
32811
32813
32817
32798
32791
32801
32791
32825
32812
32815
32804
32815
32797
32779
32789
32807
32816
32799
32784
32803
32825
32819
32827
32807
32810
32795
32807
32811
32825
32828
32824
32841
32815
32793
32781
32825
32817
32815
32818
32815
32802
32794
32797
32792
32825
32829
32849
32842
32829
32801
32805
32806
32804
32815
32828
32807
32812
32824
32839
32820
32815
32811
32799
32799
32797
32802
32823
32809
32801
32825
32825
32815
32799
32803
32806
32813
32803
32811
32839
32819
32815
32791
32801
32804
32816
32805
32827
32827
32829
32815
32816
32815
32819
32825
32830
32840
32835
32834
32815
32833
32823
32823
32838
32830
32837
32837
32831
32811
32822
32809
32813
32802
32842
32823
32839
32838
32834
32843
32818
32791
32814
32814
32801
32819
32831
32829
32830
32809
32825
32831
32826
32815
32835
32834
32810
32815
32840
32818
32839
32846
32830
32837
32824
32807
32822
32835
32815
32820
32799
32813
32803
32802
32817
32818
32824
32813
32826
32833
32814
32807
32807
32819
32839
32812
32817
32814
32825
32816
32819
32819
32839
32836
32825
32804
32809
32828
32829
32818
32812
32821
32845
32827
32831
32853
32836
32816
32821
32803
32821
32843
32817
32819
32819
32825
32825
32818
32812
32819
32809
32814
32826
32815
32837
32823
32827
32798
32831
32799
32839
32853
32829
32829
32819
32792
32805
32815
32799
32825
32827
32829
32813
32815
32827
32807
32806
32783
32809
32833
32813
32809
32865
32823
32813
32815
32823
32819
32831
32820
32826
32823
32812
32814
32819
32827
32829
32833
32810
32828
32819
32801
32794
32798
32793
32800
32803
32815
32820
32829
32826
32825
32855
32845
32807
32823
32838
32817
32819
32837
32850
32823
32835
32833
32817
32837
32834
32819
32806
32793
32809
32807
32819
32823
32813
32823
32803
32823
32829
32805
32796
32827
32818
32830
32817
32846
32841
32824
32831
32835
32852
32817
32816
32833
32827
32845
32861
32854
32842
32848
32841
32831
32831
32840
32819
32835
32847
32873
32851
32852
32843
32839
32855
32827
32845
32843
32855
32841
32835
32833
32838
32824
32818
32821
32818
32823
32816
32805
32827
32809
32792
32824
32828
32820
32813
32810
32832
32823
32817
32819
32825
32840
32831
32819
32829
32823
32825
32845
32823
32827
32816
32807
32816
32827
32820
32803
32813
32825
32789
32790
32803
32806
32826
32849
32859
32836
32806
32820
32823
32831
32812
32807
32809
32803
32827
32823
32804
32798
32821
32799
32827
32835
32825
32825
32817
32819
32858
32830
32810
32823
32847
32820
32815
32815
32833
32815
32791
32797
32801
32799
32808
32824
32811
32815
32835
32833
32847
32830
32822
32824
32829
32813
32825
32827
32827
32843
32842
32829
32827
32837
32840
32830
32820
32811
32795
32815
32826
32821
32837
32824
32816
32855
32840
32797
32794
32828
32812
32813
32824
32810
32813
32835
32819
32809
32815
32833
32826
32825
32812
32813
32839
32829
32823
32821
32827
32814
32807
32819
32840
32825
32823
32813
32816
32799
32817
32826
32789
32793
32829
32835
32841
32857
32834
32827
32818
32804
32807
32799
32830
32866
32839
32825
32801
32822
32829
32847
32841
32845
32829
32825
32821
32822
32811
32818
32830
32807
32826
32831
32823
32817
32805
32849
32826
32811
32797
32807
32831
32827
32827
32834
32826
32828
32839
32832
32819
32809
32817
32817
32827
32847
32820
32839
32819
32796
32793
32797
32791
32779
32812
32805
32813
32833
32816
32804
32796
32807
32815
32835
32817
32807
32807
32817
32801
32823
32807
32784
32810
32807
32839
32843
32850
32846
32818
32823
32861
32845
32823
32813
32835
32827
32824
32831
32846
32850
32837
32795
32819
32823
32824
32824
32823
32832
32809
32819
32814
32794
32800
32811
32816
32829
32819
32808
32800
32813
32833
32843
32821
32813
32854
32831
32833
32843
32826
32834
32804
32847
32819
32784
32805
32817
32832
32802
32787
32819
32829
32827
32815
32827
32821
32819
32831
32823
32830
32823
32829
32836
32832
32817
32814
32804
32805
32826
32823
32815
32791
32801
32793
32812
32817
32804
32806
32817
32800
32809
32808
32803
32823
32802
32811
32827
32831
32836
32839
32812
32815
32805
32838
32825
32819
32807
32800
32807
32815
32812
32808
32823
32816
32823
32835
32812
32815
32791
32781
32816
32831
32815
32833
32831
32806
32810
32823
32841
32828
32825
32835
32829
32811
32801
32809
32805
32807
32799
32811
32800
32813
32815
32817
32819
32816
32835
32826
32820
32832
32826
32841
32822
32823
32839
32844
32832
32819
32835
32823
32813
32822
32813
32802
32809
32823
32833
32804
32810
32801
32825
32817
32838
32827
32823
32823
32817
32817
32825
32832
32842
32833
32789
32789
32839
32833
32823
32811
32814
32799
32791
32805
32812
32837
32846
32828
32839
32812
32830
32839
32833
32833
32807
32805
32807
32795
32807
32829
32811
32835
32805
32810
32811
32823
32807
32818
32820
32832
32827
32824
32837
32814
32812
32840
32837
32815
32823
32809
32829
32819
32834
32830
32812
32799
32828
32827
32811
32793
32782
32796
32807
32817
32803
32819
32825
32828
32792
32823
32838
32814
32811
32799
32826
32814
32827
32815
32801
32815
32821
32845
32841
32824
32835
32830
32839
32816
32814
32808
32817
32834
32831
32837
32835
32827
32830
32816
32802
32820
32813
32795
32805
32830
32802
32801
32808
32833
32826
32835
32823
32807
32805
32815
32813
32800
32811
32823
32807
32827
32805
32805
32799
32791
32801
32807
32821
32827
32815
32802
32821
32807
32828
32795
32787
32821
32822
32807
32807
32814
32801
32820
32819
32815
32822
32819
32809
32792
32806
32813
32805
32815
32806
32831
32814
32806
32815
32817
32824
32812
32792
32809
32783
32785
32796
32817
32825
32796
32784
32799
32816
32785
32789
32787
32787
32795
32801
32815
32828
32811
32808
32809
32805
32814
32801
32791
32807
32791
32793
32811
32821
32825
32810
32813
32818
32821
32797
32811
32826
32811
32807
32807
32807
32807
32807
32793
32793
32804
32811
32802
32813
32805
32799
32806
32799
32807
32802
32801
32788
32807
32791
32791
32803
32807
32786
32793
32810
32809
32795
32816
32821
32803
32810
32817
32825
32831
32822
32823
32819
32837
32811
32827
32808
32815
32839
32827
32811
32815
32821
32818
32823
32832
32821
32800
32801
32817
32816
32837
32810
32803
32823
32839
32849
32843
32839
32834
32838
32811
32833
32820
32811
32836
32803
32804
32799
32806
32813
32831
32815
32800
32799
32847
32847
32829
32813
32819
32835
32825
32807
32799
32803
32831
32819
32820
32821
32821
32832
32833
32799
32815
32823
32820
32833
32815
32819
32825
32822
32835
32828
32831
32836
32831
32807
32809
32829
32820
32839
32821
32816
32839
32834
32793
32799
32823
32819
32815
32823
32815
32822
32821
32829
32808
32787
32791
32807
32825
32817
32817
32835
32823
32827
32829
32823
32841
32839
32824
32817
32807
32831
32837
32832
32831
32820
32823
32824
32840
32849
32846
32837
32825
32797
32816
32827
32825
32811
32821
32821
32811
32821
32819
32811
32807
32825
32831
32817
32841
32855
32852
32824
32812
32841
32835
32831
32821
32825
32821
32827
32838
32814
32807
32811
32812
32815
32821
32807
32812
32808
32818
32829
32803
32817
32825
32811
32817
32801
32790
32800
32817
32813
32829
32811
32809
32829
32832
32832
32805
32805
32817
32818
32845
32820
32819
32833
32825
32823
32803
32825
32839
32838
32811
32807
32809
32813
32823
32815
32816
32842
32831
32827
32823
32817
32807
32827
32815
32811
32821
32819
32819
32799
32793
32803
32808
32809
32832
32825
32818
32805
32828
32821
32805
32811
32817
32817
32797
32811
32831
32823
32831
32840
32860
32826
32818
32823
32847
32808
32828
32813
32829
32802
32811
32842
32840
32832
32827
32845
32841
32851
32842
32843
32852
32835
32839
32837
32840
32835
32823
32830
32841
32843
32860
32823
32842
32847
32823
32843
32835
32845
32857
32868
32871
32842
32839
32859
32849
32871
32860
32856
32852
32847
32847
32854
32844
32844
32843
32847
32834
32839
32853
32841
32857
32865
32855
32851
32843
32847
32859
32834
32813
32834
32841
32849
32847
32807
32823
32845
32824
32814
32817
32823
32855
32847
32860
32864
32841
32831
32843
32861
32863
32832
32811
32821
32854
32832
32853
32854
32837
32847
32854
32827
32839
32833
32829
32812
32846
32841
32827
32801
32818
32851
32837
32823
32805
32820
32819
32811
32809
32801
32805
32832
32839
32809
32822
32797
32835
32845
32840
32821
32837
32830
32821
32809
32829
32831
32801
32833
32841
32838
32851
32815
32803
32829
32848
32840
32823
32831
32829
32829
32836
32830
32803
32810
32844
32844
32813
32839
32823
32823
32839
32835
32827
32808
32839
32845
32845
32839
32829
32834
32829
32867
32844
32807
32835
32865
32844
32837
32845
32833
32855
32866
32842
32847
32857
32869
32875
32871
32869
32877
32875
32864
32864
32855
32863
32841
32859
32858
32863
32869
32851
32868
32856
32887
32851
32826
32826
32841
32849
32857
32849
32847
32836
32845
32841
32832
32834
32846
32849
32847
32865
32846
32833
32847
32842
32850
32851
32835
32831
32827
32840
32839
32823
32815
32841
32824
32821
32822
32821
32835
32817
32831
32824
32822
32806
32820
32825
32817
32827
32811
32817
32833
32815
32818
32831
32838
32847
32831
32826
32826
32830
32831
32829
32831
32823
32839
32823
32815
32833
32831
32853
32804
32815
32835
32818
32805
32818
32821
32837
32841
32829
32829
32815
32826
32816
32821
32830
32831
32832
32823
32836
32869
32846
32855
32846
32828
32831
32859
32843
32821
32815
32837
32847
32826
32830
32826
32837
32852
32837
32830
32837
32829
32806
32827
32851
32830
32845
32825
32847
32855
32836
32817
32818
32837
32840
32813
32815
32847
32847
32851
32855
32855
32859
32822
32805
32818
32839
32833
32815
32815
32807
32823
32859
32857
32833
32817
32818
32807
32805
32821
32858
32843
32826
32809
32807
32839
32817
32839
32837
32820
32854
32843
32819
32844
32843
32829
32800
32793
32835
32823
32831
32823
32836
32827
32837
32837
32810
32827
32827
32795
32799
32842
32817
32787
32813
32839
32853
32823
32815
32831
32829
32836
32835
32798
32823
32825
32805
32815
32829
32826
32829
32834
32821
32818
32819
32829
32843
32827
32816
32847
32850
32820
32767
32843
32826
32822
32830
32825
32837
32837
32831
32822
32839
32830
32815
32841
32857
32843
32825
32806
32824
32815
32812
32813
32809
32821
32820
32843
32836
32833
32809
32793
32824
32817
32823
32826
32801
32806
32811
32818
32824
32816
32811
32818
32811
32813
32827
32849
32828
32817
32804
32830
32831
32820
32820
32820
32819
32809
32807
32808
32809
32813
32837
32836
32837
32819
32807
32831
32835
32837
32831
32831
32847
32847
32821
32811
32805
32806
32814
32820
32809
32823
32837
32844
32843
32825
32849
32839
32811
32823
32834
32826
32807
32814
32815
32798
32799
32822
