31397
31405
31411
31413
31419
31426
31393
31397
31389
31387
31410
31411
31415
31403
31425
31417
31408
31407
31387
31385
31401
31449
31443
31433
31425
31415
31399
31406
31407
31417
31430
31439
31407
31415
31415
31413
31420
31407
31407
31417
31430
31417
31407
31403
31393
31379
31371
31417
31437
31414
31417
31419
31409
31399
31388
31385
31393
31407
31382
31390
31368
31396
31415
31419
31415
31429
31403
31423
31419
31382
31413
31405
31425
31432
31416
31423
31407
31399
31385
31397
31399
31392
31403
31389
31400
31409
31399
31407
31433
31410
31411
31432
31422
31425
31409
31407
31389
31379
31415
31421
31415
31402
31417
31393
31388
31395
31419
31399
31417
31402
31411
31404
31415
31399
31414
31413
31398
31391
31406
31396
31392
31387
31375
31371
31391
31415
31401
31385
31401
31404
31393
31385
31385
31415
31395
31414
31407
31391
31392
31385
31397
31401
31421
31406
31403
31411
31402
31391
31383
31414
31415
31410
31396
31393
31421
31409
31392
31405
31403
31411
31433
31423
31403
31393
31419
31409
31393
31404
31395
31377
31385
31397
31384
31415
31419
31407
31399
31419
31413
31432
31409
31402
31421
31396
31431
31419
31408
31404
31412
31420
31409
31407
31419
31419
31402
31423
31402
31391
31413
31425
31415
31417
31404
31387
31419
31418
31404
31405
31404
31407
31415
31429
31405
31389
31386
31407
31415
31411
31431
31427
31421
31427
31404
31423
31439
31439
31437
31430
31399
31409
31414
31402
31436
31428
31433
31427
31411
31386
31402
31421
31431
31411
31405
31408
31411
31397
31395
31378
31415
31399
31406
31411
31401
31394
31425
31439
31423
31408
31413
31437
31449
31436
31429
31401
31399
31433
31427
31421
31405
31433
31415
31403
31399
31400
31433
31430
31431
31431
31410
31396
31410
31407
31416
31421
31420
31403
31426
31433
31423
31405
31391
31417
31419
31422
31423
31419
31427
31418
31438
31423
31417
31421
31419
31450
31433
31447
31422
31431
31447
31428
31412
31411
31430
31438
31415
31427
31434
31399
31405
31399
31430
31431
31401
31407
31390
31410
31407
31399
31408
31425
31402
31404
31433
31425
31418
31421
31447
31425
31431
31447
31457
31429
31419
31428
31437
31443
31425
31429
31401
31409
31453
31433
31439
31411
31441
31423
31403
31404
31414
31406
31407
31401
31409
31419
31433
31419
31410
31434
31437
31419
31430
31399
31393
31433
31421
31405
31404
31420
31439
31435
31432
31448
31437
31444
31440
31449
31442
31419
31446
31430
31415
31444
31447
31443
31425
31414
31407
31426
31415
31425
31429
31426
31410
31419
31423
31394
31394
31413
31419
31416
31399
31413
31424
31437
31438
31443
31413
31410
31431
31421
31422
31429
31438
31433
31438
31431
31436
31453
31447
31455
31435
31450
31447
31452
31445
31423
31432
31434
31449
31438
31448
31431
31421
31437
31435
31444
31425
31432
31413
31410
31414
31407
31416
31437
31402
31399
31426
31407
31411
31426
31408
31407
31399
31405
31403
31396
31405
31406
31385
31401
31415
31408
31397
31393
31393
31390
31377
31386
31401
31377
31385
31370
31368
31373
31401
31393
31378
31366
31379
31379
31383
31409
31391
31378
31374
31370
31373
31389
31399
31408
31407
31425
31407
31415
31397
31411
31409
31423
31394
31393
31399
31428
31401
31399
31405
31405
31389
31409
31430
31440
31414
31407
31407
31411
31416
31405
31409
31415
31413
31405
31387
31399
31394
31431
31416
31397
31421
31421
31427
31429
31416
31383
31393
31432
31419
31411
31411
31408
31404
31408
31433
31431
31429
31428
31446
31432
31431
31421
31458
31435
31442
31449
31431
31443
31444
31406
31414
31419
31431
31415
31431
31435
31416
31430
31416
31394
31403
31429
31401
31444
31447
31423
31398
31403
31433
31439
31437
31425
31421
31418
31408
31413
31440
31431
31419
31409
31413
31422
31437
31434
31455
31450
31437
31438
31440
31443
31448
31441
31431
31429
31410
31420
31437
31423
31421
31401
31415
31435
31425
31440
31417
31387
31402
31421
31425
31436
31424
31417
31399
31406
31417
31435
31437
31415
31396
31408
31433
31433
31439
31447
31455
31452
31458
31464
31509
31453
31426
31441
31437
31423
31419
31441
31425
31446
31421
31413
31415
31409
31427
31421
31421
31411
31429
31399
31399
31399
31431
31425
31435
31416
31425
31443
31430
31447
31443
31431
31409
31429
31425
31415
31426
31427
31462
31435
31419
31439
31403
31405
31431
31431
31413
31429
31444
31408
31421
31416
31421
31415
31407
31409
31383
31415
31421
31416
31428
31420
31413
31424
31416
31427
31433
31419
31441
31455
31439
31415
31399
31418
31415
31405
31441
31426
31425
31431
31401
31407
31433
31415
31417
31447
31454
31421
31426
31405
31410
31409
31415
31402
31413
31435
31429
31420
31388
31390
31375
31381
31408
31413
31411
31408
31425
31445
31417
31443
31450
31431
31447
31439
31417
31411
31418
31414
31418
31429
31426
31445
31457
31439
31425
31437
31430
31429
31440
31431
31415
31427
31406
31392
31399
31407
31397
31387
31427
31410
31407
31397
31392
31417
31415
31431
31453
31436
31445
31451
31418
31428
31425
31433
31439
31449
31441
31440
31433
31421
31468
31432
31407
31447
31450
31438
31447
31440
31418
31409
31409
31423
31431
31433
31417
31402
31404
31430
31408
31394
31400
31379
31389
31403
31420
31431
31443
31423
31439
31438
31422
31412
31451
31447
31427
31445
31462
31446
31441
31435
31455
31465
31447
31427
31456
31428
31433
31448
31430
31420
31411
31415
31415
31436
31437
31402
31412
31415
31397
31407
31419
31407
31422
31416
31409
31414
31413
31414
31428
31431
31428
31419
31431
31436
31424
31407
31423
31450
31423
31434
31430
31431
31447
31437
31433
31423
31424
31415
31411
31407
31427
31430
31419
31433
31403
31375
31400
31427
31401
31388
31413
31415
31407
31404
31407
31406
31401
31393
31408
31393
31419
31432
31415
31403
31427
31424
31425
31456
31423
31407
31412
31422
31432
31415
31400
31443
31439
31430
31405
31412
31426
31420
31401
31407
31402
31398
31422
31429
31413
31398
31431
31421
31391
31405
31427
31421
31428
31399
31419
31414
31406
31402
31419
31417
31415
31439
31424
31438
31420
31423
31447
31439
31432
31415
31437
31433
31451
31446
31445
31447
31431
31425
31417
31419
31420
31413
31425
31426
31423
31419
31403
31421
31425
31414
31411
31421
31403
31409
31415
31389
31415
31417
31435
31415
31409
31424
31429
31435
31447
31421
31422
31423
31405
31407
31430
31409
31418
31415
31420
31421
31435
31443
31407
31398
31385
31437
31422
31399
31380
31392
31419
31411
31419
31379
31401
31429
31421
31401
31415
31428
31423
31425
31404
31413
31397
31393
31403
31422
31429
31446
31415
31409
31417
31425
31425
31433
31427
31447
31424
31411
31425
31439
31446
31450
31431
31430
31413
31394
31419
31411
31407
31385
31390
31398
31383
31392
31405
31418
31430
31436
31409
31395
31402
31432
31425
31431
31435
31423
31423
31425
31420
31420
31419
31423
31420
31429
31463
31455
31434
31425
31457
31447
31437
31407
31415
31404
31389
31414
31445
31404
31399
31423
31415
31413
31423
31415
31395
31391
31421
31397
31427
31425
31405
31427
31418
31401
31420
31426
31423
31410
31399
31399
31416
31459
31413
31427
31404
31420
31435
31439
31433
31432
31415
31410
31419
31433
31423
31426
31420
31421
31420
31405
31393
31365
31389
31376
31395
31407
31435
31415
31415
31399
31419
31411
31411
31440
31403
31399
31403
31405
31421
31447
31415
31430
31419
31424
31407
31415
31420
31393
31398
31405
31391
31389
31399
31407
31406
31406
31403
31398
31399
31399
31389
31392
31371
31391
31426
31385
31397
31388
31409
31405
31484
31394
31398
31413
31395
31403
31427
31404
31416
31380
31408
31423
31435
31444
31425
31405
31407
31397
31396
31401
31429
31448
31436
31424
31394
31391
31399
31405
31401
31407
31441
31421
31412
31423
31439
31409
31391
31404
31416
31420
31431
31405
31407
31431
31430
31400
31391
31398
31409
31437
31428
31409
31401
31431
31418
31417
31423
31431
31446
31435
31418
31427
31423
31420
31407
31408
31438
31401
31421
31395
31407
31399
31397
31410
31419
31390
31416
31402
31406
31397
31395
31395
31386
31391
31420
31407
31421
31422
31408
31399
31429
31440
31425
31435
31434
31435
31410
31427
31433
31423
31441
31425
31438
31424
31437
31414
31427
31411
31409
31391
31405
31405
31419
31419
31395
31375
31433
31399
31401
31407
31435
31434
31401
31425
31422
31417
31409
31413
31428
31414
31410
31411
31412
31424
31431
31405
31419
31416
31432
31440
31431
31437
31447
31433
31439
31429
31395
31405
31404
31392
31417
31417
31395
31428
31415
31416
31423
31426
31400
31408
31382
31374
31405
31386
31407
31415
31402
31436
31411
31397
31418
31435
31413
31419
31405
31412
31419
31447
31412
31417
31443
31429
31405
31399
31429
31417
31406
31430
31455
31420
31431
31399
31422
31427
31419
31424
31413
31421
31435
31424
31419
31423
31411
31409
31411
31415
31434
31407
31425
31442
31441
31436
31425
31406
31423
31431
31448
31443
31418
31431
31422
31412
31430
31433
31431
31423
31421
31429
31429
31425
31449
31449
31443
31413
31419
31415
31435
31431
31425
31420
31421
31440
31439
31430
31427
31411
31440
31428
31431
31432
31422
31435
31447
31429
31437
31428
31440
31426
31439
31429
31415
31409
31414
31434
31427
31399
31431
31407
31407
31431
31402
31388
31395
31413
31398
31400
31415
31394
31389
31401
31415
31399
31389
31389
31382
31395
31400
31376
31373
31402
31382
31373
31381
31381
31383
31392
31403
31388
31409
31379
31400
31379
31371
31383
31378
31375
31370
31395
31382
31359
31383
31392
31377
31385
31389
31367
31375
31393
31415
31408
31391
31379
31425
31419
31414
31384
31405
31403
31411
31400
31403
31418
31419
31422
31431
31426
31413
31413
31396
31421
31420
31429
31398
31415
31418
31399
31397
31374
31400
31393
31415
31436
31420
31419
31414
31420
31399
31400
31399
31414
31439
31452
31453
31427
31443
31439
31418
31436
31443
31459
31464
31465
31468
31431
31445
31437
31436
31439
31442
31420
31428
31431
31421
31427
31431
31450
31417
31433
31443
31424
31407
31410
31408
31408
31430
31461
31445
31431
31443
31427
31447
31445
31446
31457
31455
31459
31458
31459
31432
31460
31454
31447
31449
31464
31437
31434
31461
31429
31416
31420
31419
31425
31401
31417
31421
31427
31447
31425
31400
31396
31399
31410
31429
31447
31434
31437
31455
31422
31417
31431
31430
31433
31402
31409
31418
31447
31459
31462
31451
31427
31443
31422
31427
31415
31431
31419
31430
31401
31415
31417
31411
31407
31419
31443
31443
31433
31397
31389
31423
31402
31402
31431
31424
31429
31419
31423
31428
31406
31425
31425
31417
31423
31424
31416
31431
31449
31469
31426
31415
31411
31425
31431
31423
31427
31433
31435
31426
31421
31450
31455
31405
31388
31394
31408
31409
31407
31411
31425
31414
31416
31409
31398
31375
31399
31447
31409
31404
31421
31418
31387
31417
31419
31428
31419
31429
31437
31365
31416
31439
31437
31449
31442
31457
31438
31443
31440
31447
31423
31444
31420
31443
31437
31433
31431
31409
31400
31419
31432
31427
31428
31407
31399
31447
31447
31431
31441
31420
31448
31441
31432
31423
31447
31423
31447
31431
31439
31443
31435
31428
31443
31455
31438
31427
31444
31436
31413
31437
31459
31439
31426
31432
31432
31417
31401
31400
31413
31439
31423
31434
31421
31421
31423
31403
31428
31413
31399
31406
31415
31444
31407
31413
31413
31395
31415
31432
31415
31430
31415
31445
31461
31456
31428
31420
31455
31431
31426
31433
31451
31469
31442
31423
31425
31445
31449
31430
31409
31417
31452
31435
31414
31406
31426
31417
31408
31411
31426
31415
31417
31417
31415
31423
31435
31410
31421
31419
31420
31407
31447
31439
31417
31393
31431
31435
31453
31450
31445
31465
31452
31431
31422
31436
31437
31425
31441
31438
31438
31436
31423
31427
31402
31390
31414
31404
31416
31421
31437
31419
31405
31411
31416
31405
31417
31419
31433
31428
31413
31465
31449
31473
31444
31461
31473
31453
31470
31454
31461
31447
31425
31437
31427
31421
31425
31424
31428
31431
31416
31401
31394
31418
31416
31423
31407
31380
31387
31406
31393
31433
31419
31409
31419
31420
31413
31423
31416
31445
31435
31431
31413
31429
31419
31453
31442
31431
31429
31434
31443
31427
31425
31428
31433
31415
31423
31423
31420
31401
31422
31414
31403
31415
31415
31426
31429
31435
31423
31425
31426
31448
31416
31427
31428
31403
31414
31407
31405
31410
31429
31443
31458
31465
31417
31422
31431
31443
31445
31463
31447
31436
31419
31430
31427
31419
31448
31433
31408
31421
31439
31443
31419
31407
31409
31415
31427
31409
31414
31402
31409
31395
31426
31441
31415
31417
31413
31403
31415
31403
31414
31423
31426
31423
31403
31417
31430
31427
31449
31423
31434
31462
31459
31457
31429
31445
31429
31441
31426
31443
31432
31429
31441
31413
31421
31402
31416
31402
31397
31401
31393
31403
31401
31380
31378
31403
31421
31405
31413
31410
31426
31433
31447
31451
31429
31411
31415
31438
31455
31443
31431
31428
31402
31413
31417
31438
31445
31409
31422
31426
31431
31419
31414
31414
31425
31434
31417
31415
31411
31411
31420
31417
31415
31429
31434
31435
31431
31417
31415
31399
31394
31437
31419
31425
31427
31441
31447
31425
31439
31441
31473
31453
31431
31430
31425
31427
31403
31427
31434
31415
31437
31452
31423
31415
31415
31447
31455
31443
31421
31403
31431
31433
31401
31421
31427
31435
31435
31421
31429
31431
31427
31437
31403
31434
31431
31432
31453
31479
31433
31435
31473
31454
31441
31445
31421
31445
31454
31436
31424
31409
31405
31435
31426
31412
31411
31410
31396
31413
31399
31407
31407
31413
31391
31396
31417
31438
31397
31412
31415
31423
31406
31411
31421
31427
31399
31405
31418
31422
31435
31435
31423
31421
31448
31447
31423
31425
31437
31400
31411
31412
31422
31423
31442
31433
31423
31411
31421
31420
31434
31395
31402
31415
31413
31411
31408
31416
31404
31413
31411
31407
31422
31408
31440
31431
31428
31409
31392
31399
31411
31423
31431
31437
31449
31445
31408
31432
31449
31419
31431
31447
31431
31417
31425
31413
31415
31403
31403
31414
31431
31436
31391
31425
31417
31426
31435
31413
31411
31420
31399
31416
31415
31409
31423
31409
31431
31419
31437
31447
31444
31431
31427
31464
31448
31443
31435
31428
31418
31423
31439
31421
31418
31429
31408
31388
31402
31418
31382
31391
31399
31381
31391
31410
31423
31411
31396
31423
31433
31394
31391
31398
31397
31393
31384
31393
31385
31385
31375
31383
31414
31399
31366
31368
31411
31430
31421
31428
31416
31418
31411
31402
31405
31396
31388
31397
31388
31393
31403
31425
31405
31411
31436
31409
31384
31380
31398
31397
31417
31421
31394
31385
31411
31401
31419
31420
31410
31407
31419
31421
31416
31397
31398
31405
31421
31445
31433
31441
31444
31407
31416
31425
31419
31407
31423
31418
31394
31421
31427
31393
31406
31420
31421
31423
31423
31429
31434
31422
31431
31411
31429
31444
31446
31413
31411
31403
31405
31398
31400
31387
31383
31391
31386
31388
31395
31410
31388
31373
31362
31381
31383
31351
31375
31380
31359
31382
31354
31388
31392
31389
31381
31373
31409
31380
31375
31368
31407
31403
31414
31409
31406
31420
31400
31401
31397
31406
31399
31416
31430
31416
31431
31409
31423
31421
31417
31399
31419
31413
31391
31415
31408
31395
31384
31402
31393
31393
31394
31383
31395
31415
31423
31390
31405
31408
31411
31412
31423
31445
31407
31400
31430
31439
31415
31413
31433
31413
31428
31437
31441
31431
31427
31422
31438
31419
31437
31443
31435
31417
31427
31420
31421
31422
31422
31435
31436
31421
31439
31431
31423
31431
31435
31454
31423
31427
31419
31456
31428
31425
31413
31411
31427
31427
31443
31419
31418
31445
31434
31444
31435
31440
31429
31425
31419
31425
31415
31439
31421
31453
31441
31449
31436
31431
31460
31475
31463
31442
31433
31459
31450
31437
31444
31438
31432
31407
31443
31437
31437
31437
31418
31414
31436
31431
31430
31402
31391
31419
31416
31436
31429
31429
31420
31413
31401
31404
31417
31456
31455
31433
31431
31432
31431
31446
31437
31431
31445
31433
31433
31479
31446
31439
31435
31453
31451
31439
31447
31455
31434
31392
31428
31451
31443
31436
31411
31418
31415
31408
31433
31429
31441
31443
31437
31435
31457
31431
31423
31437
31435
31431
31453
31460
31471
31457
31425
31418
31441
31457
31475
31473
31461
31452
31447
31469
31465
31453
31469
31463
31461
31455
31469
31461
31436
31435
31454
31455
31446
31431
31459
31446
31459
31462
31445
31445
31463
31448
31433
31439
31429
31453
31435
31441
31423
31422
31437
31411
31423
31413
31414
31412
31391
31407
31405
31399
31406
31405
31375
31368
31367
31391
31409
31380
31372
31356
31384
31382
31391
31379
31369
31392
31379
31366
31371
31374
31380
31411
31398
31365
31383
31385
31376
31361
31359
31380
31388
31379
31389
31415
31418
31385
31387
31395
31370
31377
31398
31380
31383
31415
31410
31395
31406
31378
31390
31403
31381
31406
31402
31379
31412
31399
31411
31403
31426
31389
31405
31414
31399
31375
31379
31398
31407
31399
31389
31398
31401
31377
31391
31406
31401
31405
31390
31391
31399
31400
31410
31447
31422
31428
31409
31421
31439
31435
31434
31425
31443
31447
31452
31460
31431
31448
31456
31433
31449
31456
31445
31433
31445
31453
31445
31394
31367
31359
31387
31405
31378
31385
31409
31417
31436
31427
31414
31421
31421
31438
31439
31439
31433
31452
31447
31447
31462
31447
31439
31443
31465
31485
31462
31449
31482
31481
31488
31467
31456
31468
31454
31455
31447
31439
31447
31441
31419
31442
31433
31435
31440
31438
31438
31419
31428
31402
31401
31423
31423
31409
31418
31453
31403
31431
31431
31434
31451
31445
31449
31468
31441
31454
31451
31451
31452
31431
31448
31455
31467
31473
31465
31471
31459
31429
31445
31422
31442
31452
31425
31423
31435
31383
31392
31439
31431
31420
31421
31403
31400
31419
31422
31415
31393
31416
31425
31413
31455
31432
31433
31440
31472
31475
31465
31455
31453
31447
31464
31461
31475
31455
31459
31443
31449
31463
31463
31442
31446
31411
31411
31414
31399
31413
31405
31423
31436
31409
31399
31415
31406
31403
31413
31402
31421
31399
31405
31444
31451
31444
31427
31444
31437
31453
31446
31425
31452
31470
31457
31429
31441
31451
31429
31429
31438
31457
31447
31434
31431
31425
31430
31417
31409
31420
31420
31442
31417
31397
31403
31425
31419
31418
31427
31417
31400
31413
31415
31448
31451
31438
31447
31448
31473
31471
31445
31427
31450
31449
31434
31479
31458
31463
31474
31476
31447
31453
31456
31413
31424
31437
31431
31427
31414
31401
31404
31400
31405
31407
31419
31429
31412
31421
31436
31418
31440
31425
31427
31417
31425
31448
31447
31444
31424
31435
31454
31469
31460
31465
31451
31455
31460
31450
31446
31467
31442
31449
31449
31449
31410
31433
31430
31417
31442
31429
31415
31396
31417
31399
31399
31407
31435
31422
31403
31421
31423
31437
31425
31415
31389
31400
31421
31422
31458
31439
31444
31433
31450
31453
31439
31436
31419
31467
31465
31461
31453
31457
31439
31462
31441
31417
31444
31416
31408
31421
31430
31384
31413
31413
31417
31399
31405
31423
31401
31419
31415
31415
31405
31425
31447
31433
31421
31430
31434
31423
31400
31438
31439
31453
31444
31451
31467
31429
31440
31441
31465
31457
31455
31455
31459
31434
31455
31434
31409
31402
31417
31403
31415
31419
31405
31419
31449
31437
31399
31389
31389
31409
31397
31404
31408
31429
31427
31421
31413
31451
31447
31427
31422
31445
31471
31456
31469
31467
31452
31444
31465
31473
31457
31423
31432
31452
31430
31427
31417
31440
31407
31383
31403
31401
31403
31412
31405
31404
31413
31428
31404
31414
31397
31416
31410
31409
31429
31451
31453
31441
31455
31459
31437
31433
31445
31465
31473
31470
31453
31477
31442
31435
31463
31448
31457
31422
31430
31438
31407
31418
31433
31408
31408
31393
31416
31403
31397
31408
31415
31410
31423
31403
31411
31434
31446
31425
31419
31439
31411
31407
31448
31445
31436
31443
31427
31429
31471
31461
31453
31467
31473
31489
31455
31456
31439
31446
31441
31433
31447
31419
31404
31439
31439
31435
31414
31405
31439
31422
31416
31424
31427
31431
31415
31432
31426
31399
31411
31433
31423
31422
31447
31443
31456
31440
31439
31442
31441
31440
31453
31467
31437
31435
31466
31469
31429
31431
31411
31394
31392
31398
31404
31423
31415
31415
31403
31381
31397
31401
31391
31413
31398
31436
31433
31403
31430
31435
31411
31416
31435
31433
31423
31431
31440
31432
31429
31448
31456
31454
31449
31456
31447
31450
31445
31443
31447
31445
31427
31445
31413
31413
31395
31413
31393
31377
31393
31397
31415
31408
31399
31403
31385
31393
31417
31413
31404
31384
31399
31413
31390
31394
31415
31434
31431
31405
31410
31428
31439
31401
31423
31399
31415
31404
31405
31411
31415
31408
31428
31413
31397
31403
31405
31415
31402
31397
31379
31388
31364
31342
31382
31388
31384
31383
31377
31392
31392
31371
31379
31382
31396
31415
31417
31403
31411
31389
31416
31409
31423
31423
31413
31417
31417
31427
31421
31435
31437
31434
31419
31433
31442
31442
31376
31389
31411
31403
31396
31372
31349
31372
31353
31365
31359
31348
31343
31333
31349
31333
31339
31342
31347
31345
31351
31373
31371
31383
31383
31395
31375
31375
31383
31399
31411
31394
31395
31406
31403
31392
31391
31396
31382
31380
31368
31383
31392
31391
31393
31365
31388
31397
31389
31384
31389
31385
31403
31391
31431
31383
31386
31365
31393
31397
31395
31401
31419
31411
31376
31383
31401
31389
31401
31419
31399
31416
31427
31403
31423
31414
31409
31433
31387
31383
31401
31422
31399
31405
31399
31399
31383
31375
31373
31383
31375
31377
31379
31365
31407
31397
31417
31417
31401
31399
31390
31407
31418
31427
31415
31421
31436
31435
31433
31431
31421
31455
31460
31453
31439
31450
31429
31455
31463
31450
31439
31441
31431
31434
31408
31433
31426
31420
31399
31441
31425
31414
31410
31437
31410
31425
31413
31441
31427
31419
31434
31426
31442
31447
31433
31422
31459
31446
31456
31472
31469
31477
31456
31452
31439
31436
31445
31426
31427
31438
31448
31458
31459
31442
31435
31442
31431
31443
31425
31425
31409
31433
31415
31412
31431
31435
31431
31415
31418
31442
31438
31447
31428
31452
31457
31443
31454
31450
31467
31471
31462
31451
31469
31483
31483
31472
31467
31467
31452
31471
31454
31459
31453
31446
31437
31437
31415
31429
31446
31421
31428
31433
31429
31427
31403
31440
31431
31431
31447
31439
31431
31439
31425
31449
31447
31414
31469
31463
31458
31470
31477
31483
31485
31479
31486
31476
31471
31471
31495
31463
31458
31457
31436
31429
31431
31429
31423
31387
31415
31403
31417
31419
31403
31416
31391
31380
31426
31458
31443
31451
31447
31427
31409
31450
31465
31465
31453
31461
31484
31479
31467
31485
31472
31485
31495
31483
31487
31492
31464
31487
31496
31477
31456
31460
31471
31457
31447
31435
31439
31451
31451
31464
31461
31472
31455
31466
31455
31487
31475
31466
31452
31453
31459
31485
31455
31471
31474
31500
31494
31491
31498
31479
31507
31503
31484
31495
31475
31443
31462
31469
31460
31452
31420
31418
31421
31428
31406
31383
31357
31367
31351
31347
31348
31383
31366
31321
31329
31341
31348
31341
31338
31319
31347
31351
31347
31374
31359
31349
31367
31370
31367
31349
31366
31382
31399
31367
31357
31389
31359
31338
31334
31319
31321
31319
31327
31291
31261
31275
31287
31283
31300
31309
31303
31263
31291
31301
31287
31265
31261
31302
31271
31253
31230
31246
31215
31191
31241
31261
31231
31257
31291
31281
31257
31283
31287
31241
31215
31217
31173
31175
31188
31176
31181
31197
31191
31239
31219
31232
31209
31214
31191
31205
31229
31209
31201
31250
31251
31265
31273
31249
31249
31227
31245
31294
31285
31302
31294
31310
31322
31301
31340
31344
31345
31351
31325
31345
31335
31340
31351
31348
31375
31374
31370
31368
31357
31388
31370
31341
31339
31332
31333
31362
31364
31376
31396
31390
31393
31391
31379
31378
31370
31368
31387
31396
31402
31415
31445
31429
31455
31445
31447
31455
31449
31446
31487
31487
31477
31499
31498
31481
31497
31485
31487
31483
31473
31454
31443
31452
31451
31471
31456
31449
31453
31421
31400
31431
31470
31461
31461
31437
31444
31467
31490
31483
31463
31503
31506
31509
31515
31523
31497
31503
31503
31531
31488
31520
31537
31553
31541
31549
31541
31549
31541
31527
31499
31528
31522
31517
31491
31514
31515
31509
31513
31503
31456
31461
31441
31467
31453
31450
31448
31453
31465
31488
31489
31480
31455
31469
31457
31485
31481
31501
31485
31525
31529
31543
31502
31493
31505
31526
31514
31487
31482
31510
31517
31541
31541
31499
31506
31501
31471
31479
31483
31473
31465
31477
31483
31463
31492
31465
31461
31453
31433
31447
31431
31439
31431
31421
31455
31468
31486
31478
31471
31447
31479
31469
31487
31495
31488
31501
31519
31508
31496
31493
31467
31501
31511
31505
31483
31466
31495
31480
31505
31493
31466
31479
31503
31476
31455
31474
31468
31443
31456
31443
31443
31436
31463
31467
31473
31477
31477
31453
31466
31464
31460
31461
31497
31481
31496
31536
31520
31507
31512
31529
31501
31490
31496
31481
31493
31482
31485
31513
31479
31470
31467
31469
31462
31436
31440
31444
31415
31432
31437
31459
31429
31463
31463
31454
31462
31463
31449
31453
31449
31461
31469
31475
31483
31479
31505
31505
31510
31495
31485
31487
31481
31511
31477
31500
31519
31486
31502
31497
31466
31455
31454
31444
31442
31439
31451
31429
31445
31455
31451
31432
31436
31430
31435
31442
31420
31427
31428
31463
31458
31435
31445
31467
31463
31465
31505
31507
31513
31487
31507
31503
31527
31515
31486
31497
31486
31495
31479
31483
31493
31468
31463
31469
31467
31457
31458
31447
31439
31450
31441
31428
31419
31404
31430
31424
31445
31433
31438
31432
31469
31480
31481
31475
31466
31479
31476
31465
31478
31501
31515
31501
31497
31514
31490
31494
31475
31475
31471
31455
31473
31459
31448
31433
31427
31415
31439
31439
31434
31428
31441
31415
31433
31427
31412
31416
31428
31430
31451
31447
31407
31432
31436
31465
31467
31483
31467
31473
31471
31493
31493
31487
31481
31485
31468
31478
31487
31487
31465
31464
31449
31421
31417
31425
31421
31400
31421
31440
31414
31413
31421
31435
31417
31399
31427
31405
31449
31445
31431
31447
31444
31431
31439
31445
31464
31455
31439
31448
31449
31430
31401
31431
31447
31443
31420
31422
31445
31444
31391
31395
31417
31415
31401
31374
31394
31385
31369
31372
31391
31403
31386
31373
31381
31371
31363
31375
31375
31372
31407
31405
31413
31413
31419
31424
31447
31468
31461
31455
31449
31437
31459
31457
31457
31463
31482
31457
31477
31463
31462
31459
31447
31446
31471
31465
31453
31444
31437
31432
31435
31436
31407
31388
31403
31425
31402
31429
31419
31397
31437
31399
31408
31415
31441
31413
31422
31449
31456
31464
31463
31457
31500
31472
31475
31476
31483
31484
31487
31495
31477
31463
31475
31463
31458
31453
31440
31437
31454
31437
31440
31423
31415
31418
31395
31385
31383
31407
31385
31399
31383
31388
31433
31425
31434
31450
31435
31441
31424
31432
31445
31449
31451
31463
31469
31487
31488
31459
31460
31495
31482
31499
31481
31497
31461
31463
31443
31465
31431
31417
31431
31427
31449
31436
31430
31401
31388
31386
31415
31417
31415
31390
31381
31423
31415
31416
31423
31442
31434
31447
31461
31454
31462
31471
31486
31485
31493
31474
31471
31438
31471
31459
31477
31479
31453
31449
31434
31446
31435
31429
31418
31420
31425
31415
31413
31392
31414
31437
31438
31439
31435
31396
31415
31416
31428
31423
31438
31449
31456
31448
31431
31431
31455
31453
31476
31490
31485
31496
31485
31458
31472
31485
31454
31450
31458
31454
31453
31463
31454
31439
31433
31425
31432
31415
31417
31415
31437
31396
31402
31411
31399
31399
31415
31399
31432
31425
31429
31457
31439
31417
31415
31429
31443
31456
31461
31450
31473
31495
31502
31499
31487
31473
31469
31468
31481
31469
31426
31448
31452
31443
31433
31453
31460
31444
31443
31455
31421
31423
31413
31417
31437
31442
31457
31432
31451
31431
31431
31430
31437
31443
31431
31450
31452
31465
31471
31463
31459
31476
31479
31495
31499
31486
31481
31497
31483
31474
31488
31471
31477
31458
31483
31456
31461
31459
31430
31429
31421
31405
31399
31409
31388
31397
31407
31420
31429
31419
31406
31415
31423
31431
31453
31421
31447
31465
31453
31467
31467
31466
31453
31474
31470
31479
31495
31495
31494
31490
31491
31471
31446
31459
31455
31443
31454
31468
31448
31427
31404
31416
31402
31414
31403
31409
31391
31415
31415
31407
31385
31407
31421
31435
31425
31431
31459
31479
31447
31438
31457
31461
31471
31481
31497
31492
31482
31470
31461
31459
31433
31450
31464
31434
31467
31462
31440
31445
31425
31407
31413
31423
31413
31419
31400
31378
31426
31415
31400
31393
31407
31421
31413
31429
31431
31429
31448
31438
31423
31427
31449
31445
31469
31435
31455
31480
31492
31483
31477
31477
31491
31472
31476
31450
31455
31447
31451
31443
31439
31450
31435
31423
31435
31428
31417
31397
31415
31431
31413
31399
31409
31433
31420
31426
31437
31432
31451
31464
31468
31431
31446
31467
31483
31470
31464
31470
31477
31465
31475
31503
31484
31474
31459
31470
31459
31425
31437
31461
31443
31449
31439
31434
31413
31428
31435
31439
31424
31420
31434
31427
31396
31399
31462
31437
31431
31416
31407
31438
31463
31479
31439
31475
31475
31485
31472
31481
31484
31483
31467
31483
31494
31479
31481
31479
31478
31463
31441
31463
31457
31454
31435
31420
31457
31431
31455
31415
31412
31415
31422
31444
31464
31431
31434
31426
31398
31411
31435
31438
31422
31455
31452
31469
31465
31455
31459
31431
31454
31480
31490
31495
31481
31469
31509
31490
31456
31466
31449
31456
31464
31438
31459
31429
31452
31416
31420
31409
31388
31439
31447
31427
31433
31413
31417
31408
31423
31417
31425
31432
31435
31443
31463
31429
31448
31469
31474
31482
31472
31455
31463
31471
31477
31451
31449
31483
31487
31477
31473
31458
31450
31463
31453
31429
31447
31409
31435
31423
31391
31388
31426
31419
31385
31382
31406
31435
31401
31401
31423
31439
31423
31417
31427
31447
31453
31451
31447
31447
31478
31477
31483
31503
31483
31468
31461
31455
31460
31473
31444
31467
31441
31428
31443
31438
31425
31411
31411
31406
31390
31395
31410
31401
31409
31407
31403
31432
31419
31429
31421
31441
31435
31466
31448
31423
31453
31445
31441
31477
31461
31469
31474
31475
31477
31460
31475
31490
31485
31487
31485
31455
31447
31428
31445
31443
31435
31438
31431
31411
31433
31427
31418
31425
31414
31412
31443
31423
31424
31407
31445
31432
31439
31423
31424
31444
31465
31466
31438
31447
31477
31458
31454
31474
31477
31470
31459
31439
31469
31460
31469
31435
31428
31433
31445
31436
31435
31450
31454
31439
31447
31439
31429
31419
31405
31419
31413
31439
31429
31408
31413
31407
31428
31455
31440
31429
31447
31448
31451
31457
31473
31479
31471
31453
31467
31464
31465
31449
31451
31471
31484
31459
31462
31471
31467
31449
31463
31487
31478
31455
31464
31455
31448
31430
31426
31425
31443
31431
31403
31413
31397
31389
31403
31417
31415
31423
31437
31442
31431
31451
31459
31491
31499
31495
31488
31507
31481
31505
31487
31480
31491
31471
31474
31491
31497
31454
31437
31440
31460
31435
31403
31414
31431
31412
31418
31426
31431
31411
31395
31394
31407
31409
31424
31445
31434
31441
31446
31465
31463
31460
31463
31467
31475
31495
31470
31471
31469
31479
31482
31491
31467
31465
31480
31473
31472
31463
31461
31445
31428
31445
31455
31449
31418
31409
31436
31406
31417
31420
31404
31390
31398
31409
31423
31433
31441
31431
31437
31425
31445
31459
31440
31467
31490
31451
31487
31479
31482
31482
31483
31473
31461
31451
31459
31435
31449
31467
31462
31471
31445
31448
31441
31443
31437
31414
31425
31427
31443
31435
31440
31412
31387
31419
31469
31459
31437
31443
31413
31423
31442
31467
31472
31463
31449
31461
31458
31466
31470
31470
31474
31477
31479
31487
31472
31459
31467
31471
31462
31426
31433
31438
31426
31427
31435
31440
31423
31431
31443
31420
31422
31397
31407
31389
31428
31431
31433
31417
31415
31437
31436
31434
31437
31451
31436
31435
31448
31479
31491
31479
31462
31471
31463
31485
31467
31478
31487
31467
31477
31476
31438
31473
31455
31459
31409
31432
31441
31417
31422
31419
31436
31433
31431
31449
31429
31446
31420
31447
31453
31448
31455
31452
31458
31477
31487
31500
31500
31487
31468
31490
31501
31484
31494
31479
31487
31513
31519
31504
31504
31487
31493
31531
31502
31485
31476
31472
31458
31479
31448
31464
31460
31458
31471
31463
31443
31463
31471
31455
31475
31485
31461
31451
31470
31473
31480
31465
31472
31485
31479
31456
31466
31495
31479
31488
31456
31454
31473
31486
31474
31447
31430
31440
31419
31383
31380
31384
31353
31327
31327
31295
31310
31308
31293
31266
31249
31280
31239
31232
31215
31265
31213
31219
31242
31255
31227
31251
31207
31175
31167
31153
31135
31137
31135
31159
31153
31142
31103
31095
31071
31058
31071
31066
31050
31067
31071
31074
31036
31053
31042
31059
31079
31024
31007
31035
31045
31081
31084
31072
31103
31098
31135
31175
31175
31163
31166
31186
31219
31291
31289
31239
31255
31268
31307
31332
31316
31295
31260
31267
31249
31237
31217
31208
31204
31200
31229
31231
31220
31185
31163
31187
31147
31151
31169
31199
31226
31307
31323
31316
31349
31325
31331
31339
31357
31396
31369
31386
31451
31465
31451
31427
31410
31444
31441
31415
31384
31396
31373
31377
31399
31460
31411
31383
31396
31403
31383
31359
31349
31351
31364
31367
31411
31429
31449
31476
31483
31436
31447
31459
31443
31413
31440
31491
31517
31518
31550
31575
31527
31507
31551
31533
31478
31483
31500
31555
31566
31560
31583
31542
31569
31542
31559
31519
31500
31467
31454
31475
31511
31513
31527
31545
31544
31490
31451
31421
31415
31413
31457
31430
31474
31481
31552
31551
31515
31519
31514
31471
31465
31491
31523
31483
31522
31561
31543
31563
31549
31542
31533
31494
31455
31473
31482
31489
31489
31524
31513
31534
31546
31495
31511
31478
31438
31435
31433
31431
31447
31467
31501
31520
31488
31483
31497
31479
31485
31481
31488
31483
31529
31553
31559
31539
31527
31507
31527
31535
31507
31497
31471
31469
31538
31525
31540
31550
31553
31519
31515
31484
31479
31443
31443
31457
31471
31479
31479
31484
31501
31496
31492
31449
31447
31461
31455
31442
31483
31483
31498
31500
31515
31533
31543
31537
31481
31487
31463
31511
31488
31528
31539
31555
31521
31511
31528
31516
31495
31487
31471
31495
31461
31452
31507
31501
31505
31529
31483
31455
31431
31461
31441
31465
31490
31495
31487
31457
31470
31529
31483
31470
31503
31487
31495
31513
31488
31480
31499
31538
31557
31563
31555
31532
31505
31497
31509
31465
31475
31497
31515
31499
31516
31507
31491
31460
31459
31462
31450
31457
31439
31450
31463
31463
31469
31451
31457
31463
31455
31431
31475
31504
31467
31470
31497
31507
31500
31523
31539
31517
31516
31499
31514
31504
31513
31475
31487
31470
31496
31496
31513
31486
31477
31461
31462
31463
31459
31425
31455
31467
31459
31439
31445
31467
31469
31447
31434
31440
31440
31449
31471
31447
31493
31518
31517
31481
31471
31512
31493
31498
31473
31473
31517
31537
31511
31505
31495
31502
31489
31477
31495
31471
31473
31483
31495
31462
31501
31493
31476
31458
31439
31423
31441
31457
31431
31421
31444
31441
31411
31448
31468
31491
31466
31473
31474
31470
31491
31497
31499
31509
31509
31505
31495
31501
31533
31505
31493
31513
31479
31487
31486
31511
31459
31467
31476
31486
31461
31486
31476
31432
31425
31464
31446
31433
31449
31449
31451
31439
31445
31459
31456
31440
31449
31481
31455
31478
31462
31454
31495
31503
31493
31497
31492
31497
31485
31484
31496
31500
31485
31486
31511
31473
31475
31485
31467
31447
31455
31457
31483
31458
31455
31459
31469
31475
31462
31459
31465
31445
31441
31458
31446
31457
31462
31467
31467
31463
31479
31511
31483
31476
31487
31496
31503
31493
31501
31510
31479
31487
31511
31529
31507
31465
31470
31463
31472
31477
31475
31447
31491
31466
31451
31477
31475
31455
31463
31444
31446
31424
31439
31429
31448
31454
31481
31485
31470
31463
31495
31493
31487
31478
31517
31495
31494
31502
31507
31479
31472
31511
31517
31490
31483
31463
31463
31477
31493
31494
31486
31467
31471
31476
31472
31451
31421
31461
31428
31420
31428
31458
31453
31473
31450
31457
31441
31411
31442
31441
31447
31448
31453
31481
31495
31514
31477
31506
31505
31495
31466
31475
31473
31489
31475
31478
31481
31472
31458
31466
31461
31456
31443
31445
31436
31427
31448
31439
31444
31425
31443
31457
31435
31443
31448
31426
31437
31468
31464
31466
31455
31469
31453
31485
31476
31463
31482
31494
31488
31496
31511
31490
31505
31503
31481
31492
31501
31467
31462
31453
31463
31463
31441
31423
31431
31439
31425
31448
31465
31435
31391
31409
31420
31411
31430
31429
31447
31445
31462
31477
31472
31450
31462
31469
31457
31455
31494
31495
31467
31480
31485
31478
31479
31479
31493
31463
31471
31459
31456
31471
31447
31451
31479
31457
31449
31456
31419
31434
31434
31428
31438
31450
31451
31445
31441
31455
31448
31463
31485
31469
31464
31457
31450
31433
31460
31481
31497
31487
31489
31483
31480
31483
31487
31473
31502
31489
31492
31483
31471
31471
31473
31473
31463
31481
31457
31429
31415
31434
31443
31432
31433
31456
31454
31457
31457
31457
31460
31461
31463
31457
31446
31459
31461
31481
31466
31467
31475
31454
31449
31472
31470
31465
31483
31489
31495
31495
31498
31497
31495
31490
31463
31441
31449
31466
31463
31452
31474
31447
31440
31450
31433
31445
31436
31422
31455
31464
31434
