31240
31225
31282
31255
31250
31229
31257
31289
31288
31267
31237
31237
31245
31237
31253
31211
31175
31213
31208
31199
31239
31325
31230
31159
31229
31284
31256
31197
31223
31256
31229
31233
31253
31245
31229
31217
31239
31239
31246
32220
31941
31245
31266
31255
31263
31263
31270
31288
31254
31233
31205
31231
31258
31231
31247
31235
31211
31200
31215
31226
31255
31243
31207
31192
31205
31255
31271
31209
31247
31197
31141
31191
31194
31205
31217
31240
31228
31211
31217
31221
31223
31257
31255
31242
31217
31233
31255
31263
31209
31253
31263
31244
31216
31253
31212
31255
31223
31210
31236
31228
31183
31243
31263
31246
31247
31234
31231
31231
31235
31234
31175
31230
31267
31256
31245
31212
31239
31248
31212
31242
31213
31243
31247
31265
31304
31281
31223
31263
31258
31279
31319
31311
31255
31231
31279
31268
31275
31265
31275
31280
31251
31271
31225
31252
31293
31219
31255
31255
31229
31228
31237
31246
31241
31248
31255
31203
31225
31253
31247
31251
31300
31271
31252
31248
31259
31314
31300
31325
31331
31290
31235
31321
31299
31281
31319
31320
31267
31182
31227
31266
31256
31289
31224
31197
31225
31241
31244
31256
31222
31255
31248
31225
31231
31235
31251
31256
31264
31271
31233
31198
31253
31266
31266
31289
31267
31287
31288
31255
31267
31288
31282
31241
31261
31291
31257
31222
31257
31257
31231
31228
31244
31249
31248
31279
31285
31273
31286
31271
31244
31228
31251
31269
31254
31257
31235
31218
31237
31227
31240
31280
31287
31321
31341
31318
31283
31277
31311
31320
31271
31301
31303
31317
31327
31309
31257
31281
31275
31287
31275
31241
31254
31298
31283
31229
31226
31277
31269
31259
31262
31269
31255
31224
31241
31308
31256
31259
31271
31288
31277
31301
31269
31266
31314
31281
31255
31249
31277
31279
31283
31248
31244
31258
31261
31271
31275
31275
31283
31322
31301
31286
31289
31280
31288
31271
31285
31260
31231
31239
31274
31279
31223
31215
31222
31211
31229
31257
31246
31249
31251
31239
31257
31270
31237
31239
31290
31234
31242
31252
31279
31271
31279
31279
31291
31287
31220
31294
31273
31278
31243
31247
31234
31265
31249
31226
31235
31258
31293
31233
31207
31224
31250
31254
31230
31225
31229
31207
31235
31279
31271
31287
31267
31257
31260
31255
31216
31264
31257
31247
31256
31253
31293
31241
31203
31250
31319
31305
31271
31251
31301
31303
31287
31295
31263
31231
31271
31270
31297
31302
31270
31265
31252
31239
31223
31227
31262
31245
31225
31213
31230
31217
31230
31263
31260
31255
31271
31296
31285
31297
31317
31271
31231
31251
31262
31295
31295
31271
31281
31274
31275
31289
31271
31273
31285
31247
31268
31280
31244
31223
31265
31216
31241
31240
31181
31204
31227
31279
31276
31242
31218
31278
31281
31255
31283
31275
31265
31264
31256
31249
31308
31325
31339
31311
31303
31287
31263
31305
31287
31284
31275
31305
31238
31279
31279
31239
31289
31239
31277
31235
31236
31277
31258
31261
31265
31239
31211
31247
31231
31205
31257
31247
31219
31272
31271
31259
31269
31271
31260
31273
31248
31275
31237
31231
31276
31257
31275
31257
31297
31311
31279
31305
31262
31265
31244
31281
31277
31237
31253
31270
31297
31291
31297
31318
31233
31255
31251
31220
31246
31255
31266
31231
31251
31238
31260
31286
31282
31253
31302
31322
31225
31259
31264
31257
31243
31249
31257
31259
31277
31241
31253
31294
31287
31268
31251
31261
31249
31247
31284
31272
31255
31255
31285
31245
31295
31253
31251
31253
31246
31204
31225
31242
31267
31257
31262
31234
31223
31235
31247
31253
31262
31283
31285
31295
31287
31279
31260
31309
31294
31273
31259
31298
31339
31314
31271
31287
31252
31249
31283
31245
31199
31247
31267
31215
31245
31260
31237
31199
31239
31223
31241
31255
31283
31278
31278
31229
31267
31289
31268
31282
31291
31277
31258
31260
31267
31244
31231
31239
31291
31291
31249
31258
31249
31280
31247
31256
31256
31269
31287
31249
31253
31223
31283
31257
31255
31239
31245
31246
31225
31293
31268
31234
31232
31217
31204
31229
31303
31299
31254
31295
31248
31287
31244
31247
31205
31250
31231
31295
31276
31284
31322
31323
31321
31277
31261
31300
31269
31278
31271
31291
31249
31227
31231
31272
31270
31241
31224
31269
31222
31247
31289
31239
31256
31255
31307
31277
31271
31231
31268
31268
31221
31195
31250
31249
31248
31260
31288
31262
31259
31286
31314
31299
31250
31199
31234
31303
31309
31319
31303
31285
31258
31227
31233
31253
31234
31236
31243
31235
31245
31273
31277
31197
31198
31241
31238
31222
31249
31263
31274
31268
31302
31255
31213
31240
31277
31307
31247
31256
31277
31257
31245
31309
31317
31285
31287
31289
31303
31333
31321
31309
31263
31256
31238
31239
31262
31299
31287
31269
31286
31287
31272
31263
31265
31251
31233
31237
31237
31241
31297
31277
31272
31254
31283
31267
31230
31233
31257
31280
31245
31261
31258
31253
31254
31280
31247
31303
31289
31268
31255
31202
31225
31247
31269
31251
31254
31235
31239
31275
31231
31230
31163
31240
31196
31213
31227
31243
31223
31218
31207
31204
31219
31215
31266
31265
31223
31240
31284
31306
31303
31268
31249
31231
31215
31247
31289
31215
31241
31279
31291
31221
31223
31205
31239
31245
31279
31259
31265
31257
31234
31219
31251
31255
31218
31228
31236
31251
31259
31275
31248
31252
31281
31235
31268
31266
31261
31251
31259
31283
31288
31261
31265
31255
31262
31291
31291
31287
31255
31223
31265
31293
31271
31279
31275
31239
31255
31259
31277
31264
31263
31284
31239
31266
31231
31222
31255
31255
31276
31225
31278
31259
31262
31277
31287
31313
31317
31287
31297
31277
31258
31255
31263
31273
31286
31252
31245
31267
31250
31292
31329
31264
31283
31308
31257
31231
31277
31201
31267
31263
31253
31268
31263
31257
31225
31255
31291
31256
31234
31229
31229
31237
31251
31255
31255
31271
31259
31223
31238
31205
31238
31237
31270
31281
31264
31274
31262
31225
31255
31239
31263
31257
31231
31265
31237
31257
31265
31237
31251
31319
31270
31275
31309
31287
31264
31263
31219
31239
31278
31261
31255
31239
31261
31279
31231
31279
31314
31307
31311
31299
31251
31205
31287
31253
31271
31249
31223
31263
31260
31255
31281
31291
31271
31239
31236
31271
31278
31279
31321
31243
31231
31297
31246
31221
31222
31223
31204
31223
31225
31251
31270
31271
31225
31220
31241
31273
31278
31227
31237
31269
31268
31235
31238
31269
31307
31248
31252
31303
31279
31245
31267
31267
31254
31316
31255
31274
31287
31281
31238
31227
31220
31237
31255
31256
31252
31257
31259
31279
31263
31225
31179
31234
31237
31230
31219
31271
31264
31263
31247
31278
31303
31316
31329
31323
31257
31212
31219
31301
31310
31277
31282
31238
31228
31286
31303
31253
31251
31219
31281
31303
31252
31245
31223
31239
31269
31266
31271
31247
31240
31234
31243
31283
31257
31239
31237
31266
31295
31255
31235
31282
31273
31210
31213
31241
31260
31251
31271
31319
31251
31207
31261
31247
31265
31287
31280
31321
31320
31303
31242
31231
31271
31214
31160
31183
31212
31216
31229
31244
31199
31199
31281
31247
31223
31223
31239
31268
31243
31227
31207
31218
31237
31225
31223
31225
31204
31244
31173
31191
31215
31246
31263
31239
31261
31310
31269
31259
31301
31261
31248
31269
31270
31266
31248
31221
31247
31223
31207
31227
31200
31208
31282
31215
31178
31223
31191
31237
31225
31225
31202
31207
31243
31265
31257
31239
31258
31289
31256
31244
31240
31248
31297
31263
31239
31253
31250
31266
31201
31254
31273
31252
31237
31247
31238
31253
31199
31216
31227
31212
31246
31286
31234
31269
31269
31235
31207
31199
31233
31272
31273
31247
31229
31241
31295
31292
31263
31274
31233
31273
31268
31295
31275
31300
31298
31263
31259
31316
31297
31239
31223
31215
31239
31219
31249
31290
31235
31194
31231
31257
31285
31329
31261
31233
31241
31283
31253
31221
31247
31249
31251
31253
31249
31247
31231
31249
31235
31273
31317
31305
31285
31273
31261
31307
31287
31278
31303
31301
31278
31283
31261
31231
31245
31243
31235
31273
31251
31252
31255
31223
31264
31253
31283
31265
31263
31236
31271
31265
31277
31235
31231
31202
31227
31275
31297
31310
31270
31279
31291
31316
31277
31281
31305
31308
31274
31269
31207
31227
31300
31293
31271
31291
31274
31256
31279
31273
31267
31259
31278
31250
31229
31223
31243
31260
31275
31249
31248
31261
31253
31269
31236
31223
31247
31247
31242
31295
31280
31301
31267
31271
31267
31304
31331
31342
31284
31277
31271
31286
31303
31322
31272
31283
31276
31284
31275
31271
31295
31239
31249
31235
31225
31246
31242
31293
31264
31291
31303
31318
31309
31268
31240
31255
31227
31250
31265
31261
31284
31272
31221
31213
31239
31289
31273
31254
31221
31263
31261
31300
31343
31277
31241
31260
31249
31231
31257
31289
31281
31263
31287
31289
31294
31280
31233
31210
31246
31216
31222
31243
31206
31230
31282
31291
31291
31292
31231
31227
31285
31275
31272
31247
31301
31293
31286
31281
31256
31278
31286
31287
31275
31299
31325
31243
31198
31237
31284
31264
31261
31287
31253
31231
31241
31262
31252
31266
31239
31225
31223
31233
31249
31249
31282
31303
31255
31231
31238
31247
31231
31263
31271
31262
31285
31269
31288
31260
31268
31304
31274
31265
31319
31263
31309
31286
31219
31239
31255
31236
31275
31267
31278
31304
31330
31295
31271
31260
31239
31245
31287
31303
31283
31273
31299
31260
31276
31277
31241
31248
31267
31227
31226
31242
31262
31227
31261
31268
31247
31268
31287
31260
31295
31299
31279
31275
31287
31272
31255
31253
31285
31298
31240
31245
31276
31249
31279
31287
31317
31263
31244
31220
31243
31246
31249
31271
31237
31250
31262
31233
31259
31289
31247
31240
31217
31224
31235
31260
31282
31255
31276
31249
31220
31222
31282
31297
31271
31237
31229
31259
31273
31264
31231
31238
31252
31233
31276
31297
31258
31269
31273
31267
31275
31249
31281
31263
31269
31281
31279
31265
31255
31225
31226
31222
31235
31241
31215
31233
31261
31217
31287
31275
31268
31253
31244
31277
31287
31268
31259
31236
31269
31283
31271
31276
31295
31243
31245
31278
31271
31287
31280
31293
31222
31239
31246
31209
31219
31217
31254
31265
31257
31237
31252
31262
31239
31249
31287
31269
31246
31287
31248
31226
31236
31278
31296
31269
31241
31243
31255
31279
31285
31249
31270
31291
31241
31282
31303
31287
31295
31275
31251
31255
31257
31259
31283
31301
31301
31327
31256
31200
31212
31255
31263
31267
31248
31247
31275
31235
31231
31257
31239
31209
31243
31286
31316
31282
31294
31290
31269
31259
31265
31269
31284
31305
31255
31231
31237
31231
31245
31259
31219
31217
31229
31247
31216
31238
31231
31254
31258
31260
31246
31239
31271
31303
31294
31275
31271
31296
31283
31255
31254
31253
31259
31231
31229
31236
31219
31251
31242
31253
31244
31271
31270
31213
31222
31277
31244
31227
31230
31257
31240
31228
31229
31199
31217
31177
31214
31244
31213
31215
31255
31208
31235
31206
31236
31271
31295
31273
31204
31227
31227
31231
31267
31302
31256
31215
31239
31239
31239
31267
31258
31209
31243
31277
31253
31231
31245
31210
31229
31275
31248
31199
31221
31208
31246
31196
31173
31197
31225
31211
31206
31231
31247
31220
31213
31251
31255
31236
31219
31239
31231
31265
31271
31263
31237
31233
31275
31299
31285
31297
31239
31233
31222
31287
31275
31295
31288
31269
31293
31321
31318
31306
31305
31255
31241
31245
31223
31252
31319
31292
31223
31233
31231
31245
31219
31269
31258
31256
31298
31287
31305
31295
31318
31301
31293
31296
31295
31281
31299
31301
31373
31309
31311
31319
31333
31302
31242
31225
31234
31262
31263
31285
31313
31261
31287
31308
31323
31307
31259
31292
31261
31239
31271
31244
31234
31297
31251
31255
31243
31210
31279
31291
31242
31251
31263
31284
31301
31327
31289
31263
31267
31272
31293
31279
31255
31269
31257
31255
31280
31278
31262
31269
31307
31303
31271
31257
31289
31313
31278
31285
31295
31241
31255
31255
31249
31294
31281
31269
31295
31284
31282
31289
31254
31271
31271
31250
31240
31290
31257
31259
31309
31339
31287
31279
31267
31316
31320
31319
31323
31311
31291
31239
31247
31253
31233
31275
31257
31273
31257
31289
31289
31223
31284
31267
31264
31245
31239
31213
31246
31259
31235
31245
31267
31214
31255
31281
31288
31273
31272
31279
31274
31257
31282
31294
31305
31314
31269
31294
31247
31289
31255
31237
31250
31227
31243
31215
31246
31261
31240
31227
31223
31280
31279
31269
31255
31237
31173
31223
31271
31284
31214
31221
31282
31307
31267
31263
31270
31261
31219
31243
31273
31231
31287
31316
31231
31235
31241
31247
31283
31279
31234
31255
31267
31275
31259
31274
31255
31270
31291
31335
31313
31261
31265
31271
31246
31258
31281
31286
31268
31270
31335
31245
31271
31241
31237
31267
31281
31291
31269
31256
31263
31240
31262
31248
31271
31295
31281
31261
31213
31234
31268
31242
31245
31234
31272
31288
31288
31255
31225
31217
31245
31269
31273
31267
31249
31286
31253
31259
31209
31248
31295
31245
31195
31309
31291
31310
31268
31289
31283
31285
31280
31241
31295
31264
31239
31275
31287
31293
31251
31253
31258
31290
31289
31284
31283
31271
31252
31247
31241
31258
31312
31319
31287
31279
31289
31257
31257
31289
31256
31268
31273
31265
31252
31261
31267
31256
31292
31317
31311
31295
31251
31265
31287
31267
31301
31326
31320
31229
31235
31276
31293
31287
31289
31251
31287
31259
31238
31231
31227
31252
31284
31244
31264
31231
31297
31249
31249
31233
31205
31207
31231
31225
31245
31279
31268
31292
31276
31269
31270
31283
31245
31230
31247
31293
31240
31246
31250
31265
31265
31239
31251
31255
31245
31216
31250
31266
31263
31271
31247
31276
31238
31283
31255
31272
31243
31261
31293
31289
31259
31236
31249
31228
31261
31240
31211
31248
31253
31253
31283
31256
31279
31257
31242
31247
31260
31230
31258
31271
31231
31253
31249
31263
31259
31276
31258
31248
31217
31217
31211
31198
31245
31240
31270
31237
31255
31242
31245
31229
31236
31212
31230
31231
31231
31181
31191
31187
31235
31234
31245
31206
31189
31233
31255
31249
31225
31242
31291
31287
31268
31286
31251
31257
31300
31271
31271
31243
31209
31259
31257
31216
31253
31235
31196
31210
31236
31287
31252
31270
31249
31269
31257
31251
31255
31255
31248
31253
31283
31243
31239
31270
31258
31260
31289
31329
31288
31256
31287
31265
31277
31259
31303
31291
31239
31232
31277
31249
31279
31296
31228
31268
31271
31287
31275
31259
31245
31284
31293
31247
31253
31303
31271
31239
31263
31263
31302
31286
31244
31261
31255
31264
31223
31217
31238
31267
31274
31302
31278
31301
31263
31248
31279
31331
31321
31323
31273
31264
31255
31275
31287
31266
31299
31312
31286
31239
31231
31284
31260
31307
31302
31318
31321
31314
31271
31247
31243
31278
31273
31279
31294
31295
31289
31239
31217
31261
31271
31248
31303
31295
31255
31249
31273
31299
31303
31295
31268
31300
31277
31271
31241
31260
31263
31273
31275
31258
31306
31328
31300
31272
31281
31223
31244
31241
31253
31271
31242
31246
31220
31269
31297
31277
31292
31254
31257
31302
31277
31250
31249
31311
31329
31273
31254
31313
31273
31254
31253
31268
31260
31255
31273
31273
31283
31307
31252
31276
31299
31288
31239
31209
31231
31197
31219
31255
31257
31239
31217
31285
31226
31223
31203
31193
31234
31233
31276
31251
31237
31235
31252
31259
31256
31299
31332
31287
31258
31261
31253
31275
31281
31235
31239
31233
31245
31262
31285
31235
31287
31263
31239
31287
31255
31215
31221
31267
31257
31231
31215
31244
31244
31223
31246
31287
31248
31253
31235
31269
31274
31288
31247
31225
31235
31230
31218
31220
31231
31219
31231
31238
31267
31261
31253
31223
31208
31259
31231
31241
31254
31235
31230
31229
31220
31236
31225
31295
31302
31244
31245
31231
31231
31231
31245
31219
31205
31199
31221
31231
31251
31270
31259
31287
31265
31238
31287
31277
31250
31248
31303
31311
31300
31306
31229
31267
31255
31255
31281
31303
31285
31302
31294
31276
31253
31245
31303
31261
31253
31255
31272
31273
31247
31237
31264
31231
31259
31207
31209
31276
31304
31272
31257
31274
31280
31288
31299
31270
31301
31364
31351
31347
31271
31261
31257
31267
31226
31253
31283
31246
31252
31231
31237
31252
31306
31295
31279
31300
31257
31278
31229
31228
31251
31251
31235
31285
31275
31252
31280
31285
31261
31283
31311
31277
31237
31194
31229
31255
31231
31236
31288
31309
31295
31339
31313
31326
31309
31305
31259
31275
31249
31271
31295
31278
31246
31231
31257
31243
31259
31281
31273
31285
31278
31283
31307
31305
31306
31267
31247
31239
31261
31264
31273
31309
31263
31253
31285
31310
31259
31247
31296
31268
31258
31293
31339
31341
31371
31351
31289
31293
31263
31260
31243
31263
31213
31233
31263
31239
31275
31265
31269
31207
31169
31199
31237
31211
31247
31283
31297
31299
31270
31247
31271
31303
31299
31304
31247
31226
31249
31285
31309
31275
31301
31302
31312
31320
31271
31289
31260
31299
31263
31279
31295
31294
31313
31309
31303
31261
31281
31265
31223
31255
31239
31289
31236
31176
31247
31222
31233
31219
31243
31227
31251
31259
31221
31237
31269
31247
31269
31265
31248
31263
31225
31215
31199
31257
31259
31231
31265
31269
31235
31211
31261
31282
31239
31223
31248
31277
31252
31235
31256
31203
31225
31246
31202
31210
31231
31191
31246
31249
31206
31255
31231
31263
31272
31253
31286
31255
31263
31304
31274
31269
31287
31267
31273
31253
31241
31267
31263
31281
31258
31280
31268
31234
31244
31233
31260
31295
31279
31288
31270
31265
31304
31263
31248
31215
31263
31267
31251
31235
31268
31271
31268
31251
31289
31299
31290
31257
31223
31280
31267
31269
31251
31293
31259
31283
31277
31270
31277
31283
31281
31256
31263
31320
31330
31288
31277
31257
31269
31260
31292
31275
31295
31281
31271
31251
31253
31280
31263
31275
31235
31264
31245
31265
31277
31295
31258
31230
31270
31259
31267
31271
31274
31293
31284
31298
31284
31257
31263
31278
31241
31291
31255
31273
31263
31227
31261
31225
31259
31221
31253
31247
31223
31239
31316
31293
31273
31303
31267
31249
31255
31240
31234
31257
31254
31277
31283
31267
31280
31282
31231
31246
31255
31241
31263
31239
31244
31305
31271
31275
31275
31245
31262
31301
31266
31275
31290
31296
31301
31271
31275
31249
31274
31271
31251
31227
31208
31243
31252
31303
31255
31263
31267
31257
31256
31237
31243
31239
31209
31223
31248
31258
31265
31269
31255
31289
31279
31273
31228
31236
31270
31279
31267
31242
31305
31308
31277
31273
31280
31255
31253
31262
31231
31255
31239
31272
31256
31240
31220
31267
31279
31269
31262
31289
31277
31299
31256
31265
31258
31284
31289
31257
31230
31283
31270
31250
31239
31271
31317
31352
31317
31247
31293
31324
31306
31281
31264
31269
31220
31244
31231
31225
31271
31249
31279
31263
31293
31274
31258
31269
31255
31229
31286
31245
31219
31225
31236
31236
31287
31269
31280
31316
31296
31286
31247
31299
31307
31255
31252
31242
31259
31291
31286
31273
31263
31233
31249
31270
31248
31237
31280
31325
31272
31285
31285
31284
31244
31277
31247
31211
31205
31275
31265
31273
31271
31220
31245
31274
31277
31257
31255
31287
31291
31241
31217
31253
31287
31299
31253
31291
31309
31292
31288
31279
31244
31220
31243
31275
31278
31245
31275
31287
31273
31276
31256
31260
31246
31265
31312
31264
31218
31241
31283
31239
31201
31247
31288
31263
31239
31279
31263
31271
31289
31305
31311
31257
31273
31289
31250
31259
31270
31227
31283
31299
31256
31258
31264
31231
31249
31245
31259
31297
31301
31281
31275
31229
31243
31218
31225
31266
31267
31292
31292
31280
31286
31293
31287
31245
31265
31272
31255
31251
31243
31255
31281
31303
31326
31257
31266
31270
31284
31290
31311
31266
31284
31303
31291
31238
31299
31263
31274
31263
31272
31265
31239
31236
31263
31271
31260
31224
31272
31259
31261
31263
31270
31277
31278
31254
31226
31252
31272
31247
31237
31257
31256
31292
31265
31283
31299
31280
31286
31291
31281
31261
31245
31250
31264
31271
31285
31281
31259
31255
31303
31265
31284
31264
31281
31271
31274
31309
31262
31267
31276
31251
31255
31275
31231
31255
31258
31267
31257
31263
31243
31255
31238
31231
31257
31273
31273
31247
31207
31203
31247
31264
31283
31253
31258
31263
31271
31282
31251
31205
31225
31167
31206
31185
31179
31155
31175
31201
31209
31183
31155
31205
31210
31228
31231
31213
31234
31257
31251
31209
31215
31257
31250
31203
31221
31216
31255
31257
31287
31260
31203
31235
31249
31224
31263
31285
31208
31260
31255
31233
31255
31265
31254
31223
31213
31235
31215
31220
31223
31246
31269
31252
31249
31245
31199
31195
31241
31235
31220
31202
31213
31231
31237
31220
31248
31253
31271
31236
31238
31278
31250
31264
31231
31263
31242
31237
31262
31217
31223
31219
31249
31273
31242
31223
31247
31249
31275
31262
31241
31268
31263
31253
31270
31247
31248
31270
31271
31245
31226
31237
31226
31190
31256
31259
31224
31225
31243
31258
31279
31294
31227
31239
31269
31241
31213
31213
31223
31223
31256
31223
31246
31217
31239
31242
31231
31263
31260
31239
31228
31229
31197
31255
31234
31239
31231
31202
31267
31290
31241
31183
31228
31248
31291
31275
31285
31283
31267
31289
31255
31276
31292
31283
31274
31315
31331
31288
31321
31337
31273
31233
31222
31279
31294
31231
31247
31252
31255
31287
31237
31237
31265
31255
31245
31245
31265
31239
31240
31246
31233
31279
31258
31280
31262
31257
31250
31238
31255
31254
31255
31239
31243
31234
31243
31254
31261
31303
31253
31273
31271
31313
31309
31306
31272
31223
31213
31231
31195
31276
31246
31265
31307
31308
31284
31241
31265
31307
31268
31239
31245
31223
31251
31266
31249
31245
31231
31219
31215
31226
31258
31259
31250
31275
31260
31246
31297
31263
31265
31255
31265
31225
31237
31285
31253
31255
31292
31294
31325
31303
31263
31253
31262
31295
31281
31257
31231
31229
31231
31241
31255
31241
31256
31246
31217
31218
31233
31233
31245
31300
31251
31284
31266
31277
31279
31249
31235
31266
31279
31268
31271
31261
31249
31245
31249
31305
31246
31211
31207
31242
31223
31227
31269
31293
31287
31253
31287
31231
31251
31283
31235
31223
31227
31220
31215
31259
31308
31282
31260
31347
31334
31295
31347
31312
31299
31293
31293
31272
31287
31307
31303
31303
31301
31283
31305
31275
31266
31255
31268
31230
31235
31249
31251
31249
31255
31229
31218
31261
31271
31255
31230
31269
31316
31273
31240
31228
31271
31242
31229
31226
31263
31233
31263
31336
31319
31260
31289
31327
31293
31299
31283
31287
31307
31231
31248
31280
31309
31275
31197
31247
31279
31267
31240
31217
31188
31205
31256
31219
31243
31312
31271
31284
31303
31255
31261
31272
31263
31227
31231
31279
31294
31295
31285
31264
31248
31208
31220
31243
31275
31303
31305
31304
31289
31325
31261
31269
31260
31282
31310
31287
31271
31267
31257
31283
31265
31267
31256
31235
31243
31234
31240
31263
31248
31291
31263
31235
31222
31225
31183
31228
31236
31239
31231
31227
31237
31242
31219
31235
31252
31287
31263
31258
31273
31287
31303
31315
31319
31295
31245
31259
31207
31261
31289
31287
31280
31255
31275
31252
31199
31262
31314
31277
31298
31263
31251
31250
31279
31281
31255
31226
31231
31283
31243
31256
31293
31311
31325
31255
31217
31245
31261
31287
31288
31273
31245
31258
31286
31278
31281
31241
31268
31268
31231
31239
31263
31287
31293
31255
31240
31228
31247
31257
31247
31246
31237
31231
31261
31247
31245
31265
31254
31240
31282
31291
31294
31294
31327
31315
31270
31293
31287
31271
31235
31252
31261
31253
31252
31231
31279
31278
31270
31289
31310
31315
31241
31265
31231
31225
31245
31247
31253
31275
31269
31215
31247
31225
31213
31215
31224
31250
31263
31283
31275
31280
31220
31205
31245
31217
31236
31269
31279
31279
31209
31203
31280
31260
31331
31288
31271
31269
31257
31219
31294
31335
31339
31263
31238
31271
31202
31207
31221
31262
31249
31245
31297
31271
31261
31325
31269
31261
31253
31277
31280
31274
31239
31260
31241
31239
31254
31278
31269
31275
31242
31217
31231
31259
31336
31295
31311
31304
31302
31278
31291
31293
31286
31268
31303
31291
31271
31221
31253
31210
31219
31281
31295
31310
31255
31183
31225
31266
31260
31233
31238
31253
31290
31250
31241
31247
31290
31265
31267
31269
31263
31309
31305
31313
31288
31283
31281
31255
31257
31270
31279
31271
31287
31248
31247
31276
31255
31285
31250
31241
31244
31300
31272
31247
31291
31284
31271
31249
31239
31257
31255
31253
31274
31235
31309
31307
31291
31317
31344
31289
31291
31287
31252
31317
31291
31295
31295
31298
31294
31319
31283
31285
31287
31309
31250
31293
31295
31315
31300
31263
31275
31293
31276
31222
31227
31268
31255
31287
31294
31263
31259
31231
31227
31269
31256
31287
31293
31295
31282
31279
31223
31279
31257
31215
31229
31295
31298
31285
31222
31236
31261
31283
31261
31248
31285
31308
31261
31277
31303
31283
31295
31259
31247
31266
31239
31260
31227
31255
31250
31233
31236
31259
31281
31295
31260
31299
31289
31259
31277
31271
31237
31207
31265
31287
31243
31276
31303
31278
31256
31241
31282
31276
31271
31260
31260
31273
31275
31285
31280
31271
31223
31285
31261
31263
31249
31223
31223
31233
31276
31299
31247
31223
31246
31297
31271
31314
31315
31267
31247
31233
31271
31273
31279
31279
31250
31279
31269
31305
31273
31293
31275
31310
31307
31277
31245
31231
31257
31253
31249
31250
31239
31241
31249
31255
31221
31289
31271
31272
31276
31242
31223
31250
31269
31223
31255
31262
31241
31247
31225
31239
31253
31201
31246
31236
31258
31279
31263
31246
31281
31299
31271
31256
31237
31215
31220
31226
31284
31207
31237
31270
31253
31265
31236
31213
31241
31261
31256
31203
31267
31269
31265
31294
31293
31237
31226
31251
31239
31237
31239
31225
31240
31257
31298
31257
31248
31287
31283
31306
31303
31293
31271
31304
31276
31225
31229
31287
31337
31287
31263
31293
31261
31249
31275
31253
31236
31289
31264
31267
31228
31244
31241
31246
31261
31278
31304
31246
31271
31273
31279
31287
31271
31253
31309
31256
31271
31243
31271
31301
31261
31279
31249
31264
31254
31299
31293
31327
31309
31300
31294
31255
31300
31247
31263
31217
31213
31293
31243
31218
31259
31271
31287
31285
31289
31231
31229
31271
31227
31263
31264
31229
31253
31312
31319
31264
31303
31264
31241
31315
31297
31277
31317
31275
31257
31207
31255
31303
31293
31326
31285
31295
31291
31251
31275
31290
31263
31253
31262
31281
31280
31318
31257
31258
31325
31347
31279
31219
31227
31218
31243
31251
31254
31239
31277
31201
31212
31255
31233
31240
31189
31192
31205
31276
31245
31255
31283
31253
31236
31250
31231
31255
31287
31248
31264
31247
31233
31273
31222
31217
31255
31290
31271
31273
31251
31261
31229
31223
31245
31257
31237
31239
31236
31207
31204
31223
31198
31229
31250
31235
31233
31253
31267
31303
31288
31231
31230
31217
31244
31205
31251
31239
31219
31208
31208
31200
31201
31207
31255
31237
31235
31175
31201
31226
31229
31165
31188
31187
31205
31199
31183
31177
31237
31225
31169
31250
31233
31239
31242
31258
31263
31255
31268
31271
31248
31184
31207
31259
31261
31241
31263
31275
31285
31249
31241
31263
31251
31259
31239
31254
31269
31264
31253
31255
31271
31255
31276
31257
31271
31253
31240
31207
31225
31229
31271
31263
31279
31253
31279
31291
31263
31279
31265
31266
31242
31245
31245
31267
31263
31254
31243
31241
31276
31233
31292
31271
31223
31265
31269
31286
31305
31271
31261
31236
31288
31316
31267
31266
31285
31223
31223
31267
31213
31255
31241
31249
31294
31277
31245
31263
31300
31287
31247
31234
31239
31276
31223
31244
31278
31274
31270
31248
31289
31334
31323
31304
31303
31282
31265
31247
31317
31291
31259
31250
31239
31197
31256
31255
31236
31277
31278
31236
31281
31297
31239
31230
31244
31234
31289
31247
31269
31261
31271
31289
31265
31294
31292
31285
31259
31260
31325
31331
31299
31273
31269
31244
31264
31261
31248
31265
31254
31235
31286
31274
31252
31237
31253
31234
31233
31247
31287
31265
31225
31233
31267
31265
31263
31249
31276
31281
31277
31269
31274
31255
31276
31259
31216
31239
31288
31238
31270
31270
31273
31268
31243
31233
31243
31253
31279
31254
31243
31274
31247
31223
31237
31218
31268
31252
31252
31259
31237
31236
31245
31277
31264
31255
31255
31249
31309
31313
31287
31276
31272
31250
31263
31245
31253
31258
31271
31263
31243
31282
31297
31241
31258
31249
31266
31269
31279
31317
31225
31219
31215
31207
31171
31230
31244
31238
31270
31293
31244
31215
31215
31220
31270
31277
31252
31228
31288
31271
31281
31268
31289
31265
31258
31281
31311
31293
31288
31258
31247
31243
31249
31295
31218
31252
31295
31289
31276
31250
31223
31252
31273
31269
31265
31253
31258
31273
31239
31265
31278
31297
31270
31231
31213
31273
31285
31282
31231
31224
31285
31264
31207
31255
31267
31292
31326
31252
31233
31321
31314
31280
31255
31263
31246
31233
31291
31249
31269
31302
31288
31271
31296
31301
31333
31287
31271
31267
31265
31260
31262
31267
31305
31249
31239
31271
31250
31289
31243
31255
31254
31255
31233
31255
31246
31288
31319
31287
31320
31313
31303
31287
31271
31288
31284
31248
31233
31243
31289
31327
31266
31269
31295
31261
31275
31248
31202
31249
31272
31265
31269
31245
31260
31255
31303
31319
31255
31277
31271
31255
31257
31278
31283
31271
31295
31317
31303
31259
31260
31283
31293
31303
31281
31265
31247
31315
31305
31299
31266
31289
31267
31235
31286
31279
31326
31315
31319
31311
31284
31217
31239
31293
31293
31304
31263
31231
31274
31285
31247
31294
31288
31289
31287
31255
31239
31288
31278
31295
31263
31287
31316
31277
31283
31278
31294
31281
31294
31287
31274
31239
31270
31295
31267
31244
31263
31228
31297
31295
31255
31241
31253
31233
31251
31229
31251
31276
31239
31231
31263
31259
31242
31244
31238
31236
31203
31255
31239
31271
31218
31211
31247
31255
31265
31279
31266
31255
31279
31271
31210
31287
31223
31237
31293
31227
31246
31207
31149
31215
31260
31234
31253
31262
31270
31265
31292
31295
31243
31262
31289
31299
31308
31232
31276
31255
31271
31290
31299
31240
31273
31283
31261
31241
31233
31223
31235
31283
31273
31270
31234
31231
31271
31305
31267
31268
31241
31256
31220
31225
31259
31255
31233
31243
31260
31269
31281
31231
31230
31240
31225
31267
31247
31252
31197
31187
31215
31242
31227
31264
31304
31237
31281
31301
31243
31228
31247
31236
31259
31261
31259
31263
31309
31254
31263
31270
31273
31253
31259
31251
31287
31259
31238
31239
31269
31267
31255
31271
31238
31227
31260
31284
31321
31278
31223
31259
31253
31271
31311
31315
31287
31326
31308
31325
31317
31283
31254
31226
31227
31283
31265
31242
31279
31249
31215
31259
31321
31311
31258
31279
31295
31241
31289
31265
31288
31283
31243
31247
31239
31267
31270
31252
31233
31261
31271
31265
31243
31224
31246
31299
31287
31265
31275
31255
31295
31289
31253
31307
31293
31294
31277
31261
31233
31271
31253
31239
31257
31269
31250
31278
31278
31277
31262
31247
31247
31219
31275
31289
31269
31277
31270
31269
31291
31316
31260
31248
31250
31277
31287
31279
31239
31282
31281
31293
31299
31308
31294
31283
31199
31277
31269
31282
31276
31269
31261
31242
31206
31212
31221
31227
31231
31263
31231
31195
31213
31233
31267
31283
31257
31265
31219
31207
31227
31255
31271
31251
31246
31269
31293
31273
31272
31279
31294
31297
31277
31252
31275
31309
31279
31255
31271
31279
31243
31225
31254
31267
31285
31297
31289
31309
31263
31277
31269
31263
31276
31259
31239
31298
31310
31303
31286
31302
31285
31235
31242
31247
31275
31335
31259
31247
31285
31285
31283
31313
31251
31255
31263
31283
31269
31304
31282
31259
31279
31284
31282
31231
31256
31275
31271
31239
31223
31242
31259
31289
31300
31305
31266
31277
31287
31275
31266
31263
31274
31241
31251
31293
31283
31241
31240
31255
31255
31311
31273
31287
31275
31294
31252
31267
31239
31231
31259
31276
31267
31229
31231
31213
31241
31263
31304
31288
31286
31265
31258
31280
31275
31244
31289
31295
31253
31221
31223
31251
31211
31235
31219
31191
31257
31273
31263
31250
31259
31285
31263
31279
31301
31295
31322
31313
31302
31322
31291
31303
31303
31284
31287
31287
31237
31235
31243
31223
31245
31255
31248
31227
31230
31233
31249
31212
31278
31279
31259
31239
31263
31223
31213
31263
31244
31245
31233
31245
31259
31271
31307
31264
31281
31318
31282
31316
31294
31249
31262
31322
31363
31307
31217
31247
31305
31295
31239
31273
31281
31285
31289
31271
31257
31271
31274
31259
31291
31272
31249
31287
31239
31217
31272
31249
31251
31276
31239
31250
31256
31231
31255
31267
31259
31255
31235
31245
31237
31259
31309
31266
31255
31281
31309
31289
31238
31231
31231
31281
31270
31256
31284
31255
31263
31265
31270
31325
31266
31271
31251
31227
31252
31241
31240
31214
31225
31291
31285
31229
31233
31274
31275
31265
31288
31271
31304
31305
31271
31267
31311
31295
31278
31263
31295
31282
31255
31295
31263
31311
31287
31278
31242
31255
31286
31304
31274
31237
31254
31283
31272
31223
31233
31225
31219
31246
31231
31203
31231
31262
31250
31203
31200
31203
31208
31191
31248
31259
31229
31271
31273
31260
31267
31271
31255
31199
31223
31258
31219
31279
31283
31273
31290
31215
31222
31239
31245
31247
31219
31211
31253
31240
31230
31239
31260
31207
31195
31217
31231
31211
31240
31216
31234
31246
31215
31251
31244
31273
31243
31256
31275
31288
31275
31241
31225
31233
31267
31253
31252
31251
31255
31299
31278
31282
31231
31271
31281
31248
31233
31237
31228
31233
31240
31249
31237
31219
31235
31244
31229
31263
31298
31233
31271
31295
31263
31239
31272
31271
31237
31287
31271
31234
31271
31277
31243
31242
31259
31297
31255
31275
31238
31197
31184
31231
31271
31245
31185
31207
31213
31191
31203
31191
31209
31188
31190
31234
31205
31227
31253
31227
31207
31158
31195
31279
31245
31263
31261
31254
31276
31243
31256
31239
31246
31225
31260
31255
31235
31240
31247
31245
31273
31265
31233
31185
31196
31251
31234
31239
31240
31235
31222
31271
31267
31189
31219
31255
31265
31243
31207
31263
31287
31262
31255
31246
31247
31236
31264
31242
31203
31212
31254
31249
31237
31245
31204
31212
31281
31247
31281
31300
31266
31265
31244
31239
31303
31277
31298
31260
31224
31265
31267
31271
31227
31273
31299
31302
31263
31295
31315
31271
31237
31287
31302
31244
31291
31284
31303
31278
31292
31295
31295
31303
31319
31314
31337
31326
31235
31239
31295
31272
31282
31283
31263
31271
31274
31312
31272
31267
31295
31281
31271
31261
31291
31309
31307
31276
31237
31274
31307
31218
31255
31251
31255
31241
31287
31287
31279
31237
31265
31299
31329
31296
31311
31303
31280
31255
31294
31294
31274
31304
31264
31271
31325
31270
31294
31271
31290
31323
31323
31263
31251
31249
31250
31287
31266
31277
31315
31309
31339
31239
31254
31273
31232
31218
31248
31281
31259
31284
31297
31321
31335
31291
31321
31305
31304
31313
31282
31289
31264
31277
31287
31271
31271
31281
31268
31281
31287
31294
31284
31273
31309
31241
31227
31240
31206
31261
31289
31279
31303
31264
31226
31243
31256
31267
31233
31255
31274
31244
31230
31294
31287
31229
31246
31209
31233
31247
31263
31271
31239
31290
31329
31276
31258
31248
31263
31263
31199
31213
31245
31259
31243
31287
31290
31252
31282
31274
31249
31275
31239
31213
31211
31215
31228
31248
31229
31212
31226
31207
31233
31226
31217
31265
31281
31239
31241
31254
31244
31267
31281
31258
31268
31243
31271
31229
31258
31289
31277
31263
31247
31266
31277
31280
31283
31242
31249
31267
31287
31300
31283
31259
31237
31239
31278
31273
31271
31291
31313
31267
31306
31262
31235
31227
31269
31304
31249
31254
31289
31283
31265
31231
31274
31289
31279
31283
31275
31252
31269
31239
31273
31306
31311
31265
31264
31242
31211
31263
31285
31306
31277
31293
31260
31300
31271
31242
31261
31295
31332
31261
31207
31233
31276
31291
31240
31239
31283
31225
31239
31282
31241
31270
31231
31255
31258
31271
31245
31318
31292
31269
31253
31271
31300
31301
31295
31298
31260
31273
31286
31278
31312
31297
31294
31295
31250
31236
31302
31277
31247
31285
31303
31256
31235
31279
31255
31217
31223
31286
31298
31210
31207
31242
31255
31279
31291
31251
31234
31294
31341
31325
31265
31254
31281
31303
31317
31294
31244
31269
31287
31281
31261
31229
31265
31279
31285
31250
31292
31284
31287
31304
31305
31298
31256
31268
31256
31277
31290
31327
31321
31288
31245
31245
31263
31305
31292
31263
31283
31278
31283
31252
31263
31334
31267
31287
31310
31310
31271
31297
31311
31281
31295
31313
31306
31278
31271
31294
31274
31279
31326
31284
31265
31276
31277
31290
31271
31309
31295
31257
31317
31297
31267
31267
31259
31253
31264
31236
31257
31263
31239
31241
31269
31279
31250
31243
31291
31303
31253
31219
31231
31238
31243
31262
31238
31241
31271
31295
31259
31272
31294
31271
31270
31256
31293
31279
31275
31293
31269
31271
31309
31297
31290
31273
31255
31269
31276
31248
31246
31277
31261
31249
31258
31277
31261
31271
31282
31303
31270
31266
31286
31287
31245
31237
31290
31301
31255
31289
31347
31327
31255
31251
31277
31317
31287
31264
31303
31257
31291
31282
31260
31291
31293
31274
31294
31289
31271
31244
31234
31251
31263
31257
31231
31279
31236
31215
31247
31245
31264
31264
31207
31206
31225
31245
31270
31229
31244
31207
31235
31277
31229
31225
31257
31251
31253
31286
31297
31308
31251
31263
31207
31223
31249
31270
31268
31249
31279
31249
31250
31247
31249
31303
