33426
33502
33437
33487
33513
33412
33490
33418
33495
33543
33492
33484
33492
33384
33461
33448
33459
33447
33424
33442
33427
33479
33351
33451
33495
33425
33435
33410
33452
33441
33400
33398
33451
33464
33405
33427
33483
33486
33456
33465
33392
33450
33401
33447
33436
33464
33486
33415
33395
33414
33416
33457
33441
33397
33383
33417
33519
33455
33403
33493
33419
33429
33429
33428
33445
33418
33437
33478
33447
33447
33410
33431
33416
33399
33399
33379
33444
33405
33451
33403
33381
33411
33373
33420
33438
33465
33462
33384
33428
33409
33371
33458
33412
33407
33425
33387
33411
33406
33417
33494
33383
33477
33407
33427
33416
33345
33453
33399
33417
33425
33383
33357
33375
33431
33423
33421
33419
33386
33432
33435
33389
33457
33409
33417
33459
33429
33414
33431
33467
33497
33501
33513
33483
33499
33436
33400
33447
33407
33349
33467
33387
33480
33411
33505
33443
33429
33453
33385
33407
33428
33367
33403
33370
33394
33447
33405
33454
33409
33437
33461
33417
33454
33399
33373
33421
33391
33471
33431
33350
33381
33400
33410
33425
33409
33445
33399
33475
33418
33432
33435
33427
33452
33367
33413
33418
33431
33407
33398
33471
33402
33439
33450
33431
33431
33487
33408
33434
33374
33424
33477
33433
33462
33418
33415
33434
33392
33419
33427
33398
33425
33419
33445
33388
33422
33385
33326
33383
33382
33357
33387
33361
33444
33401
33367
33427
33396
33412
33404
33389
33419
33419
33403
33388
33395
33424
33399
33419
33425
33444
33446
33385
33383
33404
33443
33439
33334
33459
33415
33393
33405
33425
33443
33417
33443
33433
33415
33473
33421
33465
33471
33455
33453
33464
33481
33418
33436
33483
33407
33412
33397
33432
33497
33420
33389
33439
33433
33487
33452
33411
33455
33376
33453
33363
33439
33492
33414
33463
33441
33453
33505
33423
33465
33416
33415
33453
33463
33399
33424
33267
33458
33207
33478
33379
33421
33471
33383
33395
33358
33329
33378
33379
33369
33387
33378
33432
33362
33440
33384
33373
33399
33352
33382
33442
33415
33442
33396
33426
33427
33459
33449
33396
33452
33431
33399
33447
33417
33423
33474
33417
33431
33402
33452
33437
33391
33455
33377
33459
33465
33452
33517
33414
33391
33414
33453
33446
33434
33483
33411
33399
33377
33397
33458
33429
33407
33455
33443
33439
33424
33400
33471
33395
33393
33420
33439
33447
33401
33447
33442
33431
33453
33364
33363
33351
33409
33382
33431
33432
33429
33370
33429
33441
33426
33435
33441
33419
33390
33465
33453
33421
33429
33375
33462
33373
33397
33511
33363
33427
33393
33391
33473
33390
33471
33423
33392
33487
33439
33428
33455
33404
33424
33371
33456
33381
33562
33405
33479
33468
33479
33438
33460
33445
33439
33461
33485
33455
33482
33481
33451
33509
33465
33434
33513
33479
33475
33515
33428
33471
33421
33420
33461
33382
33525
33421
33445
33459
33407
33437
33482
33433
33462
33407
33428
33451
33407
33467
33408
33446
33421
33427
33481
33445
33445
33501
33412
33455
33347
33343
33434
33347
33411
33308
33413
33396
33392
33452
33383
33425
33453
33455
33465
33401
33432
33471
33423
33450
33448
33453
33379
33389
33431
33397
33420
33410
33400
33399
33396
33444
33468
33411
33423
33403
33421
33390
33420
33467
33405
33427
33423
33392
33442
33391
33400
33447
33413
33457
33377
33426
33423
33395
33433
33423
33435
33357
33412
33459
33405
33431
33383
33399
33387
33387
33421
33402
33405
33438
33411
33451
33445
33417
33439
33441
33433
33451
33392
33407
33395
33444
33426
33450
33475
33387
33423
33430
33399
33462
33405
33441
33459
33466
33483
33453
33491
33433
33455
33534
33431
33500
33535
33452
33574
33449
33387
33439
33469
33487
33486
33451
33445
33397
33507
33395
33487
33479
33433
33417
33404
33473
33452
33453
33451
33373
33466
33423
33403
33463
33387
33413
33477
33479
33505
33458
33444
33464
33411
33353
33379
33462
33426
33465
33453
33391
33443
33444
33537
33515
33491
33531
33530
33446
33478
33453
33479
33449
33439
33531
33410
33465
33407
33407
33497
33375
33439
33397
33445
33449
33399
33487
33431
33387
33437
33460
33478
33523
33426
33504
33432
33467
33483
33490
33467
33507
33500
33545
33445
33541
33383
33487
33450
33339
33463
33447
33429
33435
33427
33449
33461
33474
33515
33481
33456
33419
33479
33482
33429
33471
33410
33419
33440
33420
33487
33408
33437
33433
33455
33487
33426
33407
33397
33397
33433
33371
33433
33495
33430
33509
33440
33477
33421
33393
33381
33505
33378
33423
33415
33479
33370
33446
33409
33425
33457
33443
33431
33421
33424
33461
33399
33473
33455
33373
33499
33420
33485
33452
33470
33479
33439
33411
33470
33424
33410
33379
33422
33457
33443
33511
33415
33409
33471
33433
33459
33417
33495
33487
33497
33479
33407
33432
33460
33387
33429
33381
33435
33415
33404
33516
33434
33487
33483
33423
33463
33405
33417
33473
33478
33503
33438
33452
33464
33487
33463
33421
33467
33438
33382
33461
33463
33429
33442
33397
33430
33443
33428
33481
33413
33423
33389
33395
33421
33405
33407
33397
33415
33454
33479
33507
33471
33471
33506
33440
33435
33425
33394
33327
33546
33335
33489
33453
33450
33378
33488
33381
33436
33437
33420
33479
33391
33463
33419
33457
33444
33439
33465
33453
33404
33458
33441
33457
33415
33435
33467
33427
33421
33487
33475
33484
33480
33454
33466
33447
33502
33387
33407
33484
33457
33463
33437
33413
33419
33417
33440
33437
33427
33430
33415
33495
33412
33487
33463
33401
33445
33409
33401
33463
33389
33469
33473
33482
33470
33459
33479
33487
33432
33415
33431
33463
33365
33412
33435
33415
33436
33415
33423
33429
33321
33387
33432
33485
33467
33423
33543
33492
33428
33447
33394
33435
33411
33451
33462
33405
33507
33405
33405
33465
33435
33461
33447
33479
33493
33425
33479
33457
33458
33495
33420
33443
33453
33454
33490
33491
33407
33453
33451
33422
33465
33436
33415
33455
33449
33398
33491
33433
33489
33451
33493
33453
33420
33411
33319
33431
33418
33459
33360
33389
33379
33497
33436
33426
33462
33391
33505
33425
33412
33424
33400
33481
33396
33417
33441
33415
33452
33385
33407
33429
33422
33430
33433
33495
33487
33391
33463
33427
33419
33387
33417
33484
33462
33513
33431
33390
33417
33423
33448
33431
33402
33419
33471
33482
33436
33513
33494
33487
33527
33513
33473
33541
33483
33491
33513
33456
33477
33479
33407
33491
33423
33458
33446
33415
33468
33407
33412
33401
33430
33450
33417
33393
33375
33340
33389
33369
33357
33385
33418
33457
33432
33448
33418
33441
33459
33399
33463
33395
33448
33463
33411
33412
33422
33431
33479
33443
33473
33431
33475
33471
33432
33460
33407
33446
33471
33423
33487
33469
33454
33471
33447
33468
33479
33481
33507
33391
33469
33412
33431
33442
33409
33513
33447
33478
33498
33467
33477
33447
33476
33444
33421
33497
33469
33479
33505
33429
33472
33465
33467
33503
33431
33498
33416
33495
33495
33433
33523
33538
33477
33465
33455
33437
33457
33445
33477
33441
33547
33444
33473
33532
33399
33487
33492
33513
33532
33513
33535
33432
33407
33415
33333
33391
33388
33428
33467
33460
33485
33503
33450
33481
33391
33467
33432
33441
33453
33478
33491
33426
33462
33499
33429
33418
33423
33409
33415
33386
33423
33487
33405
33430
33418
33490
33375
33447
33425
33439
33505
33489
33455
33495
33499
33481
33503
33423
33433
33325
33418
33495
33369
33491
33394
33545
33547
33523
33573
33561
33559
33532
33500
33559
33519
33488
33472
33491
33556
33491
33504
33513
33483
33493
33431
33472
33473
33441
33565
33459
33495
33497
33495
33523
33537
33527
33463
33471
33481
33463
33479
33487
33479
33561
33471
33468
33435
33458
33461
33401
33485
33494
33446
33450
33448
33463
33489
33519
33472
33402
33429
33467
33442
33415
33416
33471
33442
33383
33412
33392
33436
33463
33433
33440
33416
33445
33449
33445
33497
33471
33417
33429
33403
33449
33465
33469
33447
33471
33503
33459
33475
33437
33393
33467
33397
33441
33422
33420
33448
33471
33474
33442
33483
33480
33389
33475
33419
33459
33447
33448
33479
33439
33435
33407
33383
33455
33462
33419
33452
33384
33455
33339
33451
33430
33405
33477
33498
33464
33490
33413
33467
33463
33435
33413
33405
33445
33459
33455
33455
33386
33417
33405
33426
33403
33415
33468
33429
33410
33418
33369
33452
33425
33421
33416
33397
33439
33447
33492
33491
33399
33500
33408
33402
33454
33402
33393
33441
33363
33482
33375
33453
33375
33413
33377
33395
33394
33407
33417
33479
33403
33483
33465
33403
33436
33385
33466
33438
33449
33450
33426
33509
33435
33469
33461
33455
33431
33392
33376
33430
33359
33393
33449
33391
33443
33425
33415
33404
33397
33413
33421
33407
33460
33382
33437
33411
33431
33426
33424
33440
33384
33499
33477
33412
33571
33437
33453
33482
33466
33449
33448
33483
33435
33375
33430
33419
33473
33409
33369
33512
33479
33458
33407
33377
33521
33425
33383
33391
33435
33537
33377
33439
33461
33451
33505
33407
33485
33486
33423
33462
33458
33452
33451
33409
33487
33390
33515
33478
33431
33516
33457
33479
33511
33467
33505
33455
33469
33511
33463
33527
33487
33470
33477
33491
33513
33475
33471
33457
33473
33528
33453
33493
33494
33440
33484
33381
33379
33437
33362
33377
33329
33422
33415
33386
33463
33420
33403
33422
33407
33452
33439
33474
33447
33442
33456
33413
33458
33469
33403
33465
33447
33463
33432
33407
33433
33392
33391
33462
33407
33417
33407
33414
33385
33407
33475
33385
33415
33410
33395
33424
33450
33447
33394
33386
33414
33373
33394
33390
33393
33455
33431
33462
33430
33395
33430
33410
33447
33424
33394
33481
33370
33375
33417
33399
33423
33361
33439
33389
33467
33425
33415
33467
33399
33348
33385
33365
33383
33328
33288
33395
33401
33415
33387
33361
33399
33394
33381
33383
33357
33374
33372
33372
33391
33399
33406
33385
33409
33439
33428
33422
33381
33404
33417
33360
33387
33384
33441
33443
33414
33451
33419
33401
33355
33345
33457
33436
33303
33375
33469
33296
33449
33400
33358
33396
33367
33449
33377
33434
33415
33495
33447
33415
33422
33393
33441
33450
33475
33386
33445
33462
33416
33432
33439
33409
33477
33415
33464
33433
33434
33460
33417
33463
33423
33415
33467
33435
33423
33431
33439
33479
33443
33428
33441
33407
33473
33424
33449
33463
33446
33429
33443
33449
33415
33348
33361
33404
33371
33424
33421
33473
33421
33478
33450
33438
33450
33433
33429
33422
33431
33511
33391
33387
33389
33422
33463
33443
33385
33501
33346
33447
33415
33437
33415
33364
33441
33383
33413
33397
33423
33455
33437
33368
33415
33333
33463
33405
33439
33417
33485
33367
33368
33503
33381
33453
33417
33519
33398
33519
33399
33483
33455
33509
33486
33498
33543
33487
33503
33455
33489
33479
33417
33455
33502
33427
33477
33463
33452
33510
33495
33503
33513
33427
33485
33403
33519
33455
33487
33445
33468
33481
33465
33439
33504
33447
33511
33477
33479
33477
33475
33527
33471
33478
33458
33461
33524
33431
33497
33459
33431
33511
33407
33461
33471
33491
33484
33479
33479
33492
33470
33469
33461
33473
33485
33465
33438
33469
33459
33507
33443
33505
33475
33503
33533
33459
33499
33455
33461
33482
33428
33511
33445
33485
33503
33404
33511
33451
33447
33484
33451
33511
33464
33435
33471
33431
33493
33459
33488
33491
33452
33463
33424
33391
33407
33416
33387
33450
33437
33413
33391
33434
33429
33469
33497
33487
33439
33440
33428
33427
33387
33414
33391
33439
33488
33451
33509
33418
33417
33431
33385
33383
33407
33407
33453
33371
33438
33424
33395
33447
33361
33435
33423
33449
33430
33438
33479
33461
33424
33469
33481
33473
33397
33426
33493
33455
33405
33341
33486
33377
33431
33436
33427
33407
33493
33399
33480
33387
33481
33474
33451
33494
33460
33436
33461
33418
33392
33401
33408
33399
33417
33397
33421
33440
33404
33465
33511
33403
33491
33407
33415
33491
33445
33423
33489
33409
33431
33366
33472
33473
33428
33465
33425
33439
33487
33437
33504
33450
33442
33453
33414
33480
33445
33428
33415
33399
33401
33431
33407
33459
33374
33478
33376
33466
33421
33458
33510
33431
33427
33436
33415
33473
33407
33415
33423
33383
33463
33414
33431
33416
33411
33467
33463
33401
33481
33459
33510
33467
33479
33543
33419
33444
33399
33399
33459
33397
33447
33444
33462
33398
33439
33409
33477
33359
33447
33407
33492
33490
33489
33438
33419
33463
33451
33463
33479
33431
33423
33473
33467
33402
33420
33397
33354
33385
33396
33445
33499
33439
33402
33448
33435
33428
33483
33427
33461
33415
33456
33464
33449
33439
33419
33458
33431
33431
33467
33366
33501
33453
33466
33481
33451
33449
33427
33440
33429
33439
33476
33462
33473
33497
33450
33489
33462
33451
33441
33441
33494
33455
33453
33519
33474
33513
33447
33433
33518
33413
33484
33450
33485
33449
33425
33465
33489
33411
33414
33389
33434
33377
33355
33420
33431
33401
33405
33388
33463
33407
33409
33406
33453
33450
33407
33389
33367
33439
33431
33425
33409
33401
33360
33435
33374
33454
33415
33417
33461
33419
33410
33423
33384
33447
33405
33405
33447
33391
33441
33451
33448
33438
33399
33410
33395
33454
33399
33393
33479
33400
33416
33409
33423
33433
33433
33437
33372
33374
33435
33447
33471
33461
33426
33501
33415
33487
33457
33471
33483
33433
33440
33482
33453
33527
33450
33473
33479
33449
33481
33419
33443
33333
33413
33399
33339
33416
33403
33461
33444
33419
33407
33398
33412
33440
33407
33457
33458
33423
33402
33415
33411
33407
33377
33443
33379
33415
33399
33377
33429
33387
33441
33431
33414
33396
33367
33405
33429
33408
33444
33404
33414
33475
33448
33421
33384
33488
33424
33431
33441
33412
33470
33431
33470
33548
33489
33470
33459
33498
33495
33496
33510
33475
33470
33493
33509
33499
33514
33454
33508
33431
33481
33475
33471
33518
33437
33497
33455
33455
33519
33437
33485
33437
33407
33448
33374
33387
33443
33380
33492
33367
33421
33396
33373
33430
33399
33392
33437
33405
33414
33427
33465
33455
33442
33429
33429
33461
33379
33353
33451
33414
33407
33413
33432
33487
33444
33474
33429
33373
33460
33451
33461
33473
33427
33465
33417
33473
33457
33399
33476
33518
33511
33478
33452
33478
33406
33480
33421
33439
33446
33395
33403
33375
33439
33494
33502
33493
33499
33423
33535
33487
33446
33461
33412
33439
33445
33484
33495
33413
33505
33410
33463
33463
33458
33493
33425
33372
33440
33399
33445
33415
33306
33491
33271
33414
33409
33384
33368
33363
33411
33407
33422
33454
33399
33457
33461
33453
33474
33417
33467
33408
33457
33436
33403
33365
33398
33403
33473
33479
33479
33397
33413
33368
33383
33423
33378
33427
33377
33382
33330
33419
33447
33399
33326
33527
33379
33295
33491
33397
33415
33467
33343
33501
33351
33497
33339
33485
33418
33431
33493
33427
33447
33407
33430
33461
33411
33456
33471
33395
33481
33400
33418
33457
33441
33460
33409
33459
33471
33426
33509
33453
33475
33469
33464
33447
33419
33444
33447
33441
33463
33451
33407
33419
33413
33504
33393
33443
33523
33391
33478
33390
33477
33415
33333
33405
33289
33359
33382
33383
33368
33416
33400
33407
33369
33459
33427
33439
33400
33351
33367
33343
33392
33383
33393
33441
33385
33451
33396
33421
33450
33407
33440
33422
33402
33428
33418
33442
33375
33382
33429
33409
33424
33426
33441
33476
33407
33470
33436
33399
33381
33365
33419
33460
33376
33404
33396
33450
33465
33435
33463
33425
33465
33464
33409
33471
33398
33429
33422
33421
33469
33388
33447
33441
33447
33417
33425
33483
33459
33342
33431
33359
33417
33432
33382
33416
33397
33401
33455
33371
33438
33383
33470
33420
33437
33457
33409
33460
33431
33403
33433
33399
33431
33437
33437
33435
33378
33452
33449
33421
33445
33448
33409
33438
33423
33476
33410
33501
33446
33373
33435
33407
33497
33474
33405
33463
33381
33452
33440
33425
33464
33407
33471
33502
33411
33446
33417
33437
33459
33371
33443
33385
33467
33456
33368
33418
33377
33411
33441
33417
33423
33373
33427
33425
33389
33435
33443
33412
33439
33391
33446
33431
33403
33451
33417
33439
33392
33395
33423
33385
33405
33386
33387
33399
33426
33401
33339
33430
33400
33459
33441
33407
33417
33454
33409
33483
33446
33432
33470
33409
33472
33407
33449
33503
33441
33483
33393
33443
33419
33404
33442
33453
33445
33442
33402
33428
33450
33465
33433
33424
33464
33416
33474
33426
33416
33521
33485
33406
33487
33424
33403
33423
33395
33397
33475
33385
33421
33415
33372
33344
33399
33382
33404
33401
33368
33371
33380
33383
33467
33407
33457
33371
33411
33401
33378
33441
33388
33426
33469
33435
33479
33407
33413
33482
33372
33389
33416
33448
33369
33467
33481
33385
33431
33367
33406
33462
33432
33442
33412
33435
33435
33436
33429
33511
33468
33399
33323
33417
33441
33450
33447
33402
33403
33419
33399
33478
33395
33401
33399
33402
33423
33437
33397
33435
33396
33462
33409
33412
33399
33351
33428
33477
33425
33439
33391
33447
33429
33456
33434
33399
33455
33407
33403
33474
33421
33487
33412
33363
33384
33369
33453
33335
33465
33369
33381
33360
33422
33408
33442
33425
33391
33413
33427
33415
33393
33408
33359
33447
33442
33422
33385
33383
33411
33483
33394
33449
33401
33382
33463
33395
33483
33380
33425
33471
33421
33519
33456
33455
33537
33485
33495
33471
33480
33511
33479
33527
33444
33453
33520
33451
33477
33431
33465
33451
33351
33440
33377
33399
33389
33375
33442
33405
33439
33421
33409
33467
33487
33454
33493
33437
33445
33412
33481
33488
33409
33455
33405
33448
33431
33343
33383
33432
33411
33421
33355
33428
33421
33444
33423
33371
33455
33463
33466
33408
33419
33427
33375
33421
33395
33383
33433
33450
33467
33455
33401
33437
33412
33465
33373
33424
33437
33460
33450
33458
33391
33470
33355
33462
33479
33439
33442
33421
33427
33451
33409
33458
33372
33377
33419
33370
33456
33373
33428
33437
33393
33401
33407
33431
33413
33379
33382
33328
33415
33421
33397
33421
33383
33441
33449
33403
33425
33442
33409
33433
33399
33404
33409
33407
33397
33406
33437
33449
33390
33441
33406
33471
33403
33444
33465
33423
33424
33385
33445
33460
33403
33478
33378
33425
33432
33407
33372
33416
33500
33415
33431
33447
33428
33431
33386
33398
33465
33457
33431
33497
33463
33497
33454
33411
33463
33420
33461
33437
33461
33464
33430
33434
33487
33458
33488
33411
33468
33443
33412
33463
33429
33420
33450
33415
33455
33466
33459
33457
33453
33481
33415
33405
33385
33427
33461
33415
33484
33436
33407
33430
33415
33494
33437
33464
33454
33461
33427
33329
33369
33401
33393
33426
33392
33422
33363
33415
33438
33429
33440
33475
33399
33433
33379
33454
33410
33388
33463
33409
33410
33419
33411
33451
33412
33410
33497
33435
33491
33410
33405
33441
33422
33463
33423
33407
33408
33407
33432
33331
33415
33450
33389
33446
33364
33386
33469
33423
33429
33473
33417
33428
33471
33421
33465
33427
33468
33465
33439
33454
33417
33428
33395
33480
33399
33419
33440
33404
33492
33465
33392
33448
33373
33473
33435
33468
33465
33481
33491
33434
33445
33474
33405
33437
33447
33451
33451
33417
33453
33433
33419
33443
33384
33433
33380
33443
33469
33444
33421
33481
33433
33432
33422
33481
33467
33411
33409
33385
33413
33475
33408
33422
33433
33432
33426
33471
33519
33397
33427
33409
33375
33487
33401
33433
33459
33481
33517
33486
33495
33443
33375
33446
33450
33462
33448
33431
33487
33400
33527
33417
33404
33461
33419
33417
33439
33407
33461
33393
33509
33473
33479
33471
33389
33455
33381
33447
33462
33407
33413
33416
33381
33471
33406
33511
33435
33390
33441
33359
33415
33392
33419
33435
33417
33477
33457
33515
33445
33388
33477
33431
33399
33454
33423
33479
33427
33437
33422
33457
33441
33479
33479
33456
33423
33435
33456
33423
33439
33355
33510
33408
33415
33551
33436
33481
33439
33433
33433
33417
33473
33453
33428
33503
33400
33497
33438
33395
33495
33407
33415
33475
33495
33463
33430
33436
33443
33465
33436
33393
33479
33415
33432
33435
33425
33392
33421
33427
33415
33399
33457
33432
33423
33467
33396
33471
33457
33453
33459
33453
33398
33447
33488
33443
33423
33459
33471
33465
33525
33417
33467
33415
33433
33441
33376
33447
33399
33411
33459
33393
33467
33433
33429
33409
33449
33451
33393
33412
33457
33409
33443
33429
33474
33441
33451
33456
33468
33448
33479
33371
33415
33451
33383
33417
33383
33412
33386
33435
33391
33407
33435
33420
33399
33463
33392
33426
33375
33397
33456
33381
33445
33451
33410
33438
33418
33429
33401
33447
33510
33421
33489
33409
33474
33480
33449
33503
33521
33496
33487
33449
33479
33437
33471
33455
33415
33525
33470
33447
33475
33479
33497
33441
33442
33467
33450
33463
33465
33461
33497
33449
33447
33501
33391
33475
33450
33462
33446
33478
33463
33395
33453
33454
33419
33405
33325
33374
33419
33435
33475
33429
33415
33495
33442
33463
33447
33505
33429
33489
33434
33422
33477
33488
33454
33467
33421
33495
33475
33441
33475
33475
33463
33476
33435
33453
33455
33455
33505
33420
33444
33447
33508
33511
33428
33492
33499
33535
33469
33460
33488
33439
33475
33525
33483
33525
33461
33427
33431
33455
33437
33448
33488
33440
33470
33526
33468
33451
33483
33427
33487
33460
33479
33508
33427
33489
33422
33471
33462
33466
33511
33422
33503
33448
33392
33409
33376
33373
33388
33373
33422
33413
33403
33441
33379
33431
33380
33386
33381
33383
33434
33377
33393
33405
33399
33456
33372
33449
33413
33402
33458
33489
33406
33415
33432
33514
33443
33449
33431
33374
33463
33446
33483
33469
33427
33489
33416
33448
33467
33413
33491
33474
33477
33509
33463
33520
33459
33491
33478
33466
33482
33447
33484
33445
33433
33473
33447
33482
33470
33462
33503
33435
33530
33474
33442
33467
33467
33482
33469
33427
33549
33463
33489
33442
33442
33477
33424
33479
33469
33435
33486
33457
33468
33463
33468
33484
33469
33487
33462
33425
33506
33468
33477
33494
33495
33519
33440
33409
33351
33394
33445
33466
33491
33459
33429
33473
33438
33445
33382
33416
33449
33446
33439
33439
33406
33461
33396
33458
33403
33387
33479
33447
33461
33479
33480
33537
33468
33423
33446
33422
33403
33376
33535
33495
33424
33487
33519
33531
33554
33450
33511
33435
33487
33476
33431
33514
33397
33434
33521
33476
33509
33420
33467
33426
33403
33452
33431
33479
33455
33450
33486
33435
33464
33403
33447
33486
33402
33447
33484
33510
33468
33439
33548
33486
33399
33491
33445
33473
33475
33433
33477
33463
33497
33455
33414
33468
33469
33447
33543
33435
33521
33389
33435
33421
33371
33459
33397
33400
33465
33414
33448
33548
33441
33453
33446
33450
33427
33442
33483
33437
33465
33435
33481
33539
33483
33488
33431
33450
33468
33395
33508
33432
33436
33450
33436
33403
33443
33459
33436
33381
33475
33428
33447
33413
33428
33439
33385
33457
33465
33407
33433
33391
33418
33453
33395
33462
33431
33459
33438
33436
33503
33469
33467
33483
33458
33513
33449
33473
33487
33433
33437
33342
33391
33500
33377
33473
33388
33452
33399
33389
33413
33433
33425
33464
33401
33440
33397
33443
33462
33424
33477
33437
33444
33463
33383
33467
33417
33471
33425
33429
33460
33367
33453
33473
33408
33413
33390
33437
33454
33400
33490
33435
33458
33437
33396
33468
33427
33490
33397
33395
33437
33391
33493
33481
33434
33494
33389
33437
33411
33423
33467
33467
33484
33503
33407
33442
33441
33442
33471
33384
33471
33388
33439
33472
33445
33461
33423
33437
33467
33440
33443
33346
33438
33435
33456
33487
33441
33467
33491
33473
33511
33477
33419
33425
33439
33445
33433
33469
33379
33387
33401
33447
33445
33428
33407
33447
33415
33407
33416
33416
33431
33400
33369
33462
33377
33468
33444
33453
33500
33394
33505
33447
33427
33475
33399
33469
33457
33421
33424
33417
33506
33437
33467
33329
33393
33475
33459
33465
33463
33440
33435
33415
33482
33469
33385
33457
33445
33507
33379
33439
33520
33455
33496
33471
33429
33501
33447
33508
33462
33437
33521
33486
33477
33511
33421
33457
33415
33463
33446
33391
33429
33459
33403
33459
33413
33478
33400
33424
33491
33399
33466
33488
33431
33502
33487
33471
33475
33494
33549
33484
33442
33407
33448
33477
33389
33440
33426
33423
33379
33392
33417
33406
33402
33473
33449
33473
33451
33444
33471
33456
33452
33431
33435
33497
33397
33447
33360
33463
33450
33431
33414
33376
33386
33435
33353
33408
33389
33425
33481
33395
33502
33413
33467
33461
33424
33474
33451
33394
33427
33384
33407
33421
33476
33442
33420
33461
33392
33455
33437
33430
33483
33367
33439
33426
33403
33489
33399
33427
33405
33428
33445
33451
33419
33463
33439
33431
33423
33415
33424
33431
33421
33391
33415
33501
33403
33426
33437
33415
33392
33401
33513
33463
33460
33486
33412
33439
33398
33447
33463
33442
33399
33484
33364
33380
33365
33421
33391
33428
33467
33404
33463
33447
33419
33457
33415
33477
33398
33428
33487
33365
33399
33430
33386
33399
33393
33471
33401
33393
33418
33369
33415
33423
33440
33473
33395
33426
33433
33437
33391
33391
33411
33465
33499
33529
33473
33453
33400
33378
33479
33411
33477
33424
33427
33386
33391
33441
33452
33436
33448
33387
33458
33446
33433
33483
33455
33455
33439
33455
33527
33392
33479
33437
33447
33505
33441
33431
33425
33423
33405
33405
33447
33503
33438
33480
33461
33495
33397
33454
33478
33437
33476
33451
33461
33432
33447
33445
33445
33434
33417
33421
33477
33498
33441
33491
33429
33416
33422
33403
33449
33435
33513
33493
33437
33439
33439
33482
33497
33454
33458
33415
33449
33463
33463
33413
33441
33457
33454
33453
33447
33446
33463
33473
33455
33423
33409
33463
33453
33413
33507
33393
33493
33440
33447
33479
33440
33412
33399
33425
33448
33376
33525
33439
33455
33448
33390
33447
33407
33406
33485
33435
33479
33461
33386
33483
33425
33443
33427
33407
33457
33392
33451
33457
33413
33475
33387
33385
33429
33407
33463
33407
33457
33415
33449
33430
33372
33470
33397
33378
33511
33483
33507
33453
33467
33466
33463
33485
33457
33414
33431
33419
33452
33378
33423
33520
33409
33473
33403
33441
33419
33426
33427
33487
33443
33428
33429
33483
33399
33393
33422
33393
33418
33432
33434
33451
33409
33419
33415
33423
33403
33388
33455
33397
33392
33473
33402
33425
33444
33411
33457
33420
33429
33439
33383
33517
33479
33490
33417
33461
33496
33412
33444
33457
33454
33481
33430
33431
33508
33431
33503
33479
33535
33495
33499
33478
33407
33485
33424
33423
33451
33475
33479
33438
33432
33479
33398
33473
33460
33417
33496
33454
33500
33456
33464
33504
33439
33487
33496
33467
33385
33391
33423
33367
33417
33429
33383
33413
33421
33406
33425
33374
33381
33399
33401
33447
33429
33453
33443
33430
33412
33359
33391
33383
33405
33465
33421
33462
33470
33459
33487
33483
33425
33446
33450
33495
33423
33413
33429
33394
33473
33435
33485
33485
33459
33433
33387
33453
33417
33395
33433
33432
33453
33444
33415
33496
33400
33437
33437
33413
33489
33435
33424
33447
33391
33423
33407
33407
33403
33412
33461
33414
33396
33435
33414
33439
33455
33475
33403
33483
33534
33457
33491
33529
33451
33514
33457
33492
33529
33502
33565
33526
33514
33503
33498
33573
33507
33527
33487
33523
33543
33422
33543
33506
33470
33488
33471
33495
33493
33398
33479
33393
33431
33432
33425
33455
33419
33430
33456
33479
33535
33409
33476
33467
33452
33468
33456
33490
33449
33484
33479
33457
33460
33558
33445
33504
33430
33497
33462
33389
33440
33399
33543
33451
33487
33550
33473
33469
33533
33506
33499
33505
33507
33439
33461
33513
33433
33491
33456
33503
33484
33439
33513
33495
33407
33444
33473
33482
33463
33443
33491
33470
33483
33481
33449
33501
33407
33457
33391
33361
33390
33381
33379
33393
33396
33511
33439
33481
33397
33461
33436
33423
33454
33439
33456
33469
33447
33471
33457
33411
33415
33499
33385
33423
33393
33464
33403
33451
33463
33443
33508
33445
33437
33499
33422
33453
33383
33403
33431
33414
33440
33436
33417
33403
33437
33438
33398
33393
33439
33377
33440
33392
33415
33438
33384
33452
33405
33442
33446
33407
33427
33405
33411
33386
33358
33415
33375
33434
33447
33439
33427
33398
33457
33412
33415
33481
33407
33391
33411
33407
33464
33381
33401
33441
33423
33397
33396
33403
33409
33441
33525
33412
33431
33447
33393
33470
33383
33407
33439
33452
33419
33382
33451
33433
33400
33491
33431
33491
33497
33426
33458
33438
33463
33487
33370
33467
33445
33482
33430
33397
33477
33424
33479
33447
33428
33488
33391
33447
33455
33411
33457
33351
33447
33443
33436
33502
33410
33467
33430
33430
33405
33373
33348
33389
33498
33485
33463
33448
33498
33445
33447
33401
33479
33429
33459
33495
33405
33409
33427
33466
33419
33430
33392
33441
33407
33449
33427
33458
33423
33430
33511
33473
33508
33498
33453
33470
33419
33479
33487
33471
33509
33422
33456
33448
33439
33447
33411
33445
33425
33425
33478
33465
33438
33427
33415
33467
33456
33443
33451
33403
33434
33444
33453
33484
33459
33473
33475
33465
33446
33421
33476
33413
33499
33467
33487
33499
33464
33447
33468
33462
33489
33499
33493
33457
33461
33543
33511
33535
33502
33468
33561
33543
33502
33519
33503
33585
33535
33518
33535
33454
33501
33459
33470
33515
33481
33501
33434
33484
33447
33483
33513
33523
33535
33519
33462
33516
33473
33491
33553
33491
33499
33463
33452
33422
33489
33517
33411
33355
33425
33405
33497
33333
33453
33481
33460
33448
33439
33433
33506
33446
33483
33479
33440
33471
33447
33450
33450
33495
33449
33395
33457
33476
33503
33433
33479
33487
33457
33465
33441
33359
33438
33391
33427
33404
33391
33428
33391
33415
33407
33382
33463
33403
33420
33409
33398
33491
33377
33439
33424
33411
33429
33374
33387
33413
33406
33439
33417
33467
33461
33425
33469
33335
33400
33455
33261
33503
33373
33505
33406
33405
33382
33416
33407
33461
33426
33433
33443
33427
33425
33373
33401
33392
33399
33397
33355
33415
33420
33399
33428
33453
33470
33427
33468
33421
33356
33402
33394
33455
33433
33445
33441
33439
33413
33452
33414
33456
33415
33470
33455
33402
33491
33426
33463
33444
33413
33419
33429
33454
33447
33429
33464
33431
33448
33502
33451
33445
33443
33415
33499
33517
33446
33403
33402
33399
33385
33431
33407
33418
33431
33388
33451
33414
33463
33489
33417
33472
33417
33433
33444
33475
33469
33415
33429
33495
33469
33577
33483
33478
33487
33507
33483
33503
33471
33512
33429
33510
33526
33503
33457
33489
33519
33501
33503
33543
33451
33547
33499
33521
33499
33510
33511
33426
33479
33507
33433
33495
33458
33453
33499
33507
33533
33439
33507
33553
33451
33501
33485
33493
33458
33448
33503
33466
33487
33456
33451
33509
33415
33457
33503
33418
33446
33461
33501
33471
33453
33471
33437
33469
33545
33415
33465
33492
33525
33527
33382
33333
33381
33424
33413
33365
33451
33409
33439
33463
33431
33465
33459
33435
33457
33397
33447
33435
33453
33464
33431
33525
33445
33463
33447
33460
33460
33396
33431
33498
33474
33513
33419
33375
33430
33383
33483
33431
33403
33466
33427
33431
33399
33439
33479
33452
33443
33399
33470
33442
33421
33469
33383
33418
33449
33391
33437
33415
33439
33416
33427
33511
33479
33392
33498
33423
33506
33399
33428
33416
33391
33419
33429
33443
33450
33433
33463
33471
33479
33430
33390
33454
33407
33419
33453
33409
33481
33381
33402
33430
33405
33439
33407
33391
33449
33400
33465
33439
33420
33466
33440
33471
33375
33459
33495
33470
33453
33383
33431
33457
33335
33441
33396
33440
33410
33415
33461
33395
33403
33405
33363
33369
33439
33356
33443
33470
33485
33463
33422
33393
33474
33449
33397
33398
33434
33393
33444
33423
33449
33488
33419
33444
33420
33463
33439
33433
33464
33393
33461
33461
33447
33479
33461
33479
33439
33388
33445
33406
33451
33455
33434
33428
33484
33441
33443
33368
33429
33403
33428
33496
33407
33454
33431
33432
33443
33410
33423
33438
33409
33443
33399
33471
33388
33405
33452
33397
33409
33431
33385
33385
33419
33394
33447
33396
33474
33401
33456
33451
33487
33463
33471
33503
33464
33468
33451
33430
33463
33467
33450
33461
33444
33484
33445
33466
33504
33415
33535
33480
33425
33442
33437
33467
33398
33390
33413
33449
33525
33470
33407
33456
33424
33480
33446
33425
33476
33417
33479
33446
33479
33445
33408
33433
33471
33431
33443
33439
33440
33449
33418
33481
33439
33468
33407
33421
33457
33439
33449
33437
33463
33546
33414
33439
33419
33418
33483
33464
33423
33453
33449
33415
33387
33443
33510
33390
33425
33415
33456
33419
33448
33466
33443
33485
33447
33429
33469
33467
33441
33463
33414
33441
33411
33355
33373
33360
33389
33389
33439
33399
33414
33409
33391
33454
33423
33447
33430
33403
33447
33401
33431
33431
33415
33469
33377
33411
33365
33341
33430
33384
33452
33440
33397
33414
33431
33407
33451
33384
33483
33438
33404
33449
33442
33359
33433
33382
33412
33433
33451
33413
33409
33436
33429
33425
33479
33369
33381
33409
33384
33460
33342
33470
33401
33475
33377
33404
33398
33398
33431
33435
33442
33393
33409
33453
33415
33406
33407
33391
33457
33383
33376
33457
33413
33431
33447
33402
33489
33423
33399
33405
33451
33450
33325
33423
33349
33379
33395
33409
33455
33425
33457
33469
33421
33443
33429
33413
33427
33418
33413
33415
33438
33478
33426
33452
33401
33404
33433
33430
33457
33361
33416
33463
33427
33401
33429
33454
33404
33447
33392
33433
33359
33441
33391
33393
33409
33410
33452
33421
33406
33349
33373
33392
33371
33375
33360
33393
33449
33341
33435
33426
33421
33419
33401
33393
33379
33404
33407
33369
33425
33438
33450
33440
33379
33443
33498
33413
33523
33473
33503
33381
33413
33510
33419
33459
33435
33453
33475
33424
33495
33468
33487
33505
33437
33437
33443
33426
33449
33361
33438
33494
33482
33395
33397
33437
33419
33385
33436
33418
33431
33407
33393
33429
33393
33431
33425
33407
33434
33437
33495
33413
33473
33432
33415
33439
33463
33443
33513
33456
33473
33416
33401
33446
33350
33495
33417
33415
33429
33399
33405
33415
33421
33426
33417
33476
33461
33397
33416
33423
33417
33407
33414
33413
33411
33433
33383
33389
33401
33369
33437
33467
33459
33407
33384
33453
33425
33391
33395
33378
33469
33415
33419
33441
33469
33431
33432
33395
33393
33399
33433
33368
33407
33431
33392
33490
33441
33415
33489
33448
33443
33512
33442
33504
33448
33517
33461
33458
33457
33411
33445
33419
33413
33400
33419
33403
33405
33383
33451
33399
33405
33439
33417
33447
33377
33383
33353
33320
33373
33367
33361
33387
33359
33367
33303
33380
33383
33381
33407
33377
33400
33431
33369
33423
33397
33378
33365
33353
33392
33375
33403
33357
33351
33387
33370
33356
33379
33393
33397
33391
33377
33391
33409
33386
33398
33403
33367
33288
33383
33384
33404
33393
33392
33414
33367
33393
33415
33395
33457
33324
33419
33367
33370
33407
33371
33371
33373
33319
33422
33343
33397
33399
33351
33384
33364
33402
33384
33373
33367
33327
33366
33342
33418
33415
33368
33408
33379
33285
33365
33366
33388
33371
33333
33417
33358
33345
33348
33337
33409
33383
33391
33353
33358
33401
33363
33415
33406
33411
33420
33353
33413
33401
33381
33410
33340
33372
33441
33424
33413
33369
33379
33396
33359
33407
33410
33395
33415
33395
33411
33354
33401
33384
33428
33487
33385
33379
33359
33387
33366
33341
33365
33437
33383
33416
33353
33424
33407
33359
33404
33346
33372
33392
33413
33405
33329
33409
33415
33403
33383
33391
33411
33401
33357
33407
33421
33392
33421
33385
33451
33330
33404
33392
33399
33405
33339
33371
33399
33364
33430
33389
33428
33443
33353
33407
33380
33463
33407
33408
33426
33393
33395
33389
33427
33472
33383
33467
33467
33398
33421
33389
33443
33444
33371
33435
33416
33444
33465
33402
33464
33415
33422
33410
33399
33477
33431
33459
33398
33410
33448
33378
33407
33415
33396
33401
33348
33371
33355
33349
33417
33343
33391
33391
33350
33394
33413
33429
33431
33415
33383
33399
33425
33406
33366
33405
33359
33421
33405
33319
33325
33299
33413
33404
33397
33425
33397
33422
33399
33369
33481
33433
33443
33401
33401
33403
33361
33419
33417
33431
33429
33379
33396
33393
33403
33430
33370
33409
33426
33366
33403
33366
33413
33437
33393
33409
33409
33423
33431
33429
33487
33428
33470
33480
33432
33465
33442
33493
33454
33395
33449
33445
33389
33426
33437
33473
33447
33446
33439
33399
33455
33454
33462
33453
33376
33517
33419
33461
33405
33421
33453
33415
33431
33431
33444
33473
33449
33471
33405
33468
33451
33439
33487
33445
33438
33493
33433
33439
33443
33400
33436
33364
33463
33457
33406
33495
33422
33427
33443
33381
33476
33471
33461
33444
33445
33475
33407
33453
33459
33404
33486
33401
33427
33487
33417
33450
33395
33469
33445
33427
33433
33428
33403
33427
33406
33426
33415
33373
33375
33359
33426
33391
33417
33411
33393
33407
33413
33419
33392
33373
33431
33407
33428
33441
33436
33452
33442
33415
33422
33407
33425
33312
33417
33451
33391
33425
33383
33439
33463
33438
33465
33397
33442
33463
33423
33490
33447
33431
33460
33400
33481
33377
33452
33407
33377
33461
33378
33385
33391
33415
33415
33429
33483
33407
33347
33415
33343
33407
33391
33441
33465
33407
33463
33358
33351
33430
33400
33403
33419
33402
33469
33411
33446
33449
33409
33403
33447
33422
33402
33360
33405
33387
33415
33407
33409
33385
33373
33437
33374
33398
33444
33379
33423
33402
33477
33496
33446
33457
33427
33400
33454
33419
33459
33390
33407
33442
33415
33446
33457
33421
33503
33402
33432
33417
33400
33465
33438
33435
33425
33432
33385
33405
33411
33383
33385
33415
