195
199
161
165
171
170
180
183
140
175
160
129
119
151
147
162
159
173
193
145
131
173
165
167
145
183
149
206
127
131
131
129
205
129
202
203
189
141
203
129
127
195
188
183
169
190
199
199
181
183
203
194
187
183
141
199
199
186
187
171
201
160
176
172
177
189
200
183
182
163
195
191
184
187
173
175
162
158
165
181
159
138
139
195
185
164
186
185
174
175
184
196
177
131
148
189
163
151
156
151
141
161
143
193
147
143
121
155
210
191
199
199
194
191
187
195
184
189
175
181
165
171
175
191
171
117
195
159
187
181
183
189
177
175
169
161
154
197
177
163
165
156
143
156
125
161
157
155
145
150
125
156
133
126
143
198
117
145
157
156
139
151
161
154
165
151
142
155
127
125
139
167
135
133
143
138
122
145
141
143
156
140
151
130
115
114
147
142
115
197
135
135
133
129
143
151
117
125
123
116
113
195
138
126
118
127
113
178
197
191
200
109
127
110
191
179
169
196
177
122
187
183
196
126
193
119
199
133
123
108
197
119
108
193
198
113
199
195
199
114
113
185
202
199
112
202
201
177
193
119
197
197
201
112
193
196
127
193
189
199
122
125
193
117
191
199
190
126
199
121
198
191
196
176
183
177
193
168
191
169
177
194
181
175
191
173
177
159
194
197
187
160
121
195
109
175
189
198
183
166
203
191
180
187
195
203
189
186
201
204
200
193
184
166
193
187
184
191
181
204
191
193
193
199
185
196
114
184
183
107
196
187
181
107
185
191
191
177
198
175
145
114
193
185
177
174
189
174
153
174
183
178
157
171
195
172
185
183
127
123
115
181
203
179
178
160
183
119
197
196
161
140
132
126
164
154
141
133
134
137
119
127
153
154
121
197
165
167
145
149
137
169
174
151
151
158
149
145
193
111
125
140
123
125
135
123
201
125
127
186
190
118
183
196
189
118
185
135
192
148
132
123
197
122
137
117
197
127
129
192
184
162
196
122
201
147
140
137
132
127
135
143
155
125
123
124
117
113
141
115
125
188
135
114
130
117
147
136
151
183
123
134
111
189
115
138
127
193
116
199
194
196
111
193
199
196
193
184
119
188
189
187
191
194
209
140
127
123
133
123
115
194
196
116
109
178
171
121
110
107
191
201
113
188
197
196
183
185
194
183
194
174
177
128
194
190
163
113
120
104
183
221
196
113
187
199
113
191
191
173
184
189
181
182
181
161
159
183
191
183
174
176
199
181
188
178
189
185
183
187
197
193
219
193
123
119
201
183
184
185
188
194
185
183
163
167
193
135
117
199
203
123
119
183
193
181
179
195
203
191
178
195
110
111
191
199
193
111
202
122
195
197
199
201
191
112
114
199
196
199
191
190
183
180
202
199
184
176
169
195
175
177
196
190
161
172
119
196
188
183
127
126
119
196
196
195
109
119
113
113
121
118
189
146
159
169
189
187
189
162
173
167
151
134
163
176
149
135
151
145
161
165
195
163
174
134
153
143
155
137
148
161
129
143
147
139
123
142
119
157
143
130
195
199
133
195
197
123
185
181
191
136
140
123
200
113
137
202
197
119
125
111
201
116
194
189
196
129
116
200
125
112
131
149
124
203
120
191
192
195
126
115
185
111
131
134
121
223
143
157
117
153
123
201
196
123
121
191
129
199
120
184
186
175
180
189
192
183
111
183
183
181
180
182
189
179
194
191
118
119
125
195
157
121
195
189
188
191
181
197
196
183
191
198
114
183
177
186
193
193
193
191
113
197
197
202
183
180
191
132
112
203
195
201
206
117
196
126
191
122
167
112
123
193
196
197
177
173
167
177
191
176
167
188
184
182
155
167
185
187
187
183
195
133
191
199
196
113
121
197
199
179
192
179
115
193
195
195
200
198
113
184
129
119
124
127
118
189
201
187
203
121
199
199
117
133
113
193
127
205
118
189
111
111
111
190
176
194
127
110
181
191
175
197
178
113
197
177
191
171
178
191
183
201
184
178
167
199
131
189
194
112
193
191
183
193
189
187
190
185
183
193
187
145
174
164
149
137
163
167
162
143
135
151
151
137
132
140
167
135
151
156
163
151
143
155
153
154
147
132
135
143
161
140
137
151
131
123
131
135
147
200
130
122
193
125
200
185
114
199
187
199
199
149
119
201
195
119
120
113
195
125
127
113
178
125
199
107
185
197
132
109
108
138
115
111
125
123
121
194
127
196
191
194
187
111
129
115
189
118
127
107
111
111
197
108
198
197
123
189
117
111
121
189
191
111
194
134
195
192
202
191
171
179
192
175
177
174
195
120
187
110
191
188
183
111
188
175
182
177
114
198
198
106
197
191
177
183
180
183
187
191
179
103
190
196
175
176
183
179
173
121
199
185
117
193
110
199
187
183
181
171
154
185
183
195
191
193
171
172
167
180
185
169
183
180
162
163
155
188
173
179
183
171
170
193
185
180
119
190
107
175
175
189
181
180
183
168
177
185
191
185
186
177
199
103
192
171
180
187
169
169
191
165
193
165
183
197
199
181
184
176
169
187
191
188
185
167
200
181
189
199
185
188
167
178
183
197
179
170
178
195
177
174
157
187
187
169
175
191
185
181
184
194
188
179
179
183
175
170
151
175
171
167
145
200
141
129
135
158
155
139
201
127
199
191
191
188
195
190
189
188
203
198
131
120
156
156
143
109
127
193
195
199
118
191
185
183
185
172
175
160
171
171
162
141
156
144
160
145
159
162
153
141
159
176
157
151
187
165
161
157
159
146
143
139
161
157
144
147
127
145
157
141
149
149
141
152
142
150
131
118
108
141
123
149
119
121
141
136
123
141
151
141
117
135
115
147
119
143
130
191
187
187
190
194
191
191
196
186
107
181
191
189
182
186
135
117
103
111
195
191
183
103
117
191
191
103
203
106
190
168
194
112
172
175
180
197
183
166
179
185
102
160
187
183
162
178
157
162
177
159
183
106
180
183
165
109
171
180
167
174
168
172
157
183
159
171
173
173
181
182
160
187
162
168
167
183
157
167
157
177
177
162
167
101
175
183
162
171
184
171
189
156
183
185
171
164
163
190
163
187
110
170
167
175
184
174
179
148
191
168
155
169
184
173
156
166
194
186
173
185
115
173
175
115
169
103
178
171
121
191
183
187
155
147
167
159
155
155
168
161
184
173
145
156
139
167
171
150
167
175
181
163
175
193
159
173
173
189
167
153
163
161
169
159
160
146
127
144
130
119
105
117
126
129
107
122
191
126
114
111
127
131
122
159
137
137
135
114
109
101
103
129
110
91
138
122
109
194
101
189
174
171
100
193
104
185
102
185
101
169
181
191
188
183
127
99
166
171
191
121
113
185
107
187
187
175
183
191
177
168
174
119
185
191
112
95
195
195
180
101
181
179
148
103
181
97
173
123
181
168
181
123
101
120
188
111
205
147
173
99
104
182
179
183
178
174
182
179
176
183
160
182
157
166
149
173
179
175
157
168
99
167
191
189
180
112
170
159
174
168
173
181
177
187
172
152
168
157
170
157
173
178
171
159
173
158
145
142
159
161
167
146
175
157
163
153
182
175
179
146
155
159
141
145
135
165
167
151
158
152
159
127
139
155
143
143
133
155
139
119
125
133
127
135
147
173
147
129
127
151
148
136
139
149
145
143
146
162
149
135
145
143
154
159
147
171
183
168
148
155
145
149
150
161
143
138
145
119
167
158
149
161
167
169
170
157
169
162
151
149
163
163
148
175
151
156
131
121
151
142
167
159
141
133
105
162
143
147
145
131
152
161
141
138
165
168
145
145
167
163
153
136
135
164
167
157
149
127
112
107
119
132
123
124
135
111
103
92
182
107
111
169
175
106
125
184
174
135
103
110
113
189
95
107
171
183
115
113
186
167
172
163
163
152
173
185
175
181
184
173
175
162
176
107
166
174
178
168
175
166
191
183
177
183
165
147
173
159
185
167
169
155
183
183
179
159
183
102
181
171
201
175
166
164
164
165
175
153
164
179
158
172
175
177
173
172
164
179
176
174
159
189
171
163
143
167
159
133
141
177
173
173
140
159
155
131
127
153
167
143
150
167
167
157
151
150
181
170
153
155
151
157
135
145
178
167
141
145
165
145
149
123
163
183
161
118
130
121
143
105
141
138
167
129
153
147
124
130
171
151
135
163
169
159
137
140
130
119
153
146
141
156
121
125
111
133
165
118
141
149
121
119
121
133
123
125
107
135
132
139
142
151
164
149
149
152
123
120
127
140
123
147
133
144
139
161
143
149
164
158
156
156
145
151
143
135
143
131
152
154
177
168
141
290
153
167
135
140
150
143
131
139
151
150
150
162
133
146
141
130
165
142
141
147
129
129
135
113
134
118
145
122
143
153
143
159
159
140
143
127
132
135
147
134
153
137
141
142
179
101
99
101
113
129
111
93
194
95
94
169
177
180
93
165
180
97
169
107
181
109
178
181
182
171
170
171
174
91
176
174
96
169
160
147
159
174
178
173
161
139
135
149
137
180
151
161
143
156
164
167
153
177
175
157
159
168
167
159
174
124
169
153
135
171
91
144
169
155
179
161
155
163
168
150
145
140
167
165
160
165
172
169
155
161
151
163
169
172
157
156
159
155
152
160
156
167
151
159
123
127
116
155
145
149
151
151
143
131
119
142
130
151
135
143
145
152
153
167
171
159
134
148
125
149
136
171
127
155
127
130
131
154
147
122
160
132
139
144
145
109
113
102
141
132
139
141
133
127
107
140
160
151
141
119
158
135
113
141
143
137
127
147
141
119
98
103
138
131
119
97
105
129
110
104
99
116
135
103
126
123
138
139
111
137
124
145
125
121
127
129
89
137
143
159
127
141
140
127
142
157
142
121
127
131
137
96
131
136
124
140
125
139
126
135
118
149
143
143
138
145
135
127
135
155
136
143
127
137
138
119
134
133
140
142
138
127
122
111
111
85
107
137
106
103
121
135
145
111
133
142
135
122
113
134
114
115
133
129
105
111
127
154
157
151
143
148
135
106
135
127
115
118
99
100
127
121
99
127
124
118
105
135
115
103
123
105
177
173
98
113
111
96
173
88
170
176
169
165
85
159
157
157
168
163
166
153
161
163
147
93
180
161
145
179
89
152
174
85
162
157
135
170
136
161
167
159
79
172
161
174
158
166
162
155
169
156
156
135
157
161
172
149
169
169
170
96
98
177
98
166
167
167
155
135
166
151
142
152
144
143
143
143
151
168
144
137
143
151
127
109
125
137
158
143
122
150
146
123
140
161
134
150
143
151
150
147
143
151
115
118
136
134
109
132
100
149
156
159
135
128
133
123
133
129
125
135
110
127
143
135
135
136
151
158
135
126
138
131
129
122
147
135
127
115
137
119
125
96
121
125
110
111
103
134
119
103
125
111
113
104
135
135
131
109
135
126
123
97
143
119
101
103
118
124
120
107
131
136
149
111
146
154
130
115
95
118
129
112
99
130
108
131
94
132
100
131
127
133
137
127
111
117
133
119
105
139
129
133
117
99
86
113
95
125
144
111
107
124
102
102
112
91
124
110
91
103
131
108
112
110
143
124
126
101
114
127
105
104
105
103
93
100
171
167
91
147
100
159
159
159
145
161
135
143
151
162
175
143
165
159
153
163
154
137
138
133
173
142
159
132
144
161
166
138
143
143
149
141
120
163
163
119
120
135
119
155
121
135
129
151
117
141
131
135
128
144
156
149
122
129
135
127
106
135
135
155
132
119
153
133
129
141
146
159
134
126
133
116
122
130
150
117
173
137
125
132
146
142
148
148
135
123
135
136
145
124
135
131
119
123
111
142
135
100
119
112
123
113
115
114
131
118
111
127
111
117
137
130
143
115
124
132
110
118
124
100
118
84
123
120
113
95
103
127
101
119
113
137
132
113
104
117
98
121
121
125
125
119
103
143
133
111
129
135
137
129
126
117
132
113
120
101
135
138
125
110
129
101
92
101
93
92
95
96
99
95
163
77
112
76
108
159
109
105
100
87
126
148
126
110
127
107
91
92
118
127
120
87
118
118
116
132
131
135
113
104
104
114
125
78
93
127
79
95
108
149
147
129
125
119
113
91
112
115
133
101
103
120
135
127
89
91
95
85
95
129
119
100
78
162
110
83
157
93
85
105
117
125
117
97
114
102
119
136
103
95
83
103
107
95
115
110
103
116
167
167
79
143
165
165
157
159
79
165
150
142
160
155
150
136
151
161
159
153
79
155
165
143
143
161
130
135
149
155
147
154
148
159
147
127
114
131
134
135
128
125
119
102
119
121
125
114
133
135
145
146
147
157
141
158
134
145
219
113
138
149
131
135
118
139
151
141
151
131
135
153
120
155
138
137
135
121
131
137
130
119
137
141
127
162
159
125
167
118
106
125
120
173
162
146
165
108
127
125
153
143
157
173
151
141
136
107
135
135
174
178
133
172
135
149
153
138
185
137
186
169
131
151
123
163
142
135
191
129
227
154
118
218
135
207
181
155
205
123
183
199
147
167
135
201
156
179
206
134
199
183
146
189
134
175
207
162
222
119
175
177
107
248
165
251
194
173
232
139
223
202
145
281
167
307
255
177
285
111
232
229
167
330
171
251
187
153
231
156
293
259
168
305
148
259
223
204
296
159
283
236
187
325
183
317
235
201
338
191
281
296
202
358
151
274
263
181
383
184
358
325
191
358
149
290
312
224
373
179
295
379
212
441
188
298
382
231
427
195
346
346
210
474
263
371
339
214
417
171
330
359
219
510
223
419
396
261
457
175
378
279
203
271
209
375
313
230
258
213
331
307
194
411
225
367
379
213
295
234
356
341
239
313
243
569
425
259
487
215
341
351
221
521
233
399
384
229
551
240
409
439
243
557
239
482
518
246
715
220
497
468
270
597
225
387
485
249
657
278
504
499
285
561
257
557
549
286
659
267
479
510
244
593
283
471
572
266
846
317
591
622
309
752
295
571
626
313
742
314
535
631
261
829
279
598
635
306
751
335
657
733
394
1020
335
599
732
297
811
390
611
891
399
977
487
683
711
335
946
361
637
709
332
905
398
665
722
305
951
387
673
993
423
1325
508
811
799
383
970
495
735
872
458
1303
577
794
903
358
1077
436
724
859
351
1086
542
816
1069
485
1117
519
851
933
375
1107
594
899
992
496
1254
577
805
971
393
1175
655
1007
1223
543
1317
627
907
1206
528
1203
626
910
1117
425
1271
603
903
1131
583
1562
683
993
1203
575
1332
649
939
1313
519
1427
671
964
1167
567
1420
771
886
1214
479
1352
554
913
1175
516
1342
615
931
1319
526
1423
762
1021
1205
511
1358
805
1058
1289
645
1460
839
983
1373
657
1566
853
1103
1666
913
1637
868
1115
1487
546
1511
871
999
1296
567
1606
897
1121
1353
725
1786
715
1067
1420
603
1183
450
663
859
336
769
433
588
753
307
919
451
623
843
319
957
347
535
781
327
977
482
671
952
367
951
520
696
1039
357
1030
507
700
964
455
1185
645
700
1019
480
1169
639
847
1089
462
1119
659
868
1297
487
1244
668
781
1209
416
1179
689
843
1171
507
1383
697
921
1256
521
1415
678
943
1272
522
1335
751
899
1346
541
1423
831
1033
1417
568
1433
795
883
1359
595
1531
777
1127
1450
645
1465
823
991
1451
582
1455
819
1031
1485
624
1727
947
1144
1510
641
1655
999
1171
1775
915
1791
1053
1185
1651
860
1636
1073
1200
1677
751
1765
1093
1252
1730
879
1738
1099
1279
1842
907
2003
1313
1420
1881
931
2047
1200
1383
1951
979
1932
1255
1549
1945
1038
2178
1278
1397
1955
933
2017
1235
1363
1952
1032
2022
1259
1437
2069
1022
2080
1417
1492
2271
1095
2367
1573
1756
2209
1189
2267
1604
1749
2221
1335
2459
1663
1797
2457
1372
2241
1535
1773
2300
1203
2327
1735
1903
2322
1429
2509
1761
1832
2373
1361
2720
1734
1744
2344
1278
2401
1555
1633
2319
1479
2341
1777
1807
2527
1340
2455
1655
1832
2348
1335
2375
1695
1727
2333
1321
2439
1780
1939
2464
1573
2437
1766
2107
2519
1487
2707
2152
1903
2632
1669
2713
2163
2081
2610
1579
2628
2144
1995
2510
1695
2881
2048
2041
2617
1574
2559
1917
2027
2563
1692
2717
2103
2241
2576
1651
2759
2066
1907
2481
1423
2590
1843
1873
2561
1541
2561
1895
1969
2620
1513
2543
1933
2015
2527
1545
2655
2006
1872
2574
1630
2569
2015
2045
2725
1652
2751
1917
2049
2663
1715
2801
2086
2157
2786
1718
2718
2167
2295
3088
1839
2831
2226
2151
2849
1970
3028
2255
2159
2799
1834
2813
2106
2218
2930
1923
2886
2387
2490
2909
2009
2939
2317
2369
2759
1885
2923
2312
2205
2879
1898
2876
2270
2353
2985
2109
2853
2279
2321
2992
2009
3037
2511
2455
2990
1944
2960
2482
2495
3045
2029
3090
2448
2436
3038
2092
3131
2679
2541
3185
2057
3101
2623
2676
3209
2186
3341
2791
2559
3238
2249
3199
2793
2648
3445
2390
3241
2591
2771
3248
2425
3428
2712
2587
3420
2325
3298
2662
2705
3355
2311
3409
2923
2641
3391
2353
3315
2919
2893
3674
2566
3450
3011
2671
3575
2535
3375
3253
3045
3537
2435
3378
2888
2800
3502
2604
3579
3051
2639
3499
2503
3673
2940
3102
3800
2703
3680
3207
2821
3592
2720
3684
3173
3017
3598
2707
3711
3209
2844
3653
2617
3621
3094
2829
3643
2402
3557
3216
3116
3937
2717
3851
3364
2995
3798
2903
3790
3359
3245
3785
2703
3871
3334
3047
3874
2901
3861
3175
3079
4016
2722
3691
3221
3076
3939
2688
3695
3181
3119
3900
2815
3811
3471
1320
2459
6165
4641
3337
3288
4030
2818
3823
3311
3089
3894
2992
4007
3559
3345
3955
2962
3852
3445
3198
3921
2913
3839
3429
3216
4091
3065
3997
3491
3365
4210
3130
4387
3625
3406
4131
2705
3635
3256
3082
3708
2754
3794
3322
2973
3850
2695
3715
3331
2993
3855
2926
3657
3231
3047
3961
2774
3719
3315
3063
3835
2843
3805
3454
3143
3855
2790
3705
3445
2893
3925
2919
3908
3396
3207
4085
2949
3797
3507
3139
4135
3069
3775
3557
3259
3971
2927
3875
3525
3088
3992
2981
3863
3505
3345
4097
3086
3911
3590
3271
4177
3040
3874
3551
3308
4062
3014
3829
3711
3323
4114
3217
3891
3633
3270
4206
3181
4051
3690
3418
4432
3173
4029
3709
3391
4269
3135
4051
3622
3366
4314
3207
3951
3769
3481
4438
3292
4239
3829
3715
4669
3370
4263
3855
3606
4526
3385
4258
3832
3647
4406
3380
4127
3899
3455
4319
3263
4116
3973
3565
4467
3367
4227
4007
3608
4553
3397
4324
3962
3655
4573
3393
4255
4063
3795
4721
3609
4215
4289
3675
4625
3533
4303
4075
3557
4681
3534
4313
4122
3690
4651
3538
4389
4075
3855
4661
3516
4451
4151
3711
4887
3625
4509
4198
3680
4787
3831
4613
4411
3927
4884
3809
4682
4445
3983
4881
3659
4569
4249
4010
4691
3699
4448
4425
3891
4857
3660
4755
4405
3803
4759
3935
4507
4361
3802
4944
3719
4522
4288
4009
4798
3800
4631
4525
3915
4955
3791
4862
4645
3932
4791
3789
4580
4342
3862
4997
3799
4516
4575
4220
5114
3703
4623
4369
3997
4925
4153
4825
4655
4136
5145
3903
4758
4684
4095
5122
4076
4746
4697
3962
5133
4050
4813
4696
4011
4779
3845
4720
4543
4305
5185
4049
4850
4769
4249
5207
4207
4680
4431
3805
4872
3737
4521
4520
3923
4923
3831
4645
4464
3927
5021
3963
4727
4663
3944
4935
3836
4675
4507
3944
5022
3911
4686
4635
3951
5081
3945
4645
4657
4065
5145
3977
4799
4729
3955
5043
4067
4810
4719
4132
5111
4039
4771
4680
4223
5199
4143
4786
4666
4290
5245
4127
4816
4749
4056
5163
4599
4878
4851
4133
5168
4047
4787
4719
4202
5113
4197
4837
4767
4110
5319
4192
4862
4819
4407
5319
4280
4809
4885
4187
5274
4249
5005
4818
4180
5283
4175
4887
4836
4255
5343
4231
4890
4748
4242
5457
4511
5025
5097
4514
5592
4394
5123
5107
4525
5674
4654
5303
5123
4508
5630
4609
5193
5214
4670
5607
4553
5195
5137
4588
5528
4543
5214
5171
4529
5607
4563
5272
5359
4510
5809
4711
5233
5217
4700
5690
4766
5330
5501
4670
5700
4607
5339
5285
4677
5663
4637
5421
5350
4646
5791
4827
5527
5447
4844
5851
4912
5352
5366
4614
5671
4752
5282
5991
4970
5817
4791
5475
5519
4845
5959
4933
5445
5609
4644
5951
4883
5435
5445
4909
6007
5009
5509
5655
4818
5988
4930
5537
5653
4963
6004
5052
5381
5687
4789
6077
4893
5390
5495
4871
5663
4863
5424
5834
5020
6152
5051
5629
5766
4936
6083
5098
5551
5633
4899
5948
4976
5602
5683
4890
6009
5031
5397
5635
4940
6171
5239
5682
5827
5111
6201
5028
5729
5815
5068
6303
5239
5821
6078
5117
6118
5239
5762
5735
4999
6204
5265
5823
5791
4990
6360
5319
5823
5997
5237
6221
5343
5825
5929
4567
5159
4451
4817
5073
4138
5247
4351
4789
5139
4375
5442
4763
4858
5015
4231
5359
4287
4796
4989
4226
5241
4319
4820
5119
4231
5344
4365
4873
5085
4284
5431
4586
4983
5382
4554
5660
4679
5079
5379
4574
5687
4706
5178
5466
4643
5685
4812
5271
5369
4335
5681
4774
5141
5429
4657
5771
4849
5157
5507
4663
5813
4757
5217
5514
4703
5660
4832
5142
5553
4588
5767
4860
5254
5629
4700
5951
4932
5270
5491
4695
5906
4673
5305
5590
4681
5723
4888
5235
5645
4671
5885
4999
5281
5697
4717
5825
5018
5361
5679
4941
6039
5119
5311
5743
4931
6128
5166
5427
5871
4894
5918
5141
5491
5909
4898
6019
5091
5467
5809
5227
6138
5135
5459
5687
5063
6175
5169
5415
6055
5077
6087
5190
5509
5995
5030
6106
5191
5503
6075
5057
6148
5431
5585
6015
5169
6295
5324
5601
5901
4941
6160
5244
5528
5877
5085
6125
5232
5394
5941
4927
6157
5285
5537
6160
5266
6304
5551
5612
6221
5312
6398
5551
5805
6260
5459
6445
5434
5867
6337
5393
6393
5543
5871
6195
5167
6334
5643
5914
6256
5381
6510
5713
5773
6284
5373
6435
5397
5821
6273
5327
6328
5533
5799
6249
5399
6449
5710
6007
6364
5415
6470
5699
5759
6376
5414
6557
5500
5805
6271
5384
6561
5761
5974
6431
5465
6522
5551
5895
6840
5571
6626
5852
5928
6439
5413
6673
5853
6059
6427
5631
6630
5813
5992
6480
5501
6575
5748
5959
6516
5375
6421
5641
6007
6491
5558
6625
5896
5937
6510
5548
6703
5489
5591
6113
5297
6165
5386
5695
6323
5218
6362
5594
5780
6370
5273
6237
5682
5773
6197
5295
6354
5657
5631
6143
5193
6327
5588
5835
6287
5271
6301
5631
5765
6364
5329
6486
5855
5900
6450
5589
6531
5940
5899
6427
5512
6747
5831
6049
6499
5726
6441
5819
5922
6474
5478
6530
5772
5895
6563
5629
6770
5918
6036
6459
5387
6587
5875
5759
6443
5603
6606
5739
5842
6575
5644
6603
6031
6375
6641
5489
6663
5984
6015
6433
5455
6575
5879
5840
6505
5503
6659
5971
6031
6571
5626
6631
5989
5990
6687
5729
6754
5994
6175
6821
5552
6698
6143
6131
6863
5845
6942
6281
6243
6790
5599
6753
5985
6089
6932
5861
6744
6183
6219
6820
5822
6937
6302
6282
6715
5779
6919
6325
6251
6888
5812
7007
6276
6327
6965
5967
6957
6398
6359
7147
6075
7020
6422
6343
7023
5936
6982
6347
6337
6865
5966
6981
6360
6362
7116
6033
7055
6359
6465
7156
6063
7188
6521
6521
7125
6023
7091
6572
6503
7233
6157
7191
6602
6559
7143
6167
7257
6487
6467
7207
6289
7415
6591
6513
7203
6069
7071
6571
6633
7051
6207
7227
6633
6621
7246
6285
7205
6570
6554
7127
6143
7045
6661
6561
7447
6253
7247
6723
6565
7352
6141
7184
6572
6469
7268
6149
7151
6706
6372
7214
6303
7393
6573
6743
7495
6356
7372
6904
6597
7573
6393
7419
6927
6790
7443
6465
7409
6879
6801
7471
6381
7495
6945
6719
7507
6426
7393
6839
6727
7499
6455
7427
6987
6792
7561
6411
7404
7011
6750
7186
6158
7116
6713
6391
7217
6175
7174
6674
6497
7244
6211
7140
6617
6533
7327
6217
7173
6651
6573
7353
6221
7161
6746
6581
7338
6241
7229
6813
6655
7553
6271
7127
6783
6706
7482
6303
7267
6797
6543
7607
6329
7397
6901
6756
7458
6471
7377
7011
6655
7442
6391
7381
6894
6671
7463
6424
7361
6981
6845
7692
6506
7523
7015
6695
7561
6319
7202
7053
6749
7697
6535
7436
7018
6781
7613
6682
7523
7039
6749
7735
6733
7463
7207
6847
7647
6408
7533
7103
6838
7694
6551
7495
7270
6851
7703
6673
7655
7286
7051
7958
6793
7776
7278
7051
7905
6817
7785
7469
7164
7933
6837
7679
7374
7045
7884
6579
7703
7465
6943
7817
6880
7815
7403
7059
7930
6899
7807
7509
7116
7943
6893
7853
7471
7127
8068
7059
8253
7537
7113
8033
6935
7825
7317
7196
8033
7031
7636
7403
7063
8024
6751
7697
7310
6979
7997
6948
7778
7557
7031
7972
6995
7837
7527
7285
8122
7146
7937
7694
7265
8097
7167
8067
7716
7067
8120
7153
8010
7655
7352
8025
7015
7997
7603
7103
8101
7067
7901
7614
7335
8031
7129
7863
7657
7259
8199
7143
8015
7594
7198
8183
7079
7781
7701
7277
8122
7189
8029
7709
7411
8258
7163
7949
7585
7167
8143
7181
7873
7660
7159
8308
7080
7945
7790
7372
8188
7141
7995
7823
7445
8324
7249
8090
7788
7471
8374
7167
8023
7797
7567
8479
7201
8075
7892
7485
8650
7134
8062
7705
7319
8302
7194
7997
7819
7376
8377
7299
7983
7825
7339
8360
7025
7742
7566
7138
8185
6943
7691
7528
7171
8127
7100
7932
7767
7153
8045
7077
7852
7461
7058
8093
7059
7587
7401
7117
8091
7138
7841
7711
7166
8053
6993
7840
7697
7245
8137
7274
8024
7764
7247
8261
7256
8051
7743
7297
8259
7409
7990
7815
7440
8339
7167
7999
7734
7322
8205
7171
7961
7685
7335
8240
7139
7917
7856
7411
8385
7301
7842
7781
7267
8304
7191
7911
7841
7441
8451
7183
8159
7967
7487
8199
7219
8073
7998
7302
8327
7151
7904
7782
7136
8181
7225
7899
8355
7533
8439
7324
8061
7953
7503
8475
7421
8287
8107
7364
8494
7433
8201
8057
7506
8667
7533
8218
8024
7551
8557
7329
8192
8053
7565
8389
7304
8134
8088
7461
8565
7459
8255
8052
7493
8417
7376
8189
8146
7635
8623
7585
8089
8102
7577
8506
7503
8248
8232
7764
8708
7599
8426
8307
7505
8548
7477
8189
8025
7615
8587
7570
8159
8171
7601
8728
7466
8264
8282
7655
8685
7691
8415
8333
7677
8587
7861
8427
8288
7773
8827
7807
8408
8276
7738
8891
7675
8231
8304
7739
8734
7647
8329
8412
7733
8761
7745
8338
8461
7683
8773
7689
8307
8303
7709
8734
8071
8458
8321
7761
8752
7741
8386
8427
7834
8635
7573
8405
8333
7611
8630
7618
8391
8137
7599
8595
7754
8401
8349
7797
8851
7809
8280
8337
7811
8888
7895
8469
8424
7826
8855
7751
8536
8399
7735
8948
8049
8613
8609
7898
8923
8079
8487
8530
7866
8931
7833
8523
8566
7822
8965
7947
8484
8703
7972
9028
8051
8641
8046
6893
7991
7014
7549
7672
6911
8057
7048
7602
7743
7243
8211
7053
7703
7684
7149
7897
6973
7683
7635
6968
8073
7067
7829
7735
7171
8210
7363
7659
7942
7256
8211
7311
7914
7937
7330
8319
7229
7827
8053
7175
8245
7425
8091
8045
7683
8537
7493
7984
7909
7331
8390
7311
7789
8119
7392
8451
7399
7969
8145
7451
8377
7549
8101
8160
7412
8513
7517
8142
8127
7461
8510
7543
8088
8218
7543
8677
7576
8159
8257
7615
8521
7500
7942
8283
7473
8509
7589
8124
8250
7535
8599
7726
8199
8263
7687
8620
7815
8243
8409
7659
8905
7879
8262
8572
7874
8939
7863
8503
8623
7816
8982
7951
8475
8433
7796
8945
8117
8227
8516
7885
8867
7903
8495
8750
8041
9086
7979
8447
8737
7933
9151
8195
8620
8757
7966
9111
8124
8669
8865
8185
9309
8228
8796
8945
8145
9199
8111
8611
8933
8061
9029
8187
8982
9154
8186
9215
8263
8751
8943
8151
9286
8267
8863
9084
8277
9447
8377
8851
9114
8391
9439
8509
9001
9203
8299
9441
8489
9014
9062
8364
9386
8583
8863
9051
8266
9355
8527
8937
9207
8366
9217
8446
8981
9299
8447
9465
8575
9086
9274
8330
9495
8509
9085
9192
8497
9627
8664
9103
9309
8492
9661
8568
8952
9273
8481
9467
8427
8895
9228
8369
9527
8707
9096
9275
8505
9529
8663
9127
9419
8575
9652
8800
9157
9406
8523
9623
8803
9220
9431
8741
9720
8751
9195
9567
8587
9724
8785
9063
9388
8535
9691
8864
9215
9561
8712
9837
8879
9273
9486
8838
9663
8887
9080
9329
8281
9495
8619
9162
9515
8495
9639
8690
9038
9312
8565
9722
8736
8901
9475
8524
9692
8674
9029
9476
8609
9596
8759
9253
9469
8549
9693
8916
9335
9511
8719
9959
9007
9289
9449
8797
9971
9079
9487
9799
9028
9841
9021
9234
9807
8851
9959
9114
9453
9765
8871
9991
9137
9433
9791
8901
10058
9193
9531
9845
8971
10123
9109
9495
9934
8981
9931
9123
9456
9859
8966
10073
9288
9615
9910
8985
10123
9387
9487
9883
9119
10173
9095
9453
9900
9053
10207
9241
9599
10059
9095
10229
9251
9661
9977
9222
10321
9475
9735
10121
9246
10388
9495
9832
10402
9583
10298
9439
9737
10201
9257
10170
9458
9725
10154
9051
10273
9585
9762
10065
9236
10521
9559
9677
10168
9375
10448
9494
9872
10209
9349
10387
9517
9829
10315
9377
10435
9711
9849
10347
9377
10347
9493
9752
10203
9335
10527
9580
9826
10247
9259
10474
9580
9911
10403
9479
10414
9660
9972
10382
9445
10641
9881
10137
10373
9395
10679
9779
10012
10435
9511
10667
9727
9912
10544
9503
10645
9735
9905
10459
9428
10499
9711
9935
10450
9485
10627
9789
10042
10543
9647
10764
9746
10020
10585
9716
10829
9829
10151
10597
9573
10733
10047
10117
10679
9641
10687
10035
10095
10517
9599
10769
10375
10109
10549
9693
10780
9911
10197
10657
9707
10655
9853
10216
10689
9715
10826
10076
10351
10615
9768
10848
10063
10190
10733
9821
10941
10129
10219
10835
9806
10837
10034
10190
10735
9824
10823
10063
10196
10546
9662
10903
10105
10319
10767
9855
10966
10179
10024
10455
9541
10617
9687
9877
10407
9606
10588
9853
10023
10519
9433
10509
9777
10030
10359
9462
10490
9831
9886
10484
9577
10585
9887
10082
10540
9640
10625
9831
10000
10666
9580
10686
10049
10308
10665
9828
10727
9994
10129
10746
9813
10907
10184
10131
10775
9809
10913
10063
10255
10766
9855
10673
10125
10153
10791
9642
10891
10119
10327
10881
10285
11071
10245
10128
10811
9771
10907
10165
10089
10661
9862
10871
10205
10242
10948
9851
10888
10302
10359
10949
9810
10783
10190
10111
10749
9710
10865
10221
10245
10913
9933
10979
10233
10445
10833
9930
11085
10213
10249
10981
9977
11049
10357
10498
10988
10128
11239
10534
10428
11071
10029
11084
10340
10288
10986
10084
11113
10206
10445
10992
10109
11070
10431
10655
11170
10059
11134
10404
10511
11055
10069
