33369
33417
33353
33344
33319
33351
33337
33349
33323
33345
33289
33320
33309
33361
33359
33326
33305
33299
33278
33281
33308
33331
33347
33326
33313
33345
33310
33302
33309
33311
33303
33256
33279
33259
33281
33585
34337
33339
33330
33287
33302
33312
33291
33303
33293
33259
33313
33311
33279
33341
33291
33330
33327
33313
33275
33308
33351
33374
33323
33304
33296
33309
33338
33323
33317
33332
33317
33311
33297
33303
33288
33335
33287
33315
33284
33235
33279
33303
33313
33316
33319
33315
33257
33263
33231
33245
33303
33299
33296
33274
33302
33325
33340
33265
33309
33306
33272
33306
33296
33300
33279
33274
33255
33280
33295
33299
33272
33263
33285
33271
33265
33307
33282
33311
33341
33303
33332
33271
33302
33317
33315
33375
33315
33287
33309
33269
33277
33295
33325
33300
33286
33308
33253
33248
33299
33302
33287
33283
33327
33301
33293
33251
33267
33296
33289
33276
33265
33279
33319
33351
33349
33360
33359
33337
33320
33304
33354
33321
33320
33303
33311
33310
33290
33328
33355
33321
33323
33373
33335
33329
33361
33351
33347
33293
33310
33319
33294
33339
33325
33340
33356
33366
33343
33342
33363
33362
33344
33328
33335
33331
33305
33359
33351
33313
33306
33266
33340
33349
33349
33339
33350
33365
33302
33305
33379
33377
33351
33313
33329
33323
33323
33341
33360
33297
33346
33338
33338
33331
33295
33311
33313
33303
33287
33364
33301
33285
33317
33303
33285
33293
33335
33317
33345
33340
33311
33279
33371
33351
33303
33323
33347
33345
33296
33310
33323
33358
33323
33321
33342
33363
33295
33297
33284
33295
33343
33339
33321
33319
33327
33343
33314
33317
33335
33299
33311
33265
33331
33333
33331
33335
33327
33328
33254
33291
33311
33366
33293
33320
33303
33325
33317
33278
33283
33283
33307
33303
33290
33329
33335
33325
33317
33294
33311
33343
33338
33306
33313
33323
33324
33318
33342
33316
33323
33328
33353
33337
33321
33292
33273
33329
33308
33320
33309
33342
33351
33355
33323
33367
33307
33282
33341
33351
33349
33303
33296
33333
33287
33338
33311
33345
33343
33388
33361
33279
33293
33315
33352
33327
33271
33255
33343
33383
33311
33356
33299
33349
33327
33336
33307
33349
33328
33349
33363
33342
33315
33333
33327
33339
33346
33373
33317
33243
33317
33327
33343
33303
33341
33293
33280
33322
33369
33333
33297
33309
33307
33278
33286
33314
33363
33330
33311
33311
33371
33307
33347
33346
33294
33343
33337
33308
33293
33273
33327
33303
33274
33267
33292
33317
33363
33319
33335
33325
33273
33272
33325
33404
33313
33327
33319
33319
33309
33287
33315
33297
33287
33315
33340
33337
33310
33329
33322
33322
33350
33358
33287
33311
33297
33314
33295
33323
33339
33377
33375
33367
33304
33295
33301
33344
33349
33311
33355
33320
33325
33326
33358
33345
33310
33313
33317
33311
33343
33326
33339
33335
33322
33299
33289
33287
33290
33293
33337
33346
33307
33305
33329
33318
33267
33287
33315
33308
33361
33323
33331
33352
33360
33351
33348
33300
33327
33342
33273
33279
33310
33335
33353
33313
33319
33294
33336
33335
33289
33287
33319
33300
33306
33333
33306
33321
33303
33349
33347
33334
33315
33322
33325
33339
33303
33329
33325
33327
33318
33309
33350
33307
33294
33301
33303
33303
33302
33335
33325
33360
33319
33296
33345
33333
33339
33345
33301
33337
33337
33353
33363
33349
33353
33379
33311
33293
33308
33358
33315
33283
33328
33356
33315
33362
33339
33327
33317
33329
33312
33334
33289
33355
33363
33380
33379
33335
33357
33295
33343
33333
33362
33320
33303
33327
33308
33329
33353
33344
33296
33308
33331
33368
33327
33272
33307
33327
33319
33343
33303
33300
33316
33289
33295
33323
33335
33324
33295
33279
33281
33327
33247
33311
33281
33325
33311
33329
33330
33273
33279
33292
33319
33330
33303
33312
33329
33324
33300
33315
33281
33305
33341
33324
33321
33317
33305
33285
33259
33323
33337
33335
33323
33321
33308
33312
33307
33279
33323
33297
33271
33335
33367
33321
33283
33297
33315
33309
33295
33313
33293
33282
33305
33343
33314
33311
33340
33291
33301
33269
33311
33331
33302
33334
33327
33329
33315
33285
33273
33304
33291
33302
33275
33307
33308
33337
33303
33305
33310
33297
33297
33312
33284
33279
33303
33287
33320
33350
33307
33287
33319
33343
33363
33345
33300
33270
33308
33242
33271
33287
33323
33307
33319
33335
33342
33311
33291
33318
33335
33311
33315
33332
33287
33315
33345
33367
33307
33330
33325
33335
33328
33321
33313
33335
33313
33293
33323
33317
33313
33362
33339
33328
33333
33315
33319
33332
33315
33281
33317
33354
33351
33297
33288
33307
33271
33301
33271
33246
33270
33295
33346
33329
33315
33303
33309
33329
33280
33293
33323
33341
33288
33327
33330
33287
33277
33289
33330
33329
33321
33281
33294
33323
33322
33269
33308
33303
33311
33275
33317
33289
33307
33295
33315
33375
33319
33313
33344
33355
33331
33337
33319
33336
33349
33327
33308
33339
33343
33315
33351
33343
33315
33299
33287
33319
33301
33318
33333
33320
33345
33331
33334
33353
33353
33332
33311
33335
33349
33317
33367
33335
33307
33320
33318
33341
33340
33287
33303
33351
33311
33341
33335
33311
33351
33345
33359
33333
33333
33309
33335
33335
33355
33321
33355
33325
33337
33348
33333
33383
33367
33351
33367
33340
33342
33351
33385
33399
33417
33416
33373
33353
33361
33359
33367
33318
33311
33351
33328
33312
33317
33325
33287
33311
33321
33340
33337
33286
33269
33287
33293
33266
33253
33307
33309
33303
33327
33337
33333
33297
33364
33355
33319
33279
33319
33308
33287
33317
33352
33367
33318
33323
33335
33356
33342
33337
33319
33335
33324
33332
33343
33348
33303
33331
33329
33332
33309
33331
33314
33352
33328
33302
33282
33271
33315
33322
33270
33329
33321
33317
33321
33320
33323
33286
33329
33301
33289
33331
33286
33273
33287
33311
33311
33340
33295
33254
33287
33319
33314
33305
33293
33297
33312
33298
33342
33351
33334
33317
33313
33331
33303
33333
33339
33318
33335
33344
33349
33343
33319
33299
33275
33299
33333
33273
33326
33301
33305
33304
33298
33285
33279
33326
33323
33321
33293
33326
33356
33313
33279
33301
33327
33340
33325
33322
33321
33347
33332
33336
33321
33289
33299
33290
33297
33325
33333
33335
33325
33278
33320
33304
33335
33346
33339
33361
33379
33341
33303
33359
33307
33299
33306
33329
33306
33297
33278
33288
33359
33285
33298
33271
33276
33290
33288
33319
33301
33279
33293
33254
33261
33276
33294
33243
33297
33319
33270
33309
33313
33301
33309
33329
33390
33339
33304
33280
33233
33263
33343
33337
33290
33283
33287
33298
33295
33307
33314
33311
33313
33345
33286
33312
33307
33301
33332
33287
33284
33319
33315
33283
33290
33324
33304
33355
33334
33303
33318
33334
33274
33282
33287
33348
33384
33324
33320
33325
33309
33297
33335
33317
33363
33358
33357
33336
33305
33305
33317
33287
33312
33296
33289
33332
33373
33310
33331
33304
33339
33303
33353
33315
33309
33317
33311
33271
33294
33307
33265
33288
33353
33338
33351
33351
33324
33317
33300
33310
33288
33340
33322
33319
33303
33319
33264
33242
33329
33309
33278
33274
33319
33345
33321
33297
33283
33286
33318
33319
33355
33322
33290
33275
33285
33363
33293
33283
33284
33313
33288
33292
33327
33304
33309
33360
33335
33320
33297
33263
33272
33297
33326
33313
33319
33303
33328
33291
33325
33299
33319
33325
33385
33273
33301
33337
33350
33338
33347
33292
33299
33277
33361
33296
33313
33359
33278
33290
33302
33286
33347
33312
33275
33348
33301
33295
33313
33273
33277
33287
33291
33268
33354
33300
33279
33271
33318
33289
33277
33293
33307
33317
33297
33309
33309
33308
33292
33252
33324
33331
33335
33306
33338
33306
33323
33335
33307
33308
33307
33289
33319
33298
33263
33311
33299
33345
33326
33340
33323
33334
33322
33325
33332
33331
33254
33230
33310
33321
33335
33315
33322
33291
33304
33321
33304
33293
33281
33312
33325
33287
33320
33333
33279
33255
33273
33319
33355
33326
33324
33314
33387
33290
33311
33317
33281
33274
33310
33365
33371
33327
33321
33331
33287
33283
33301
33294
33302
33261
33285
33318
33315
33343
33320
33297
33284
33269
33288
33310
33331
33353
33310
33303
33319
33329
33365
33327
33323
33324
33329
33341
33288
33312
33271
33273
33329
33338
33329
33311
33285
33289
33285
33337
33335
33281
33299
33325
33309
33343
33293
33327
33295
33297
33281
33329
33306
33305
33331
33327
33285
33293
33317
33319
33301
33304
33247
33319
33320
33354
33347
33338
33333
33266
33279
33271
33292
33351
33324
33292
33321
33303
33335
33327
33310
33323
33337
33316
33344
33334
33331
33309
33331
33285
33287
33287
33283
33304
33304
33315
33295
33299
33319
33285
33335
33303
33309
33336
33353
33321
33311
33361
33359
33346
33345
33331
33323
33328
33310
33305
33335
33325
33333
33311
33347
33289
33342
33291
33306
33351
33360
33327
33315
33333
33351
33336
33343
33304
33326
33337
33322
33345
33326
33316
33327
33282
33299
33319
33269
33266
33287
33325
33280
33305
33319
33353
33349
33320
33287
33297
33328
33322
33351
33287
33295
33334
33293
33276
33286
33291
33283
33297
33321
33339
33352
33320
33309
33281
33319
33299
33318
33357
33349
33276
33301
33310
33316
33299
33315
33328
33351
33356
33317
33297
33335
33293
33287
33289
33280
33281
33325
33290
33278
33303
33317
33326
33328
33303
33327
33354
33295
33261
33311
33327
33285
33325
33324
33323
33285
33299
33312
33314
33335
33347
33319
33384
33387
33322
33301
33321
33349
33362
33335
33336
33290
33340
33365
33367
33314
33297
33293
33368
33405
33319
33325
33324
33363
33298
33326
33323
33285
33321
33298
33297
33304
33315
33308
33312
33331
33374
33347
33319
33297
33307
33316
33342
33363
33373
33361
33319
33327
33363
33335
33323
33309
33303
33344
33301
33326
33296
33315
33319
33367
33330
33311
33315
33366
33345
33322
33354
33351
33305
33309
33341
33297
33299
33310
33293
33347
33327
33370
33311
33347
33341
33314
33305
33327
33343
33305
33314
33307
33359
33303
33294
33283
33343
33345
33351
33323
33342
33328
33329
33311
33334
33350
33363
33334
33383
33374
33319
33348
33337
33333
33364
33319
33293
33326
33347
33317
33328
33323
33319
33335
33301
33301
33337
33309
33296
33293
33282
33301
33335
33296
33274
33310
33283
33321
33313
33342
33345
33325
33301
33301
33325
33314
33305
33303
33319
33287
33307
33351
33315
33329
33341
33351
33291
33303
33321
33344
33374
33362
33312
33286
33298
33361
33318
33329
33277
33298
33272
33309
33327
33305
33311
33304
33327
33277
33327
33317
33340
33258
33302
33333
33328
33291
33355
33270
33303
33317
33261
33293
33287
33307
33318
33332
33284
33295
33303
33301
33287
33319
33294
33369
33367
33315
33292
33348
33339
33281
33302
33334
33319
33294
33297
33316
33277
33281
33286
33315
33263
33271
33329
33336
33303
33279
33331
33327
33344
33311
33367
33386
33327
33325
33298
33309
33345
33317
33365
33341
33293
33325
33319
33311
33305
33320
33327
33387
33307
33361
33347
33343
33351
33357
33343
33317
33294
33314
33322
33327
33325
33340
33365
33283
33298
33356
33334
33371
33371
33355
33409
33338
33339
33319
33342
33379
33329
33344
33367
33313
33309
33291
33311
33347
33342
33342
33325
33372
33349
33386
33343
33352
33359
33366
33342
33353
33341
33304
33397
33398
33367
33378
33339
33329
33406
33329
33330
33353
33336
33335
33329
33321
33316
33333
33339
33306
33313
33350
33345
33323
33321
33360
33339
33303
33323
33287
33319
33352
33323
33358
33387
33347
33289
33351
33335
33333
33319
33321
33345
33349
33340
33311
33305
33301
33361
33340
33347
33303
33327
33394
33357
33292
33283
33299
33329
33369
33369
33305
33324
33309
33334
33359
33353
33351
33315
33295
33301
33337
33353
33329
33361
33341
33371
33328
33337
33319
33331
33329
33329
33313
33327
33338
33300
33327
33279
33307
33303
33331
33351
33343
33296
33300
33311
33288
33287
33279
33287
33318
33279
33331
33325
33298
33337
33327
33307
33314
33275
33279
33337
33295
33357
33364
33341
33303
33325
33313
33317
33353
33299
33309
33320
33347
33329
33327
33304
33371
33367
33371
33329
33314
33363
33315
33307
33343
33311
33307
33297
33367
33306
33319
33289
33356
33327
33276
33333
33290
33292
33301
33346
33305
33309
33329
33363
33332
33352
33335
33318
33330
33339
33323
33305
33315
33312
33325
33325
33308
33310
33314
33323
33329
33302
33287
33310
33325
33338
33268
33267
33307
33328
33315
33301
33283
33287
33263
33323
33336
33289
33371
33375
33275
33335
33315
33315
33274
33284
33293
33358
33319
33277
33287
33325
33340
33377
33350
33383
33316
33343
33336
33269
33247
33294
33295
33318
33331
33295
33319
33329
33328
33338
33356
33335
33335
33335
33339
33299
33291
33301
33303
33325
33319
33341
33322
33293
33329
33327
33301
33295
33358
33331
33307
33335
33337
33354
33335
33317
33303
33339
33303
33293
33329
33346
33356
33317
33323
33323
33259
33285
33259
33310
33333
33297
33327
33323
33344
33298
33319
33335
33307
33294
33335
33337
33311
33335
33309
33312
33323
33335
33349
33342
33299
33383
33359
33353
33386
33279
33299
33313
33303
33327
33356
33303
33312
33309
33326
33343
33377
33347
33295
33295
33293
33322
33283
33333
33367
33333
33299
33324
33240
33273
33281
33265
33335
33322
33274
33335
33312
33300
33328
33324
33321
33318
33342
33336
33319
33327
33316
33328
33330
33321
33287
33305
33303
33341
33355
33339
33355
33307
33307
33320
33297
33311
33290
33315
33355
33318
33335
33337
33321
33319
33304
33313
33337
33352
33339
33287
33325
33337
33330
33317
33303
33335
33333
33365
33345
33321
33319
33267
33293
33317
33321
33280
33279
33297
33290
33265
33287
33323
33338
33348
33316
33279
33286
33298
33298
33309
33306
33288
33289
33293
33318
33254
33264
33250
33335
33327
33337
33347
33331
33353
33317
33289
33327
33345
33319
33312
33358
33303
33287
33316
33289
33303
33333
33320
33313
33311
33288
33319
33331
33356
33339
33365
33325
33334
33335
33333
33299
33299
33281
33303
33320
33308
33313
33289
33326
33322
33352
33361
33335
33314
33338
33330
33288
33317
33321
33305
33319
33294
33329
33313
33297
33327
33303
33295
33283
33309
33290
33321
33295
33240
33238
33279
33279
33236
33247
33271
33275
33331
33339
33257
33271
33302
33321
33328
33311
33323
33291
33298
33287
33279
33280
33331
33359
33315
33354
33305
33322
33273
33301
33322
33323
33326
33313
33349
33315
33337
33354
33313
33334
33329
33343
33351
33327
33266
33282
33309
33317
33309
33292
33235
33267
33273
33295
33265
33272
33290
33301
33311
33333
33326
33305
33344
33317
33293
33299
33328
33382
33365
33375
33351
33302
33282
33300
33302
33329
33276
33260
33291
33279
33299
33295
33280
33304
33313
33319
33330
33359
33303
33301
33277
33319
33341
33317
33340
33341
33319
33264
33307
33304
33279
33263
33285
33285
33293
33308
33318
33283
33308
33333
33339
33326
33371
33301
33327
33331
33315
33272
33306
33319
33341
33281
33286
33325
33315
33307
33318
33345
33359
33317
33317
33317
33289
33315
33323
33351
33348
33370
33343
33349
33404
33376
33338
33373
33333
33299
33281
33304
33359
33348
33310
33320
33316
33387
33338
33385
33376
33366
33337
33295
33357
33367
33381
33331
33335
33375
33364
33342
33319
33319
33325
33338
33303
33299
33318
33341
33313
33307
33274
33341
33334
33353
33331
33297
33303
33340
33347
33302
33273
33295
33309
33309
33341
33375
33373
33337
33341
33369
33372
33355
33333
33370
33351
33250
33307
33328
33349
33371
33347
33322
33325
33255
33316
33309
33298
33347
33377
33287
33313
33354
33302
33336
33303
33325
33335
33315
33323
33373
33323
33338
33287
33349
33351
33303
33325
33273
33305
33309
33365
33273
33353
33310
33311
33295
33287
33283
33287
33299
33355
33311
33315
33315
33314
33293
33278
33333
33300
33365
33325
33325
33338
33329
33331
33318
33309
33315
33331
33319
33331
33336
33347
33333
33344
33343
33383
33333
33354
33359
33329
33319
33339
33351
33298
33284
33319
33311
33348
33335
33335
33346
33351
33300
33335
33328
33314
33297
33338
33362
33353
33315
33385
33343
33377
33341
33320
33329
33369
33343
33307
33309
33303
33325
33336
33339
33337
33324
33323
33331
33291
33274
33273
33325
33335
33339
33367
33362
33370
33324
33383
33311
33361
33337
33316
33363
33347
33301
33295
33319
33319
33282
33320
33335
33316
33340
33345
33325
33327
33308
33343
33367
33353
33349
33353
33353
33311
33339
33352
33381
33361
33351
33353
33325
33303
33327
33295
33310
33307
33358
33351
33336
33397
33375
33353
33366
33385
33405
33346
33312
33353
33338
33343
33317
33300
33305
33337
33359
33362
33364
33337
33331
33353
33314
33295
33312
33358
33333
33352
33375
33369
33337
33370
33371
33332
33316
33319
33335
33344
33320
33350
33349
33353
33333
33339
33329
33316
33371
33296
33350
33330
33337
33335
33323
33324
33302
33337
33355
33349
33316
33350
33326
33326
33354
33307
33351
33342
33323
33314
33316
33351
33331
33333
33311
33348
33314
33301
33307
33335
33331
33305
33328
33342
33350
33303
33307
33319
33341
33335
33297
33298
33336
33327
33346
33311
33335
33326
33303
33320
33295
33347
33333
33328
33360
33310
33300
33318
33304
33311
33339
33347
33339
33351
33322
33305
33298
33271
33301
33311
33286
33293
33307
33330
33359
33335
33384
33395
33297
33315
33360
33343
33326
33319
33347
33253
33297
33320
33281
33293
33313
33356
33372
33361
33288
33318
33303
33273
33287
33283
33330
33310
33325
33321
33297
33305
33287
33287
33299
33313
33319
33328
33315
33312
33308
33283
33353
33349
33304
33295
33301
33315
33298
33287
33313
33324
33302
33328
33336
33306
33328
33348
33320
33330
33359
33335
33332
33279
33301
33350
33306
33299
33309
33305
33259
33315
33341
33334
33331
33333
33337
33377
33351
33351
33349
33330
33303
33345
33281
33267
33334
33321
33340
33344
33279
33302
33284
33303
33299
33303
33299
33269
33271
33276
33300
33255
33309
33281
33309
33256
33297
33338
33332
33335
33377
33346
33317
33349
33363
33359
33304
33339
33276
33303
33358
33335
33317
33324
33313
33315
33351
33310
33284
33283
33286
33320
33294
33293
33325
33310
33333
33335
33319
33296
33293
33335
33324
33346
33318
33339
33316
33319
33327
33345
33314
33345
33318
33293
33297
33317
33338
33335
33340
33336
33291
33305
33298
33295
33355
33345
33339
33323
33335
33368
33369
33312
33367
33347
33348
33337
33315
33305
33311
33333
33335
33387
33319
33297
33318
33335
33339
33367
33365
33361
33362
33295
33353
33321
33351
33335
33304
33357
33321
33337
33335
33321
33328
33351
33384
33335
33282
33309
33289
33313
33323
33274
33303
33347
33329
33295
33295
33283
33277
33287
33322
33334
33293
33322
33338
33294
33314
33311
33303
33359
33334
33261
33330
33305
33303
33327
33343
33357
33344
33311
33322
33307
33331
33349
33339
33318
33314
33309
33351
33342
33335
33319
33315
33288
33335
33354
33357
33291
33280
33279
33311
33290
33283
33275
33300
33311
33298
33294
33295
33269
33329
33371
33295
33350
33307
33288
33313
33267
33288
33328
33286
33343
33311
33289
33293
33349
33300
33276
33285
33314
33287
33353
33299
33271
33319
33349
33283
33286
33303
33356
33348
33300
33324
33347
33313
33308
33351
33361
33307
33367
33370
33303
33348
33345
33383
33343
33358
33335
33315
33314
33317
33313
33306
33329
33384
33343
33331
33331
33311
33303
33275
33275
33309
33307
33280
33328
33362
33346
33340
33289
33319
33319
33300
33309
33319
33334
33345
33301
33304
33319
33326
33318
33356
33352
33320
33333
33297
33281
33319
33353
33329
33309
33292
33319
33328
33332
33307
33346
33303
33281
33311
33376
33352
33297
33313
33291
33314
33327
33355
33325
33324
33336
33383
33359
33360
33346
33339
33319
33350
33327
33327
33327
33325
33359
33349
33353
33328
33339
33329
33331
33306
33315
33277
33279
33323
33295
33249
33275
33311
33343
33371
33351
33335
33305
33308
33342
33313
33349
33344
33293
33313
33295
33336
33340
33319
33316
33389
33335
33310
33358
33404
33359
33374
33367
33367
33305
33277
33288
33302
33325
33350
33395
33315
33328
33335
33309
33305
33296
33328
33325
33382
33360
33363
33347
33343
33349
33292
33302
33282
33286
33289
33309
33337
33321
33294
33355
33351
33309
33303
33282
33324
33316
33318
33293
33281
33322
33309
33325
33311
33305
33278
33318
33304
33298
33289
33290
33264
33271
33314
33316
33335
33309
33351
33347
33302
33300
33336
33319
33373
33359
33297
33302
33272
33275
33270
33258
33271
33289
33271
33319
33286
33321
33306
33319
33345
33295
33287
33301
33265
33287
33321
33271
33260
33271
33308
33299
33294
33265
33274
33285
33284
33293
33307
33281
33313
33295
33291
33303
33293
33263
33287
33315
33280
33287
33277
33301
33261
33253
33282
33264
33269
33327
33312
33335
33321
33301
33285
33265
33327
33291
33301
33339
33349
33337
33317
33327
33287
33272
33256
33306
33351
33339
33306
33307
33298
33309
33321
33347
33305
33321
33285
33285
33299
33277
33287
33287
33312
33312
33310
33321
33340
33279
33266
33324
33318
33307
33303
33299
33334
33331
33359
33301
33289
33287
33325
33319
33292
33338
33368
33335
33330
33303
33299
33375
33312
33335
33322
33264
33263
33299
33298
33293
33315
33326
33360
33345
33304
33297
33311
33322
33287
33351
33377
33303
33315
33360
33320
33329
33293
33305
33303
33310
33328
33375
33360
33293
33268
33317
33274
33292
33314
33291
33301
33341
33335
33345
33315
33328
33367
33356
33335
33287
33291
33325
33319
33289
33289
33342
33309
33274
33337
33338
33250
33267
33353
33326
33307
33359
33349
33319
33287
33327
33359
33339
33313
33335
33349
33319
33302
33311
33310
33314
33390
33335
33334
33313
33367
33339
33335
33370
33375
33340
33333
33324
33317
33343
33287
33319
33379
33338
33335
33325
33282
33298
33312
33305
33298
33312
33290
33291
33295
33315
33299
33319
33340
33327
33299
33309
33320
33300
33276
33316
33270
33265
33335
33345
33318
33299
33306
33320
33327
33315
33329
33314
33364
33361
33288
33315
33325
33361
33360
33316
33312
33284
33318
33351
33323
33351
33336
33317
33342
33314
33275
33294
33301
33336
33377
33358
33309
33335
33337
33323
33315
33339
33355
33353
33374
33343
33319
33317
33345
33327
33319
33359
33344
33329
33318
33303
33309
33258
33298
33308
33329
33309
33318
33331
33340
33343
33367
33349
33335
33327
33348
33291
33352
33375
33305
33310
33313
33363
33316
33317
33323
33342
33326
33319
33287
33301
33312
33339
33321
33329
33372
33389
33359
33365
33348
33317
33357
33353
33365
33369
33324
33316
33330
33351
33359
33355
33349
33365
33339
33309
33354
33359
33345
33333
33317
33350
33344
33279
33339
33309
33334
33376
33372
33322
33306
33319
33315
33303
33314
33341
33359
33328
33333
33331
33317
33307
33367
33337
33303
33343
33299
33303
33333
33362
33353
33312
33303
33336
33351
33282
33298
33318
33347
33328
33381
33295
33333
33332
33346
33323
33311
33304
33299
33283
33317
33293
33349
33291
33325
33352
33369
33351
33369
33361
33339
33349
33331
33324
33291
33344
33370
33323
33327
33365
33343
33370
33356
33351
33339
33300
33359
33313
33288
33351
33339
33352
33347
33295
33303
33272
33339
33371
33367
33383
33301
33303
33338
33347
33295
33298
33342
33306
33359
33355
33351
33362
33305
33349
33333
33351
33364
33354
33320
33335
33327
33370
33318
33308
33329
33334
33314
33335
33308
33334
33295
33297
33311
33285
33359
33287
33273
33295
33287
33287
33342
33407
33389
33356
33359
33350
33333
33329
33347
33355
33327
33349
33309
33311
33367
33385
33313
33365
33343
33343
33282
33267
33274
33361
33341
33304
33279
33327
33323
33290
33329
33324
33307
33334
33337
33303
33387
33368
33279
33279
33312
33351
33341
33351
33312
33254
33286
33279
33253
33279
33321
33351
33375
33331
33354
33328
33298
33336
33319
33375
33376
33348
33289
33323
33367
33319
33325
33375
33369
33321
33294
33302
33337
33309
33301
33341
33310
33291
33287
33353
33307
33325
33333
33376
33375
33377
33327
33315
33347
33359
33335
33343
33303
33322
33333
33304
33342
33358
33367
33329
33321
33313
33327
33311
33301
33321
33315
33349
33369
33343
33367
33384
33323
33341
33352
33339
33351
33328
33322
33407
33430
33402
33380
33348
33345
33323
33338
33312
33305
33330
33332
33336
33357
33303
33335
33296
33338
33324
33307
33341
33359
33319
33287
33281
33316
33327
33327
33368
33359
33380
33367
33293
33325
33353
33320
33341
33393
33349
33335
33338
33273
33311
33348
33337
33366
33285
33292
33352
33351
33333
33328
33339
33308
33328
33333
33317
33311
33336
33372
33324
33329
33361
33279
33319
33340
33307
33325
33294
33297
33315
33340
33364
33368
33351
33359
33319
33345
33342
33283
33271
33279
33295
33311
33317
33348
33357
33330
33330
33330
33336
33273
33303
33272
33313
33245
33307
33336
33321
33319
33319
33335
33301
33285
33277
33287
33308
33318
33351
33346
33335
33313
33375
33361
33340
33335
33369
33324
33317
33351
33390
33334
33386
33328
33351
33355
33353
33303
33359
33359
33331
33299
33293
33303
33318
33314
33289
33302
33311
33305
33315
33348
33375
33318
33295
33349
33353
33334
33303
33311
33337
33301
33323
33301
33297
33318
33321
33327
33293
33327
33283
33346
33345
33277
33263
33330
33330
33291
33229
33282
33300
33295
33319
33284
33301
33317
33313
33291
33293
33283
33312
33305
33320
33316
33301
33296
33315
33314
33275
33314
33290
33315
33303
33338
33312
33303
33346
33357
33321
33318
33315
33341
33354
33361
33359
33313
33251
33291
33313
33339
33372
33343
33303
33318
33335
33322
33314
33305
33345
33311
33315
33357
33360
33356
33350
33357
33325
33335
33325
33323
33303
33338
33319
33321
33319
33368
33351
33341
33346
33344
33381
33418
33359
33322
33355
33343
33365
33335
33307
33277
33294
33310
33261
33288
33355
33349
33349
33327
33311
33335
33303
33318
33372
33321
33353
33353
33322
33332
33388
33343
33355
33327
33327
33313
33350
33322
33297
33280
33310
33319
33300
33335
33295
33333
33335
33315
33353
33298
33356
33324
33327
33289
33289
33316
33303
33303
33359
33375
33316
33317
33283
33319
33321
33329
33346
33335
33311
33279
33287
33293
33279
33332
33385
33324
33301
33314
33324
33335
33290
33303
33311
33313
33304
33321
33309
33331
33314
33293
33299
33262
33292
33255
33289
33356
33334
33312
33303
33298
33321
33291
33287
33295
33339
33315
33340
33335
33287
33343
33291
33322
33328
33295
33291
33309
33341
33302
33301
33318
33291
33308
33321
33331
33334
33303
33313
33333
33311
33343
33307
33316
33304
33287
33323
33319
33308
33317
33285
33334
33343
33324
33317
33347
33376
33341
33331
33352
33338
33339
33339
33317
33304
33308
33313
33317
33325
33341
33301
33289
33311
33324
33321
33347
33317
33323
33310
33301
33279
33293
33286
33268
33253
33265
33296
33358
33301
33296
33268
33318
33266
33320
33297
33330
33365
33280
33306
33329
33335
33323
33305
33295
33330
33272
33254
33351
33303
33343
33344
33320
33317
33357
33334
33334
33337
33308
33334
33319
33321
33284
33333
33303
33273
33314
33317
33291
33304
33324
33369
33322
33297
33279
33285
33343
33307
33338
33369
33313
33303
33315
33317
33321
33319
33268
33319
33275
33284
33294
33293
33345
33287
33295
33272
33278
33257
33255
33314
33325
33295
33313
33303
33255
33306
33346
33335
33331
33341
33329
33301
33303
33314
33353
33339
33308
33319
33335
33302
33315
33284
33269
33273
33351
33356
33343
33284
33303
33369
33338
33331
33297
33319
33362
33345
33401
33383
33335
33350
33392
33325
33362
33370
33381
33371
33282
33312
33263
33271
33289
33303
33339
33349
33340
33327
33327
33370
33332
33295
33265
33255
33337
33335
33331
33357
33312
33297
33336
33310
33293
33303
33323
33343
33368
33323
33282
33323
33324
33307
33325
33319
33335
33295
33317
33328
33283
33267
33289
33296
33333
33325
33339
33280
33335
33331
33310
33311
33327
33305
33295
33380
33339
33393
33340
33293
33297
33281
33297
33303
33312
33303
33339
33319
33326
33322
33313
33350
33407
33363
33351
33367
33391
33337
33349
33309
33279
33344
33359
33323
33303
33319
33287
33339
33293
33327
33303
33346
33398
33336
33325
33351
33381
33365
33300
33335
33297
33338
33343
33393
33368
33351
33314
33351
33363
33363
33340
33314
33295
33325
33321
33308
33348
33347
33363
33341
33353
33351
33391
33349
33319
33315
33305
33314
33329
33307
33334
33343
33291
33271
33333
33343
33319
33335
33309
33345
33357
33338
33304
33334
33297
33367
33347
33314
33283
33293
33287
33299
33330
33373
33329
33325
33377
33364
33385
33334
33363
33351
33393
33327
33323
33327
33360
33335
33267
33283
33295
33321
33340
33405
33367
33364
33357
33332
33337
33300
33303
33393
33357
33357
33301
33320
33317
33263
33313
33305
33357
33350
33321
33294
33281
33338
33375
33348
33331
33299
33319
33310
33327
33293
33335
33340
33367
33363
33301
33310
33305
33364
33324
33319
33329
33335
33311
33303
33279
33325
33304
33343
33359
33320
33346
33345
33364
33314
33301
33349
33375
33311
33303
33336
33312
33320
33329
33327
33347
33343
33357
33341
33351
33351
33342
33385
33345
33329
33340
33331
33304
33329
33361
33325
33343
33331
33360
33311
33298
33317
33333
33350
33355
33329
33331
33315
33347
33375
33316
33335
33366
33311
33344
33372
33323
33327
33338
33343
33319
33326
33319
33300
33335
33333
33368
33347
33316
33318
33347
33348
33362
33355
33350
33387
33364
33370
33343
33372
33383
33349
33307
33319
33317
33335
33327
33317
33295
33318
33285
33313
33307
33346
33330
33329
33316
33305
33323
33335
33372
33353
33329
33303
33351
33348
33361
33310
33354
33361
33358
33365
33370
33370
33366
33319
33310
33296
33317
33357
33330
33333
33322
33341
33335
33338
33314
33321
33347
33301
33320
33340
33306
33322
33347
33339
33325
33367
33315
33338
33354
33325
33326
33304
33326
33375
33388
33367
33386
33284
33357
33360
33355
33353
33345
33350
33325
33330
33305
33339
33335
33382
33321
33325
33358
33339
33313
33319
33319
33318
33335
33353
33311
33344
33342
33320
33313
33329
33297
33299
33325
33309
33262
33359
33285
33325
33312
33345
33313
33326
33331
33281
33295
33315
33319
33346
33346
33318
33296
33309
33299
33334
33329
33331
33327
33321
33357
33377
33299
33314
33334
33327
33321
33287
33329
33334
33281
33266
33326
33329
33274
33315
33352
33319
33319
33325
33347
33325
33338
33306
33320
33296
33304
33351
33307
33297
33319
33323
33303
33329
33341
33293
33287
33348
33309
33329
33378
33391
33365
33327
33305
33326
33326
33310
33334
33318
33271
33313
33317
33335
33301
33319
33352
33333
33286
33298
33314
33398
33373
33341
33319
33346
33351
33363
33325
33311
33286
33338
33341
33363
33363
33310
33332
33333
33343
33349
33305
33301
33335
33339
33317
33319
33332
33292
33291
33363
33310
33333
33369
33310
33317
33351
33329
33343
33321
33314
33305
33326
33314
33312
33379
33390
33361
33333
33306
33319
33299
33291
33279
33287
33301
33271
33302
33315
33335
33387
33383
33338
33320
33276
33275
33289
33251
33295
33311
33339
33295
33380
33334
33301
33311
33341
33286
33335
33323
33372
33347
33313
33299
33311
33317
33318
33339
33363
33327
33351
33331
33321
33321
33315
33319
33319
33275
33275
33326
33298
33316
33363
33325
33285
33295
33313
33315
33322
33303
33315
33293
33365
33317
33329
33389
33382
33333
33293
33292
33282
33349
33359
33351
33375
33363
33330
33315
33288
33326
33319
33327
33332
33341
33327
33355
33391
33391
33364
33261
33289
33348
33361
33368
33357
33318
33325
33315
33362
33367
33351
33295
33339
33364
33396
33361
33319
33326
33318
33347
33339
33307
33319
33343
33320
33377
33389
33344
33333
33352
33361
33339
33337
33335
33337
33361
33319
33353
33377
33319
33319
33374
33363
33340
33351
33321
33310
33316
33301
33345
33309
33295
33285
33327
33345
33313
33357
33327
33355
33320
33339
33349
33333
33342
33359
33319
33373
33359
33330
33359
33315
33329
33335
33333
33307
33316
33295
33333
33386
33366
33343
33357
33351
33351
33342
33322
33309
33328
33329
33332
33307
33351
33321
33315
33311
33321
33349
33323
33313
33311
33343
33331
33317
33350
33337
33353
33329
33336
33327
33328
33319
33355
33363
33303
33306
33315
33319
33303
33291
33335
33363
33357
33371
33357
33331
33322
33359
33347
33368
33351
33324
33317
33355
33341
33332
33365
33351
33300
33289
33325
33319
33379
33359
33347
33317
33305
33303
33359
33329
33332
33351
33366
33348
33399
33331
33337
33309
33369
33359
33373
33365
33350
33313
33353
33365
33354
33325
33349
33351
33335
33355
33375
33385
33387
33361
33332
33326
33301
33332
33278
33312
33315
33284
33357
33313
33304
33370
33328
33315
33355
33345
33329
33322
33375
33367
33335
33309
33334
33322
33351
33335
33343
33310
33365
33351
33334
33321
33363
33299
33335
33345
33326
33318
33319
33296
33343
33327
33349
33353
33391
33375
33325
33340
33327
33353
33335
33365
33337
33300
33327
33343
33341
33336
33351
33352
33357
33372
33369
33344
33347
33381
33351
33322
33299
33360
33346
33321
33353
33407
33335
33280
33257
33329
33315
33336
33299
33291
33339
33375
33365
33359
33355
33321
33348
33355
33354
33361
33323
33314
33361
33327
33308
33342
33315
33317
33337
33339
33322
33346
33310
33337
33311
33329
33334
33303
33330
33318
33303
33337
33332
33321
33321
33295
33318
33316
33317
33319
33286
33337
33365
33351
33311
33258
33312
33343
33312
33331
33334
33334
33334
33337
33305
33310
33338
33330
33273
33271
33305
33293
33333
33333
33283
33362
33301
33319
33317
33284
33298
33314
33294
33327
33299
33339
33283
33287
33311
33303
33324
33313
33299
33313
33303
33316
33335
33333
33294
33297
33338
33331
33310
33305
33301
33338
33325
33333
33336
33319
33311
33335
33322
33295
33342
33309
33343
33282
33299
33323
33261
33311
33237
33279
33345
33317
33269
33291
33351
33295
33309
33237
33267
33272
33326
33287
33285
33321
33328
33323
33342
33315
33315
33317
33336
33301
33289
33329
33313
33314
33311
33293
33331
33355
33281
33309
33268
33279
33261
33276
33371
33345
33358
33351
33309
33319
33305
33293
33335
33300
33327
33309
33320
33325
33335
33281
33285
33329
33358
33327
33350
33326
33318
33292
33315
33320
33296
33316
33332
33319
33318
33313
33361
33288
33343
33360
33318
33286
33307
33307
33328
33303
33323
33343
33369
33349
33305
33303
33352
33311
33351
33362
33326
33356
33341
33318
33327
33351
33339
33325
33323
33310
33335
33291
33335
33330
33341
33308
33326
33319
33292
33352
33345
33325
33387
33359
33319
33336
33317
33339
33331
33360
33347
33322
33362
33327
33324
33321
33363
33325
33353
33303
33303
33341
33315
33345
33379
33395
33319
33307
33291
33298
33341
33313
33322
33337
33347
33304
33319
33319
33295
33321
33322
33233
33302
33273
33255
33300
33342
33341
33328
33287
33289
33319
33333
33325
33347
33304
33287
33316
33349
33339
33343
33335
33341
33301
33319
33261
33287
33291
33304
33311
33310
33346
33318
33325
33293
33299
33295
33303
33328
33305
33305
33339
33313
33317
33279
33305
33353
33303
33325
33305
33317
33303
33316
33329
33335
33290
33273
33313
33328
33295
33355
33359
33331
33276
33301
33308
33353
33359
33309
33315
33292
33307
33289
33311
33319
33365
33368
33296
33326
33352
33359
33351
33295
33327
33305
33306
33272
33303
33359
33341
33367
33371
33383
33375
33287
33332
33349
33328
33365
33361
33351
33331
33366
33334
33300
33323
33336
33306
33341
33332
33315
33276
33341
33310
33305
33320
33314
33287
33291
33297
33323
33319
33331
33308
33348
33309
33310
33313
33319
33273
33329
33336
33327
33324
33358
33349
33325
33351
33291
33336
33320
33343
33385
33321
33297
33336
33321
33377
33338
33347
33346
33341
33324
33352
33333
33358
33351
33297
33321
33321
33341
33327
33285
33311
33313
33316
33336
33335
33287
33329
33341
33319
33399
33401
33356
33344
33293
33347
33327
33316
33329
33322
33295
33297
33319
33342
33359
33325
33375
33362
33360
33355
33433
33387
33330
33327
33379
33389
33387
33349
33356
33389
33370
33393
33373
33413
33373
33299
33313
33390
33353
33353
33399
33342
33356
33348
33343
33373
33323
33326
33382
33349
33343
33303
33344
33376
33359
33366
33383
33379
33345
33360
33356
33348
33367
33341
33314
33356
33300
33314
33334
33313
33319
33335
33332
33311
33300
33316
33292
33292
33311
33334
33349
33318
33353
33354
33366
33342
33342
33299
33275
33305
33361
33343
33301
33348
33358
33345
33303
33303
33301
33304
33356
33370
33323
33322
33308
33367
33299
33315
33320
33367
33336
33337
33320
33335
33308
33324
33383
33345
33322
33367
33351
33348
33344
33358
33343
33309
33299
33314
33360
33327
33345
33326
33351
33340
33321
33320
33321
33273
33301
33303
33296
33351
33330
33287
33319
33349
33342
33318
33319
33317
33293
33319
33330
33315
33374
33347
33323
33318
33361
33334
33310
33337
33335
33345
33389
33313
33336
33394
33361
33338
33351
33342
33359
33319
33319
33319
33329
33365
33329
33290
33352
33290
33292
33282
33321
33348
33325
33315
33295
33326
33307
33357
33339
33342
33353
33350
33315
33293
33301
33317
33311
33300
33327
33310
33296
33301
33351
33391
33315
33288
33303
33311
33312
33341
33349
33321
33302
33317
33321
33313
33318
33349
33319
33286
33315
33295
33316
33335
33345
33335
33333
33293
33323
33291
33351
33334
33285
33272
33351
33295
33311
33315
33299
33347
33291
33289
33293
33277
33273
33303
33333
33335
33329
33287
33301
33340
33330
33341
33321
33279
33315
33326
33318
33335
33319
33340
33342
33315
33311
33311
33331
33289
33359
33335
33367
33350
33317
33315
33397
33367
33338
33395
33367
33344
33333
33345
33325
33365
33337
33337
33335
33318
33349
33356
33351
33340
33328
33335
33375
33319
33328
33363
33341
33303
33351
33389
33355
33300
33316
33371
33391
33381
