32429
32492
32402
32355
32092
31929
32389
32621
32551
32551
32774
33059
33049
32509
31959
32112
32654
33359
34140
34417
34188
33623
32878
32351
32334
32453
32476
32731
33115
33127
32927
32617
32221
32418
33042
33493
33914
34131
34024
33911
33421
32635
32052
31585
31301
31741
32389
32863
33103
32795
32315
31919
31560
31525
32004
32723
33097
33143
32995
32919
33275
33781
33819
33582
33177
32463
31923
31847
31957
32301
32741
32998
32799
32297
31990
32194
32619
32965
33236
33566
33829
33887
33697
33207
32612
32184
31959
32134
32327
32242
32149
32261
32131
31971
31947
32013
32558
33102
33360
33581
33713
33645
33373
33136
33050
33175
33130
32984
32819
32829
33017
33106
33037
32935
32671
32212
31726
31709
32290
33155
33808
34174
34007
33465
32819
32255
32263
32649
32925
32911
32755
32459
32191
31873
31470
31472
31965
32483
33051
33589
33626
33473
33029
32323
31995
32222
32732
33409
34093
34242
33856
33195
32229
31566
31528
31873
32372
32823
33049
33007
32828
32600
32370
32404
32667
32829
33005
33134
33229
33334
33108
32639
32231
31752
31518
31654
31853
32337
32825
32971
32973
32996
33003
33023
33027
32997
33106
33363
33442
33417
33301
33139
33098
33032
32752
32696
32611
32443
32568
32639
32725
32919
32939
32908
32893
32769
32709
32784
32959
33167
33336
33487
33415
33308
32845
32155
31507
31078
31324
31707
32383
33047
33411
33607
33458
32994
32724
32787
32971
33117
33009
32790
32671
32776
32852
32831
32607
32441
32465
32424
32541
32618
32609
32467
31989
31686
31789
32359
33051
33583
33681
33374
32841
32364
32062
32102
32507
32903
32984
32630
32150
31862
31818
32418
32907
33371
33741
33574
33313
33301
33184
33080
33279
33095
32849
32921
33071
33433
33755
33630
33213
32761
32411
32299
32255
32430
32801
33001
33253
33241
32882
32792
32953
32898
32766
32553
32295
32253
32455
32685
32696
32701
32597
32313
32284
32341
32394
32656
32853
32912
32764
32630
32545
32621
33023
33191
33045
32772
32350
32133
32079
32178
32429
32569
32735
32599
32549
32629
32706
32823
32793
32755
32675
32506
32599
32600
32519
32721
32521
32474
32535
32638
32845
33115
33324
33359
33224
33015
32717
32596
32667
32891
33223
33563
34012
34154
34069
33801
33237
32722
32263
31806
31831
32349
32999
33368
33477
33315
33045
33003
32791
32524
32547
32600
32643
32652
32582
32475
32382
32389
32374
32462
32625
32568
32419
32353
32370
32378
32306
32177
32175
32343
32592
32841
32990
33167
33206
33009
32819
32733
32698
32656
32406
32011
31797
31889
32241
32815
33287
33451
33189
32673
32092
31987
32281
32735
33323
33534
33401
33189
32829
32657
32721
33049
33200
33118
32934
32645
32645
32783
32824
33051
33244
33392
33543
33482
33523
33530
33439
33314
33027
32758
32579
32617
32821
33052
33293
33119
32687
32311
31991
31927
32161
32459
32824
32933
32919
32695
32521
32635
32667
32585
32428
32119
32013
32177
32391
32511
32397
32197
31961
31949
32216
32495
32943
33323
33346
33160
32838
32465
32171
32206
32375
32695
33099
33241
33184
33032
32803
32557
32332
32185
32087
32295
32611
32911
33316
33571
33391
33107
33006
33026
33089
33211
33210
33054
32939
32787
32693
32828
33055
33080
33012
32836
32777
32907
33247
33475
33439
33328
33157
32912
32853
32897
32988
33122
33099
32911
32748
32662
32551
32397
32127
31854
31775
31945
32199
32531
32776
32883
32916
32751
32471
32335
32199
32282
32465
32696
32814
32697
32451
32212
32116
32148
32237
32403
32605
32744
32795
32864
32922
32943
32826
32719
32711
32943
33299
33525
33549
33216
32677
32065
31813
32087
32619
33075
33317
33206
32957
32733
32471
32491
32835
33070
33317
33455
33409
33299
33157
32929
32775
32775
32839
32925
33050
33099
33039
32988
32887
32702
32552
32593
32679
32847
33163
33341
33287
33135
32791
32569
32517
32519
32531
32439
32415
32361
32210
32266
32441
32597
32743
32517
32138
31972
32182
32477
32791
33055
33045
32901
32680
32352
32247
32475
32715
32773
32817
32908
32838
32757
32652
32379
32359
32511
32676
32909
33207
33364
33249
33060
32897
32697
32677
32727
32695
32869
32946
32769
32541
32392
32383
32590
32903
33135
33217
33105
32844
32730
32766
32903
33017
33039
33002
32999
33048
33087
33061
32956
32812
32633
32562
32650
32825
33042
33051
32882
32735
32654
32751
32905
33033
33143
33131
32943
32629
32295
32151
32209
32338
32503
32663
32737
32685
32528
32411
32404
32521
32519
32492
32557
32689
32792
32868
32801
32738
32761
32690
32605
32644
32675
32705
32765
32596
32438
32437
32501
32759
32988
33119
33084
32831
32607
32553
32607
32822
32978
32945
32845
32629
32407
32459
32607
32751
32824
32830
32771
32744
32687
32723
32749
32795
32927
33083
33231
33350
33313
33184
32986
32711
32567
32590
32747
33008
33197
33265
33174
32953
32755
32723
32819
32962
33065
32973
32853
32767
32655
32575
32566
32579
32660
32753
32777
32773
32673
32444
32240
32129
32189
32297
32421
32627
32888
33066
33091
32971
32711
32485
32371
32327
32408
32544
32623
32643
32646
32609
32591
32677
32721
32696
32671
32686
32743
32831
32886
32764
32593
32470
32449
32589
32783
32985
33117
33127
32957
32669
32423
32311
32353
32527
32767
32982
33167
33285
33368
33416
33436
33323
33172
32973
32822
32771
32818
32935
33065
33115
33117
33053
32923
32858
32809
32825
32917
32934
32887
32817
32800
32827
32805
32766
32735
32623
32567
32579
32547
32519
32489
32347
32203
32077
32005
32129
32451
32721
32823
32877
32786
32668
32631
32569
32467
32446
32477
32511
32547
32639
32700
32711
32679
32616
32467
32349
32331
32438
32692
32921
33039
33069
32964
32853
32781
32759
32791
32895
32934
32895
32805
32847
32975
32892
32733
32668
32717
32951
33241
33415
33425
33249
32927
32642
32614
32960
33432
33647
33647
33493
33141
32823
32637
32527
32559
32672
32742
32751
32726
32741
32863
32886
32789
32655
32575
32562
32543
32605
32765
32710
32489
32208
31971
32012
32217
32426
32599
32701
32609
32364
32181
32260
32405
32407
32391
32498
32705
32915
32970
32959
33039
33039
32825
32535
32297
32254
32363
32495
32730
32927
33017
32995
32819
32713
32813
33005
33037
33021
32943
32952
33035
33031
32956
32879
32894
32803
32863
33028
33163
33239
33111
32835
32623
32713
32829
32869
33068
33289
33447
33440
33260
33023
32918
32777
32661
32755
32851
32903
32749
32519
32455
32525
32585
32566
32552
32387
32341
32407
32467
32557
32546
32457
32517
32431
32489
32787
32835
32585
32161
31930
31994
32353
32841
32981
32712
32511
32170
32136
32742
33067
33303
33184
32705
32392
32202
32341
32844
33193
33322
32939
32730
32557
32299
32458
32493
32623
32895
32773
32751
32790
32759
32937
33082
33076
32901
32647
32684
33047
33628
33631
33054
32562
32415
32275
32575
33351
33817
33665
33376
32432
31882
32452
33302
34033
34343
33607
32511
31669
31533
31569
31777
32411
32890
33144
33311
32779
32395
32302
32280
32369
32121
31951
32549
33091
33440
33238
32671
31919
31567
31511
32014
32992
33471
33303
33021
32074
31588
32113
33189
34269
35023
34761
33372
32331
31879
31505
31949
32609
32849
32987
32888
32693
32625
32573
32559
32432
32713
32881
33183
33389
33449
33273
32997
32639
32424
31937
32174
32937
33443
34305
34509
33595
32827
32213
31841
31971
32471
32833
32781
32497
32264
32365
33677
34669
35046
34567
33225
31441
30407
30357
31055
32053
32987
32903
32815
32897
32521
31966
31769
31751
31739
31918
32175
32671
32993
33214
33268
33155
33330
33429
33253
33051
32699
31902
31255
30993
31482
32855
34487
35808
36707
36238
34788
32695
30949
30573
31176
32309
33607
34003
33559
32641
31756
31527
32007
32589
33203
33943
34549
34689
34432
33773
32899
31723
30899
30468
30713
31923
33156
33743
34023
33623
32789
32298
32027
32005
32220
32672
33062
33322
33497
33701
34276
34769
34291
33183
31416
29554
28839
29272
30831
32751
33843
34049
33286
32191
31762
31647
32207
32910
33320
33295
32877
32634
32929
33291
33739
33867
33542
32763
32094
31865
31954
32111
32076
32157
32804
33746
34487
35034
35223
34799
33871
32588
31737
31811
32855
34119
35137
35095
33786
32221
31191
31235
32153
32786
33113
32935
32415
31780
31343
31349
31967
32845
33592
34256
34968
35350
35046
33943
32516
31491
30827
30540
30950
31815
32575
32787
32369
31561
31265
31579
32335
33415
34114
33939
32993
31764
30943
31005
32175
33530
34389
34607
33605
32207
30615
29711
29859
30728
31520
31882
31989
32271
32948
33603
34157
34545
34631
34241
33795
33495
33564
33444
32959
32079
31363
31425
31898
32641
33449
33650
33451
32916
32283
32379
33034
34041
35041
35322
34807
33807
32524
31963
32211
32561
32802
32821
32482
32199
32219
32325
32610
32986
33116
32931
32650
32871
33095
33097
32946
32749
32720
32989
33251
33775
34266
33971
32783
31174
29943
29989
31051
32309
33467
33911
33667
32677
31797
31591
32075
32829
33479
33561
33183
32431
31567
31153
31521
32391
32978
33092
32647
32325
32134
31795
31829
31850
32071
32109
32014
32367
33032
33591
33935
33909
33444
32562
32134
32556
33172
33983
34115
33376
32353
31287
30924
31471
32442
33471
34284
34454
34137
33833
33430
32994
32660
32768
33165
33497
33927
34055
33609
32841
32093
31521
31601
32094
32883
33642
33867
33745
33393
32650
32279
32381
32524
32809
32875
33022
33083
32987
33026
33233
33114
32734
32133
31645
31399
31369
31527
31877
32026
32204
32642
33171
33645
33931
33712
32955
32060
31696
31445
31497
31845
31855
31598
31617
31995
32571
33126
33715
34145
33783
32594
31636
31110
31124
31803
32796
33937
34878
35036
34189
33260
32457
31882
31805
32120
32437
32987
33289
33150
33243
33212
33125
33183
33290
33679
34048
34303
34323
33885
32995
32103
31463
31643
32573
33657
34295
34085
33419
32728
31886
31457
31732
32253
32747
33039
33144
33572
33631
33489
33623
33298
32729
32243
31858
31722
31858
31885
32075
32096
31849
31898
32089
32348
32572
32757
32543
31994
31735
31929
32591
33389
33780
33575
32774
31847
31410
31546
32003
32718
32918
32490
31798
31242
31382
32009
32911
33735
34255
34497
34374
33693
32965
32277
31860
32204
32677
33211
33869
34341
34311
33768
32991
32116
31721
31844
32542
33258
33937
34207
33719
33137
33117
33333
33636
34025
33986
33431
32929
32354
31980
32103
32131
32165
32236
32264
32703
33490
34039
34157
33667
32746
31835
31335
31248
31559
31859
32185
32643
33066
33345
33501
33583
33096
32139
31283
30557
30280
30799
31763
32855
33665
33635
32955
32303
31903
32118
32829
33213
33181
32711
32039
31551
31371
31713
32285
33109
33731
33734
33492
33258
32923
32847
32880
32712
32653
32925
33207
33623
34074
33994
33549
33018
32653
32630
32849
33223
33383
33224
33283
33123
32828
32909
33129
33350
33707
33673
33463
33191
32867
32851
32937
32942
32809
32371
31957
32018
32445
32913
33201
33097
32660
32255
31778
31582
31888
32513
33249
33757
33703
33358
32691
32075
31538
30968
30751
31013
31451
32161
32906
33309
33431
33197
32583
31966
31630
31807
32449
32943
33112
32871
32457
32038
31934
32266
32825
33420
33651
33370
32941
32553
32305
32241
32324
32604
32990
33467
33916
34054
34006
33819
33383
33019
32803
32711
32777
33097
33219
33187
33027
32768
32825
33269
33749
33997
33829
33239
32517
32161
32223
32639
33126
33351
33185
32934
32679
32775
32987
33013
32835
32368
31923
31725
31815
32247
32673
32997
33007
32601
32323
32379
32455
32582
32553
32425
32283
32263
32125
32102
32417
32410
32232
31781
31355
31465
31938
32895
33799
33944
33378
32355
31455
31327
31985
32967
33662
33896
33612
32996
32344
31736
31706
32071
32591
33125
33345
33463
33469
33341
33370
33313
33172
33188
33235
33500
33757
33720
33559
33066
32750
32527
32551
32804
33079
33119
32884
32676
32609
32618
33149
33671
33911
33991
33567
32812
32268
31954
32151
32643
32839
32866
32842
32683
32705
32675
32598
32463
32194
31982
31899
32069
32500
32783
32724
32628
32455
32491
32771
33031
33126
32891
32364
31765
31311
31376
31985
32595
33032
32979
32429
31918
31641
31831
32533
33277
33571
33389
33105
32700
32474
32485
32635
32813
32918
32673
32559
32692
33182
33621
33692
33366
32667
32223
32201
32591
33211
33500
33691
33738
33567
33405
33323
33183
33269
33364
33267
33127
32996
32821
32729
32683
32501
32323
32335
32543
33046
33671
34107
34135
33777
33083
32351
31879
31891
32019
32309
32477
32531
32535
32587
32751
32965
33039
32783
32292
31955
31928
32181
32495
32593
32525
32394
32213
32181
32243
32399
32789
32969
32921
32525
31891
31476
31332
31639
32317
32854
33133
33165
33161
33163
33139
32971
32480
32097
32039
32183
32618
33111
33475
33491
33183
32839
32608
32585
32839
33129
33414
33531
33181
32870
32762
32965
33387
33619
33566
33423
33379
33311
33402
33379
33083
32879
32561
32382
32655
32993
33393
33513
33182
32865
32595
32391
32427
32569
32922
33203
33322
33317
33274
33197
32937
32415
31867
31511
31409
31628
32031
32483
32914
33227
32991
32424
31997
31627
31901
32489
32882
33063
32732
32189
31875
31809
31905
32081
32204
32319
32308
32475
32660
32631
32503
32294
32052
32044
32304
32779
33283
33733
33794
33387
32911
32453
32265
32387
32709
32982
33201
33300
33265
33267
33350
33473
33507
33551
33401
33349
33335
33217
33137
33068
33027
33023
33000
33078
33298
33519
33704
33745
33537
33183
32690
32326
32233
32499
32837
32944
32888
32737
32727
32836
32907
32915
32755
32458
32161
31944
31981
32285
32529
32667
32469
32168
32098
32169
32249
32345
32339
32225
32219
32011
31842
31833
31893
32129
32371
32551
32774
32823
32727
32591
32311
32195
32105
32046
32237
32548
32872
33147
33101
32939
32773
32775
33057
33465
33647
33607
33354
32978
32753
32689
32781
33105
33399
33431
33343
33256
33289
33531
33783
33971
33939
33665
33222
32917
32861
32867
32823
32804
32891
32981
33203
33379
33291
33016
32749
32487
32342
32519
32750
33034
33137
32885
32493
31991
31751
31965
32382
32797
32929
32674
32235
31798
31481
31605
31820
32137
32502
32677
32631
32382
32143
32073
32166
32359
32451
32363
32253
32138
32175
32329
32423
32409
32369
32346
32524
32887
33210
33309
33153
32859
32601
32520
32875
33235
33399
33296
33023
32792
32850
33163
33543
33855
33890
33667
33342
33039
32903
33016
33207
33363
33397
33252
33118
33032
33105
33326
33474
33510
33373
33172
33002
32869
32731
32539
32377
32249
32265
32501
32823
33076
33148
32991
32722
32328
32071
32015
32105
32313
32361
32324
32287
32201
32242
32409
32542
32516
32358
32014
31735
31623
31803
32145
32424
32535
32558
32634
32701
32781
32801
32662
32367
32149
32070
32236
32506
32677
32753
32753
32669
32737
32903
33183
33469
33587
33478
33197
32783
32579
32643
32951
33410
33699
33747
33559
33241
32951
32818
32936
33215
33335
33315
33263
33132
33159
33261
33217
33172
33102
33007
33005
33111
33185
33135
32849
32508
32311
32304
32485
32687
32935
33073
32907
32572
32222
32087
32212
32524
32734
32739
32548
32262
32113
32128
32312
32455
32494
32367
32231
32106
32070
32175
32321
32468
32527
32500
32319
32167
32187
32321
32491
32615
32666
32661
32699
32753
32817
32833
32692
32483
32444
32553
32792
33082
33126
33029
32817
32619
32566
32765
33172
33607
33891
33863
33591
33215
32860
32650
32648
32826
32998
33053
33123
33292
33528
33656
33479
33127
32825
32662
32719
32865
33087
33169
33075
32913
32835
32903
33018
33062
32962
32771
32551
32384
32273
32308
32378
32396
32391
32346
32421
32587
32795
32978
32933
32685
32377
32075
31954
32017
32117
32245
32336
32327
32329
32366
32377
32461
32519
32546
32463
32326
32236
32265
32369
32521
32648
32727
32735
32657
32593
32699
32889
33034
32973
32755
32535
32487
32581
32799
33107
33300
33355
33252
33143
33161
33189
33218
33173
33061
33039
33173
33279
33429
33502
33392
33237
32949
32729
32735
32920
33159
33305
33339
33247
33079
32913
32855
32937
33047
32973
32827
32615
32530
32515
32597
32759
32856
32845
32641
32355
32269
32317
32359
32437
32403
32372
32348
32307
32309
32323
32329
32335
32297
32281
32337
32423
32513
32393
32121
31880
31780
31954
32331
32676
32856
32882
32735
32514
32389
32368
32445
32586
32729
32821
32895
32915
32924
32898
32871
32892
32954
33060
33137
33151
33210
33261
33246
33191
33131
33123
33201
33358
33503
33562
33471
33301
33093
33006
33077
33171
33146
33091
32984
32962
33059
33156
33208
33210
33148
33011
32904
32779
32684
32663
32647
32654
32589
32461
32309
32285
32447
32655
32731
32610
32377
32136
31991
32051
32167
32271
32333
32327
32303
32353
32391
32393
32278
32173
32047
31991
31995
32109
32307
32514
32673
32651
32521
32377
32319
32423
32586
32754
32864
32907
32921
32860
32812
32847
32872
32923
32966
33023
33100
33239
33319
33371
33387
33303
33135
33032
33074
33266
33479
33578
33469
33277
33089
33096
33193
33344
33475
33417
33227
33037
32857
32799
32854
32914
32982
32973
32898
32809
32759
32757
32723
32624
32558
32535
32558
32617
32584
32486
32326
32119
31991
32052
32171
32316
32392
32406
32395
32374
32299
32199
32143
32162
32236
32280
32248
32209
32201
32309
32413
32473
32470
32402
32337
32361
32433
32599
32756
32835
32865
32845
32783
32713
32714
32819
33002
33164
33274
33305
33257
33135
33015
32905
32853
32895
33027
33235
33487
33665
33697
33543
33326
33129
33039
33103
33222
33351
33321
33162
32933
32761
32723
32805
32993
33139
33191
33137
32963
32773
32634
32544
32513
32509
32527
32519
32502
32517
32583
32653
32627
32516
32339
32195
32119
32139
32199
32247
32282
32257
32191
32183
32286
32443
32521
32498
32389
32268
32255
32287
32407
32457
32411
32353
32319
32429
32605
32807
32943
32887
32668
32489
32365
32425
32617
32884
33159
33375
33411
33337
33155
32983
32888
32845
32933
33081
33218
33317
33353
33294
33155
33047
32929
32909
33007
33175
33406
33528
33485
33296
33025
32862
32846
32887
33020
33076
33031
32905
32737
32591
32557
32616
32691
32739
32721
32725
32724
32685
32649
32570
32457
32389
32327
32379
32463
32487
32410
32301
32187
32257
32373
32445
32458
32402
32322
32228
32215
32276
32399
32486
32538
32559
32525
32494
32434
32423
32471
32560
32636
32633
32575
32487
32489
32567
32748
32941
33104
33120
33050
32954
32858
32798
32805
32812
32853
32953
33156
33307
33433
33432
33325
33151
32981
32919
32989
33115
33168
33165
33097
32986
32920
32947
33114
33287
33394
33365
33159
32931
32783
32695
32697
32737
32741
32677
32618
32621
32700
32808
32843
32779
32638
32494
32408
32372
32383
32427
32443
32473
32491
32517
32573
32511
32395
32254
32143
32115
32155
32255
32359
32443
32465
32420
32335
32302
32375
32507
32629
32703
32684
32586
32467
32353
32358
32413
32518
32617
32691
32781
32884
32951
33005
33039
32989
32978
32973
32973
33066
33117
33109
33083
33015
32994
33013
33105
33237
33351
33368
33263
33162
33103
33102
33132
33147
33151
33136
33095
33051
33035
33042
33016
32943
32885
32872
32884
32865
32810
32814
32803
32793
32694
32554
32438
32385
32443
32522
32613
32607
32521
32437
32334
32329
32365
32371
32299
32201
32138
32175
32307
32383
32445
32415
32268
32141
32119
32207
32389
32489
32489
32447
32404
32422
32471
32553
32661
32728
32731
32710
32688
32696
32736
32785
32784
32798
32820
32850
32906
33059
33257
33376
33419
33363
33272
33209
33190
33175
33164
33125
33068
33053
33091
33159
33254
33335
33347
33322
33290
33225
33089
32993
32897
32877
32913
32959
32965
32931
32911
32859
32811
32726
32604
32543
32469
32461
32466
32415
32364
32355
32425
32519
32595
32529
32417
32290
32193
32130
32087
32133
32190
32239
32205
32185
32233
32348
32484
32568
32539
32433
32285
32172
32183
32281
32415
32575
32693
32773
32788
32757
32727
32741
32783
32837
32863
32890
32945
33013
33055
33127
33138
33128
33121
33117
33141
33183
33248
33365
33437
33391
33287
33125
33067
33159
33277
33355
33293
33141
33041
32988
33019
33071
33075
33045
32986
32928
32901
32897
32911
32884
32748
32584
32508
32518
32591
32674
32684
32580
32429
32244
32143
32169
32271
32374
32419
32449
32424
32392
32351
32313
32249
32223
32219
32222
32287
32303
32315
32350
32378
32366
32321
32228
32208
32346
32559
32820
32983
32992
32864
32695
32557
32575
32662
32764
32836
32874
32954
33041
33121
33144
33103
33078
33092
33100
33135
33194
33270
33327
33303
33234
33165
33120
33098
33122
33159
33223
33297
33326
33271
33141
32953
32792
32727
32756
32880
32985
33029
33019
32966
32868
32796
32696
32578
32500
32491
32529
32575
32596
32547
32461
32405
32383
32417
32447
32445
32391
32347
32300
32263
32221
32189
32201
32241
32354
32451
32573
32650
32647
32525
32359
32216
32171
32255
32387
32523
32628
32703
32730
32749
32770
32734
32661
32637
32677
32769
32928
33001
33063
33085
33100
33065
32969
32871
32845
32906
33101
33259
33327
33271
33135
33040
33053
33094
33121
33168
33194
33257
33275
33215
33105
32987
32880
32762
32735
32809
32953
33067
33127
33060
32932
32727
32585
32534
32610
32711
32758
32740
32671
32592
32559
32489
32406
32345
32341
32373
32428
32455
32471
32503
32501
32443
32365
32291
32279
32312
32367
32423
32456
32450
32427
32389
32428
32455
32473
32422
32397
32437
32567
32699
32744
32731
32672
32600
32561
32599
32712
32840
32980
33011
33000
32959
32933
32926
32947
32995
33031
33085
33094
33087
33059
33031
33006
33003
33061
33182
33295
33357
33336
33243
33067
32939
32840
32817
32905
33015
33152
33223
33192
33026
32824
32695
32625
32664
32735
32754
32731
32692
32665
32703
32759
32763
32707
32592
32497
32409
32355
32367
32375
32417
32398
32356
32353
32317
32312
32335
32393
32447
32511
32463
32414
32342
32325
32311
32281
32275
32315
32432
32552
32662
32699
32663
32589
32485
32419
32437
32575
32760
32945
33031
33007
32913
32811
32758
32817
32974
33098
33109
33070
33048
33063
33119
33149
33169
33171
33161
33138
33131
33159
33159
33163
33111
33097
33107
33170
33175
33166
33143
33061
32990
32901
32839
32807
32855
32891
32880
32839
32766
32703
32638
32634
32629
32641
32626
32569
32488
32395
32361
32363
32380
32425
32420
32375
32342
32279
32254
32295
32308
32305
32260
32242
32263
32324
32352
32367
32368
32399
32445
32487
32517
32518
32499
32458
32455
32450
32508
32616
32749
32830
32891
32894
32895
32899
32959
33023
33059
33053
32991
32967
32998
33066
33145
33208
33204
33213
33193
33187
33219
33247
33255
33229
33161
33103
33080
33085
33123
33176
33208
33190
33105
32999
32945
32951
32964
32890
32739
32581
32511
32559
32677
32791
32829
32798
32685
32511
32395
32339
32321
32299
32303
32326
32372
32419
32444
32438
32385
32313
32216
32154
32143
32171
32265
32323
32347
32359
32371
32381
32419
32491
32529
32533
32525
32519
32511
32558
32646
32719
32765
32737
32711
32711
32795
32905
33005
33065
33076
33051
33029
33050
33103
33173
33213
33193
33195
33191
33199
33221
33215
33177
33157
33142
33143
33165
33175
33172
33179
33149
33119
33053
32975
32927
32885
32905
32921
32898
32853
32752
32670
32669
32697
32725
32672
32547
32450
32400
32423
32471
32469
32447
32389
32379
32410
32419
32415
32391
32321
32254
32195
32177
32198
32297
32391
32447
32438
32389
32363
32399
32465
32510
32509
32478
32503
32509
32560
32597
32645
32663
32709
32780
32831
32877
32909
32953
33015
33021
32970
32841
32752
32791
32955
33161
33332
33373
33305
33221
33195
33214
33189
33133
33030
32929
32915
33007
33119
33213
33221
33199
33141
33060
33002
32930
32874
32850
32824
32837
32845
32848
32825
32791
32743
32674
32646
32585
32567
32547
32519
32475
32411
32375
32373
32394
32414
32429
32471
32509
32527
32487
32375
32274
32262
32309
32343
32338
32319
32351
32407
32482
32559
32547
32508
32491
32499
32535
32584
32600
32599
32619
32683
32759
32793
32823
32803
32807
32881
32889
32893
32881
32906
32989
33075
33095
33107
33084
33040
33021
33049
33071
33107
33114
33071
33093
33123
33163
33171
33172
33129
33068
32975
32904
32871
32914
32971
32992
32982
32983
32967
32933
32870
32778
32685
32609
32599
32608
32675
32717
32743
32689
32596
32487
32433
32432
32423
32443
32456
32460
32415
32392
32399
32407
32472
32471
32458
32430
32371
32387
32448
32446
32427
32399
32353
32347
32379
32421
32506
32583
32617
32652
32667
32695
32738
32786
32798
32757
32734
32675
32663
32717
32806
32903
32983
33032
33056
33035
33038
33037
33057
33100
33057
33035
33049
33101
33143
33125
33114
33099
33115
33155
33169
33153
33106
33027
32939
32909
32880
32901
32912
32913
32913
32945
33001
32951
32871
32773
32715
32662
32639
32570
32486
32487
32543
32629
32655
32647
32588
32495
32425
32359
32346
32327
32330
32303
32291
32310
32366
32441
32489
32451
32423
32399
32412
32431
32432
32425
32413
32387
32399
32476
32543
32605
32645
32679
32686
32687
32705
32710
32732
32788
32849
32941
32966
32991
32975
32933
32927
32959
33062
33115
33154
33115
33106
33118
33160
33164
33199
33181
33113
33107
33144
33183
33195
33157
33104
33053
32987
32939
32914
32923
32981
32982
32951
32923
32881
32844
32793
32716
32652
32623
32607
32618
32617
32603
32560
32493
32447
32375
32293
32281
32306
32383
32469
32523
32475
32367
32273
32255
32295
32341
32345
32351
32324
32363
32405
32417
32424
32421
32412
32471
32524
32570
32636
32667
32711
32690
32654
32643
32647
32710
32811
32947
33034
33095
33090
33016
33001
33004
33029
33051
33071
33114
33135
33141
33175
33193
33175
33155
33133
33165
33197
33215
33211
33183
33132
33026
32932
32895
32937
33047
33081
33059
32995
32873
32780
32677
32610
32592
32605
32573
32567
32593
32639
32678
32663
32601
32503
32406
32301
32240
32247
32294
32369
32388
32347
32261
32218
32253
32341
32403
32422
32409
32331
32316
32335
32398
32459
32447
32415
32408
32465
32561
32634
32717
32727
32677
32658
32647
32665
32751
32855
32955
33013
33030
33028
33019
33025
33039
33009
33025
33032
33051
33118
33199
33251
33284
33247
33184
33096
33075
33102
33143
33203
33166
33111
33079
33015
32964
32959
32959
32993
32987
32939
32845
32783
32811
32789
32755
32705
32618
32575
32581
32592
32602
32589
32521
32455
32402
32379
32385
32391
32410
32388
32374
32352
32341
32370
32369
32392
32351
32327
32319
32343
32410
32449
32438
32440
32444
32476
32503
32537
32609
32684
32743
32745
32669
32603
32558
32566
32680
32835
32931
32975
32958
32934
32983
33054
33052
33007
32956
32938
33005
33175
33207
33216
33231
33137
33083
32920
32875
32875
32937
33129
33231
33197
33087
32945
32939
33048
33106
33113
32976
32827
32791
32653
32659
32657
32661
32735
32747
32717
32678
32620
32575
32583
32659
32625
32569
32527
32466
32390
32379
32335
32334
32423
32516
32552
32511
32414
32353
32377
32405
32423
32455
32473
32480
32444
32385
32445
32459
32541
32615
32634
32685
32721
32765
32735
32731
32812
32823
32825
32729
32581
32603
32688
32817
32941
33025
33027
33034
33183
33227
33183
33115
33066
32981
32965
32912
32792
32825
32944
33063
33123
33161
33109
33040
33039
32963
32909
32819
32787
32805
32841
32926
32905
32881
32953
33015
33024
32967
32792
32660
32606
32613
32613
32538
32478
32387
32372
32485
32591
32685
32830
32862
32852
32753
32513
32281
32156
32239
32308
32407
32483
32419
32372
32410
32423
32467
32599
32664
32675
32649
32519
32343
32267
32383
32560
32779
32903
32843
32767
32776
32817
32775
32701
32625
32638
32843
33019
33063
32946
32795
32675
32669
32810
32972
33173
33371
33463
33337
33093
32816
32583
32589
32755
32952
33076
33080
33040
32986
32992
32973
32985
33023
33125
33119
33106
33049
32891
32771
32650
32493
32494
32566
32703
32939
33082
33067
32873
32622
32464
32373
32470
32497
32415
32392
32327
32337
32410
32507
32613
32712
32778
32733
32559
32391
32256
32145
32133
32120
32138
32191
32423
32719
32885
32991
32836
32650
32579
32575
32685
32721
32685
32631
32545
32522
32587
32708
32921
33079
33106
33039
32865
32733
32735
32810
32967
33050
33001
32914
32887
32956
33121
33257
33277
33204
33095
32998
32949
32915
32855
32784
32759
32751
32811
32909
33070
33255
33349
33292
33059
32814
32623
32629
32743
32813
32787
32661
32559
32511
32488
32529
32595
32636
32685
32674
32573
32471
32366
32359
32352
32345
32295
32311
32381
32483
32560
32591
32537
32466
32445
32442
32469
32439
32371
32259
32207
32295
32437
32693
32911
33011
33039
32972
32857
32751
32672
32695
32791
32842
32826
32697
32603
32648
32797
33065
33297
33377
33289
33164
33021
32903
32809
32801
32865
32959
33032
33037
33068
33123
33213
33269
33269
33117
32940
32799
32663
32631
32647
32648
32703
32761
32895
33073
33206
33183
33070
32933
32709
32435
32312
32269
32305
32378
32440
32437
32439
32445
32571
32675
32695
32597
32441
32343
32273
32277
32329
32366
32404
32453
32476
32455
32461
32535
32629
32651
32635
32567
32477
32463
32519
32581
32649
32677
32685
32717
32867
33062
33204
33223
33122
32977
32864
32742
32638
32679
32789
32897
32944
32969
33031
33103
33187
33192
33123
33045
32997
33038
33075
33091
33012
32904
32829
32753
32787
32857
33015
33157
33167
33097
32934
32717
32569
32525
32581
32686
32699
32653
32675
32727
32823
32858
32846
32747
32617
32573
32493
32386
32321
32233
32143
32161
32228
32329
32519
32750
32846
32859
32733
32471
32332
32335
32375
32447
32519
32512
32459
32449
32536
32643
32781
32914
32901
32827
32783
32675
32671
32707
32720
32715
32743
32774
32862
33019
33207
33299
33275
33154
32935
32735
32641
32633
32672
32823
32914
32975
33063
33138
33164
33151
33134
33058
32993
32925
32855
32835
32850
32803
32755
32711
32738
32772
32911
33027
33021
32948
32815
32655
32587
32565
32544
32555
32605
32646
32652
32662
32657
32627
32669
32680
32619
32520
32391
32313
32303
32343
32384
32374
32370
32407
32543
32683
32776
32779
32718
32625
32529
32455
32447
32484
32550
32633
32653
32601
32561
32587
32710
32839
32962
32967
32895
32825
32782
32763
32773
32791
32827
32843
32899
32956
33021
33039
33049
33030
32976
32889
32820
32789
32797
32842
32889
32890
32899
32955
33007
33137
33221
33211
33084
32919
32741
32635
32631
32663
32722
32785
32817
32811
32805
32819
32837
32865
32851
32743
32631
32585
32556
32581
32527
32485
32429
32449
32523
32636
32730
32723
32620
32481
32327
32265
32267
32341
32437
32535
32547
32511
32490
32567
32662
32760
32783
32743
32619
32489
32438
32477
32568
32640
32694
32699
32699
32716
32778
32871
32963
33025
33004
32938
32884
32847
32855
32838
32824
32782
32785
32897
33052
33166
33219
33117
32931
32823
32783
32853
32935
32999
33019
33004
32960
32885
32873
32960
33113
33173
33138
32988
32775
32643
32599
32599
32637
32637
32631
32655
32707
32791
32841
32841
32737
32675
32612
32510
32445
32423
32392
32369
32351
32354
32360
32436
32566
32620
32608
32545
32393
32295
32339
32430
32535
32556
32498
32477
32521
32560
32639
32730
32807
32860
32822
32700
32568
32495
32547
32636
32745
32807
32895
32964
33023
33079
33049
32967
32923
32889
32935
33036
33060
33032
32971
32894
32828
32846
32919
33024
33181
33233
33186
33065
32927
32807
32803
32877
32930
32998
32980
32956
32932
32933
32911
32843
32755
32695
32653
32671
32666
32623
32608
32583
32543
32484
32479
32495
32551
32625
32663
32638
32549
32450
32378
32357
32371
32369
32311
32278
32298
32355
32462
32543
32559
32575
32579
32580
32575
32588
32591
32629
32636
32635
32646
32645
32679
32744
32820
32880
32894
32864
32853
32857
32874
32914
32891
32866
32871
32927
32989
33078
33136
33163
33149
33098
33023
32967
32927
32921
32936
32917
32887
32863
32840
32894
33005
33109
33143
33107
33001
32859
32778
32732
32695
32736
32749
32729
32731
32716
32668
32687
32720
32670
32590
32499
32434
32453
32491
32488
32457
32434
32431
32443
32503
32542
32581
32577
32530
32453
32359
32355
32359
32383
32459
32484
32527
32539
32514
32533
32633
32710
32759
32780
32772
32783
32789
32769
32761
32731
32729
32757
32823
32906
32940
32973
32993
32932
32880
32835
32872
32973
33033
33047
33028
33011
32974
32899
32961
32982
33064
33073
32999
33062
33017
32920
32869
32692
32709
32757
32685
32739
32859
32897
33025
32987
32927
32979
32877
32739
32635
32476
32483
32415
32400
32495
32522
32641
32641
32595
32616
32551
32535
32467
32407
32399
32402
32410
32431
32405
32473
32573
32595
32727
32650
32627
32601
32506
32489
32452
32388
32480
32532
32607
32788
32916
32954
33029
32895
32839
32807
32752
32790
32769
32804
32848
32845
32917
32977
32971
33005
33051
32994
33005
32946
32853
32847
32869
32910
32940
32916
32948
32937
32913
32990
32975
32997
33060
32943
32870
32828
32753
32820
32800
32745
32665
32575
32597
32615
32631
32727
32743
32807
32807
32737
32717
32614
32567
32505
32472
32481
32453
32459
32489
32498
32535
32529
32495
32511
32473
32511
32495
32583
32595
32573
32552
32523
32532
32623
32671
32779
32799
32796
32815
32763
32810
32735
32638
32589
32487
32496
32647
32795
33075
33180
33221
33179
33013
32979
32887
32775
32779
32624
32575
32667
32733
32922
33071
33101
33159
33125
33037
32911
32755
32667
32669
32642
32649
32662
32699
32796
32939
33015
33099
33088
32949
32808
32630
32541
32529
32537
32482
32419
32375
32451
32669
32915
33105
33173
33057
32849
32595
32367
32303
32257
32254
32265
32339
32465
32719
32873
32977
32973
32855
32749
32628
32540
32538
32519
32515
32473
32461
32539
32673
32845
33011
33045
33003
32941
32775
32653
32621
32585
32625
32746
32725
32692
32747
32749
32849
32967
33015
33034
32909
32815
32700
32585
32615
32657
32615
32678
32611
32663
32856
32957
33112
33138
32969
32823
32673
32630
32641
32665
32694
32665
32638
32710
32819
32976
33075
33080
32990
32834
32732
32667
32694
32731
32700
32628
32519
32473
32543
32677
32811
32941
33034
33001
32916
32792
32655
32463
32372
32310
32298
32385
32573
32676
32809
32948
32949
32919
32807
32711
32639
32551
32505
32468
32453
32439
32417
32521
32694
32847
32935
32951
32875
32798
32725
32627
32563
32638
32607
32552
32571
32543
32669
32848
32955
33003
32987
32857
32753
32673
32613
32602
32587
32621
32679
32755
32926
33054
33133
33199
33160
33064
32991
32850
32775
32699
32632
32621
32631
32671
32799
32903
33025
33132
33139
33075
32986
32852
32743
32647
32615
32631
32587
32551
32502
32531
32613
32703
32829
32836
32744
32653
32503
32441
32463
32444
32428
32363
32369
32481
32609
32782
32869
32868
32768
32609
32495
32469
32421
32438
32424
32431
32488
32583
32694
32807
32887
32893
32847
32791
32711
32650
32638
32731
32797
32793
32779
32746
32769
32894
32969
33059
33138
33035
32888
32769
32728
32754
32839
32865
32904
32917
32973
33055
33154
33249
33269
33159
33003
32825
32741
32711
32689
32681
32650
32652
32659
32689
32791
32885
32943
32887
32773
32631
32534
32543
32553
32556
32539
32451
32404
32396
32393
32472
32517
32511
32495
32467
32454
32511
32503
32511
32542
32517
32487
32455
32497
32587
32669
32759
32788
32743
32734
32681
32605
32609
32620
32635
32668
32655
32709
32807
32907
33009
33083
33093
33083
33011
32927
32913
32855
32831
32807
32776
32821
32907
32967
33050
33111
33137
33131
33078
33010
32951
32869
32775
32717
32718
32713
32755
32865
32959
33079
33095
33032
32915
32723
32584
32489
32400
32351
32370
32373
32467
32563
32618
32722
32759
32717
32672
32567
32503
32435
32364
32321
32291
32324
32405
32463
32596
32685
32695
32685
32641
32583
32579
32548
32531
32552
32592
32659
32730
32789
32887
32967
32998
33008
32949
32849
32758
32656
32675
32730
32783
32845
32861
32901
32983
33059
33131
33136
33067
33007
32928
32876
32847
32807
32833
32855
32871
32870
32865
32879
32908
32913
32881
32837
32795
32763
32783
32807
32821
32811
32743
32652
32568
32564
32607
32654
32699
32707
32687
32637
32576
32551
32535
32555
32549
32505
32472
32428
32435
32497
32577
32643
32669
32665
32631
32635
32643
32643
32643
32583
32550
32526
32535
32618
32715
32810
32876
32895
32872
32864
32810
32840
32786
32723
32673
32664
32691
32803
32901
32963
33039
33024
32979
32923
32874
32845
32762
32691
32683
32660
32707
32775
32865
32952
33026
33031
33014
32935
32837
32751
32661
32615
32615
32589
32654
32719
32791
32892
32935
32957
32931
32846
32753
32668
32631
32570
32539
32500
32523
32556
32655
32760
32829
32846
32782
32673
32582
32545
32543
32538
32549
32539
32565
32623
32698
32753
32796
32792
32751
32674
32619
32601
32589
32597
32611
32631
32653
32697
32748
32839
32859
32862
32827
32793
32761
32727
32727
32717
32697
32685
32676
32645
32665
32712
32779
32837
32861
32855
32851
32819
32759
32717
32768
32793
32798
32759
32729
32719
32745
32798
32855
32879
32868
32855
32825
32844
32847
32841
32825
32758
32681
32702
32755
32805
32882
32883
32887
32859
32835
32822
32778
32765
32703
32614
32575
32557
32541
32584
32665
32718
32786
32807
32750
32715
32690
32664
32619
32545
32523
32505
32503
32542
32613
32670
32724
32717
32686
32682
32625
32610
32573
32575
32587
32599
32565
32575
32623
32720
32833
32910
32879
32839
32760
32700
32664
32647
32623
32552
32521
32600
32709
32883
33000
33065
33040
33010
32928
32849
32835
32831
32813
32823
32819
32761
32805
32887
32983
33017
33053
32987
32948
32898
32871
32837
32811
32797
32769
32792
32777
32793
32829
32871
32897
32907
32801
32707
32600
32574
32562
32543
32488
32441
32423
32505
32609
32709
32766
32689
32623
32581
32494
32534
32533
32526
32591
32535
32447
32484
32416
32581
32661
32660
32712
32626
32553
32655
32647
32593
32643
32631
32725
32907
32885
32877
32819
32746
32783
32717
32717
32752
32743
32875
32886
32878
32821
32785
32829
32893
33033
33105
33117
33050
32977
32932
32923
32887
32887
32914
32945
33046
32971
32872
32831
32777
32875
32926
32920
32859
32831
32743
32765
32737
32638
32664
32711
32746
32802
32660
32582
32549
32496
32602
32601
32615
32615
32557
32410
32371
32313
32429
32516
32565
32558
32548
32513
32586
32536
32632
32623
32601
32630
32577
32583
32584
32648
32671
32703
32659
32683
32696
32714
32718
32639
32650
32717
32809
32807
32839
32849
32911
33031
33081
33023
33017
32993
33016
32956
32871
32703
32603
32648
32661
32840
32981
33100
33191
33156
33121
33047
32928
32927
32839
32819
32797
32711
32629
32631
32679
32804
32967
33031
32986
32861
32741
32592
32568
32473
32411
32374
32424
32532
32623
32755
32770
32772
32810
32678
32543
32449
32323
32345
32381
32377
32415
32338
32447
32605
32751
32860
32823
32672
32627
32680
32631
32608
32469
32399
32471
32595
32651
32730
32786
32935
33065
33066
32933
32777
32623
32671
32684
32750
32759
32830
32855
32990
33028
33043
33057
33026
33025
33015
32895
32845
32831
32842
32897
32783
32785
32776
32919
33045
33190
33140
33046
32961
32975
32991
32986
32791
32679
32539
32573
32574
32525
32583
32627
32732
32873
32874
32803
32719
32675
32707
32667
32545
32440
32278
32325
32357
32335
32421
32511
32631
32697
32671
32535
32477
32418
32351
32397
32315
32315
32392
32505
32771
32866
32893
32844
32762
32733
32765
32723
32613
32519
32383
32390
32497
32649
32794
32989
33082
33180
33221
33169
33035
32933
32819
32763
32725
32765
32763
32859
32973
33151
33217
33291
33159
33023
32967
32865
32812
32779
32705
32754
32813
32908
33029
33035
33069
33133
33109
33021
32852
32654
32520
32502
32497
32419
32486
32506
32551
32683
32751
32753
32735
32619
32567
32515
32471
32361
32317
32326
32375
32507
32533
32556
32547
32503
32455
32439
32438
32443
32428
32441
32463
32494
32575
32665
32781
32848
32839
32823
32771
32780
32762
32751
32715
32703
32670
32669
32735
32778
32820
32901
32973
33129
33167
33101
33066
33015
33046
33056
33025
32953
32919
32897
32905
32900
32895
32905
32941
33053
33067
32999
32979
32920
32923
32936
32839
32746
32685
32653
32729
32787
32849
32911
32872
32809
32707
32549
32471
32445
32430
32465
32411
32359
32356
32427
32447
32547
32657
32716
32744
32641
32549
32453
32361
32331
32289
32315
32377
32399
32490
32649
32749
32788
32737
32671
32585
32537
32574
32570
32613
32720
32759
32799
32910
32951
32999
33064
33051
32955
32877
32781
32738
32680
32716
32742
32792
32893
32977
33113
33255
33268
33235
33141
33093
32983
32878
32730
32711
32721
32799
32856
32830
32871
32919
32925
32932
32962
32943
32878
32774
32623
32583
32557
32590
32600
32652
32708
32707
32690
32663
32629
32562
32537
32435
32443
32434
32395
32349
32347
32390
32495
32600
32667
32685
32639
32631
32537
32499
32499
32493
32518
32526
32519
32495
32541
32615
32659
32792
32851
32860
32810
32815
32785
32787
32753
32727
32737
32809
32860
32893
32910
32946
32972
32959
32951
32917
32891
32875
32885
32895
32912
32857
32857
32881
32983
33065
33093
33073
32993
32882
32859
32829
32810
32843
32849
32815
32766
32719
32709
32723
32788
32825
32861
32838
32790
32698
32638
32619
32600
32603
32637
32643
32631
32579
32496
32471
32487
32520
32525
32536
32563
32583
32509
32515
32467
32509
32570
32606
32643
32654
32618
32567
32572
32566
32601
32642
32630
32616
32611
32625
32647
32664
32681
32705
32742
32840
32951
32952
32931
32864
32813
32789
32819
32784
32790
32836
32854
32907
32941
32926
32902
32945
32965
32987
32977
32902
32840
32827
32819
32877
32940
32970
32973
32959
32927
32947
32889
32855
32803
32750
32734
32700
32686
32697
32698
32756
32813
32881
32870
32783
32703
32666
32599
32573
32545
32491
32474
32471
32499
32547
32639
32655
32639
32612
32596
32587
32543
32465
32450
32466
32522
32564
32587
32625
32671
32687
32715
32648
32609
32565
32533
32573
32605
32667
32657
32686
32755
32807
32872
32906
32880
32907
32919
32863
32823
32761
32755
32809
32837
32900
32913
32931
32924
32911
32903
32914
32955
32983
32995
32995
32995
33005
33005
32992
33017
32995
32918
32858
32810
32847
32871
32833
32795
32791
32838
32845
32812
32785
32783
32778
32781
32744
32667
32589
32523
32543
32595
32679
32709
32660
32613
32493
32429
32389
32351
32368
32349
32415
32450
32522
32587
32603
32610
32619
32599
32591
32539
32510
32472
32459
32478
32455
32497
32581
32668
32773
32799
32813
32776
32749
32741
32703
32742
32733
32807
32846
32909
32965
33020
33003
33009
33035
33018
33031
32952
32836
32783
32807
32880
32947
33021
33065
33141
33115
33103
33096
33028
33009
32958
32876
32842
32821
32772
32775
32783
32834
32843
32817
32789
32735
32685
32653
32583
32559
32574
32597
32625
32609
32565
32533
32519
32537
32527
32498
32437
32398
32423
32407
32415
32407
32420
32474
32514
32563
32552
32516
32535
32533
32587
32618
32607
32640
32625
32656
32695
32706
32707
32671
32657
32677
32735
32837
32873
32895
32939
32905
32954
32971
32961
33025
33013
33018
32968
32917
32891
32915
32989
33023
33047
33015
33001
32986
32989
32997
32946
32924
32881
32855
32876
32907
32926
32952
32961
32941
32921
32841
32743
32662
32599
32575
32567
32524
32538
32553
32611
32681
32681
32631
32596
32565
32537
32519
32479
32432
32377
32374
32409
32467
32522
32523
32511
32557
32552
32559
32535
32496
32480
32469
32487
32527
32615
32700
32762
32808
32845
32851
32807
32788
32759
32722
32721
32669
32690
32732
32808
32877
32937
32970
33012
33043
33026
33024
32959
32969
32902
32912
32886
32874
32892
32899
32959
33007
33051
33013
32990
32933
32893
32856
32838
32830
32788
32777
32759
32793
32826
32867
32874
32816
32789
32752
32728
32671
32589
32568
32519
32511
32511
32519
32540
32548
32572
32625
32666
32680
32643
32538
32468
32442
32444
32471
32497
32507
32532
32553
32568
32585
32603
32630
32647
32659
32625
32629
32622
32655
32672
32705
32715
32711
32737
32772
32857
32878
32869
32852
32813
32795
32774
32766
32762
32794
32853
32904
32934
32957
32957
32950
32959
32983
33005
32952
32895
32851
32839
32829
32827
32833
32834
32849
32872
32872
32899
32915
32932
32911
32859
32800
32763
32707
32691
32722
32730
32751
32724
32693
32682
32686
32683
32690
32654
32615
32588
32516
32506
32483
32522
32567
32618
32627
32632
32613
32624
32615
32602
32575
32533
32462
32475
32471
32505
32537
32559
32605
32672
32729
32751
32753
32735
32714
32681
32643
32609
32613
32645
32713
32778
32831
32854
32853
32841
32856
32863
32869
32823
32807
32785
32810
32823
32818
32865
32925
33003
33079
33095
33076
32975
32881
32815
32782
32787
32782
32791
32823
32853
32922
32944
32970
32965
32958
32917
32863
32777
32715
32663
32653
32663
32690
32700
32699
32695
32673
32697
32679
32665
32605
32558
32511
32482
32467
32491
32541
32577
32621
32623
32629
32627
32588
32573
32517
32485
32451
32429
32459
32492
32535
32577
32654
32665
32680
32689
32681
32703
32707
32725
32740
32715
32682
32669
32707
32751
32829
32854
32882
32877
32865
32862
32886
32880
32914
32939
32927
32927
32937
32929
32973
32995
33023
33018
32995
32955
32949
32959
32971
32947
32915
32855
32841
32826
32831
32825
32836
32844
32847
32839
32848
32839
32817
32805
32765
32675
32616
32547
32531
32522
32526
32548
32544
32554
32561
32550
32569
32562
32531
32473
32451
32451
32449
32479
32486
32501
32519
32541
32602
32615
32631
32607
32552
32528
32522
32523
32530
32566
32587
32677
32737
32835
32892
32927
32926
32888
32828
32804
32773
32783
32799
32813
32866
32890
32920
32969
33022
33069
33104
33068
33029
32980
32917
32897
32893
32927
32954
32971
32999
32980
32979
32985
32953
32950
32921
32829
32755
32687
32656
32709
32761
32775
32791
32775
32739
32705
32684
32663
32631
32567
32518
32453
32423
32431
32460
32468
32504
32527
32527
32518
32499
32487
32489
32493
32475
32470
32478
32486
32537
32555
32595
32644
32653
32649
32631
32631
32631
32650
32643
32673
32711
32725
32743
32779
32829
32884
32934
32923
32934
32903
32904
32922
32950
32959
32951
32927
32913
32922
32937
32926
32937
32942
32976
32983
33007
33004
32983
32965
32925
32913
32929
32934
32910
32869
32815
32787
32774
32770
32781
32765
32743
32722
32678
32657
32663
32653
32619
32581
32545
32546
32579
32599
32599
32583
32556
32542
32487
32487
32485
32469
32465
32474
32464
32495
32513
32540
32587
32623
32657
32648
32637
32609
32573
32590
32607
32625
32661
32679
32695
32735
32770
32833
32857
32853
32839
32809
32799
32786
32797
32847
32879
32916
32917
32927
32956
32955
32967
32963
32957
32938
32909
32889
32867
32861
32871
32887
32918
32953
32952
32936
32925
32901
32895
32889
32843
32786
32750
32720
32741
32746
32758
32749
32743
32717
32674
32677
32655
32657
32648
32622
32585
32551
32563
32586
32577
32601
32611
32598
32570
32551
32551
32527
32505
32509
32507
32535
32556
32559
32588
32605
32624
32650
32661
32677
32668
32652
32642
32639
32639
32667
32667
32725
32717
32727
32725
32733
32786
32828
32832
32806
32805
32831
32855
32887
32905
32901
32879
32879
32928
32890
32885
32847
32839
32884
32930
32935
32923
32874
32894
32919
32916
32920
32903
32870
32849
32838
32850
32855
32856
32823
32807
32813
32801
32781
32746
32700
32695
32671
32645
32623
32620
32645
32667
32663
32656
32641
32636
32623
32598
32569
32517
32495
32525
32521
32553
32516
32521
32546
32541
32589
32610
32589
32574
32544
32547
32575
32607
32620
32608
32639
32673
32707
32740
32716
32724
32727
32711
32687
32672
32705
32741
32794
32851
32852
32868
32896
32916
32971
32981
32969
32921
32870
32882
32897
32917
32938
32944
32936
32928
32969
32974
32989
32989
32975
32949
32919
32869
32881
32898
32875
32883
32854
32822
32827
32808
32798
32743
32713
32628
32613
32607
32599
32615
32599
32590
32607
32594
32586
32568
32525
32511
32489
32490
32503
32469
32468
32447
32438
32453
32467
32463
32467
32525
32552
32575
32565
32520
32487
32549
32615
32664
32675
32684
32665
32666
32682
32719
32735
32733
32760
32776
32831
32823
32845
32854
32896
32922
32938
32939
32918
32941
32960
32995
33033
33043
33019
33013
33019
32997
33015
32989
32969
32920
32907
32898
32895
32907
32929
32961
32957
32929
32903
32837
32827
32784
32751
32711
32651
32625
32616
32610
32646
32645
32638
32646
32566
32535
32479
32453
32476
32469
32465
32455
32462
32486
32505
32519
32541
32513
32530
32485
32461
32436
32411
32439
32487
32513
32560
32589
32619
32674
32710
32757
32769
32766
32705
32677
32695
32733
32799
32817
32825
32843
32885
32952
32973
33001
32977
32949
32905
32919
32923
32957
32954
32980
33008
33020
33063
33033
33025
33007
32987
32975
32932
32892
32863
32831
32843
32841
32843
32852
32834
32830
32811
32817
32788
32739
32692
32641
32625
32609
32605
32583
32573
32562
32547
32535
32529
32535
32517
32503
32471
32472
32467
32468
32498
32499
32516
32517
32511
32535
32549
32547
32551
32547
32541
32561
32563
32585
32612
32639
32662
32667
32685
32697
32727
32766
32793
32838
32855
32845
32848
32847
32853
32875
32910
32920
32887
32872
32855
32875
32951
33006
33017
33001
32956
32920
32924
32934
32947
32951
32908
32867
32871
32909
32907
32926
32927
32884
32853
32825
32785
32764
32746
32738
32717
32668
32665
32657
32667
32671
32681
32665
32654
32643
32567
32555
32504
32488
32508
32515
32525
32539
32551
32557
32591
32602
32612
32567
32549
32505
32520
32520
32546
32571
32562
32616
32619
32666
32695
32691
32673
32690
32683
32695
32711
32691
32683
32665
32735
32787
32873
32915
32886
32860
32859
32833
32860
32855
32841
32840
32815
32823
32865
32899
32922
32936
32961
32955
32941
32929
32890
32917
32885
32849
32839
32815
32823
32833
32837
32873
32856
32873
32829
32787
32780
32729
32705
32710
32686
32681
32687
32709
32705
32695
32698
32673
32660
32669
32635
32572
32567
32544
32540
32553
32581
32573
32571
32576
32613
32622
32634
32631
32620
32613
32598
32567
32569
32575
32597
32645
32663
32652
32632
32639
32682
32717
32734
32731
32697
32670
32697
32717
32752
32770
32799
32803
32777
32804
32815
32856
32869
32855
32863
32848
32837
32852
32859
32880
32884
32863
32861
32881
32880
32904
32908
32921
32919
32902
32872
32841
32822
32826
32829
32848
32835
32806
32759
32757
32785
32810
32798
32749
32737
32695
32687
32689
32655
32615
32603
32621
32645
32624
32631
32617
32603
32593
32561
32557
32543
32514
32503
32512
32523
32563
32591
32588
32603
32634
32637
32613
32591
32595
32573
32585
32592
32585
32603
32619
32626
32691
32741
32772
32789
32779
32773
32756
32743
32772
32785
32809
32797
32797
32855
32888
32950
32943
32939
32927
32895
32879
32884
32912
32931
32925
32911
32939
32959
32963
32963
32961
32983
32947
32921
32885
32841
32816
32790
32789
32786
32773
32777
32778
32763
32735
32734
32724
32693
32647
32595
32575
32557
32564
32584
32607
32589
32567
32530
32497
32529
32539
32512
32504
32474
32467
32455
32487
32513
32555
32569
32546
32582
32580
32615
32615
32613
32583
32619
32647
32656
32645
32651
32674
32717
32764
32784
32815
32818
32786
32827
32849
32891
32903
32921
32917
32919
32937
32951
32963
32978
32973
32951
32952
32937
32957
32973
32989
32983
32975
32948
32920
32931
32929
32925
32917
32878
32849
32809
32821
32799
32797
32765
32736
32718
32690
32659
32615
32593
32591
32577
32587
32603
32597
32593
32572
32551
32523
32495
32487
32475
32482
32472
32481
32478
32471
32500
32539
32559
32571
32543
32545
32549
32561
32564
32601
32617
32655
32663
32663
32693
32729
32765
32791
32807
32797
32785
32769
32770
32815
32854
32902
32888
32905
32925
32972
32994
33008
32991
32974
32953
32920
32911
32952
32955
32971
32951
32935
32951
32935
32928
32933
32935
32905
32882
32834
32815
32798
32809
32814
32781
32765
32735
32721
32701
32665
32665
32619
32593
32571
32554
32533
32545
32551
32547
32561
32563
32542
32535
32537
32551
32541
32537
32497
32503
32511
32533
32562
32586
32595
32591
32583
32575
32596
32633
32649
32666
32687
32687
32692
32721
32759
32769
32789
32777
32809
32807
32816
32809
32819
32847
32843
32865
32901
32928
32929
32916
32911
32906
32929
32936
32919
32935
32913
32909
32911
32925
32926
32911
32893
32871
32865
32855
32827
32838
32826
32807
32793
32783
32789
32784
32771
32740
32727
32714
32695
32677
32653
32630
32631
32607
32604
32618
32606
32611
32596
32583
32581
32574
32583
32579
32563
32540
32530
32547
32595
32630
32639
32633
32627
32589
32593
32582
32614
32631
32634
32646
32639
32642
32685
32741
32755
32756
32761
32751
32748
32759
32747
32773
32772
32789
32813
32813
32821
32815
32841
32888
32896
32881
32869
32844
32845
32865
32865
32889
32889
32893
32897
32870
32884
32875
32880
32857
32851
32823
32823
32817
32820
32804
32816
32809
32807
32791
32790
32785
32765
32739
32711
32708
32687
32658
32643
32660
32649
32661
32661
32639
32627
32605
32607
32601
32593
32609
32604
32626
32618
32603
32602
32605
32601
32599
32599
32615
32617
32606
32615
32611
32616
32636
32648
32647
32657
32669
32686
32695
32693
32707
32729
32716
32741
32736
32761
32776
32795
32787
32819
32814
32812
32781
32783
32819
32852
32871
32889
32900
32889
32903
32914
32905
32916
32916
32895
32869
32868
32855
32872
32881
32887
32903
32889
32863
32839
32848
32853
32817
32793
32756
32736
32743
32733
32746
32729
32731
32732
32693
32678
32646
32603
32597
32599
32583
32576
32552
32543
32567
32582
32589
32593
32596
32585
32566
32552
32539
32538
32549
32542
32557
32565
32568
32593
32628
32649
32625
32647
32663
32655
32653
32649
32676
32683
32689
32746
32766
32797
32808
32835
32839
32853
32859
32854
32840
32843
32861
32891
32895
32922
32951
32941
32958
32971
32965
32957
32952
32940
32956
32913
32895
32899
32895
32903
32891
32877
32871
32853
32841
32816
32802
32769
32742
32722
32701
32688
32695
32693
32663
32664
32648
32624
32603
32571
32567
32554
32527
32524
32517
32532
32538
32533
32512
32518
32521
32531
32535
32527
32525
32537
32542
32569
32563
32602
32583
32596
32608
32601
32631
32659
32679
32695
32703
32725
32751
32778
32810
32813
32838
32837
32832
32835
32845
32874
32887
32903
32929
32935
32941
32940
32947
32958
32963
32965
32945
32935
32948
32923
32935
32939
32941
32957
32938
32909
32880
32859
32866
32821
32821
32791
32747
32727
32697
32710
32737
32718
32692
32680
32634
32615
32599
32575
32565
32553
32567
32546
32536
32508
32525
32545
32561
32570
32543
32524
32501
32479
32479
32508
32527
32557
32567
32587
32606
32615
32630
32657
32669
32664
32663
32660
32673
32693
32709
32743
32764
32786
32826
32846
32873
32895
32895
32883
32874
32876
32875
32896
32906
32903
32933
32943
32967
32949
32955
32943
32917
32921
32908
32905
32911
32898
32859
32860
32881
32885
32870
32865
32839
32815
32789
32763
32724
32707
32697
32687
32669
32657
32652
32641
32639
32643
32641
32639
32599
32575
32561
32562
32558
32548
32549
32542
32558
32549
32540
32555
32578
32573
32575
32590
32572
32585
32599
32609
32634
32659
32661
32663
32671
32683
32711
32720
32739
32759
32739
32742
32759
32779
32793
32806
32821
32830
32831
32820
32855
32859
32877
32897
32913
32903
32889
32884
32871
32903
32905
32903
32879
32876
32874
32855
32871
32876
32871
32896
32879
32857
32826
32804
32784
32783
32786
32775
32766
32740
32743
32742
32727
32721
32701
32703
32661
32639
32621
32614
32623
32619
32626
32623
32619
32611
32634
32648
32632
32617
32604
32573
32582
32582
32571
32583
32583
32599
32641
32647
32655
32665
32641
32662
32664
32663
32657
32667
32667
32689
32713
32719
32739
32743
32756
32765
32778
32763
32745
32749
32769
32795
32808
32809
32828
32845
32854
32877
32907
32885
32878
32855
32865
32853
32849
32849
32847
32869
32873
32863
32865
32865
32882
32879
32874
32824
32813
32801
32780
32787
32814
32797
32774
32775
32750
32736
32748
32737
32713
32671
32663
32664
32645
32655
32633
32641
32639
32649
32641
32629
32615
32607
32607
32607
32593
32589
32563
32577
32583
32589
32600
32611
32614
32627
32606
32622
32625
32637
32634
32661
32691
32681
32675
32695
32703
32698
32711
32721
32735
32731
32763
32773
32803
32807
32807
32817
32831
32843
32849
32867
32897
32894
32902
32871
32866
32871
32913
32926
32918
32907
32897
32897
32889
32893
32892
32867
32840
32848
32860
32880
32862
32841
32824
32805
32799
32799
32769
32743
32707
32684
32692
32695
32665
32659
32659
32643
32620
32615
32604
32601
32581
32559
32555
32554
32555
32554
32570
32573
32578
32580
32585
32573
32554
32547
32557
32561
32575
32583
32604
32614
32632
32647
32673
32693
32706
32724
32673
32687
32719
32747
32773
32764
32753
32783
32812
32866
32886
32882
32889
32867
32879
32907
32900
32900
32902
32914
32931
32941
32939
32939
32948
32961
32935
32923
32903
32891
32872
32867
32862
32840
32844
32850
32839
32819
32792
32769
32757
32753
32733
32681
32647
32613
32642
32660
32638
32623
32607
32592
32578
32579
32557
32527
32536
32547
32546
32548
32542
32541
32536
32543
32557
32565
32562
32551
32551
32555
32565
32579
32600
32615
32629
32649
32639
32687
32688
32708
32724
32727
32745
32770
32803
32811
32823
32823
32857
32869
32885
32883
32893
32905
32899
32908
32903
32903
32921
32951
32967
32944
32943
32936
32946
32929
32927
32907
32906
32857
32879
32863
32852
32839
32831
32817
32807
32779
32775
32762
32728
32711
32675
32654
32662
32652
32643
32657
32619
32590
32601
32585
32561
32563
32535
32513
32551
32538
32519
32523
32517
32539
32579
32598
32583
32568
32547
32582
32591
32589
32597
32607
32623
32633
32663
32679
32679
32716
32738
32736
32712
32742
32752
32783
32811
32823
32825
32829
32848
32874
32895
32897
32885
32887
32881
32885
32884
32895
32903
32922
32931
32931
32902
32903
32908
32925
32911
32884
32853
32853
32829
32849
32835
32824
32809
32792
32783
32781
32767
32724
32695
32693
32695
32689
32663
32625
32642
32639
32647
32637
32603
32609
32599
32602
32595
32563
32567
32575
32567
32583
32575
32591
32588
32592
32615
32617
32604
32619
32615
32633
32644
32651
32645
32661
32694
32711
32703
32705
32676
32711
32743
32778
32781
32740
32740
32758
32800
32850
32857
32841
32815
32836
32835
32883
32873
32853
32839
32869
32886
32883
32851
32851
32871
32903
32883
32889
32856
32845
32836
32865
32875
32844
32827
32825
32806
32827
32816
32765
32737
32735
32740
32721
32703
32691
32679
32694
32697
32701
32703
32647
32615
32631
32654
32656
32627
32579
32581
32589
32603
32617
32622
32590
32597
32597
32604
32603
32586
32561
32586
32599
32626
32629
32641
32611
32641
32669
32696
32695
32693
32666
32667
32695
32703
32713
32727
32719
32752
32755
32773
32810
32827
32834
32822
32839
32844
32839
32841
32855
32855
32878
32879
32901
32891
32916
32884
32877
32898
32872
32866
32889
32885
32895
32881
32865
32857
32855
32861
32851
32842
32821
32799
32807
32789
32753
32759
32728
32737
32735
32716
32679
32679
32670
32669
32661
32651
32616
32615
32607
32586
32609
32609
32583
32575
32552
32557
32593
32582
32598
32578
32551
32587
32599
32599
32633
32620
32616
32613
32624
32642
32639
32639
32657
32655
32668
32679
32702
32723
32738
32745
32745
32781
32804
32810
32803
32801
32822
32869
32886
32897
32886
32873
32881
32903
32943
32931
32905
32875
32861
32911
32927
32935
32912
32867
32869
32893
32919
32901
32860
32837
32809
32837
32830
32819
32795
32767
32761
32754
32754
32729
32695
32667
32663
32658
32631
32626
32639
32605
32603
32592
32583
32583
32578
32615
32592
32558
32533
32511
32531
32556
32555
32550
32559
32553
32574
32589
32599
32593
32587
32609
32643
32659
32637
32638
32639
32641
32711
32761
32771
32756
32735
32741
32773
32845
32847
32839
32816
32799
32826
32874
32918
32933
32925
32917
32911
32921
32919
32935
32926
32913
32889
32893
32876
32899
32924
32923
32916
32887
32863
32844
32833
32839
32821
32823
32794
32777
32759
32725
32721
32737
32715
32713
32685
32669
32640
32612
32607
32630
32602
32610
32567
32551
32568
32571
32590
32569
32551
32535
32556
32558
32561
32558
32565
32559
32547
32581
32605
32597
32610
32607
32603
32627
32677
32697
32681
32692
32697
32727
32754
32764
32757
32760
32783
32807
32839
32837
32823
32837
32841
32873
32919
32925
32908
32902
32899
32897
32927
32913
32909
32917
32903
32925
32923
32921
32920
32891
32853
32853
32867
32876
32878
32837
32807
32793
32791
32782
32785
32787
32765
32731
32705
32672
32668
32657
32621
32609
32623
32615
32621
32595
32577
32580
32593
32599
32601
32559
32541
32539
32533
32569
32573
32585
32583
32583
32575
32608
32617
32607
32615
32597
32608
32627
32637
32651
32663
32679
32703
32725
32751
32773
32763
32754
32770
32785
32794
32799
32808
32828
32860
32875
32867
32878
32875
32911
32899
32897
32878
32870
32887
32909
32921
32913
32884
32875
32898
32915
32929
32888
32850
32836
32817
32816
32807
32781
32788
32791
32802
32797
32776
32749
32709
32703
32707
32703
32683
32647
32620
32623
32631
32635
32635
32619
32587
32575
32579
32592
32603
32591
32584
32560
32553
32593
32599
32609
32619
32586
32597
32599
32593
32618
32641
32638
32653
32666
32666
32669
32689
32707
32727
32730
32727
32733
32752
32769
32799
32814
32813
32817
32827
32836
32838
32853
32870
32891
32879
32879
32863
32853
32879
32887
32919
32906
32908
32891
32887
32888
32882
32868
32859
32860
32839
32816
32820
32847
32851
32844
32815
32782
32759
32741
32743
32728
32729
32701
32671
32675
32661
32690
32684
32679
32646
32601
32605
32588
32591
32601
32591
32586
32583
32567
32589
32597
32606
32601
32591
32561
32592
32597
32612
32628
32613
32629
32606
32631
32649
32667
32679
32687
32687
32703
32695
32717
32727
32735
32752
32749
32761
32784
32822
32837
32846
32864
32855
32843
32819
32837
32851
32854
32880
32894
32898
32910
32887
32897
32904
32907
32908
32877
32875
32861
32873
32875
32867
32847
32831
32836
32827
32822
32815
32801
32798
32759
32727
32727
32715
32703
32719
32699
32663
32655
32642
32648
32637
32607
32613
32613
32601
32579
32577
32570
32579
32583
32591
32584
32585
32584
32583
32575
32580
32589
32596
32598
32615
32611
32623
32637
32647
32653
32652
32669
32683
32699
32727
32714
32733
32733
32749
32766
32795
32829
32837
32831
32832
32839
32879
32875
32887
32881
32889
32907
32906
32907
32908
32901
32903
32898
32895
32905
32913
32896
32887
32887
32875
32859
32865
32863
32842
32842
32821
32803
32775
32749
32741
32735
32715
32711
32693
32685
32684
32658
32651
32633
32615
32619
32595
32601
32585
32587
32582
32564
32589
32577
32587
32573
32567
32553
32559
32567
32567
32581
32581
32587
32598
32603
32629
32635
32654
32651
32645
32645
32666
32691
32713
32727
32726
32749
32759
32764
32785
32812
32830
32831
32853
32866
32879
32876
32871
32875
32873
32903
32895
32914
32912
32919
32921
32915
32897
32916
32901
32903
32885
32898
32884
32887
32870
32867
32842
32822
32791
32807
32801
32797
32773
32746
32705
32708
32701
32701
32685
32655
32656
32640
32643
32606
32599
32590
32585
32577
32575
32571
32566
32567
32560
32575
32572
32561
32545
32555
32570
32575
32587
32589
32600
32599
32607
32637
32662
32669
32676
32669
32679
32684
32693
32719
32733
32743
32743
32772
32791
32823
32831
32845
32853
32855
32827
32847
32837
32875
32893
32905
32927
32909
32900
32893
32903
32904
32891
32897
32876
32879
32875
32883
32871
32859
32833
32847
32830
32823
32818
32809
32787
32753
32742
32727
32707
32723
32710
32695
32703
32673
32641
32627
32615
32616
32611
32604
32593
32573
32567
32611
32605
32609
32591
32580
32582
32581
32580
32563
32574
32569
32583
32617
32622
32637
32643
32643
32659
32671
32662
32639
32655
32658
32703
32730
32737
32757
32744
32747
32770
32808
32823
32819
32807
32813
32817
32836
32857
32887
32895
32887
32857
32854
32866
32883
32888
32899
32880
32871
32857
32857
32871
32853
32857
32852
32848
32845
32836
32833
32817
32807
32795
32785
32774
32756
32728
32729
32715
32738
32711
32693
32671
32662
32665
32654
32631
32615
32595
32611
32613
32611
32631
32626
32610
32591
32575
32555
32575
32587
32592
32603
32603
32584
32586
32602
32637
32629
32626
32627
32636
32647
32663
32687
32691
32695
32681
32703
32730
32748
32759
32746
32760
32774
32788
32807
32803
32829
32819
32823
32841
32846
32853
32853
32871
32871
32899
32885
32873
32853
32863
32869
32885
32889
32877
32877
32855
32860
32857
32855
32831
32809
32813
32798
32781
32775
32766
32765
32785
32777
32724
32687
32664
32687
32679
32675
32656
32631
32631
32651
32647
32641
32638
32611
32605
32597
32583
32587
32582
32572
32583
32593
32607
32597
32599
32605
32621
32611
32625
32634
32616
32625
32643
32661
32665
32687
32685
32698
32695
32710
32725
32716
32741
32770
32763
32771
32781
32791
32799
32823
32836
32847
32855
32871
32877
32885
32873
32857
32868
32862
32889
32877
32889
32887
32878
32885
32882
32871
32868
32859
32842
32845
32843
32843
32804
32797
32786
32783
32785
32775
32751
32713
32703
32703
32684
32689
32661
32663
32639
32633
32629
32624
32605
32599
32612
32629
32597
32597
32573
32577
32577
32586
32603
32611
32599
32583
32585
32592
32600
32596
32603
32610
32629
32631
32646
32656
32666
32688
32693
32703
32711
32707
32727
32742
32753
32750
32775
32803
32834
32833
32842
32855
32866
32850
32855
32880
32875
32871
32887
32899
32901
32900
32891
32896
32885
32903
32911
32891
32884
32861
32847
32853
32839
32829
32823
32813
32810
32802
32798
32761
32751
32731
32727
32698
32692
32681
32671
32659
32651
32627
32609
32610
32619
32629
32634
32583
32560
32557
32572
32567
32604
32584
32591
32576
32590
32567
32583
32585
32590
32581
32595
32609
32615
32623
32620
32653
32665
32687
32697
32715
32694
32695
32718
32747
32761
32755
32768
32783
32812
32844
32859
32868
32840
32843
32848
32875
32879
32885
32899
32859
32879
32887
32907
32917
32909
32903
32887
32865
32859
32869
32851
32847
32838
32819
32813
32804
32810
32791
32790
32766
32747
32733
32723
32714
32681
32671
32658
32654
32666
32629
32614
32623
32613
32615
32599
32593
32567
32571
32585
32573
32580
32566
32580
32567
32582
32587
32585
32599
32613
32627
32610
32618
32610
32631
32638
32657
32658
32645
32678
32707
32728
32734
32729
32730
32737
32759
32783
32793
32799
32806
32823
32842
32855
32869
32841
32862
32850
32881
32891
32884
32892
32867
32887
32898
32893
32881
32878
32852
32848
32867
32879
32855
32826
32810
32802
32809
32808
32806
32781
32743
32732
32733
32735
32715
32713
32703
32688
32669
32665
32647
32635
32633
32638
32619
32609
32607
32606
32623
32603
32599
32585
32567
32563
32599
32599
32609
32592
32601
32620
32631
32621
32588
32615
32637
32683
32682
32658
32651
32693
32683
32667
32677
32707
32717
32750
32749
32781
32797
32825
32804
32808
32823
32827
32815
32808
32797
32829
32871
32867
32863
32873
32880
32880
32879
32844
32837
32847
32875
32871
32839
32839
32819
32805
32842
32863
32863
32815
32775
32759
32763
32805
32786
32709
32653
32677
32756
32762
32713
32664
32661
32664
32677
32644
32611
32569
32610
32653
32673
32649
32614
32529
32476
32551
32633
32683
32659
32615
32550
32565
32619
32627
32634
32661
32644
32603
32575
32597
32662
32727
32761
32733
32682
32651
32647
32664
32717
32769
32855
32803
32697
32690
32794
32835
32843
32816
32827
32890
32917
32836
32748
32779
32876
32891
32847
32837
32822
32829
32851
32935
32977
32919
32828
32734
32711
32792
32905
32878
32805
32788
32796
32773
32796
32827
32839
32791
32728
32645
32605
32623
32690
32713
32718
32632
32647
32665
32685
32745
32709
32589
32507
32455
32458
32567
32665
32705
32663
32618
32578
32584
32680
32632
32531
32414
32445
32598
32701
32762
32745
32791
32775
32658
32579
32500
32489
32645
32799
32893
32836
32717
32654
32699
32844
32878
32758
32807
32819
32838
32900
32887
32801
32682
32763
32919
32987
33095
33065
32877
32750
32723
32780
32689
32782
32893
32885
32853
32809
32893
32998
33037
32999
32823
32695
32605
32513
32679
32934
32989
32890
32766
32627
32503
32411
32443
32716
32881
32852
32715
32590
32421
32279
32407
32603
32848
32901
32709
32577
32661
32871
32830
32793
32609
32559
32407
32083
32309
32341
32269
32392
32131
32410
32921
33167
33131
32806
32695
32828
32791
33077
32836
32727
32785
32503
32225
32498
32685
32772
32597
32166
32279
32583
32904
33171
33496
33639
33375
32681
31843
32043
32484
32983
33350
33371
33168
33137
32932
32491
32353
32698
32749
32981
33141
32411
31880
32051
32097
32763
33644
33495
33351
33415
33453
33233
32763
32422
32282
32583
33110
33234
33135
32921
32467
32181
32241
32392
32663
33232
33229
32959
32664
32309
32006
31767
32249
32842
33585
34207
34244
33805
33722
33253
32414
31683
31519
31407
31371
31461
31126
31309
32197
33144
33724
34232
34055
33783
33308
32807
32247
31939
32212
31885
31905
32188
31689
31105
30951
31071
32134
33448
34111
34071
33538
32561
31698
31135
31583
32611
33708
35065
35872
35548
34455
33002
31751
31663
32155
32535
32981
33191
32896
32777
32643
32595
33015
33243
33669
33637
33615
33267
32879
32824
32859
32963
33099
33017
32737
32309
31800
31603
31327
31499
31943
32695
33629
34127
34134
33709
33441
33687
33948
34215
34250
34129
34177
33579
32813
32177
31944
32313
32719
32763
32263
31592
30710
30103
30213
30774
31765
32701
32638
32094
31348
30319
29973
30184
30567
31270
31751
31452
30727
30189
29860
30239
31463
32713
34077
35293
36044
36499
36385
36035
35369
34819
34404
33995
34201
34931
35607
36303
36017
35565
35049
34516
34159
33643
32841
32441
32270
32298
32881
33137
33001
32463
32019
31501
31289
31631
31527
31231
30615
29143
27780
26911
27272
29041
31752
34382
35899
36282
35419
33881
32780
32009
32237
33157
34044
34782
34827
34321
33826
33183
32983
33497
34311
34956
35103
34467
33049
31284
29171
27623
27958
29602
31929
34067
34907
34383
32968
30919
29419
28945
29469
30783
31721
31785
30754
29553
29113
29895
31621
33727
35289
36077
36251
36025
36135
36485
36593
36484
36025
35265
34784
34143
33839
34321
35180
35563
35530
34153
32421
31209
30573
30694
31415
32347
33151
33697
33241
31767
30051
28635
28103
29038
30791
32337
33059
32575
31340
29921
28656
28367
29173
31362
34124
36135
36708
36237
35205
34667
34399
34541
34945
35108
34791
34040
32934
32287
31774
31609
31791
32692
33639
34535
34738
33779
32587
31063
29393
28485
28414
29003
30707
32222
32287
31610
30593
29893
30003
31045
32143
33019
33282
32284
31538
31917
33229
34903
36313
36654
36365
35961
35568
35886
36752
37117
36551
35015
32751
30989
30860
31910
33614
35029
35276
34621
33393
32197
31329
30935
30660
30683
30898
30963
30975
31336
31495
31375
31213
30398
29545
29319
29644
30531
31691
32579
33115
33441
33165
33031
33404
33763
34560
35449
36054
36425
36250
35596
34939
34045
32969
32319
32120
32215
32545
32629
32154
31191
30145
29367
29970
31549
33059
33981
33738
32612
31297
30405
29990
30218
30861
31395
31573
31735
31645
31369
31638
31991
32342
33069
33846
35013
36029
36353
36031
35293
34364
33894
34368
35662
36987
37781
37388
35862
33887
31849
30386
30118
30627
31646
32505
32657
32074
31363
31110
31499
32174
32428
32039
31284
30662
30359
30444
30630
30859
31149
31309
31487
31690
32185
32855
33471
34008
34012
33850
33671
33483
33647
34122
34455
34589
34807
34788
34445
34086
33897
33831
33526
32695
31527
30688
30291
30381
30989
31589
31815
31663
31415
31468
31978
32438
32218
31138
30068
29620
30071
31423
33037
33955
34087
33397
32351
31956
32483
33578
34810
35557
35898
35812
35552
35155
34846
34807
34847
34802
34656
34929
35184
34881
34143
32808
31475
30679
30212
30501
31545
32193
32247
31981
31577
31313
30996
30887
31134
31631
32186
32467
32103
31573
31072
30696
30657
30858
31162
31585
32457
33756
34820
35253
34780
33935
33431
33438
33823
34437
34929
34913
34517
33902
33182
32452
32023
32066
32309
32421
31946
30868
30079
29741
29932
30435
31075
31679
32333
32846
33394
33813
33445
32609
31745
30987
30951
31637
32351
33245
33847
33947
33896
33723
33766
34377
35127
35742
35903
35577
35049
34700
34576
34438
34133
33827
33487
33200
33189
33443
33655
33483
32849
31779
30560
29694
29345
29559
30268
31083
31695
31928
31901
31809
31687
31537
31415
31464
31771
32253
32727
33015
32931
32646
32227
31905
32129
32777
33679
34335
34676
34979
35013
34611
33907
32965
32431
32434
32585
32727
32655
32707
32918
32951
32845
32571
31830
31105
30542
30205
30503
31024
31409
31727
31899
32232
32585
33019
33465
33947
34118
33764
32965
32301
32274
32848
33631
34271
34461
34313
34455
34813
35205
35611
35599
35179
34801
34440
34067
33565
32893
32132
31637
31430
31475
31705
32071
32318
32367
32018
31301
30580
30149
30119
30409
30947
31437
31751
32165
32460
32603
32561
32160
31671
31509
31625
31959
32443
32919
33441
33858
33911
33791
33483
33339
33586
34097
34651
34859
34599
34003
33347
32650
32026
31705
31736
31892
31983
31864
31760
31820
31897
31947
31913
31852
31901
31935
32008
32185
32291
32155
32083
32358
33049
34097
34852
34850
34312
33539
32880
32725
33089
33807
34546
34986
34851
34239
33529
33202
33419
33945
34434
34715
34635
34103
33181
32239
31475
30921
30639
30676
30975
31268
31349
31331
31346
31471
31567
31583
31496
31285
31054
30992
31121
31687
32293
32839
33232
33483
33601
33544
33222
32885
32590
32563
32848
33219
33563
33903
34019
33971
33935
33800
33808
33888
33721
33424
33033
32467
31993
31485
30980
30879
31033
31397
31903
32357
32764
33089
33183
32979
32567
32121
31871
31799
31961
32359
32869
33417
33855
34128
34245
34336
34214
33821
33272
32895
33015
33652
34463
35019
35009
34539
33795
33171
32915
32951
33159
33293
33071
32535
31987
31325
30701
30403
30502
30888
31391
31619
31583
31604
31705
31799
31885
31867
31769
31834
32017
32313
32802
33062
32952
32687
32417
32363
32650
33185
33879
34375
34291
33647
32786
32349
32574
33255
33981
34401
34279
33873
33347
32854
32559
32373
32242
32066
31813
31690
31638
31699
31665
31528
31363
31364
31555
32066
32903
33789
34217
34128
33685
33183
32815
32649
32662
32961
33450
33895
34218
34454
34553
34401
33995
33457
32947
32675
32765
33237
33843
34265
34315
33814
33007
32149
31550
31381
31604
31918
32203
32297
32054
31412
30622
30026
29949
30449
31334
32270
32886
33181
33061
32708
32329
31973
31763
31965
32455
33048
33591
33822
33774
33545
33164
32881
32865
33055
33383
33607
33666
33627
33457
33140
32857
32606
32507
32461
32540
32731
32935
32869
32517
31989
31421
31166
31255
31747
32371
32743
32832
32779
32704
32823
32967
33019
33168
33407
33677
33974
34204
34231
34035
33667
33193
32854
32881
33221
33717
34197
34413
34225
33794
33149
32453
32090
32233
32647
33077
33283
33061
32487
31785
31082
30677
30793
31141
31435
31579
31553
31497
31599
31699
31736
31711
31655
31709
32039
32671
33373
33939
34007
33591
32941
32374
32144
32356
32851
33382
33693
33735
33471
33079
32893
32935
33119
33311
33279
33111
32958
32919
32919
32888
32683
32311
31962
31849
32015
32343
32647
32758
32582
32409
32245
32149
32274
32531
32807
33151
33496
33764
33953
33981
33902
33828
33885
33913
33817
33673
33547
33439
33373
33261
33117
32987
32893
32827
32801
32807
32880
32852
32720
32449
32087
31814
31659
31452
31357
31312
31375
31543
31691
31694
31655
31655
31671
31711
31778
31888
32055
32179
