33983
34009
33982
34001
34011
33990
33991
33972
33975
34017
34003
33990
33979
33962
33949
33953
33951
33997
33983
34001
33975
33967
33995
33997
33982
33991
33981
33989
34001
34035
33996
34011
33981
33999
33999
33983
34004
33996
33999
33990
33974
33975
33995
33998
33988
33983
33983
33975
33939
33939
33972
33972
33960
33971
33943
33923
33927
33959
33957
33924
33943
33955
33969
33975
33976
33975
33981
33964
33957
33949
33955
33946
33965
33969
33958
33997
33974
33983
33991
33991
33977
33968
33997
33984
33989
34010
33999
34007
33999
33979
33973
33939
33926
33929
33918
33915
33911
33891
33891
33898
33903
33878
33839
33835
33813
33806
33797
33804
33835
33863
33845
33873
33873
33859
33869
33859
33858
33866
33869
33888
33891
33863
33871
33884
33889
33879
33879
33891
33884
33863
33844
33849
33869
33862
33860
33887
33887
33883
33891
33919
33895
33892
33898
33896
33899
33919
33917
33927
33927
33933
33929
33943
33947
33911
33919
33925
33914
33924
33961
33936
33935
33953
33949
33943
33958
33934
33922
33934
33955
33939
33930
33943
33934
33934
33933
33930
33935
33943
33945
33912
33923
33948
33964
33963
33950
33963
33947
33978
33971
33985
34000
33975
33981
33983
33991
33979
33960
33983
33982
33986
33997
33967
33975
33977
33999
33979
33958
33975
33986
33985
33975
33964
33983
33976
33943
33946
33959
33941
33963
33993
33981
33975
33981
33989
33981
33997
33995
33980
33990
33979
33989
34001
34013
34010
34017
34015
33989
33997
34012
33990
33978
33965
33993
34007
33980
33964
33964
33969
33975
33948
33951
33957
33957
33952
33945
33941
33983
33979
33955
33955
33965
33947
33961
33979
33947
33970
33995
33999
33952
34000
34015
34017
34001
34012
33991
34010
33977
34007
34010
33987
33985
33989
33979
33995
34013
33971
33953
33968
33991
33969
33940
33957
33968
33957
33951
33944
33953
33937
33951
33965
33952
33959
33967
33965
33979
33978
33977
33996
33985
33976
33991
33983
33997
34015
34018
34015
34007
34024
33999
33986
34001
34013
34001
33987
33996
33983
33942
33951
33941
33951
33966
33976
33978
33963
33965
33959
33953
33950
33916
33933
33948
33952
33960
33957
33962
33965
33971
33990
33983
33969
34002
34011
33989
34005
34014
34028
34003
34025
33997
34022
34003
33975
33997
33985
33997
33992
33954
33965
33972
33952
33929
33937
33963
33945
33941
33977
33961
33960
33963
33975
33965
33968
33965
33967
33950
33943
33953
33993
34009
33995
34006
33984
34000
34018
34010
34005
33989
33991
33999
33979
33970
33990
34001
33965
33977
33975
33979
33975
33970
33969
33964
33951
33954
33977
33964
33948
33947
33943
33956
33959
33951
33957
33948
33951
33958
33951
33980
33995
33963
33992
34000
33997
33981
33981
33992
34011
33988
33975
33972
34027
34015
34009
33985
33978
33969
33959
33969
33975
33955
33953
33941
33933
33961
33975
33962
33967
33967
33947
33945
33979
33981
33945
33942
33968
33956
33956
33975
33975
34006
34015
33995
33998
33985
34015
33991
34008
34005
33995
34010
34027
34023
34013
34008
34026
34007
34022
34030
34006
34028
34029
34011
33993
34013
34036
34029
34040
34020
34012
34051
34032
34039
34015
34021
34007
34017
34035
34022
34029
34017
34010
34021
34011
34008
34011
34010
34014
34011
34010
34000
34001
33977
33948
33930
33929
33917
33914
33895
33896
33859
33863
33853
33849
33833
33814
33830
33841
33855
33823
33817
33807
33824
33816
33805
33799
33811
33829
33855
33844
33823
33828
33875
33897
33865
33867
33876
33848
33849
33857
33869
33876
33875
33859
33847
33819
33813
33823
33808
33781
33752
33727
33747
33737
33756
33753
33707
33681
33697
33721
33695
33697
33703
33723
33743
33760
33754
33756
33791
33803
33788
33743
33757
33737
33737
33765
33791
33790
33791
33764
33749
33787
33801
33780
33753
33707
33730
33768
33811
33833
33834
33813
33805
33805
33823
33807
33803
33799
33819
33836
33842
33875
33887
33895
33880
33863
33859
33874
33875
33902
33915
33919
33902
33894
33893
33896
33895
33873
33877
33881
33893
33905
33908
33906
33926
33912
33895
33903
33891
33887
33927
33913
33903
33931
33940
33940
33957
34016
34001
34009
33997
33989
33991
33989
34023
34001
33999
34040
34059
34045
34053
34069
34020
33985
33971
33994
34001
34014
34039
34013
33999
33994
34003
33966
33946
33983
33948
33978
33981
33984
33979
33997
34007
33986
33963
33968
33995
34033
34043
34013
34032
34031
34013
34044
34070
34069
34056
34057
34031
34054
34083
34102
34099
34089
34069
34083
34097
34093
34035
34007
34015
34026
34043
34056
34028
33991
33979
33993
33985
33972
33958
33975
33991
33989
33979
33986
33970
33987
34030
34015
33998
34003
34037
34050
34055
34087
34041
34025
34044
34061
34073
34083
34061
34063
34039
34025
34056
34063
34057
34061
34063
34053
34027
34007
34020
34014
33981
33973
33991
33991
33979
34000
34007
33977
33987
33983
33961
33976
34017
33983
34016
33997
34012
34054
34062
34042
34015
34037
34031
34051
34054
34061
34059
34047
34069
34069
34065
34059
34055
34055
34062
34055
34019
34013
34000
34008
34011
33977
33973
33992
33969
33987
33969
33967
33982
33975
33947
33966
33983
33983
33992
34001
34022
34019
34015
34016
34031
34042
34055
34063
34056
34056
34068
34089
34083
34091
34079
34041
34050
34043
34038
34031
34013
34023
34033
34019
34011
33998
33997
33979
33979
33991
34000
33992
33965
33959
33950
33991
33987
33982
33986
33969
33985
33999
34015
34015
34030
34017
34033
34037
34065
34045
34057
34071
34055
34044
34062
34029
34048
34036
34018
34023
33998
34014
34011
34016
34013
33952
33974
33984
33961
33937
33969
33965
33969
33941
33951
33963
33963
33961
33982
34004
34027
34053
34029
34005
34001
34022
34051
34041
34021
34009
33997
33970
33972
33984
33993
33958
33959
33961
33950
33959
33946
33924
33917
33914
33908
33905
33915
33916
33865
33883
33902
33897
33853
33887
33888
33879
33897
33892
33907
33907
33897
33935
33922
33935
33940
33935
33953
33961
33967
33979
33999
33985
33979
33995
34003
33982
33947
33975
34000
33990
33937
33948
33943
33983
33964
33955
33935
33937
33936
33927
33938
33927
33929
33927
33917
33893
33927
33912
33939
33961
33933
33945
33950
33947
33958
33959
33994
33997
34031
34040
34030
34026
34031
34025
34026
34025
34037
34039
34031
34056
34039
33997
33981
34009
34025
34011
33978
33983
33988
33945
33955
33979
33951
33951
33938
33933
33953
33943
33938
33967
33969
33955
33955
33981
33975
33965
34011
34023
34031
34038
34045
34057
34048
34071
34067
34070
34075
34099
34095
34058
34048
34039
34023
34015
34021
34013
33990
33981
33971
33969
33969
33979
33943
33945
33927
33932
33935
33938
33943
33947
33937
33958
33969
33965
33995
34009
33995
33999
33999
34020
34023
34022
34026
34031
34030
34039
34038
34048
34059
34053
34040
34034
34029
34023
33989
33997
34005
33993
33984
33989
33972
33958
33947
33949
33951
33959
33951
33957
33925
33935
33943
33947
33943
33939
33939
33938
33967
33989
34003
33991
33997
34017
34036
34036
34037
34036
34023
34051
34047
34033
34037
34057
34037
34043
34027
34007
34007
33999
33987
33975
33968
33961
33941
33942
33951
33951
33939
33925
33942
33935
33925
33933
33929
33963
33963
33971
33987
33948
33970
33999
33997
34011
34018
34024
34038
34055
34044
34021
34043
34029
34016
34019
33989
34013
34034
34024
33997
33972
33965
33951
33939
33941
33927
33939
33937
33949
33928
33915
33925
33935
33943
33921
33913
33929
33933
33965
33946
33935
33961
33994
34009
33981
34007
34006
34005
34025
34018
34015
34031
34029
34047
34035
34036
34034
34000
34007
33983
33981
33979
33984
33966
33941
33939
33956
33932
33909
33911
33934
33925
33903
33904
33928
33929
33913
33923
33940
33949
33973
33959
33954
33999
33999
33996
34024
34021
34025
34027
34033
34033
34012
34023
34037
34005
34004
34014
34023
34002
33964
33963
33967
33956
33949
33953
33941
33939
33927
33925
33915
33921
33925
33925
33935
33927
33936
33940
33942
33959
33945
33969
33949
33990
34005
33996
33999
34007
34020
34007
34013
34031
34013
34005
34022
34031
34024
34001
34004
33984
33979
33977
33959
33971
33959
33959
33940
33911
33919
33947
33924
33886
33883
33909
33926
33911
33924
33937
33942
33913
33937
33953
33962
33996
33985
33989
33987
34005
33989
33999
33981
34005
34021
34006
34007
34036
34018
33988
33976
33985
34004
33987
33979
33959
33968
33969
33969
33931
33923
33938
33934
33928
33927
33934
33943
33949
33929
33935
33939
33949
33949
33939
33987
33984
33971
33994
33997
34007
33999
34017
34007
33991
33985
34015
34031
34019
33984
33991
33989
33999
34008
34015
34005
34007
33995
33959
33942
33943
33939
33916
33943
33949
33939
33925
33918
33927
33906
33927
33933
33960
33946
33943
33969
33963
33970
33989
33997
33995
34008
33997
34009
34016
34023
34023
34007
34012
34027
34015
34021
33987
33997
34009
33983
33981
33975
33955
33947
33934
33934
33947
33922
33938
33921
33945
33951
33933
33925
33931
33927
33946
33961
33961
33971
33975
33983
33993
33969
33986
34020
34015
34030
34000
34020
34017
34029
34034
34013
33990
34007
34023
33994
33975
33990
33955
33936
33960
33978
33955
33943
33937
33930
33951
33943
33927
33921
33926
33926
33917
33941
33950
33947
33914
33961
33967
33958
33964
33976
33977
33976
34015
34033
34031
34022
34002
34002
34000
34017
34023
34034
34028
34012
34007
34022
33997
33989
33972
33955
33959
33971
33979
33947
33935
33916
33923
33921
33915
33919
33941
33927
33919
33973
33937
33923
33937
33960
33974
33954
33975
33981
33982
33991
34019
33981
33995
34035
34013
34019
34025
34018
34007
34005
33996
33983
34003
33997
33949
33935
33978
33959
33943
33945
33951
33949
33927
33919
33933
33932
33931
33938
33966
33941
33945
33950
33949
33985
33995
33987
33993
33979
33992
34026
34013
34025
34018
34023
34005
34000
34012
34035
34014
34001
33977
33959
33977
33971
33963
33977
33965
33964
33956
33960
33951
33919
33920
33902
33928
33936
33931
33944
33948
33933
33943
33927
33927
33956
33962
33957
33964
33987
33977
33997
34022
34008
33996
34002
34007
34019
34007
34007
34021
34017
34019
34014
34021
33985
33966
33967
33971
33983
33971
33956
33959
33943
33927
33937
33962
33929
33903
33933
33930
33927
33914
33927
33913
33926
33959
33971
33976
33963
33975
33959
33966
33993
34018
34021
33982
33989
33995
33994
34023
34011
33993
34004
33993
34025
33959
33975
33991
33970
33956
33947
33922
33927
33938
33929
33911
33922
33923
33929
33935
33944
33945
33922
33923
33934
33944
33938
33927
33946
33959
33983
33978
33978
34004
33975
33993
33983
33988
34035
34015
34025
34015
34017
34010
33996
33978
33989
33975
33962
33955
33949
33945
33935
33943
33933
33933
33928
33953
33937
33917
33926
33925
33928
33927
33937
33944
33966
33967
33981
33995
33980
34005
34001
33984
34013
34023
33999
34011
34011
33991
33991
34007
33992
33994
34011
34013
33953
33946
33969
33965
33957
33935
33911
33940
33959
33919
33925
33950
33944
33920
33924
33903
33919
33950
33950
33941
33959
33962
33981
33991
33972
33975
33990
34003
34019
34008
34004
33995
34009
33988
33991
33989
34000
33989
33985
33992
33972
33953
33957
33964
33932
33941
33951
33942
33957
33951
33919
33912
33910
33909
33911
33912
33903
33911
33953
33958
33951
33944
33953
33943
33959
33971
33971
34000
33981
34000
33997
33991
34000
33991
34001
33985
34000
33983
33965
33965
33999
34113
34101
34088
34046
34027
34022
34023
33981
33971
33979
33955
33966
33970
33970
33951
33935
33964
33979
33971
33957
33831
33827
33859
33895
33902
33917
33945
33945
33951
33961
33976
33975
33991
33994
33983
33972
34000
33995
33995
33983
33985
33975
33974
33969
33958
33967
33955
33964
33963
33960
33947
33925
33926
33948
33919
33923
33939
33946
33944
33950
33944
33945
33969
33984
33953
33970
33955
33981
33985
33987
34009
34015
33993
33997
34025
34017
33999
34001
33994
33989
34001
33993
33994
33978
33938
33953
33975
33954
33929
33944
33939
33939
33903
33925
33946
33943
33950
33951
33965
33954
33957
33968
33971
33955
33937
33990
33992
33991
33994
33976
33995
33998
34018
34080
33999
34007
34005
34043
34023
34013
33999
33995
34003
33983
33967
33987
33972
33968
33967
33943
33961
33950
33939
33938
33947
33937
33943
33959
33953
33938
33956
33957
33943
33955
33993
34005
34019
33983
33999
33991
33985
33984
34005
34015
34007
34015
34029
34013
33997
33975
33990
34002
33993
33975
34009
33995
33987
33973
33962
33959
33957
33938
33951
33970
33979
33951
33945
33935
33954
33954
33937
33939
33935
33936
33983
33960
33946
33981
33995
34004
33998
34015
34013
34014
34031
33999
33978
33993
33999
33991
34011
33985
33968
33980
33990
33977
33969
33947
33931
33947
33951
33943
33941
33922
33925
33910
33933
33946
33949
33935
33929
33946
33970
33959
33937
33955
33961
33975
33986
33988
33984
33981
33999
33969
33979
33995
33997
34014
34027
34009
33998
33999
33977
33955
33943
33957
33950
33928
33950
33963
33945
33930
33934
33935
33911
33915
33925
33927
33935
33953
33943
33932
33951
33955
33967
33945
33975
34005
33990
33993
33976
33976
33983
33985
33988
34023
34017
33979
33952
33965
33983
33987
33963
33955
33967
33957
33955
33961
33958
33963
33938
33952
33915
33922
33915
33936
33917
33937
33935
33923
33907
33925
33927
33911
33938
33917
33922
33947
33947
33934
33959
33964
33977
33974
33972
33987
33975
33978
33967
33977
33976
33981
33975
33975
33970
33953
33959
33951
33952
33951
33945
33916
33915
33931
33931
33931
33916
33901
33910
33914
33909
33905
33929
33936
33943
33945
33927
33933
33953
33975
33965
33999
33984
33963
33983
33993
33991
33983
33991
33995
33998
33985
33980
33971
33966
33965
33972
33969
33967
33976
33951
33975
33956
33939
33954
33960
33944
33959
33959
33928
33929
33915
33929
33927
33977
33962
33953
33954
33975
33950
33948
33968
33985
33997
33989
33995
33987
33991
34011
34005
33997
33993
33978
33967
33989
33991
33974
33978
33993
33981
33961
33955
33991
33951
33952
33931
33929
33945
33951
33935
33941
33943
33929
33945
33946
33946
33953
33937
33935
33965
33995
33987
33979
33969
33963
33998
34000
34003
33982
33986
33986
33997
34004
33974
33962
33968
33964
33952
33962
33994
33969
33967
33965
33981
33936
33951
33939
33943
33943
33932
33950
33926
33947
33955
33912
33942
33947
33947
33953
33953
33968
33987
33963
33965
33946
33979
33979
33980
33995
34000
33991
33990
33999
33993
33981
33985
33980
33985
33983
33953
33944
33967
33953
33943
33964
33959
33941
33932
33922
33925
33936
33925
33957
33927
33947
33952
33959
33967
33959
33958
33970
33959
33939
33952
33967
33987
33985
33981
33975
33986
33980
33989
33999
33969
33970
34007
34011
33983
33975
33941
33962
33957
33953
33962
33961
33956
33954
33951
33911
33917
33927
33929
33951
33941
33957
33939
33954
33969
33951
33943
33943
33982
33975
33970
33981
33982
33987
33987
34000
33995
33982
33993
33991
33986
33987
33999
33973
33975
33975
33975
33965
33957
33982
33970
33965
33965
33961
33965
33909
33925
33936
33939
33922
33924
33970
33967
33968
33962
33945
33958
33968
33975
33969
33953
33979
33989
33975
33977
33984
34016
34000
33977
34001
34005
33992
33991
33989
33975
33978
33967
33978
33975
33967
33950
33952
33958
33962
33954
33942
33950
33963
33959
33943
33945
33949
33963
33968
33947
33949
33964
33974
33960
33960
33975
33975
33975
33993
33997
33982
34006
33993
33982
33973
33967
33948
33958
33979
33985
33975
33970
33949
33986
33983
33947
33945
33947
33961
33933
33925
33950
33979
33973
33939
33928
33960
33952
33959
33962
33949
33951
33951
33949
33945
33967
33947
33977
33981
33946
33975
33994
33999
33980
34003
33967
33973
33976
33978
33975
33997
33993
33973
33989
33994
33977
33977
33969
33967
33940
33949
33948
33933
33931
33969
33944
33925
33923
33926
33908
33949
33959
33947
33975
33967
33955
33955
33978
33982
33996
33993
34013
34011
33992
34009
34032
34003
33996
34012
34019
33994
33986
33972
33975
33967
33944
33952
33946
33939
33898
33875
33872
33881
33875
33863
33886
33871
33878
33889
33867
33881
33899
33911
33899
33911
33915
33908
33902
33924
33917
33925
33930
33930
33918
33941
33959
33971
33977
33940
33961
33943
33931
33955
33959
33954
33959
33955
33943
33933
33967
33950
33932
33927
33938
33931
33922
33915
33913
33935
33936
33919
33937
33980
33987
33954
33957
33962
33988
33959
33963
33977
33999
33985
33987
33960
33974
33978
33981
33974
33962
33979
33949
33974
33988
33987
33963
33955
33956
33985
33976
33958
33959
33975
33935
33945
33964
33949
33943
33957
33973
33956
33967
33975
33963
33957
33965
33975
34000
34013
33997
34000
33993
34000
33993
34022
34007
34011
34029
34019
34007
34011
34003
34002
34015
33999
34001
33968
33991
33986
33992
34006
33975
34008
34015
33974
33964
33980
33981
33965
33960
33954
33959
33999
33985
33965
33965
33979
33979
33997
33970
33971
33977
33993
33991
33989
34003
33991
33991
34015
34007
34012
34006
34007
33992
33977
33989
33984
33959
33977
33985
33997
33988
33960
33964
33954
33963
33959
33958
33954
33981
33970
33981
33947
33956
33984
33983
33974
33964
33991
33989
34001
34013
33997
33975
33986
34007
34000
34007
33980
33990
34018
33995
33980
33981
33985
33993
34007
33979
33981
33979
33988
33965
33985
33978
33973
33952
33949
33943
33970
33973
33964
33964
33961
33948
33967
33963
33964
33975
34013
33991
33993
33973
33961
33975
33972
33973
33997
34001
33978
33990
34007
33986
33992
33999
33996
34005
33991
33995
33992
33983
33987
33986
33954
33956
33977
33951
33969
33972
33965
33959
33968
33973
33972
33982
33955
33968
33970
33983
33979
33982
33998
33998
33965
33983
33995
33984
34000
33999
34001
33997
33999
33999
33993
34002
34015
34001
34007
33995
33969
33991
33993
34006
33997
33982
33967
33980
33957
33983
33978
33984
33979
33965
33943
33967
33966
33947
33921
33978
33983
33971
33974
33917
33938
33967
33992
33993
33985
33991
33987
34007
34003
33985
33991
33991
33983
33981
33990
33991
33997
33975
33955
33975
33970
33964
33964
33998
33978
33975
33969
33983
33979
33963
33987
34002
33963
33946
33967
33963
33964
33971
33969
33979
33983
33999
33984
33977
33985
33963
33989
33999
33991
33989
34003
34007
33999
33992
33980
33995
33982
33956
33987
34025
33999
33969
33963
33961
33981
33975
33961
33954
33945
33976
33972
33967
33959
33937
33947
33958
33978
33975
33984
33950
33970
33980
33975
33991
34007
33979
33993
33988
34002
33987
33981
33967
33979
33988
33988
33963
33963
33965
33959
33964
33963
33965
33967
33947
33945
33966
33949
33936
33975
33981
33957
33951
33965
33979
33989
34015
33980
33961
33956
33947
33949
33968
33951
33943
33925
33904
33939
33927
33911
33839
33880
33867
33887
33883
33873
33877
33887
33884
33874
33895
33908
33890
33863
33897
33885
33891
33915
33879
33903
33893
33901
33929
33903
33886
33886
33895
33895
33906
33927
33942
33925
33907
33914
33920
33939
33941
33928
33939
33961
33969
33954
33948
33959
33975
33973
33961
33971
33943
33941
33975
33948
33935
33961
33975
33951
33968
33941
33944
33944
33945
33941
33920
33953
33925
33914
33946
33943
33916
33943
33953
33941
33942
33964
33961
33941
33957
33981
34002
33971
33971
33999
33978
33975
33983
34001
33992
33983
33997
33989
34029
34013
33981
33986
33991
33983
33962
33971
33967
33975
33955
33957
33959
33977
33983
33981
33975
33970
33964
33970
33986
33961
33990
33991
33991
33978
33990
34003
34015
34009
33992
33991
34001
34011
34016
34027
34026
34029
34012
34034
34021
33991
34003
34007
34007
34007
33995
33987
33969
33959
33988
33993
33986
33978
33975
33978
33944
33973
33959
33985
33958
33985
33999
33994
33986
33985
33983
34021
33994
34015
34008
34001
34014
34003
34021
34015
34007
34006
33990
34011
34017
34007
34019
33996
34005
33996
34000
34003
34000
33999
33965
33993
33999
33987
33969
33945
33944
33954
33972
33965
33996
33979
33974
33965
33959
33983
34009
34008
34005
34012
34021
34005
34011
34023
34038
34023
34025
33991
33999
33996
34015
33996
33993
33996
33982
33980
33980
33979
33991
33975
33971
33966
33943
33961
33944
33946
33963
33965
33949
33975
33978
33947
33959
33981
33982
33969
33970
33977
33982
33979
33971
33995
33983
33973
33989
33999
33999
34011
33995
33999
33999
34009
34003
34011
34003
33989
33977
33961
33964
33977
33959
33959
33947
33946
33947
33947
33951
33947
33947
33944
33924
33943
33967
33961
33977
33957
33975
33974
33987
33988
33973
33969
33991
34013
33999
33998
33992
33990
33983
33981
33991
33999
33992
33996
33984
33967
33973
33986
34003
33975
33961
33958
33941
33925
33939
33943
33949
33925
33951
33956
33944
33952
33962
33951
33958
33984
33987
33980
33964
33979
33994
33987
33991
34017
33975
33956
33981
33989
33991
33987
34007
34000
33992
33994
33968
33975
33997
33967
33970
33961
33933
33934
33946
33946
33947
33937
33947
33939
33944
33975
33973
33943
33971
33960
33949
33958
33961
33961
33973
33980
33997
34010
34002
33983
33997
33987
33979
33983
33999
34014
34009
33991
34003
33989
33973
33974
33975
33965
33966
33965
33969
33954
33954
33948
33957
33959
33971
33968
33953
33959
33951
33961
33968
33979
33968
33991
33963
33973
33983
33947
34001
34006
33973
33993
33989
33981
33967
33980
33998
34013
34009
33983
33985
33989
33983
33999
33993
33965
33989
33994
33975
33973
34001
33965
33965
33961
33951
33955
33948
33951
33941
33942
33967
33951
33953
33965
33967
33959
33965
33959
33967
33971
33983
33995
33997
33985
33977
33973
34007
33994
34009
33999
33987
34000
34020
34001
33984
34007
33997
33975
33989
33997
33965
33986
33959
33929
33945
33951
33946
33969
33941
33943
33945
33951
33956
33943
33959
33971
33963
33975
33991
33974
33981
33969
33975
33987
33994
34016
33964
33982
33991
34001
34001
34013
34023
34023
33983
33981
33985
34002
33965
33949
33959
33959
33947
33935
33964
33956
33957
33940
33943
33957
33959
33961
33956
33965
33943
33959
33965
33989
33998
33979
33969
33977
33991
33990
33993
34001
34005
33999
33982
34009
33999
33991
34004
33999
33994
33997
33983
33989
33975
33974
33967
33973
33974
33951
33951
33976
33955
33934
33969
33967
33970
33970
33956
33971
33975
33951
33945
33966
34004
33992
33992
34006
34006
33990
34001
33993
33984
34001
33989
33991
33985
33993
33987
34007
34015
33979
33976
33990
33964
33960
33979
33977
33947
33953
33935
33950
33950
33959
33967
33961
33949
33951
33945
33939
33959
33975
33972
33975
33961
33985
33998
33988
33967
34006
34017
34027
34007
34013
34021
34000
33995
33989
34003
34003
33998
33989
33986
33966
33984
33979
33969
33973
33962
33969
33967
33961
33955
33949
33964
33983
33977
33979
33998
33984
33977
33941
33949
33938
33966
33973
33995
33972
33971
33978
33984
34005
34002
33981
33999
34015
33995
33989
34011
34001
33998
33983
33989
33984
33981
33965
33978
33985
33985
33965
33951
33963
33961
33965
33961
33967
33970
33981
33983
33984
33969
33982
33973
33971
33965
33976
33996
33999
34027
34023
33999
33999
34005
33998
33987
34003
34007
33989
34000
33994
33999
34031
34005
33979
33992
34004
33988
33991
33958
33989
33996
34003
33999
33971
33954
33968
33991
33986
33978
33978
33977
33989
33990
33992
33960
33966
34009
33983
34006
33992
33965
33977
33997
34016
34000
34008
34009
34028
34013
33979
33990
34014
33992
33966
34007
34005
33975
33983
33969
33977
33975
33967
33983
33959
33951
33951
33968
33976
33959
33953
33945
33974
33943
33975
33951
33979
34005
34007
34005
33973
34000
33991
33982
33999
33991
34006
34000
33994
33992
33988
34008
33991
34003
33995
34001
33987
33973
33953
33963
33944
33943
33965
33959
33959
33943
33935
33949
33955
33967
33971
33944
33951
33965
33968
33965
33982
33975
33970
33967
33979
33999
34019
34008
33997
33985
34000
34002
34008
34014
34020
34018
34002
33973
33985
33962
33972
33977
33959
33961
33963
33960
33964
33989
33962
33963
33948
33942
33967
33948
33941
33929
33945
33966
33952
33958
33973
33986
33965
33961
33979
33991
34003
34003
33981
33995
33997
33991
33983
33978
33981
34001
33997
34013
33987
33967
33973
33985
33970
33973
33968
33957
33955
33967
33971
33976
33976
33973
33957
33961
33995
33977
33961
33980
33967
33975
33982
33991
33989
33977
33982
33981
34001
33999
33995
34005
34017
34007
34001
33997
33985
34007
34016
34012
34000
33985
34012
34005
34011
33997
34017
33978
33975
33983
33979
33983
33956
33943
33951
33955
33919
33943
33927
33927
33966
33944
33942
33959
33957
33969
33983
33992
33979
33968
33989
33993
34006
34009
33975
33975
34021
34009
33975
33973
33987
34004
33989
33991
33970
33983
33983
33986
33991
33983
33970
33972
33987
33970
33952
33961
33959
33983
33955
33960
33958
33957
33961
33971
33966
33953
33959
33990
34007
34005
33987
34003
33983
34004
34007
33989
34007
34035
34007
34003
34023
34047
34034
34035
33997
34009
33991
34002
34017
34000
33988
33981
33975
33973
33958
33951
33959
33953
33959
33987
33969
33969
33978
33967
33983
33971
33961
33975
33986
33997
33995
33995
33969
33998
34002
34022
34012
34003
34024
34008
33985
33991
34018
34009
34001
34013
33987
33990
34016
33991
33987
33975
33978
33978
33983
33963
33982
33968
33934
33960
33971
33969
33983
33976
33988
33993
33955
34002
33993
34011
33995
34001
34017
34015
33999
34001
34023
34011
33973
33999
34015
34001
33985
33976
34004
33991
33969
33972
33999
33979
33987
33959
33958
33963
33968
33991
33959
33935
33957
33939
33946
33965
33956
33965
33960
33974
33975
33991
33977
33981
33979
33995
33998
33989
33983
34004
33993
34007
34018
34023
34020
34011
33982
33993
33975
33981
33981
33977
33977
33977
33977
33975
33995
33971
33970
33965
33968
33966
33951
33935
33961
33958
33965
33970
33983
33986
33985
33974
33984
33983
33983
33975
33999
34012
33979
34005
34006
33991
33978
33973
33985
34009
34001
33994
34009
33989
33977
33959
33983
34011
33984
33999
34002
33980
33984
33959
33983
33966
33959
33969
33988
33965
33963
33961
33954
33962
33967
33979
33983
33968
33969
33977
33977
33980
33997
34015
34005
33991
33990
33993
34017
33976
33995
33998
33999
33999
34007
34005
33991
33989
33977
33985
33974
33949
33948
33943
33968
33961
33935
33943
33946
33960
33987
33983
34005
33991
33989
34007
33997
33977
33977
33983
34017
34019
34015
34003
34007
34011
34007
34007
34005
33993
33994
33987
33983
33990
33976
33979
34001
33987
33975
33987
33991
33971
34019
33954
33964
33972
33983
33971
33988
33976
33989
33977
33951
33960
34004
33997
33972
33996
34006
33991
33991
34003
34017
34021
34017
33989
33990
34010
33994
33993
34019
34010
34000
34009
34007
34002
33981
33980
33953
33963
33975
33979
33983
33969
33965
33955
33954
33952
33972
33951
33942
33949
33953
33981
33980
33980
33973
33983
33994
33961
33976
33990
34001
33992
33997
33991
34002
33982
33982
33994
33983
33993
33975
33990
33994
33993
34003
33959
33966
33955
33950
33971
33957
33943
33946
33965
33956
33944
33959
33943
33942
33921
33927
33945
33974
33974
33959
33959
33957
33937
33959
33971
33951
33957
33970
33974
33963
33951
33957
33971
33966
33990
33991
33988
33994
33991
33981
33984
33985
33966
33945
33956
33959
33965
33955
33951
33933
33932
33940
33933
33947
33953
33959
33956
33973
33962
33959
33963
33951
33968
33965
33990
33967
33947
33949
33963
33974
33967
33958
34001
33995
33979
33977
33963
33969
33996
33987
33975
33975
33979
33959
33955
33942
33958
33993
33961
33950
33951
33945
33954
33951
33943
33957
33959
33945
33963
33973
33953
33946
33977
33981
33982
33987
33977
33981
33969
33983
33987
33990
33977
33979
33991
33996
33973
33985
33986
33995
34019
33991
33969
33993
33996
33990
33964
33966
33986
33965
33941
33939
33935
33949
33951
33943
33958
33955
33937
33956
33988
33983
33990
33983
33978
34066
33979
33981
33992
33978
33980
34007
34002
33997
33972
33961
33962
33976
33982
33987
33999
33966
34003
33993
34005
33987
33958
33981
33975
33963
33974
33969
33963
33967
33955
33974
33954
33964
33961
33954
33957
33965
33957
33951
33953
33961
33945
33963
33977
33991
33996
33977
33986
33999
34004
33988
33996
33991
34004
34001
33982
33961
33951
33953
33950
33943
33965
33967
33971
33954
33945
33959
33963
33958
33965
33935
33958
33954
33960
33965
33964
33953
33965
33984
33991
33989
33995
33984
33973
33995
33973
33959
33959
33975
34003
33992
34007
33993
33958
33996
33993
33974
33965
33973
33983
33988
33991
33989
33966
33977
33973
33966
33978
33957
33967
33954
33972
33990
33974
33957
33941
33943
33962
33979
33975
33970
33979
33975
33979
33990
33988
33975
33976
33973
33975
33989
33978
33999
33991
34002
33983
33986
33974
34008
33989
33961
33969
33975
33978
33981
33975
33967
33955
33956
33972
33975
33955
33961
33939
33959
33979
33971
33958
33972
33963
33965
33977
33999
34001
34021
34010
33995
33996
34003
33986
33965
33964
34015
34022
34014
34005
33980
33978
33982
33974
33969
33961
33997
34004
33981
33983
33973
33991
33975
33965
33949
33956
33971
33964
33955
33953
33947
33979
33983
33955
33983
33994
33994
33985
33991
34016
33998
33997
34007
33996
33999
34009
33991
33979
34007
34016
34004
33994
34003
33998
34003
33989
33983
33991
33993
33981
33977
33971
33975
33959
33978
33980
33975
33959
33959
33978
33975
33974
33968
33977
33997
33987
33965
33962
33975
33970
33961
33985
34002
34000
33999
33992
34007
33981
33981
33991
34005
34000
33991
33990
33978
33976
33994
33997
33959
33975
33981
33975
33951
33975
33981
33986
33990
33977
33970
33956
33960
33975
33967
33961
33990
33987
33975
33967
33990
33995
33971
33978
33989
33993
34015
34005
34003
33995
34002
34005
33998
33995
33995
33996
33987
33979
34018
34007
33997
33975
33977
34006
33976
33963
33982
33972
33969
33947
33953
33967
33961
33962
33995
33990
33975
33979
33985
33983
33993
33976
33988
34001
34015
33995
33994
33985
33991
34009
34003
34019
34007
33992
33989
33991
33972
33975
33991
34002
33981
34006
33975
33971
33971
33965
33968
33977
33983
33975
33986
33988
33980
33973
33945
33967
33996
34008
33992
33991
33979
34000
34001
34028
34001
33977
33983
33991
33985
33988
34015
34006
33992
33997
34011
34003
34002
34006
33999
33959
33980
34006
33994
33990
33971
33987
33969
33959
33981
33972
33987
33999
33976
33977
33984
33971
33977
33981
33993
33983
33975
33991
33993
33994
33995
34011
34004
33996
33999
33994
34003
34031
34013
33999
33997
33978
33991
33995
33979
33993
34012
33986
33989
33984
33982
33975
33989
33959
33995
33959
33948
33975
33975
33974
33971
33983
33981
33978
33989
33989
33992
34015
33991
33988
34012
34001
34031
34000
34014
34045
34039
34024
34025
34027
34044
34031
34023
34007
34018
34015
33999
34010
34004
33998
34002
33979
33999
33976
33973
33977
33967
33959
33979
33992
33957
33958
33964
33977
33977
33995
33981
33968
33999
33981
34007
34013
34008
34003
34009
34023
34013
34009
34021
33997
34001
34015
33994
34004
33986
33997
34000
34005
33995
33989
33999
33982
33981
33981
33975
33969
33978
33971
33977
33977
33963
33975
33979
33994
33991
33987
33975
33993
34000
34001
34003
34008
34022
34006
34009
34013
33991
34001
33991
33980
34008
33992
33990
33997
34008
33994
33981
33987
33947
33952
33967
33979
33973
33992
34005
33988
33975
33973
33978
33959
33983
33989
33974
33963
33979
33979
33993
34003
33988
33967
33970
33993
34008
33971
34009
34026
34013
33999
33995
34018
34017
33996
33995
33982
33995
34015
34012
34029
34002
33985
33985
34010
34020
33989
33991
33967
33969
33977
33963
33983
33995
33978
33972
33981
33963
33989
33971
33987
33999
33984
34015
33989
33987
33999
34014
34004
34010
34001
34011
34021
33997
33986
34009
34017
33993
34015
34002
34014
34011
33982
33966
33971
33994
33993
33994
33983
33969
33973
33963
33972
33971
33956
33971
33981
33983
33981
33966
33981
33969
33965
33981
33975
33977
33965
33990
33993
33991
33993
33975
33996
34015
33994
33991
33992
33979
33978
33972
33985
33997
33990
34011
33969
33977
33983
33983
33979
33976
33988
33989
33977
33959
33945
33956
33973
33980
33965
33990
33999
34000
33961
33977
33999
33998
34013
33995
33995
34010
34002
34008
33987
33993
34005
34016
34009
34009
34017
33997
34007
34017
34003
33999
33980
33997
34003
33959
33974
34007
34026
33991
33970
33977
33961
33959
33992
33991
33985
33991
33998
34006
33973
33989
33986
33993
33975
33997
33997
34005
34013
34003
34005
34009
33997
34008
34003
34005
34007
33983
33973
34003
33998
33994
33981
33989
33984
33975
33960
33979
34007
33991
33977
33969
33977
33985
33977
33995
33987
33960
33981
33996
33994
33999
33985
33998
33999
33987
34002
33995
33993
33991
34010
34009
33988
34013
34017
34007
34011
34014
33998
33999
33991
34013
34019
34021
34002
34010
34007
34015
33989
33969
33959
33976
33993
33994
33990
33987
33999
33994
33984
33969
33997
33989
34003
33997
33997
34002
34006
34021
34017
34003
33988
33989
34001
34019
34017
33975
33995
34004
34002
34000
33999
34017
33990
33971
34000
34003
34007
33983
33999
33997
33997
33997
34001
34000
33975
33982
33985
34011
33997
33981
33965
33975
33980
33969
34006
34004
34015
34005
34001
34023
34019
34007
33979
33977
34002
34021
34021
34000
33991
34001
34010
34023
34015
33996
33990
33991
33979
33989
33999
33981
33968
33961
33965
33979
33964
33969
33974
33982
33980
33973
33980
33959
33973
33977
33984
33969
33989
33991
33977
33986
33988
33992
33991
33975
34001
34006
34008
34010
33999
33967
33956
33970
33979
33987
33992
33974
33999
34004
33975
33951
33956
33977
33989
33976
33950
33949
33955
33949
33981
33961
33962
33983
33982
33983
33978
33975
33959
33993
33980
33990
33995
33988
34008
34037
34054
34032
34009
34017
34011
34009
34015
34025
34047
34055
34035
34032
34030
34002
34017
34032
34038
34058
34046
34011
34027
34036
34024
33992
33999
34003
33993
33998
34025
33999
33967
33950
33959
33977
33974
33972
33951
33957
33990
33975
33947
33944
33943
33957
33965
33960
33960
33929
33914
33916
33909
33886
33868
33857
33866
33868
33897
33907
33899
33911
33895
33873
33864
33883
33907
33889
33884
33873
33877
33910
33900
33873
33855
33820
33825
33854
33856
33849
33859
33855
33847
33878
33893
33900
33873
33837
33831
33815
33832
33844
33833
33831
33839
33867
33858
33874
33900
33858
33873
33873
33885
33871
33881
33911
33889
33863
33827
33813
33807
33807
33845
33825
33833
33844
33847
33891
33903
33904
33867
33859
33881
33891
33883
33910
33923
33921
33954
33949
33965
33941
33951
33969
33964
33967
33993
34007
34019
34028
34017
33991
33948
33940
33919
33926
33926
33901
33887
33884
33871
33869
33890
33863
33870
33869
33916
33924
33927
33943
33971
33972
34018
33996
33979
33999
33997
34009
34039
34027
34023
34032
34030
34004
34029
33991
33978
34011
34046
34063
34061
34030
34022
34025
34047
34044
34033
33975
33915
33921
33951
33966
33986
33987
33966
33939
33902
33927
33945
33949
33963
33978
33994
34009
33993
34030
34064
34078
34073
34044
33995
34007
34036
34062
34048
34048
34055
34057
34089
34077
34057
34049
34075
34038
34033
34029
34032
34017
34029
34010
33995
34002
33978
33921
33897
33914
33950
33961
33936
33940
33952
34007
34051
34032
34017
34020
34023
34047
34063
34054
34059
34028
34035
34037
34039
34047
34075
34051
34032
34022
34028
34043
34040
34017
34044
34055
34061
34031
34017
34002
33993
33964
33938
33923
33944
33949
33957
33941
33929
33945
33963
33978
34002
33991
33973
34007
34018
34023
34023
34047
34049
34056
34063
34063
34073
34069
34030
34015
34011
34003
34041
34063
34063
34065
34071
34045
34025
34007
34009
33984
33981
33998
33987
33978
33999
33976
33975
33965
33936
33949
33953
33971
33975
33999
34000
34023
34042
34056
34045
34061
34071
34077
34073
34063
34052
34071
34079
34054
34051
34052
34031
34047
34035
34039
34053
34036
34007
34007
34013
34026
34021
34020
34015
34013
33963
33990
33971
33967
33953
33935
33962
33969
33969
33966
33975
33994
34025
34022
34034
34037
34026
34036
34053
34042
34068
34059
34038
34048
34048
34046
34030
34037
34003
34009
34031
34055
34043
34011
34019
34027
34012
34011
34001
33981
33981
33995
33961
33958
33973
33983
33967
33976
33966
33964
33991
33968
33982
34005
34025
34023
34051
34045
34059
34083
34072
34071
34056
34057
34052
34054
34039
34015
34039
34027
34034
34045
34041
34024
33992
33961
33991
33993
33998
33998
33979
33981
33988
33975
33951
33951
33955
33961
33953
33962
33959
33974
33992
33999
34011
33991
33991
34023
34030
34037
34041
34052
34048
34045
34061
34071
34082
34041
34024
34047
34049
34017
33993
34015
34037
34013
34001
34012
34016
33997
33988
33978
34003
33982
33964
33933
33929
33947
33961
33954
33964
33937
33957
33981
33997
34008
34023
34019
34028
34046
34070
34070
34069
34049
34070
34052
34061
34041
34032
34019
34005
34011
34023
34053
34030
34010
34007
33983
33991
33978
33979
33983
33973
33962
33959
33989
33979
33972
33942
33941
33959
33975
33965
33975
33980
33993
34015
34015
34045
34052
34067
34067
34056
34061
34067
34047
34055
34037
34014
34047
34040
34015
34029
34023
34011
33980
33979
33997
33998
33983
33961
33978
33978
33970
33965
33945
33941
33944
33953
33962
33967
33954
33946
33967
33967
33994
34024
34038
34027
34019
34007
34015
34038
34035
34059
34079
34051
34039
34018
34028
34075
34031
34023
34033
33997
33976
33979
33975
33981
34012
34014
34001
33975
33966
33979
33966
33945
33939
33967
33975
33967
33994
33979
33969
33953
33971
34008
34003
34007
34007
34031
34051
34028
34029
34039
34049
34052
34054
34055
34056
34059
