35307
35327
35371
35343
35341
35349
35340
35333
35351
35362
35361
35358
35375
35375
35395
35392
35411
35408
35423
35443
35406
35439
35424
35407
35400
35403
35430
35391
35395
35395
35408
35387
35375
35357
35379
35372
35373
35363
35363
35339
35341
35367
35330
35320
35335
35323
35362
35343
35355
35365
35380
35382
35373
35375
35389
35375
35399
35417
35407
35441
35407
35439
35446
35426
35415
35393
35396
35385
35391
35399
35374
35384
35387
35359
35359
35348
35360
35353
35347
35363
35327
35335
35341
35367
35379
35371
35367
35358
35335
35356
35367
35357
35354
35350
35388
35705
35593
35399
35415
35401
35420
35416
35404
35411
35439
35431
35435
35429
35426
35412
35420
35409
35394
35403
35403
35402
35403
35417
35384
35363
35355
35361
35363
35363
35375
35379
35347
35351
35361
35351
35367
35376
35366
35353
35373
35388
35371
35383
35387
35387
35385
35399
35427
35424
35433
35423
35413
35410
35423
35421
35417
35404
35416
35408
35395
35416
35389
35357
35351
35356
35359
35353
35343
35324
35357
35355
35344
35351
35340
35304
35324
35328
35343
35378
35374
35365
35347
35362
35371
35379
35373
35387
35421
35411
35421
35431
35426
35421
35423
35430
35418
35414
35395
35391
35405
35391
35381
35387
35398
35385
35375
35338
35343
35334
35329
35319
35316
35305
35295
35327
35335
35323
35321
35335
35335
35354
35347
35346
35369
35389
35397
35368
35385
35383
35397
35410
35397
35411
35419
35415
35409
35433
35413
35404
35387
35378
35364
35347
35351
35363
35351
35337
35323
35339
35347
35358
35337
35323
35319
35321
35317
35313
35348
35339
35323
35327
35335
35358
35377
35377
35393
35391
35379
35387
35411
35413
35394
35405
35405
35403
35388
35379
35388
35380
35354
35362
35394
35339
35331
35324
35363
35349
35343
35330
35315
35295
35287
35298
35289
35302
35308
35312
35331
35326
35339
35326
35341
35369
35389
35383
35387
35359
35347
35359
35408
35395
35370
35399
35400
35367
35375
35403
35409
35399
35406
35364
35345
35361
35344
35335
35342
35375
35347
35330
35323
35323
35333
35313
35287
35333
35327
35333
35331
35309
35325
35322
35318
35349
35328
35332
35342
35347
35357
35375
35378
35409
35418
35377
35374
35399
35399
35420
35391
35375
35376
35367
35365
35358
35403
35407
35383
35398
35369
35362
35379
35341
35327
35313
35339
35333
35338
35337
35333
35345
35351
35348
35339
35351
35358
35358
35387
35374
35373
35381
35364
35378
35399
35393
35409
35423
35380
35381
35402
35399
35391
35399
35405
35395
35385
35387
35383
35369
35349
35340
35324
35340
35329
35336
35330
35331
35307
35327
35327
35321
35330
35327
35319
35333
35331
35352
35331
35351
35333
35367
35377
35359
35383
35403
35379
35382
35389
35415
35415
35402
35405
35409
35407
35407
35398
35389
35404
35401
35367
35361
35369
35330
35341
35350
35335
35337
35313
35321
35329
35339
35335
35327
35321
35351
35340
35336
35359
35351
35371
35375
35383
35387
35373
35393
35395
35386
35387
35392
35410
35427
35395
35371
35387
35374
35370
35361
35382
35363
35379
35355
35349
35357
35331
35319
35303
35309
35294
35292
35306
35333
35325
35331
35327
35331
35321
35329
35323
35337
35366
35344
35347
35365
35393
35391
35385
35396
35406
35382
35381
35383
35404
35405
35405
35387
35387
35375
35359
35381
35383
35342
35342
35349
35335
35323
35342
35334
35322
35323
35309
35311
35303
35342
35331
35335
35339
35351
35344
35343
35372
35377
35367
35377
35370
35351
35365
35379
35367
35384
35391
35377
35382
35394
35373
35377
35375
35371
35381
35393
35363
35360
35355
35324
35340
35334
35327
35299
35314
35318
35343
35336
35347
35344
35327
35328
35327
35334
35333
35340
35326
35353
35385
35378
35359
35351
35375
35373
35379
35399
35367
35370
35373
35380
35361
35365
35368
35364
35379
35381
35356
35351
35364
35347
35355
35360
35369
35339
35337
35325
35316
35306
35302
35321
35327
35333
35333
35338
35369
35357
35346
35377
35371
35354
35352
35383
35397
35379
35405
35420
35423
35415
35407
35425
35433
35419
35416
35383
35389
35397
35407
35389
35387
35367
35370
35365
35350
35350
35354
35343
35329
35325
35328
35325
35313
35328
35331
35342
35351
35325
35319
35321
35353
35357
35343
35356
35367
35393
35405
35394
35393
35377
35394
35408
35415
35391
35412
35386
35383
35383
35382
35379
35389
35391
35377
35367
35352
35358
35355
35329
35336
35334
35324
35300
35312
35324
35315
35333
35349
35345
35349
35377
35366
35337
35340
35363
35395
35395
35383
35367
35383
35404
35384
35401
35415
35394
35403
35389
35355
35363
35381
35375
35371
35386
35379
35349
35343
35348
35343
35329
35313
35318
35330
35333
35323
35321
35323
35339
35334
35307
35341
35359
35353
35336
35353
35367
35377
35373
35368
35364
35382
35388
35391
35382
35398
35384
35396
35378
35380
35393
35402
35401
35383
35385
35366
35369
35351
35352
35376
35358
35344
35342
35357
35335
35321
35349
35355
35351
35352
35355
35334
35338
35327
35329
35360
35389
35377
35361
35357
35371
35379
35367
35377
35389
35395
35386
35383
35383
35381
35384
35382
35366
35376
35380
35377
35355
35374
35359
35347
35359
35347
35354
35349
35339
35331
35325
35333
35340
35350
35347
35357
35364
35363
35359
35358
35354
35356
35365
35368
35380
35383
35394
35399
35389
35415
35411
35412
35402
35408
35399
35388
35383
35387
35395
35397
35365
35366
35349
35353
35329
35326
35337
35341
35313
35295
35329
35309
35299
35315
35335
35344
35329
35327
35327
35330
35357
35345
35354
35343
35375
35382
35371
35376
35362
35359
35361
35379
35373
35373
35382
35388
35405
35412
35396
35404
35385
35365
35361
35371
35351
35337
35343
35340
35339
35359
35367
35367
35352
35340
35364
35357
35344
35351
35364
35375
35345
35347
35334
35360
35381
35367
35372
35391
35399
35416
35400
35391
35409
35391
35389
35397
35395
35386
35399
35389
35375
35375
35365
35389
35377
35363
35353
35359
35359
35345
35340
35319
35327
35333
35303
35314
35337
35325
35336
35360
35369
35387
35378
35375
35377
35378
35389
35397
35391
35419
35385
35415
35399
35403
35399
35391
35415
35392
35393
35382
35383
35368
35363
35369
35375
35367
35367
35349
35352
35327
35317
35307
35309
35311
35320
35319
35314
35335
35353
35357
35343
35333
35345
35349
35354
35378
35397
35395
35397
35417
35399
35396
35414
35423
35415
35389
35394
35394
35403
35393
35374
35375
35371
35392
35357
35352
35365
35335
35355
35363
35340
35349
35308
35329
35333
35329
35345
35337
35326
35327
35324
35347
35377
35367
35367
35375
35388
35397
35383
35400
35366
35383
35389
35384
35391
35397
35391
35411
35382
35373
35376
35373
35368
35367
35379
35368
35340
35351
35349
35337
35345
35335
35321
35327
35307
35317
35331
35329
35327
35321
35333
35347
35375
35362
35347
35367
35379
35353
35366
35374
35374
35374
35381
35379
35399
35406
35383
35359
35379
35389
35366
35361
35367
35367
35367
35369
35357
35371
35392
35369
35365
35373
35357
35347
35317
35303
35329
35317
35322
35331
35321
35343
35355
35359
35343
35348
35351
35350
35351
35353
35343
35362
35341
35358
35375
35356
35390
35406
35394
35375
35367
35383
35380
35377
35367
35360
35370
35371
35344
35359
35341
35317
35305
35303
35313
35325
35378
35405
35396
35388
35399
35379
35399
35386
35401
35407
35406
35424
35431
35431
35437
35472
35463
35462
35455
35465
35457
35459
35461
35439
35470
35465
35447
35431
35451
35430
35429
35415
35406
35401
35385
35361
35367
35375
35359
35379
35376
35376
35374
35348
35347
35365
35371
35404
35399
35387
35413
35391
35405
35436
35430
35421
35440
35417
35412
35420
35416
35439
35465
35428
35424
35428
35424
35419
35415
35400
35418
35410
35399
35411
35399
35377
35401
35392
35383
35375
35375
35375
35387
35381
35383
35383
35396
35397
35352
35385
35387
35381
35381
35373
35411
35413
35399
35425
35423
35431
35440
35413
35423
35426
35425
35407
35405
35407
35410
35377
35382
35372
35383
35387
35386
35385
35390
35369
35373
35387
35376
35356
35345
35355
35365
35373
35351
35367
35371
35355
35332
35343
35361
35372
35349
35387
35377
35400
35377
35377
35373
35361
35380
35383
35401
35393
35386
35383
35385
35371
35357
35382
35371
35357
35353
35377
35362
35345
35338
35354
35345
35327
35339
35337
35323
35329
35326
35319
35359
35356
35365
35360
35367
35367
35391
35421
35411
35391
35423
35431
35435
35441
35449
35451
35487
35473
35483
35474
35478
35489
35487
35497
35509
35519
35523
35503
35479
35531
35530
35516
35495
35505
35549
35539
35521
35519
35514
35559
35594
35557
35573
35588
35606
35625
35628
35639
35663
35661
35681
35686
35721
35737
35739
35746
35743
35738
35751
35763
35759
35738
35719
35716
35711
35715
35736
35747
35699
35688
35700
35689
35666
35706
35695
35669
35711
35751
35749
35749
35732
35735
35733
35729
35731
35780
35805
35812
35841
35898
35879
35903
35894
35902
35945
35925
35899
35886
35881
35909
35923
35907
35892
35863
35820
35787
35761
35739
35748
35746
35759
35735
35727
35731
35716
35717
35703
35669
35671
35673
35664
35673
35655
35669
35695
35683
35678
35690
35659
35688
35705
35693
35679
35644
35677
35671
35691
35663
35637
35635
35602
35571
35559
35533
35541
35532
35495
35466
35436
35437
35429
35420
35415
35393
35394
35383
35354
35343
35308
35303
35321
35287
35336
35381
35365
35346
35338
35309
35321
35301
35309
35321
35343
35357
35361
35413
35425
35391
35364
35341
35325
35278
35269
35290
35290
35294
35314
35306
35303
35278
35250
35208
35191
35199
35181
35185
35197
35215
35199
35198
35191
35207
35191
35159
35145
35151
35168
35174
35199
35203
35193
35207
35253
35283
35268
35242
35243
35249
35244
35263
35259
35277
35289
35259
35277
35276
35245
35237
35191
35207
35243
35216
35221
35223
35208
35208
35180
35197
35213
35193
35191
35181
35170
35183
35186
35188
35182
35201
35244
35236
35239
35224
35230
35246
35247
35265
35279
35268
35283
35283
35305
35315
35324
35311
35304
35311
35329
35306
35294
35299
35303
35277
35266
35278
35273
35259
35259
35243
35238
35219
35205
35207
35219
35193
35228
35245
35247
35243
35223
35217
35219
35199
35228
35231
35272
35263
35266
35319
35319
35303
35307
35310
35320
35316
35311
35309
35293
35306
35305
35318
35341
35319
35310
35315
35304
35285
35257
35279
35265
35272
35295
35283
35302
35261
35247
35250
35242
35208
35191
35219
35225
35265
35279
35264
35239
35305
35293
35298
35298
35286
35290
35284
35298
35317
35343
35365
35352
35312
35321
35287
35284
35295
35303
35300
35288
35321
35333
35335
35319
35335
35337
35330
35301
35277
35275
35277
35280
35274
35271
35281
35277
35273
35279
35273
35271
35283
35309
35326
35330
35307
35325
35346
35331
35326
35347
35351
35369
35364
35361
35353
35353
35351
35337
35347
35333
35329
35351
35339
35335
35340
35313
35307
35294
35273
35299
35290
35291
35281
35278
35269
35290
35293
35295
35304
35265
35269
35285
35300
35313
35340
35356
35359
35335
35350
35329
35338
35331
35365
35375
35361
35382
35390
35381
35386
35366
35343
35333
35343
35337
35282
35333
35342
35323
35313
35303
35305
35283
35291
35301
35287
35295
35287
35281
35271
35274
35285
35262
35299
35334
35333
35341
35325
35323
35343
35335
35329
35345
35340
35321
35331
35353
35335
35324
35331
35367
35356
35319
35297
35320
35335
35303
35313
35317
35301
35293
35283
35285
35281
35283
35281
35275
35297
35324
35297
35315
35291
35311
35337
35321
35328
35349
35345
35348
35368
35373
35367
35365
35361
35362
35350
35359
35375
35347
35365
35365
35371
35370
35377
35351
35341
35328
35329
35311
35321
35343
35351
35339
35307
35302
35319
35326
35347
35319
35329
35346
35339
35355
35356
35328
35332
35370
35380
35408
35403
35398
35373
35375
35376
35374
35369
35379
35380
35396
35388
35395
35377
35396
35365
35351
35340
35327
35324
35335
35365
35373
35363
35371
35359
35368
35361
35344
35324
35341
35342
35329
35327
35335
35352
35350
35341
35335
35344
35350
35337
35366
35389
35361
35349
35375
35395
35375
35376
35382
35391
35376
35383
35398
35372
35397
35383
35366
35386
35400
35398
35403
35491
35385
35376
35365
35339
35336
35329
35330
35327
35321
35318
35323
35335
35348
35359
35357
35348
35324
35333
35354
35359
35363
35351
35335
35383
35412
35411
35393
35387
35397
35410
35439
35427
35429
35426
35445
35437
35410
35425
35406
35383
35396
35365
35389
35395
35366
35357
35369
35326
35331
35323
35309
35315
35330
35305
35307
35294
35301
35315
35325
35325
35321
35314
35323
35341
35363
35363
35367
35364
35381
35367
35372
35366
35389
35391
35377
35393
35395
35399
35411
35415
35402
35413
35401
35408
35388
35399
35383
35369
35372
35362
35361
35346
35339
35351
35321
35296
35277
35275
35281
35301
35271
35253
35271
35290
35307
35312
35323
35337
35328
35326
35327
35329
35349
35371
35396
35415
35413
35407
35411
35432
35420
35421
35435
35454
35429
35423
35405
35401
35397
35371
35359
35327
35327
35306
35307
35279
35253
35279
35278
35249
35225
35250
35259
35253
35250
35253
35299
35325
35345
35371
35393
35385
35407
35423
35435
35443
35434
35441
35447
35481
35500
35495
35480
35473
35470
35457
35414
35420
35399
35370
35358
35347
35329
35324
35293
35295
35263
35266
35265
35269
35263
35277
35317
35329
35303
35326
35353
35363
35383
35401
35430
35447
35448
35469
35479
35497
35507
35486
35473
35455
35473
35477
35467
35452
35433
35417
35390
35346
35323
35334
35301
35291
35304
35305
35303
35283
35295
35287
35279
35295
35298
35318
35303
35305
35344
35370
35385
35404
35417
35395
35421
35434
35427
35438
35433
35435
35443
35441
35426
35416
35397
35387
35373
35335
35339
35342
35303
35304
35327
35316
35311
35272
35268
35283
35265
35291
35275
35287
35292
35313
35309
35311
35325
35339
35329
35323
35339
35351
35377
35381
35360
35341
35377
35417
35423
35419
35431
35425
35399
35387
35366
35385
35375
35381
35374
35391
35359
35357
35373
35367
35367
35396
35380
35409
35397
35395
35387
35389
35378
35393
35409
35385
35380
35367
35355
35369
35395
35359
35361
35396
35397
35399
35391
35363
35367
35367
35346
35350
35383
35389
35384
35395
35411
35394
35409
35405
35423
35401
35398
35380
35398
35385
35415
35401
35381
35407
35399
35377
35371
35367
35351
35349
35339
35330
35322
35335
35335
35325
35335
35345
35364
35358
35351
35367
35365
35371
35375
35391
35418
35423
35397
35405
35429
35415
35403
35427
35433
35449
35449
35433
35402
35399
35409
35399
35391
35357
35359
35349
35315
35320
35319
35320
35306
35320
35313
35296
35307
35326
35320
35335
35307
35303
35361
35391
35383
35383
35418
35408
35422
35428
35415
35431
35444
35452
35442
35435
35407
35399
35393
35399
35397
35399
35387
35377
35365
35347
35340
35331
35309
35301
35295
35297
35335
35312
35307
35303
35313
35317
35327
35340
35333
35361
35367
35370
35391
35404
35425
35425
35407
35405
35436
35421
35416
35399
35415
35419
35407
35371
35373
35359
35368
35337
35325
35323
35323
35315
35306
35319
35307
35324
35287
35278
35307
35325
35319
35329
35365
35347
35337
35344
35373
35391
35413
35401
35405
35427
35427
35409
35407
35415
35393
35383
35395
35399
35386
35452
35461
35398
35411
35440
35434
35396
35388
35390
35425
35407
35395
35415
35415
35389
35406
35407
35416
35419
35428
35437
35441
35454
35433
35439
35455
35451
35447
35451
35477
35461
35472
35490
35471
35469
35442
35435
35445
35427
35442
35434
35422
35408
35409
35388
35400
35397
35377
35367
35361
35411
35396
35399
35400
35393
35393
35417
35437
35439
35417
35401
35413
35430
35439
35416
35395
35435
35429
35429
35418
35439
35445
35425
35406
35423
35433
35415
35399
35406
35401
35391
35402
35407
35391
35389
35393
35379
35392
35401
35407
35413
35396
35393
35383
35378
35367
35378
35383
35380
35355
35355
35357
35355
35358
35371
35369
35367
35375
35386
35372
35369
35367
35389
35385
35370
35397
35426
35391
35391
35409
35422
35407
35402
35415
35423
35383
35389
35392
35383
35387
35379
35397
35399
35395
35359
35335
35349
35336
35327
35306
35314
35325
35315
35334
35327
35333
35333
35341
35333
35328
35354
35347
35363
35385
35385
35390
35395
35411
35393
35403
35435
35429
35399
35399
35421
35423
35419
35389
35391
35381
35373
35377
35347
35349
35346
35329
35321
35306
35301
35323
35298
35271
35319
35291
35297
35319
35338
35339
35347
35356
35368
35367
35381
35411
35415
35421
35420
35414
35421
35448
35443
35453
35445
35423
35406
35409
35402
35393
35387
35370
35358
35335
35327
35330
35293
35286
35287
35293
35325
35306
35305
35325
35299
35315
35319
35306
35337
35358
35367
35371
35389
35378
35397
35407
35444
35428
35429
35403
35402
35407
35399
35402
35412
35410
35392
35367
35387
35361
35354
35319
35331
35335
35311
35328
35332
35315
35327
35307
35288
35296
35311
35321
35330
35349
35333
35346
35380
35361
35362
35369
35386
35381
35407
35410
35415
35391
35415
35419
35393
35405
35407
35387
35383
35375
35351
35361
35359
35359
35354
35343
35335
35360
35333
35335
35327
35323
35334
35403
35325
35345
35343
35336
35319
35326
35335
35355
35343
35353
35362
35332
35335
35383
35418
35408
35399
35409
35406
35393
35413
35431
35407
35405
35408
35423
35435
35415
35406
35391
35383
35389
35407
35407
35417
35400
35377
35393
35397
35389
35395
35379
35399
35379
35375
35353
35367
35409
35396
35371
35384
35368
35375
35381
35383
35405
35394
35388
35399
35397
35387
35400
35399
35403
35413
35411
35421
35433
35443
35442
35431
35432
35407
35397
35417
35409
35394
35383
35393
35375
35395
35399
35375
35388
35383
35366
35357
35363
35359
35343
35331
35356
35375
35391
35389
35407
35391
35399
35400
35403
35436
35456
35467
35465
35445
35445
35448
35430
35424
35395
35389
35417
35419
35407
35388
35372
35381
35357
35343
35319
35289
35316
35318
35291
35303
35301
35314
35315
35323
35319
35327
35357
35325
35344
35371
35358
35389
35399
35414
35415
35433
35437
35436
35444
35447
35444
35419
35409
35415
35423
35397
35411
35397
35388
35383
35366
35370
35350
35315
35304
35305
35329
35336
35323
35335
35335
35303
35297
35305
35331
35319
35339
35357
35362
35359
35355
35385
35393
35383
35412
35383
35420
35418
35405
35409
35414
35416
35412
35401
35387
35369
35355
35338
35343
35343
35337
35358
35335
35317
35321
35327
35327
35299
35283
35303
35313
35312
35299
35319
35323
35344
35325
35343
35361
35353
35351
35350
35361
35381
35394
35391
35395
35395
35407
35407
35398
35399
35385
35394
35400
35365
35379
35366
35359
35352
35353
35363
35361
35351
35359
35351
35319
35319
35327
35303
35271
35310
35342
35357
35359
35343
35335
35327
35334
35350
35361
35351
35377
35369
35352
35372
35396
35387
35405
35385
35383
35394
35409
35379
35372
35367
35357
35377
35390
35385
35409
35421
35401
35379
35383
35375
35363
35372
35381
35379
35379
35384
35379
35369
35361
35340
35349
35353
35343
35359
35401
35378
35374
35369
35359
35350
35367
35383
35392
35411
35407
35412
35405
35397
35410
35423
35425
35407
35383
35391
35397
35397
35383
35385
35383
35391
35378
35351
35354
35347
35335
35337
35338
35331
35337
35323
35309
35336
35327
35322
35319
35343
35334
35344
35371
35387
35380
35375
35379
35405
35429
35431
35435
35440
35441
35454
35431
35415
35428
35431
35417
35400
35417
35383
35373
35360
35381
35377
35381
35351
35351
35347
35306
35297
35307
35315
35339
35316
35335
35303
35300
35309
35305
35331
35356
35379
35391
35385
35378
35409
35399
35419
35418
35393
35411
35426
35430
35419
35416
35414
35431
35410
35394
35383
35371
35339
35353
35351
35339
35332
35314
35316
35307
35326
35320
35317
35320
35305
35299
35350
35338
35354
35351
35361
35384
35377
35380
35372
35372
35386
35399
35434
35422
35415
35399
35413
35412
35406
35404
35389
35385
35384
35375
35367
35365
35349
35340
35313
35321
35323
35297
35310
35323
35321
35323
35313
35309
35327
35323
35329
35321
35319
35338
35379
35357
35366
35379
35351
35377
35407
35394
35393
35396
35407
35389
35383
35371
35377
35398
35375
35351
35379
35393
35379
35342
35349
35353
35343
35352
35355
35359
35358
35352
35357
35348
35341
35333
35354
35330
35349
35339
35343
35335
35343
35337
35349
35383
35391
35362
35369
35389
35391
35361
35372
35385
35377
35402
35391
35356
35355
35373
35389
35367
35369
35367
35383
35376
35383
35343
35352
35351
35357
35340
35342
35365
35366
35348
35329
35329
35327
35299
35331
35398
35391
35405
35412
35423
35420
35426
35405
35426
35442
35442
35440
35438
35469
35487
35483
35471
35467
35457
35452
35434
35451
35441
35430
35427
35457
35445
35417
35419
35433
35398
35391
35375
35379
35360
35353
35383
35381
35363
35392
35379
35370
35367
35391
35388
35405
35405
35411
35397
35425
35451
35448
35451
35485
35481
35483
35473
35450
35468
35472
35453
35440
35431
35434
35437
35437
35425
35397
35383
35395
35385
35380
35357
35371
35366
35359
35354
35355
35361
35356
35346
35335
35364
35373
35383
35397
35476
35431
35429
35415
35430
35423
35423
35421
35428
35463
35448
35452
35464
35457
35445
35417
35454
35441
35420
35401
35411
35403
35421
35393
35401
35400
35391
35382
35392
35386
35364
35363
35357
35385
35387
35371
35391
35379
35381
35383
35411
35397
35419
35431
35426
35427
35423
35430
35435
35447
35445
35437
35442
35427
35413
35423
35423
35423
35397
35407
35399
35385
35410
35402
35432
35421
35398
35414
35377
35367
35372
35381
35389
35385
35389
35395
35383
35387
35361
35372
35353
35380
35397
35444
35444
35446
35464
35446
35453
35431
35448
35480
35476
35487
35540
35537
35533
35509
35499
35513
35473
35470
35499
35469
35461
35439
35464
35485
35454
35452
35445
35463
35464
35423
35419
35422
35435
35425
35422
35435
35419
35415
35430
35452
35455
35444
35457
35455
35435
35439
35446
35461
35442
35425
35429
35434
35419
35447
35458
35467
35441
35443
35423
35415
35395
35396
35377
35411
35408
35397
35368
35395
35399
35375
35355
35379
35373
35384
35359
35376
35369
35380
35398
35380
35369
35381
35377
35367
35365
35354
35366
35373
35429
35415
35383
35393
35419
35414
35399
35397
35419
35416
35415
35414
35424
35393
35370
35376
35399
35383
35355
35375
35389
35383
35383
35363
35358
35355
35383
35381
35364
35347
35355
35351
35359
35351
35369
35371
35369
35370
35369
35385
35396
35395
35394
35402
35377
35415
35405
35396
35391
35385
35399
35369
35361
35385
35372
35359
35353
35347
35353
35353
35341
35347
35307
35314
35336
35343
35337
35326
35343
35383
35420
35419
35442
35418
35409
35429
35447
35463
35473
35493
35503
35525
35516
35501
35494
35507
35483
35478
35478
35473
35485
35497
35491
35473
35440
35440
35431
35429
35431
35416
35415
35412
35417
35395
35399
35385
35413
35418
35405
35401
35403
35413
35423
35399
35391
35425
35426
35418
35423
35431
35423
35420
35446
35446
35428
35406
35433
35453
35437
35444
35423
35433
35415
35435
35436
35407
35398
35395
35402
35411
35384
35371
35374
35381
35389
35359
35371
35373
35414
35423
35395
35406
35431
35437
35429
35447
35463
35461
35471
35459
35452
35445
35451
35455
35453
35378
35441
35432
35439
35447
35447
35447
35447
35439
35452
35437
35449
35452
35435
35457
35433
35433
35426
35403
35413
35413
35391
35394
35399
35394
35391
35373
35385
35409
35385
35391
35391
35358
35393
35378
35389
35387
35396
35393
35368
35363
35384
35396
35399
35410
35398
35429
35417
35402
35408
35415
35407
35415
35407
35378
35378
35410
35375
35376
35379
35386
35367
35369
35333
35339
35365
35333
35340
35319
35322
35321
35311
35309
35323
35331
35337
35331
35339
35333
35321
35359
35371
35367
35335
35353
35368
35386
35427
35428
35437
35415
35411
35420
35424
35419
35440
35450
35439
35457
35459
35459
35447
35438
35435
35420
35437
35433
35426
35409
35417
35407
35415
35431
35441
35414
35429
35454
35437
35421
35437
35450
35460
35447
35438
35452
35477
35477
35457
35471
35455
35459
35441
35435
35448
35439
35441
35425
35391
35407
35405
35383
35390
35415
35383
35363
35375
35385
35395
35387
35394
35394
35395
35401
35399
35413
35417
35386
35411
35417
35415
35388
35371
35372
35375
35377
35397
35421
35431
35402
35384
35400
35405
35389
35369
35391
35369
35341
35388
35383
35361
35329
35353
35353
35364
35339
35327
35361
35360
35341
35355
35367
35365
35343
35319
35328
35359
35359
35336
35338
35359
35353
35319
35321
35357
35364
35337
35323
35354
35327
35318
35321
35329
35326
35317
35331
35373
35362
35343
35343
35354
35348
35343
35355
35342
35319
35306
35318
35334
35322
35291
35315
35317
35323
35296
35305
35329
35311
35309
35333
35333
35319
35326
35312
35309
35343
35327
35337
35333
35328
35327
35348
35375
35363
35378
35359
35366
35387
35369
35343
35351
35340
35349
35337
35331
35333
35335
35325
35309
35307
35286
35303
35291
35279
35293
35283
35276
35290
35304
35293
35270
35275
35298
35301
35313
35303
35335
35335
35350
35355
35359
35373
35389
35351
35375
35349
35341
35351
35344
35367
35375
35358
35313
35329
35327
35303
35325
35301
35285
35305
35310
35320
35301
35297
35301
35288
35302
35311
35337
35321
35328
35316
35323
35357
35360
35338
35342
35363
35362
35398
35356
35354
35368
35353
35371
35360
35345
35352
35349
35355
35343
35311
35335
35327
35332
35331
35302
35313
35287
35299
35293
35297
35299
35307
35299
35284
35319
35332
35331
35342
35339
35357
35352
35373
35389
35383
35383
35403
35401
35415
35389
35393
35375
35373
35366
35391
35387
35380
35347
35364
35382
35354
35342
35357
35359
35355
35361
35345
35353
35363
35352
35347
35357
35343
35345
35352
35365
35361
35345
35361
35365
35365
35383
35342
35349
35359
35343
35359
35367
35380
35364
35367
35379
35367
35385
35367
35382
35374
35374
35357
35367
35361
35363
35343
35338
35366
35381
35362
35347
35374
35376
35352
35351
35361
35355
35357
35368
35355
35339
35349
35344
35344
35342
35365
35336
35350
35355
35355
35355
35368
35371
35371
35377
35358
35368
35407
35391
35390
35396
35356
35361
35367
35370
35371
35359
35351
35347
35346
35356
35361
35359
35359
35335
35316
35311
35330
35339
35343
35323
35343
35348
35325
35351
35347
35334
35331
35335
35339
35326
35332
35340
35339
35347
35359
35363
35373
35397
35389
35378
35383
35388
35397
35381
35371
35383
35367
35370
35378
35350
35336
35360
35341
35339
35359
35365
35353
35325
35323
35337
35325
35343
35352
35343
35335
35341
35355
35351
35347
35342
35339
35347
35359
35350
35354
35383
35396
35359
35359
35365
35381
35399
35382
35372
35377
35386
35367
35387
35370
35366
35352
35339
35324
35316
35319
35306
35311
35336
35355
35363
35334
35327
35329
35343
35363
35366
35338
35348
35348
35361
35367
35375
35370
35405
35405
35389
35381
35412
35407
35391
35393
35379
35378
35354
35375
35387
35345
35354
35347
35324
35343
35350
35338
35338
35347
35349
35316
35330
35330
35355
35338
35324
35339
35361
35342
35346
35363
35375
35389
35389
35371
35382
35359
35351
35369
35367
35374
35351
35353
35347
35331
35355
35342
35337
35336
35373
35484
35479
35471
35469
35481
35473
35479
35468
35483
35505
35483
35496
35503
35506
35496
35495
35528
35515
35509
35504
35480
35483
35496
35498
35496
35493
35501
35480
35479
35485
35483
35499
35491
35484
35489
35485
35506
35487
35466
35462
35447
35469
35477
35477
35448
35449
35447
35471
35455
35465
35486
35479
35465
35463
35479
35447
35455
35445
35443
35444
35431
35462
35457
35440
35447
35459
35453
35461
35452
35442
35461
35455
35445
35441
35440
35455
35453
35427
35468
35535
35510
35502
35510
35509
35507
35481
35491
35499
35497
35486
35509
35507
35501
35479
35494
35495
35478
35463
35491
35478
35483
35483
35476
35480
35469
35472
35495
35471
35476
35466
35497
35504
35487
35505
35507
35495
35472
35487
35499
35512
35493
35495
35487
35483
35448
35471
35479
35459
35437
35431
35430
35441
35423
35412
35415
35410
35435
35404
35398
35424
35406
35423
35433
35422
35439
35451
35462
35487
35473
35463
35469
35495
35494
35478
35495
35485
35497
35495
35465
35480
35489
35474
35460
35457
35444
35444
35445
35433
35447
35405
35388
35389
35423
35415
35393
35381
35408
35397
35384
35414
35409
35428
35426
35417
35421
35434
35434
35424
35457
35439
35443
35458
35451
35439
35460
35443
35453
35435
35443
35430
35430
35430
35431
35406
35411
35405
35385
35360
35396
35386
35383
35385
35366
35365
35360
35351
35361
35367
35358
35363
35369
35367
35351
35366
35362
35395
35375
35381
35367
35376
35379
35354
35345
35379
35360
35366
35369
35361
35382
35357
35351
35335
35353
35364
35355
35383
35372
35383
35384
35367
35368
35381
35374
35376
35345
35357
35343
35337
35326
35360
35335
35335
35383
35383
35360
35364
35359
35349
35334
35349
35365
35347
35325
35349
35367
35367
35357
35345
35370
35362
35350
35367
35390
35379
35409
35397
35412
35409
35391
35398
35389
35383
35387
35363
35372
35345
35348
35363
35344
35360
35353
35347
35329
35336
35339
35303
35301
35337
35344
35359
35327
35375
35351
35327
35338
35371
35357
35379
35367
35401
35368
35377
35392
35411
35399
35399
35408
35419
35403
35395
35408
35389
35387
35379
35380
35372
35365
35367
35349
35327
35345
35343
35334
35332
35319
35333
35354
35365
35355
35357
35359
35343
35333
35337
35348
35374
35387
35380
35372
35381
35397
35387
35368
35381
35409
35381
35372
35388
35371
35389
35389
35379
35390
35374
35347
35341
35349
35349
35358
35323
35334
35345
35343
35339
35337
35352
35339
35311
35307
35375
35383
35361
35364
35362
35377
35387
35369
35395
35392
35390
35395
35397
35391
35375
35379
35386
35390
35383
35374
35372
35367
35350
35363
35359
35359
35373
35376
35371
35367
35354
35338
35351
35371
35351
35332
35333
35313
35331
35360
35347
35351
35353
35362
35381
35389
35379
35352
35358
35377
35360
35395
35365
35395
35391
35367
35357
35386
35378
35382
35378
35371
35359
35362
35375
35351
35359
35372
35359
35364
35350
35352
35332
35339
35361
35361
35347
35364
35363
35351
35362
35385
35384
35359
35346
35367
35377
35365
35369
35356
35385
35399
35360
35363
35390
35391
35387
35384
35378
35363
35383
35384
35367
35400
35393
35361
35381
35368
35374
35345
35348
35339
35321
35317
35345
35335
35323
35312
35344
35356
35332
35339
35323
35351
35372
35359
35371
35358
35331
35340
35358
35338
35345
35361
35364
35400
35410
35427
35442
35442
35410
35408
35392
35409
35412
35385
35379
35405
35402
35397
35396
35390
35377
35375
35370
35355
35359
35379
35377
35378
35380
35389
35357
35367
35387
35389
35368
35383
35396
35379
35377
35394
35406
35418
35423
35426
35420
35413
35401
35417
35425
35396
35420
35403
35419
35407
35414
35407
35417
35383
35374
35368
35351
35365
35387
35383
35377
35388
35369
35373
35372
35357
35341
35362
35392
35389
35377
35359
35375
35383
35379
35383
35399
35409
35399
35410
35417
35399
35418
35425
35433
35416
35421
35429
35415
35387
35360
35363
35375
35389
35352
35363
35381
35367
35328
35341
35349
35348
35355
35349
35326
35355
35357
35352
35354
35377
35379
35378
35367
35395
35369
35388
35409
35404
35414
35400
35407
35397
35398
35413
35405
35409
35395
35397
35392
35389
35371
35351
35358
35363
35367
35367
35349
35365
35351
35357
35343
35357
35351
35369
35367
35344
35375
35409
35387
35401
35395
35376
35386
35381
35385
35368
35368
35376
35381
35389
35409
35382
35388
35391
35375
35379
35394
35375
35370
35388
35371
35376
35368
35373
35355
35370
35354
35352
35359
35363
35355
35335
35367
35349
35344
35369
35368
35363
35367
35360
35352
35359
35367
35371
35374
35361
35367
35366
35347
35383
35395
35397
35366
35383
35388
35393
35360
35354
35365
35354
35359
35364
35388
35381
35373
35381
35363
35357
35340
35346
35325
35327
35350
35361
35349
35345
35331
35332
35335
35332
35351
35324
35335
35332
35319
35339
35335
35317
35350
35361
35384
35371
35371
35344
35365
35360
35355
35384
35401
35395
35373
35383
35367
35370
35363
35355
35369
35353
35339
35360
35397
35395
35369
35359
35371
35368
35368
35351
35349
35367
35367
35361
35397
35400
35366
35350
35379
35394
35410
35404
35415
35414
35401
35403
35421
35431
35418
35434
35425
35425
35420
35421
35399
35391
35378
35383
35365
35375
35365
35341
35348
35361
35348
35353
35357
35355
35360
35332
35359
35377
35367
35347
35348
35383
35359
35375
35391
35385
35390
35383
35381
35394
35401
35391
35405
35415
35414
35420
35424
35412
35410
35415
35412
35393
35406
35396
35397
35379
35372
35360
35356
35366
35371
35367
35367
35360
35368
35377
35393
35379
35384
35370
35393
35393
35389
35398
35405
35399
35401
35375
35390
35379
35395
35391
35391
35398
35396
35414
35389
35391
35399
35401
35405
35391
35375
35389
35380
35387
35367
35385
35407
35414
35482
35385
35387
35359
35367
35374
35391
35371
35373
35377
35375
35366
35361
35394
35408
35401
35403
35400
35422
35394
35393
35414
35388
35398
35412
35391
35400
35411
35431
35416
35407
35391
35383
35371
35392
35408
35418
35395
35390
35381
35372
35369
35377
35357
35375
35386
35377
35355
35348
35344
35369
35362
35354
35374
35376
35367
35399
35373
35391
35383
35391
35395
35390
35403
35403
35388
35408
35369
35393
35401
35396
35387
35388
35390
35415
35383
35369
35359
35399
35408
35365
35379
35366
35369
35359
35353
35358
35363
35328
35351
35372
35403
35390
35383
35376
35375
35408
35399
35375
35369
35383
35367
35389
35391
35372
35389
35394
35386
35383
35393
35386
35394
35377
35369
35367
35365
35385
35395
35385
35398
35383
35363
35385
35391
35365
35358
35353
35342
35381
35373
35351
35338
35365
35342
35333
35355
35359
35355
35348
35378
35463
35461
35449
35439
35464
35478
35498
35500
35487
35493
35460
35465
35483
35481
35448
35446
35483
35452
35444
35440
35441
35469
35428
35415
35431
35425
35417
35401
35403
35422
35398
35403
35399
35415
35417
35419
35418
35428
35443
35416
35431
35449
35437
35473
35444
35455
35447
35447
35458
35461
35442
35423
35433
35442
35451
35447
35439
35425
35421
35433
35413
35408
35445
35417
35407
35415
35409
35391
35385
35373
35401
35425
35395
35402
35400
35388
35403
35389
35424
35427
35421
35423
35417
35436
35433
35445
35447
35428
35433
35445
35457
35455
35431
35422
35439
35445
35445
35434
35431
35412
35398
35402
35409
35403
35416
35392
35360
35360
35381
35387
35367
35375
35399
35361
35371
35387
35390
35395
35415
35407
35419
35429
35432
35433
35413
35411
35409
35419
35412
35407
35439
35410
35413
35412
35407
35421
35425
35415
35397
35398
35409
35407
35384
35379
35391
35380
35381
35379
35382
35374
35386
35411
35405
35419
35412
35367
35361
35395
35398
35401
35391
35400
35395
35383
35359
35372
35385
35387
35392
35405
35399
35425
35415
35404
35401
35416
35411
35405
35403
35392
35411
35413
35399
35369
35391
35405
35398
35387
35383
35379
35383
35356
35364
35374
35377
35352
35385
35379
35381
35381
35373
35372
35359
35363
35378
35405
35383
35388
35389
35393
35415
35416
35412
35421
35426
35431
35437
35434
35410
35391
35403
35415
35413
35402
35382
35401
35395
35417
35397
35366
35367
35371
35371
35388
35383
35374
35363
35351
35369
35387
35383
35375
35376
35373
35362
35391
35398
35416
35393
35389
35423
35406
35414
35419
35411
35418
35405
35387
35375
35387
35379
35380
35412
35383
35383
35400
35383
35399
35404
35385
35396
35398
35377
35387
35377
35393
35385
35395
35411
35400
35417
35412
35426
35427
35435
35420
35413
35431
35403
35393
35415
35418
35429
35424
35405
35415
35399
35399
35413
35425
35420
35394
35389
35373
35373
35380
35383
35426
35397
35399
35399
35389
35405
35387
35385
35373
35378
35406
35395
35375
35371
35394
35403
35415
35388
35380
35403
35381
35403
35404
35405
35408
35413
35413
35413
35417
35391
35393
35399
35417
35409
35399
35378
35389
35400
35393
35422
35412
35403
35399
35389
35390
35365
35383
35403
35377
35375
35392
35370
35377
35384
35389
35415
35397
35388
35391
35417
35407
35403
35403
35407
35381
35410
35417
35399
35379
35404
35418
35421
35415
35385
35405
35415
35403
35409
35399
35393
35392
35392
35404
35411
35388
35376
35391
35384
35388
35389
35396
35384
35399
35375
35368
35366
35375
35364
35383
35396
35387
35387
35375
35381
35390
35389
35404
35408
35403
35395
35421
35422
35424
35399
35399
35385
35383
35381
35387
35402
35380
35381
35383
35387
35371
35374
35378
35357
35337
35341
35373
35359
35375
35388
35369
35365
35377
35376
35377
35375
35371
35367
35383
35398
35417
35395
35392
35413
35399
35396
35397
35415
35409
35404
35389
35392
35394
35391
35399
35406
35378
35369
35371
35386
35354
35358
35356
35347
35370
35350
35357
35369
35375
35361
35345
35367
35379
35365
35354
35369
35383
35410
35395
35390
35395
35392
35399
35405
35387
35387
35399
35385
35387
35368
35377
35373
35405
35361
35357
35383
35383
35382
35389
35373
35367
35367
35397
35370
35385
35369
35367
35365
35385
35375
35351
35365
35407
35439
35409
35423
35431
35405
35416
35419
35405
35415
35417
35429
35419
35422
35446
35437
35437
35431
35417
35441
35406
35399
35414
35411
35385
35399
35420
35420
35410
35405
35396
35407
35415
35403
35415
35399
35377
35393
35387
35383
35392
35417
35395
35423
35399
35384
35399
35429
35407
35383
35428
35413
35433
35419
35423
35413
35412
35410
35401
35403
35409
35399
35413
35405
35399
35407
35399
35399
35392
35374
35399
35399
35381
35389
35406
35389
35388
35382
35397
35385
35370
35365
35383
35427
35411
35385
35412
35431
35427
35399
35400
35439
35426
35429
35432
35406
35429
35437
35429
35388
35405
35415
35397
35377
35367
35389
35381
35394
35370
35347
35351
35406
35403
35367
35371
35370
35373
35392
35403
35407
35412
35398
35398
35399
35383
35377
35385
35402
35399
35381
35407
35417
35436
35429
35411
35418
35407
35418
35440
35423
35423
35397
35395
35432
35423
35389
