40675
40687
40679
40688
40685
40687
40684
40687
40698
40699
40700
40707
40711
40713
40720
40721
40729
40729
40734
40734
40735
40741
40739
40743
40741
40737
40733
40737
40735
40729
40725
40721
40713
40716
40709
40704
40699
40695
40687
40684
40680
40681
40679
40681
40685
40683
40681
40683
40687
40687
40697
40703
40705
40705
40705
40715
40719
40719
40727
40729
40730
40734
40732
40727
40731
40733
40735
40733
40727
40719
40723
40712
40710
40711
40707
40698
40695
40693
40688
40685
40679
40683
40686
40678
40682
40679
40679
40686
40684
40692
40695
40699
40700
40709
40710
40719
40722
40726
40727
40730
40733
40734
40735
40733
40733
40735
40735
40735
40739
40733
40724
40726
40721
40719
40714
40706
40706
40700
40699
40695
40693
40689
40687
40687
40688
40686
40683
40685
40687
40687
40694
40698
40703
40706
40707
40706
40715
40717
40736
40735
40732
40737
40742
40737
40742
40741
40740
40739
40741
40742
40739
40731
40729
40722
40722
40716
40709
40709
40703
40692
40691
40693
40690
40682
40683
40687
40687
40683
40683
40688
40693
40693
40692
40700
40702
40705
40707
40712
40715
40724
40725
40727
40731
40735
40734
40735
40733
40733
40735
40739
40735
40730
40721
40721
40716
40713
40717
40711
40705
40701
40693
40691
40687
40691
40689
40688
40684
40683
40680
40683
40684
40689
40688
40693
40702
40705
40705
40715
40715
40717
40723
40727
40737
40738
40736
40743
40741
40742
40735
40742
40738
40731
40732
40731
40723
40723
40713
40713
40705
40702
40694
40695
40691
40685
40681
40685
40684
40679
40679
40675
40675
40683
40687
40689
40691
40698
40703
40705
40705
40712
40719
40720
40728
40729
40720
40727
40730
40733
40736
40739
40737
40730
40726
40728
40723
40724
40715
40715
40703
40700
40697
40695
40695
40687
40683
40685
40684
40679
40679
40680
40682
40683
40687
40694
40695
40701
40699
40700
40709
40711
40722
40727
40727
40733
40731
40728
40734
40733
40737
40741
40738
40738
40733
40727
40724
40721
40717
40710
40710
40711
40701
40694
40687
40690
40688
40689
40687
40680
40681
40689
40685
40686
40689
40692
40692
40695
40695
40699
40711
40711
40717
40719
40719
40729
40734
40731
40732
40735
40737
40729
40736
40737
40729
40723
40723
40721
40725
40717
40711
40711
40708
40703
40705
40699
40691
40691
40691
40693
40689
40680
40681
40681
40689
40692
40691
40698
40697
40698
40700
40707
40711
40711
40719
40721
40727
40721
40726
40729
40734
40735
40734
40735
40736
40733
40725
40727
40726
40719
40719
40715
40713
40709
40705
40699
40696
40694
40691
40690
40687
40689
40689
40680
40687
40688
40692
40692
40697
40699
40703
40701
40711
40711
40714
40724
40727
40731
40729
40727
40735
40735
40735
40735
40738
40731
40727
40729
40725
40720
40717
40719
40715
40705
40698
40699
40691
40693
40687
40685
40683
40684
40679
40680
40681
40684
40686
40687
40692
40689
40694
40697
40700
40706
40713
40718
40721
40727
40727
40728
40732
40735
40734
40732
40735
40739
40730
40733
40728
40639
40722
40720
40711
40707
40708
40702
40697
40695
40689
40694
40690
40693
40685
40684
40685
40688
40683
40689
40692
40695
40692
40696
40705
40711
40712
40717
40719
40724
40727
40727
40729
40735
40729
40732
40737
40735
40730
40727
40727
40719
40719
40721
40715
40709
40705
40699
40695
40697
40694
40693
40691
40693
40686
40691
40689
40689
40687
40687
40695
40695
40695
40696
40699
40711
40719
40714
40724
40721
40716
40722
40725
40729
40727
40728
40733
40739
40735
40729
40728
40728
40724
40723
40719
40719
40715
40703
40710
40703
40696
40695
40694
40691
40695
40691
40684
40686
40691
40685
40690
40691
40695
40692
40695
40702
40703
40712
40719
40721
40722
40720
40727
40732
40730
40733
40743
40740
40735
40735
40731
40729
40733
40728
40725
40720
40721
40720
40708
40705
40702
40695
40692
40691
40691
40687
40685
40685
40690
40689
40690
40695
40699
40695
40695
40703
40705
40707
40717
40717
40722
40721
40721
40725
40727
40733
40736
40735
40741
40733
40733
40732
40735
40727
40725
40721
40725
40716
40709
40710
40701
40705
40701
40695
40691
40687
40683
40687
40689
40689
40684
40687
40689
40688
40693
40694
40697
40699
40709
40711
40718
40718
40717
40725
40729
40727
40724
40731
40737
40735
40735
40735
40734
40723
40727
40725
40719
40711
40703
40705
40703
40707
40700
40694
40695
40684
40681
40685
40680
40687
40687
40689
40690
40687
40687
40693
40697
40701
40699
40702
40713
40714
40717
40721
40721
40728
40733
40728
40732
40733
40732
40733
40735
40727
40723
40724
40725
40725
40709
40711
40709
40709
40701
40697
40698
40695
40687
40687
40687
40686
40687
40686
40685
40687
40695
40695
40695
40705
40702
40711
40712
40719
40716
40718
40730
40733
40730
40735
40731
40735
40735
40737
40732
40733
40729
40731
40732
40732
40719
40720
40718
40714
40711
40708
40711
40704
40695
40694
40694
40695
40697
40695
40702
40702
40705
40704
40709
40714
40715
40717
40721
40727
40730
40729
40729
40735
40739
40739
40740
40745
40745
40738
40743
40745
40743
40738
40739
40736
40732
40731
40727
40719
40723
40720
40714
40711
40710
40703
40705
40707
40711
40699
40708
40711
40709
40713
40708
40718
40721
40726
40727
40731
40733
40735
40735
40737
40741
40743
40747
40748
40746
40745
40747
40745
40743
40743
40748
40739
40735
40738
40727
40723
40727
40725
40721
40717
40714
40706
40699
40709
40709
40700
40703
40700
40706
40708
40708
40707
40712
40713
40717
40719
40717
40725
40729
40730
40733
40740
40739
40741
40747
40745
40744
40744
40743
40746
40741
40741
40736
40729
40728
40721
40719
40719
40716
40708
40710
40702
40698
40697
40700
40699
40699
40695
40697
40695
40605
40694
40702
40707
40711
40711
40712
40719
40719
40724
40729
40730
40729
40731
40739
40736
40738
40735
40737
40734
40731
40735
40727
40727
40724
40720
40712
40711
40711
40701
40699
40697
40692
40690
40686
40689
40688
40686
40684
40684
40688
40689
40692
40693
40702
40707
40703
40708
40706
40712
40716
40723
40719
40727
40733
40733
40728
40729
40728
40732
40734
40729
40729
40726
40721
40720
40711
40711
40705
40705
40703
40703
40693
40694
40689
40693
40693
40689
40691
40689
40691
40697
40696
40700
40701
40697
40710
40711
40712
40715
40717
40719
40724
40726
40729
40728
40728
40731
40733
40735
40729
40731
40728
40728
40723
40720
40719
40718
40715
40711
40706
40711
40703
40700
40695
40695
40695
40694
40696
40697
40693
40687
40698
40697
40695
40697
40699
40705
40705
40708
40714
40719
40723
40725
40733
40729
40727
40727
40729
40729
40731
40730
40730
40730
40729
40725
40721
40714
40712
40711
40713
40708
40703
40701
40699
40697
40693
40693
40687
40687
40694
40695
40695
40691
40695
40697
40701
40700
40709
40708
40709
40713
40719
40725
40729
40733
40732
40728
40731
40737
40733
40731
40736
40737
40735
40728
40729
40727
40777
40719
40711
40710
40709
40703
40701
40700
40694
40695
40698
40696
40695
40688
40693
40693
40693
40695
40699
40706
40717
40711
40741
40711
40720
40723
40727
40727
40730
40733
40737
40735
40737
40734
40736
40734
40737
40728
40727
40724
40727
40719
40721
40715
40713
40707
40707
40703
40697
40699
40697
40695
40696
40691
40692
40695
40699
40701
40705
40707
40711
40711
40710
40713
40715
40720
40723
40727
40728
40732
40731
40737
40736
40732
40735
40738
40735
40731
40727
40723
40726
40717
40712
40710
40711
40703
40695
40697
40693
40691
40686
40687
40684
40683
40681
40687
40687
40688
40688
40689
40693
40697
40699
40699
40707
40711
40713
40719
40726
40722
40719
40722
40725
40721
40721
40723
40724
40724
40720
40712
40713
40711
40705
40703
40700
40699
40691
40694
40691
40686
40687
40683
40684
40685
40679
40679
40683
40686
40693
40691
40695
40697
40694
40701
40708
40706
40707
40710
40714
40717
40717
40717
40720
40721
40721
40725
40722
40721
40719
40719
40713
40718
40709
40709
40703
40706
40695
40695
40693
40692
40687
40692
40691
40687
40687
40685
40686
40681
40685
40686
40686
40693
40695
40693
40700
40703
40702
40707
40711
40714
40713
40714
40719
40719
40720
40723
40720
40720
40717
40711
40713
40711
40711
40713
40711
40710
40699
40697
40695
40690
40691
40695
40690
40690
40694
40689
40685
40687
40688
40686
40689
40696
40695
40697
40701
40703
40707
40706
40705
40711
40714
40714
40716
40719
40721
40722
40721
40727
40723
40725
40728
40729
40725
40721
40725
40722
40726
40723
40721
40719
40720
40715
40717
40731
40735
40735
40737
40745
40752
40753
40761
40774
40798
40810
40820
40836
40843
40845
40861
40877
40889
40897
40907
40915
40933
40946
40957
40956
40959
40952
40959
40969
40969
40978
40987
40993
40995
40988
40985
40981
40983
40985
40985
40986
41001
41007
41006
41017
41023
41039
41054
41069
41085
41095
41111
41125
41128
41143
41165
41173
41185
41183
41191
41190
41184
41175
41183
41197
41202
41197
41189
41182
41180
41170
41167
41163
41167
41161
41151
41140
41139
41130
41129
41132
41122
41123
41126
41133
41133
41138
41136
41133
41131
41137
41143
41153
41166
41170
41175
41179
41175
41162
41147
41143
41133
41133
41119
41108
41097
41093
41079
41062
41048
41026
41005
40984
40977
40967
40955
40948
40929
40916
40899
40880
40856
40835
40818
40813
40809
40811
40814
40817
40817
40811
40806
40807
40801
40807
40799
40806
40811
40810
40813
40817
40820
40815
40811
40813
40807
40804
40796
40795
40792
40795
40787
40779
40769
40765
40758
40748
40746
40742
40730
40723
40714
40703
40690
40683
40683
40684
40679
40679
40680
40682
40685
40687
40677
40670
40669
40673
40683
40691
40702
40705
40707
40711
40715
40705
40703
40700
40699
40705
40712
40719
40725
40730
40737
40731
40723
40713
40709
40709
40708
40705
40703
40709
40705
40695
40693
40683
40679
40681
40676
40675
40675
40679
40683
40685
40685
40691
40692
40693
40694
40697
40706
40711
40713
40705
40715
40719
40717
40713
40711
40722
40727
40729
40732
40730
40723
40717
40711
40714
40711
40710
40714
40710
40710
40701
40695
40695
40685
40678
40681
40679
40681
40682
40692
40694
40695
40701
40700
40695
40691
40686
40695
40701
40713
40715
40718
40723
40723
40722
40718
40710
40712
40715
40719
40726
40729
40731
40729
40728
40721
40719
40709
40696
40695
40699
40699
40702
40701
40693
40689
40689
40693
40684
40676
40687
40685
40688
40693
40695
40701
40702
40700
40702
40705
40708
40707
40712
40713
40718
40719
40715
40716
40714
40719
40721
40725
40727
40723
40726
40725
40716
40714
40715
40705
40708
40703
40706
40699
40695
40693
40691
40690
40681
40682
40673
40676
40683
40692
40701
40705
40701
40699
40700
40700
40696
40697
40703
40710
40715
40721
40721
40719
40721
40719
40723
40719
40717
40711
40720
40724
40718
40716
40718
40714
40711
40700
40695
40693
40689
40693
40692
40691
40691
40685
40681
40682
40679
40679
40683
40689
40694
40695
40701
40701
40702
40703
40706
40705
40708
40712
40717
40719
40720
40721
40724
40719
40719
40713
40716
40716
40721
40724
40722
40715
40714
40709
40697
40695
40691
40683
40689
40685
40688
40683
40684
40686
40685
40686
40679
40679
40688
40692
40699
40704
40707
40705
40711
40709
40711
40707
40709
40715
40715
40719
40725
40729
40731
40719
40717
40715
40715
40720
40718
40715
40717
40711
40706
40702
40692
40694
40689
40687
40685
40685
40685
40689
40689
40683
40681
40693
40687
40695
40685
40695
40704
40703
40711
40715
40719
40715
40717
40719
40721
40726
40729
40731
40733
40734
40735
40731
40731
40729
40725
40733
40733
40732
40729
40725
40723
40717
40715
40712
40715
40713
40709
40711
40717
40717
40719
40721
40725
40722
40724
40725
40728
40728
40738
40747
40752
40759
40755
40759
40759
40759
40763
40763
40770
40771
40773
40767
40770
40778
40772
40773
40767
40761
40762
40764
40757
40761
40756
40753
40756
40750
40750
40743
40747
40745
40751
40747
40748
40747
40746
40747
40749
40753
40757
40756
40763
40765
40766
40765
40768
40777
40781
40782
40787
40787
40787
40788
40797
40792
40790
40793
40791
40789
40789
40785
40782
40784
40781
40774
40775
40769
40765
40757
40751
40751
40744
40745
40750
40747
40745
40738
40743
40742
40742
40736
40739
40744
40743
40754
40759
40761
40766
40761
40763
40773
40776
40774
40777
40779
40785
40787
40791
40787
40789
40781
40781
40777
40777
40775
40774
40771
40763
40759
40755
40751
40750
40740
40734
40733
40732
40723
40719
40714
40716
40712
40708
40711
40713
40707
40711
40713
40716
40714
40723
40726
40725
40730
40733
40744
40747
40749
40753
40764
40759
40762
40761
40762
40759
40761
40759
40763
40759
40751
40747
40741
40736
40731
40722
40716
40711
40706
40693
40692
40685
40683
40681
40678
40674
40670
40665
40674
40679
40679
40682
40685
40689
40695
40697
40706
40711
40719
40721
40731
40740
40737
40737
40742
40744
40751
40755
40748
40747
40745
40735
40729
40731
40727
40716
40708
40703
40696
40685
40682
40679
40671
40665
40666
40657
40659
40661
40659
40663
40663
40668
40677
40681
40692
40694
40702
40705
40718
40730
40733
40743
40756
40753
40755
40758
40759
40759
40761
40761
40758
40747
40744
40739
40731
40722
40713
40711
40709
40694
40690
40681
40685
40674
40680
40675
40677
40675
40681
40683
40688
40697
40710
40718
40733
40735
40747
40759
40767
40775
40776
40792
40795
40801
40807
40814
40811
40809
40807
40797
40799
40789
40783
40776
40771
40759
40750
40741
40730
40721
40712
40703
40701
40701
40695
40691
40694
40692
40695
40697
40701
40708
40713
40715
40725
40731
40737
40745
40751
40758
40759
40766
40769
40767
40770
40769
40779
40767
40760
40760
40753
40747
40735
40729
40726
40719
40716
40709
40702
40700
40695
40687
40681
40676
40679
40679
40681
40682
40683
40689
40694
40697
40701
40711
40708
40711
40717
40718
40727
40735
40732
40733
40740
40738
40736
40735
40738
40736
40736
40736
40731
40730
40717
40719
40717
40712
40705
40703
40699
40694
40687
40687
40686
40683
40683
40679
40680
40684
40685
40685
40689
40690
40691
40695
40699
40701
40699
40703
40709
40711
40711
40719
40724
40725
40727
40725
40728
40727
40727
40723
40727
40730
40725
40723
40722
40721
40719
40719
40711
40710
40703
40699
40699
40700
40688
40691
40689
40686
40679
40673
40678
40681
40683
40680
40689
40690
40695
40689
40695
40699
40706
40712
40714
40723
40729
40726
40733
40728
40732
40735
40740
40736
40737
40737
40731
40735
40728
40723
40720
40713
40713
40706
40702
40697
40691
40687
40685
40681
40676
40671
40676
40674
40677
40677
40678
40683
40691
40691
40693
40699
40699
40707
40712
40723
40727
40729
40731
40734
40735
40741
40745
40742
40739
40735
40731
40733
40729
40727
40720
40715
40712
40697
40693
40691
40687
40684
40679
40679
40675
40672
40673
40671
40673
40673
40673
40682
40687
40688
40693
40700
40711
40711
40713
40719
40727
40731
40735
40740
40745
40743
40743
40745
40743
40737
40733
40730
40729
40724
40719
40719
40705
40695
40694
40687
40682
40679
40676
40679
40672
40671
40666
40673
40677
40677
40679
40683
40692
40694
40701
40705
40713
40717
40722
40726
40729
40732
40733
40739
40736
40748
40741
40738
40740
40735
40722
40731
40725
40717
40712
40711
40708
40703
40699
40697
40694
40689
40687
40687
40683
40681
40678
40687
40695
40695
40695
40705
40707
40713
40713
40719
40726
40729
40743
40744
40750
40756
40753
40753
40754
40760
40759
40762
40765
40761
40758
40756
40758
40755
40748
40747
40745
40743
40738
40738
40737
40733
40734
40735
40732
40731
40729
40729
40735
40735
40734
40735
40737
40743
40740
40744
40743
40749
40751
40751
40758
40759
40756
40758
40766
40769
40768
40769
40767
40767
40759
40757
40755
40753
40746
40745
40745
40741
40733
40723
40722
40722
40719
40712
40713
40716
40706
40705
40707
40703
40707
40709
40712
40713
40711
40709
40715
40722
40727
40727
40732
40736
40737
40738
40741
40743
40747
40753
40754
40751
40749
40745
40747
40745
40745
40741
40733
40735
40734
40723
40722
40716
40709
40711
40705
40699
40695
40692
40697
40698
40695
40695
40698
40705
40704
40699
40702
40708
40714
40719
40725
40733
40735
40741
40745
40751
40751
40759
40756
40753
40752
40747
40743
40743
40745
40743
40735
40734
40727
40722
40716
40711
40703
40697
40695
40693
40685
40680
40687
40683
40685
40687
40690
40688
40694
40697
40703
40710
40713
40719
40725
40729
40735
40738
40741
40754
40758
40756
40753
40751
40750
40745
40749
40748
40742
40737
40730
40725
40718
40710
40704
40703
40695
40687
40691
40687
40686
40684
40679
40681
40683
40680
40679
40687
40693
40695
40695
40703
40710
40713
40717
40725
40729
40735
40743
40747
40745
40746
40743
40743
40745
40744
40734
40733
40732
40727
40724
40715
40714
40711
40699
40699
40690
40693
40695
40691
40687
40686
40681
40679
40687
40688
40687
40693
40695
40697
40695
40701
40709
40713
40717
40719
40722
40732
40731
40735
40734
40740
40741
40735
40737
40735
40733
40731
40734
40727
40722
40717
40720
40718
40702
40703
40699
40696
40695
40695
40693
40691
40688
40691
40687
40694
40693
40691
40690
40695
40694
40699
40703
40709
40714
40717
40724
40729
40727
40728
40731
40735
40733
40735
40737
40738
40735
40735
40735
40730
40727
40728
40723
40722
40720
40719
40717
40718
40712
40713
40708
40711
40701
40701
40710
40709
40713
40713
40711
40705
40707
40711
40720
40727
40729
40731
40735
40743
40740
40746
40750
40755
40753
40752
40753
40760
40762
40761
40760
40761
40754
40752
40753
40750
40747
40737
40735
40733
40729
40729
40727
40725
40720
40713
40716
40718
40715
40719
40713
40713
40719
40728
40727
40732
40743
40742
40744
40754
40757
40756
40763
40767
40771
40767
40775
40779
40782
40779
40776
40773
40769
40763
40758
40756
40754
40748
40744
40739
40735
40729
40725
40714
40707
40703
40703
40705
40699
40703
40702
40710
40711
40711
40712
40719
40719
40721
40723
40737
40743
40752
40752
40759
40760
40762
40759
40760
40773
40767
40765
40764
40765
40764
40757
40751
40747
40737
40733
40729
40723
40719
40713
40711
40709
40701
40697
40691
40689
40693
40695
40696
40699
40697
40697
40710
40713
40716
40720
40723
40733
40736
40739
40748
40749
40753
40754
40747
40755
40754
40751
40758
40749
40747
40743
40743
40740
40729
40716
40715
40713
40711
40705
40705
40704
40695
40691
40693
40693
40693
40687
40694
40697
40699
40707
40703
40706
40711
40722
40726
40725
40724
40731
40741
40747
40746
40750
40754
40759
40752
40747
40752
40745
40743
40737
40733
40732
40733
40727
40725
40723
40716
40712
40703
40708
40702
40695
40699
40700
40695
40701
40699
40700
40698
40700
40705
40711
40715
40713
40719
40727
40723
40725
40735
40733
40741
40743
40741
40747
40748
40746
40742
40743
40743
40751
40744
40743
40743
40735
40729
40729
40726
40711
40709
40703
40701
40701
40701
40700
40697
40696
40691
40692
40693
40689
40697
40700
40697
40700
40699
40711
40715
40713
40712
40714
40723
40723
40729
40738
40733
40737
40742
40741
40737
40740
40740
40735
40737
40733
40726
40725
40720
40715
40711
40709
40703
40701
40694
40689
40688
40685
40681
40680
40685
40682
40675
40680
40683
40687
40690
40697
40701
40703
40709
40713
40711
40716
40719
40727
40733
40741
40737
40742
40748
40743
40739
40739
40734
40733
40725
40723
40729
40723
40716
40715
40705
40697
40694
40693
40688
40683
40681
40685
40684
40684
40686
40682
40685
40687
40693
40695
40701
40705
40708
40717
40720
40723
40725
40730
40740
40743
40741
40745
40743
40745
40741
40743
40742
40735
40725
40723
40723
40719
40711
40711
40711
40700
40691
40691
40687
40683
40688
40679
40681
40687
40679
40681
40691
40691
40692
40695
40701
40709
40711
40713
40718
40729
40727
40730
40730
40733
40735
40738
40740
40741
40741
40738
40735
40734
40729
40719
40721
40722
40717
40709
40705
40711
40702
40694
40688
40687
40685
40683
40689
40689
40690
40687
40689
40691
40691
40695
40701
40703
40709
40711
40711
40715
40716
40722
40730
40733
40731
40729
40732
40735
40741
40742
40735
40733
40731
40729
40727
40722
40717
40713
40715
40711
40705
40703
40701
40695
40695
40691
40689
40694
40691
40690
40689
40688
40698
40702
40696
40702
40707
40706
40709
40718
40726
40727
40731
40730
40734
40730
40729
40733
40736
40730
40735
40741
40741
40733
40730
40734
40732
40721
40719
40711
40713
40709
40711
40703
40703
40694
40697
40697
40696
40689
40691
40695
40697
40683
40687
40695
40693
40697
40691
40693
40701
40705
40709
40713
40720
40718
40720
40718
40725
40727
40727
40729
40729
40722
40721
40720
40723
40715
40714
40709
40703
40701
40697
40690
40687
40683
40680
40678
40680
40677
40673
40671
40675
40677
40673
40683
40687
40687
40690
40695
40696
40696
40700
40710
40713
40719
40722
40722
40727
40729
40727
40727
40731
40729
40720
40719
40717
40714
40709
40711
40707
40703
40695
40686
40687
40684
40683
40682
40683
40683
40675
40673
40671
40681
40621
40681
40685
40690
40692
40694
40699
40706
40713
40715
40719
40727
40727
40727
40737
40740
40740
40735
40737
40740
40735
40733
40729
40733
40731
40723
40723
40717
40712
40709
40705
40701
40696
40696
40699
40698
40695
40693
40691
40690
40691
40701
40703
40706
40711
40721
40725
40723
40729
40735
40735
40736
40745
40742
40747
40752
40753
40751
40755
40751
40747
40742
40739
40736
40731
40737
40731
40727
40720
40711
40714
40711
40711
40714
40703
40705
40703
40698
40699
40708
40708
40709
40713
40711
40713
40718
40724
40722
40727
40732
40735
40741
40738
40741
40743
40747
40743
40743
40747
40749
40749
40744
40744
40739
40731
40737
40739
40738
40733
40729
40729
40727
40727
40725
40729
40725
40726
40725
40722
40729
40732
40731
40733
40733
40727
40737
40746
40743
40751
40753
40761
40760
40758
40760
40767
40771
40769
40774
40776
40783
40781
40780
40783
40781
40777
40774
40771
40771
40773
40764
40760
40757
40755
40753
40752
40746
40741
40737
40734
40735
40733
40733
40728
40730
40729
40727
40725
40724
40727
40727
40730
40732
40737
40735
40733
40733
40736
40733
40728
40733
40738
40730
40733
40731
40726
40731
40723
40718
40722
40719
40713
40711
40711
40706
40698
40695
40697
40697
40685
40682
40688
40691
40688
40687
40697
40693
40689
40695
40696
40695
40697
40698
40705
40713
40711
40710
40711
40714
40713
40717
40717
40719
40713
40719
40719
40716
40715
40712
40708
40701
40696
40696
40695
40697
40694
40699
40694
40694
40688
40683
40683
40687
40686
40687
40691
40693
40691
40691
40692
40699
40698
40697
40701
40708
40712
40714
40720
40721
40721
40720
40723
40721
40719
40727
40719
40723
40725
40717
40725
40726
40718
40713
40715
40712
40713
40714
40711
40711
40715
40720
40719
40716
40713
40717
40719
40726
40723
40724
40727
40733
40732
40740
40744
40739
40743
40745
40749
40751
40757
40760
40759
40759
40756
40753
40751
40752
40755
40755
40754
40753
40752
40741
40740
40735
40735
40731
40733
40733
40726
40722
40725
40727
40723
40720
40721
40721
40720
40707
40713
40721
40718
40724
40723
40724
40723
40720
40727
40728
40726
40729
40735
40738
40733
40728
40733
40739
40742
40743
40743
40748
40748
40747
40748
40752
40755
40751
40751
40754
40757
40757
40755
40752
40754
40762
40762
40761
40762
40755
40759
40753
40762
40764
40767
40767
40772
40776
40783
40776
40783
40788
40791
40795
40794
40795
40799
40801
40803
40801
40799
40801
40797
40797
40791
40793
40796
40793
40791
40791
40789
40776
40781
40775
40766
40766
40767
40757
40756
40749
40746
40743
40745
40740
40743
40737
40739
40737
40743
40737
40743
40742
40739
40745
40745
40751
40749
40750
40755
40757
40759
40762
40763
40761
40757
40758
40757
40759
40753
40751
40749
40745
40743
40743
40737
40737
40731
40733
40733
40727
40721
40723
40723
40725
40723
40723
40725
40727
40721
40724
40728
40733
40739
40743
40754
40749
40743
40753
40761
40761
40761
40769
40771
40771
40774
40773
40773
40775
40770
40769
40773
40774
40774
40769
40763
40757
40761
40763
40763
40755
40750
40751
40747
40750
40749
40742
40744
40746
40737
40739
40744
40745
40747
40746
40743
40746
40743
40742
40745
40745
40753
40751
40751
40751
40741
40741
40740
40741
40740
40737
40737
40734
40731
40727
40719
40719
40720
40719
40716
40716
40713
40705
40703
40708
40705
40701
40705
40707
40703
40701
40706
40703
40705
40706
40713
40709
40709
40708
40710
40709
40711
40712
40713
40711
40715
40711
40711
40712
40712
40715
40712
40713
40711
40708
40711
40715
40707
40706
40707
40707
40703
40702
40701
40701
40700
40700
40699
40692
40693
40699
40697
40699
40699
40705
40706
40703
40705
40702
40705
40711
40709
40707
40715
40720
40720
40711
40719
40717
40722
40725
40718
40715
40717
40717
40716
40714
40713
40711
40716
40711
40707
40701
40699
40698
40696
40696
40693
40696
40701
40695
40695
40695
40701
40703
40703
40711
40708
40708
40709
40710
40715
40722
40722
40725
40723
40724
40722
40728
40725
40723
40725
40723
40720
40720
40719
40713
40711
40708
40711
40708
40709
40705
40696
40695
40695
40693
40697
40696
40696
40696
40693
40697
40705
40698
40703
40707
40712
40715
40713
40715
40725
40723
40719
40723
40725
40727
40723
40719
40727
40723
40724
40724
40727
40717
40711
40710
40713
40711
40712
40710
40706
40703
40697
40699
40695
40693
40698
40699
40700
40699
40698
40702
40702
40705
40703
40709
40712
40711
40713
40717
40716
40716
40713
40717
40719
40724
40719
40712
40716
40719
40719
40718
40716
40716
40710
40709
40711
40703
40702
40707
40708
40703
40706
40701
40702
40699
40699
40696
40697
40700
40698
40699
40704
40703
40707
40706
40713
40711
40704
40706
40711
40715
40717
40711
40716
40717
40718
40712
40717
40720
40723
40719
40711
40718
40718
40713
40710
40706
40708
40709
40707
40707
40703
40701
40699
40700
40699
40703
40700
40699
40697
40694
40695
40699
40697
40703
40699
40703
40696
40697
40695
40701
40709
40706
40709
40712
40715
40712
40715
40715
40717
40717
40721
40721
40717
40705
40711
40712
40711
40713
40712
40707
40708
40701
40699
40704
40701
40703
40700
40704
40702
40692
40695
40693
40697
40702
40699
40703
40707
40710
40703
40703
40709
40707
40712
40712
40713
40716
40719
40721
40717
40718
40720
40719
40718
40721
40722
40721
40715
40717
40713
40713
40710
40708
40703
40698
40703
40705
40699
40698
40707
40700
40695
40700
40699
40702
40706
40703
40706
40708
40709
40710
40720
40719
40719
40723
40721
40723
40727
40725
40727
40729
40722
40723
40723
40723
40719
40719
40720
40721
40719
40712
40715
40712
40708
40705
40703
40700
40703
40699
40703
40703
40700
40698
40702
40703
40706
40706
40711
40710
40708
40711
40713
40720
40723
40723
40719
40724
40723
40723
40728
40729
40729
40723
40724
40721
40718
40723
40717
40717
40718
40715
40711
40711
40709
40708
40705
40703
40702
40704
40703
40707
40699
40704
40705
40706
40705
40709
40713
40713
40711
40715
40791
40719
40710
40719
40718
40719
40714
40714
40713
40714
40715
40716
40717
40715
40712
40707
40706
40711
40706
40707
40703
40704
40699
40701
40697
40701
40695
40698
40701
40699
40698
40705
40705
40706
40703
40705
40711
40707
40709
40713
40712
40716
40718
40723
40725
40724
40721
40722
40731
40727
40728
40731
40729
40733
40734
40731
40732
40735
40732
40727
40729
40735
40732
40731
40731
40732
40735
40733
40734
40734
40736
40740
40735
40741
40743
40743
40743
40746
40746
40747
40746
40753
40746
40748
40747
40753
40747
40748
40751
40751
40751
40750
40743
40744
40747
40742
40743
40743
40737
40733
40730
40727
40785
40719
40718
40716
40713
40713
40711
40710
40705
40711
40715
40711
40711
40709
40715
40719
40721
40721
40722
40723
40730
40734
40736
40742
40743
40746
40746
40748
40751
40755
40759
40757
40751
40748
40752
40751
40749
40743
40743
40741
40738
40735
40735
40731
40729
40727
40727
40727
40729
40730
40727
40727
40732
40729
40737
40736
40747
40748
40747
40751
40759
40759
40761
40765
40768
40773
40773
40781
40775
40779
40785
40781
40776
40777
40775
40774
40775
40775
40765
40770
40767
40761
40754
40754
40751
40747
40749
40745
40748
40747
40748
40753
40754
40757
40753
40762
40766
40761
40766
40773
40775
40779
40783
40783
40788
40792
40790
40788
40792
40789
40786
40789
40787
40789
40783
40786
40782
40773
40768
40769
40761
40759
40756
40751
40741
40740
40732
40732
40737
40733
40727
40727
40725
40725
40716
40723
40719
40720
40722
40727
40725
40727
40723
40733
40728
40729
40727
40731
40733
40729
40733
40738
40741
40736
40731
40735
40735
40731
40727
40730
40729
40724
40722
40723
40717
40718
40711
40708
40703
40703
40697
40699
40696
40697
40693
40692
40693
40685
40686
40688
40685
40688
40696
40689
40693
40695
40694
40692
40701
40708
40705
40703
40711
40710
40711
40710
40708
40715
40715
40711
40717
40716
40715
40716
40707
40711
40706
40702
40700
40701
40695
40693
40695
40691
40691
40690
40683
40687
40685
40679
40683
40687
40688
40684
40695
40697
40699
40700
40700
40697
40703
40703
40708
40713
40715
40715
40718
40727
40722
40719
40721
40713
40715
40712
40716
40710
40716
40710
40704
40705
40699
40697
40689
40693
40691
40688
40689
40687
40691
40691
40687
40691
40691
40689
40691
40697
40702
40703
40701
40708
40707
40707
40711
40717
40715
40712
40715
40711
40713
40717
40714
40717
40713
40711
40709
40710
40711
40711
40707
40703
40705
40698
40697
40695
40689
40685
40687
40688
40689
40687
40686
40687
40689
40686
40689
40691
40691
40692
40701
40706
40704
40706
40711
40712
40716
40715
40708
40711
40718
40721
40721
40721
40720
40713
40711
40708
40712
40707
40703
40707
40705
40705
40700
40695
40695
40693
40690
40695
40694
40692
40685
40690
40693
40695
40697
40705
40697
40701
40703
40706
40711
40711
40708
40712
40720
40720
40715
40719
40725
40720
40725
40722
40725
40721
40717
40711
40711
40711
40709
40710
40703
40711
40708
40702
40705
40703
40692
40695
40691
40695
40696
40699
40703
40698
40702
40700
40699
40702
40701
40702
40704
40711
40711
40716
40718
40718
40716
40715
40719
40719
40714
40716
40712
40715
40719
40718
40717
40719
40712
40717
40713
40712
40707
40709
40703
40703
40698
40699
40695
40692
40692
40689
40690
40689
40691
40693
40697
40693
40691
40695
40699
40700
40699
40701
40702
40707
40711
40712
40706
40711
40712
40717
40716
40719
40719
40715
40715
40715
40711
40710
40708
40704
40701
40701
40701
40696
40697
40697
40701
40694
40689
40685
40687
40689
40687
40686
40693
40695
40695
40695
40697
40698
40699
40696
40703
40710
40711
40712
40717
40722
40717
40718
40726
40721
40717
40718
40719
40719
40717
40714
40711
40711
40709
40703
40701
40704
40699
40695
40697
40693
40689
40689
40692
40693
40690
40687
40691
40691
40695
40701
40706
40705
40708
40711
40707
40713
40717
40711
40711
40723
40721
40718
40722
40727
40719
40719
40719
40719
40721
40711
40701
40705
40702
40699
40696
40696
40689
40685
40685
40689
40688
40684
40681
40683
40692
40687
40690
40691
40693
40696
40695
40702
40705
40698
40703
40705
40709
40711
40711
40709
40716
40716
40711
40711
40713
40710
40711
40712
40713
40713
40711
40708
40707
40701
40701
40695
40700
40695
40689
40695
40693
40693
40686
40689
40681
40693
40693
40689
40690
40688
40699
40701
40703
40705
40705
40711
40714
40712
40701
40709
40713
40711
40715
40719
40717
40719
40713
40712
40714
40713
40709
40710
40705
40710
40709
40711
40705
40703
40703
40697
40695
40695
40695
40697
40696
40697
40693
40693
40695
40692
40697
40701
40703
40703
40705
40711
40715
40718
40717
40716
40716
40719
40719
40719
40719
40719
40717
40715
40715
40718
40716
40711
40716
40716
40711
40706
40702
40703
40699
40697
40697
40698
40693
40695
40694
40692
40689
40694
40695
40691
40695
40695
40606
40703
40701
40702
40709
40711
40713
40715
40717
40715
40717
40713
40721
40721
40724
40724
40718
40723
40718
40713
40713
40709
40703
40702
40703
40703
40700
40701
40695
40700
40693
40685
40690
40687
40687
40687
40689
40687
40692
40693
40700
40695
40697
40701
40704
40707
40703
40711
40716
40717
40721
40719
40719
40719
40719
40713
40719
40718
40715
40713
40713
40711
40705
40703
40709
40701
40698
40696
40695
40695
40690
40690
40693
40693
40693
40687
40687
40695
40693
40694
40700
40695
40697
40696
40702
40703
40709
40711
40716
40718
40719
40714
40720
40719
40721
40719
40725
40724
40721
40717
40713
40717
40711
40712
40706
40709
40711
40707
40701
40702
40706
40697
40696
40698
40699
40700
40696
40699
40704
40703
40703
40702
40708
40707
40707
40712
40719
40716
40714
40720
40725
40725
40724
40723
40727
40725
40723
40727
40725
40721
40718
40715
40715
40715
40711
40709
40707
40705
40703
40705
40699
40702
40697
40696
40695
40697
40699
40698
40701
40701
40705
40705
40705
40702
40708
40709
40710
40711
40711
40713
40716
40715
40714
40714
40719
40718
40710
40717
40715
40715
40712
40711
40711
40717
40712
40711
40713
40711
40702
40704
40703
40702
40699
40699
40702
40705
40700
40699
40702
40703
40700
40699
40702
40711
40705
40703
40705
40707
40711
40712
40712
40713
40711
40709
40717
40721
40717
40719
40724
40723
40717
40719
40718
40718
40714
40713
40711
40712
40713
40713
40711
40709
40706
40703
40703
40703
40698
40702
40701
40702
40703
40697
40704
40702
40699
40704
40708
40709
40710
40707
40709
40715
40713
40715
40719
40725
40725
40722
40721
40720
40720
40716
40708
40710
40710
40711
40711
40706
40703
40701
40701
40702
40694
40693
40695
40701
40694
40694
40694
40695
40694
40691
40689
40691
40695
40697
40701
40703
40699
40703
40707
40703
40701
40703
40712
40711
40711
40709
40711
40711
40711
40711
40711
40709
40703
40702
40707
40699
40702
40697
40696
40697
40694
40689
40688
40687
40690
40693
40691
40685
40689
40683
40683
40691
40692
40688
40694
40695
40699
40699
40703
40703
40708
40711
40711
40711
40713
40705
40711
40715
40717
40715
40713
40711
40709
40705
40700
40696
40695
40700
40699
40697
40696
40695
40692
40689
40689
40691
40693
40691
40689
40686
40690
40691
40693
40691
40696
40698
40699
40695
40700
40705
40705
40706
40708
40711
40713
40705
40705
40707
40709
40707
40705
40710
40706
40701
40700
40702
40703
40698
40700
40703
40700
40696
40693
40693
40695
40694
40695
40698
40694
40696
40694
40694
40694
40692
40694
40698
40701
40699
40694
40699
40700
40703
40709
40709
40711
40705
40705
40707
40713
40710
40710
40711
40710
40707
40702
40705
40702
40701
40701
40700
40705
40700
40695
40695
40693
40697
40692
40692
40693
40690
40687
40692
40690
40693
40693
40695
40697
40697
40692
40695
40699
40707
40705
40703
40711
40706
40703
40711
40711
40708
40708
40708
40711
40711
40707
40705
40705
40708
40699
40696
40700
40700
40694
40694
40693
40690
40691
40692
40691
40695
40693
40689
40691
40692
40693
40690
40695
40701
40694
40701
40702
40702
40703
40708
40706
40707
40710
40709
40709
40716
40715
40713
40711
40711
40703
40710
40711
40707
40700
40702
40703
40702
40699
40691
40695
40695
40693
40691
40692
40693
40695
40692
40693
40691
40687
40690
40693
40695
40697
40697
40702
40703
40702
40707
40708
40709
40708
40710
40713
40711
40711
40711
40709
40710
40707
40708
40707
40711
40706
40701
40702
40701
40697
40695
40694
40689
40695
40693
40692
40689
40688
40685
40691
40692
40696
40697
40699
40701
40701
40696
40699
40695
40702
40705
40709
40708
40711
40706
40707
40711
40707
40709
40711
40713
40711
40711
40709
40706
40707
40702
40703
40702
40701
40695
40698
40691
40693
40693
40693
40692
40693
40695
40691
40692
40691
40691
40691
40696
40695
40694
40700
40697
40699
40703
40703
40707
40703
40709
40710
40703
40709
40707
40709
40711
40714
40710
40705
40709
40704
40703
40699
40699
40699
40698
40695
40693
40695
40693
40693
40693
40693
40689
40689
40695
40691
40695
40699
40700
40699
40696
40703
40697
40701
40697
40705
40711
40708
40707
40710
40711
40712
40715
40713
40713
40713
40715
40708
40710
40770
40707
40711
40706
40707
40709
40700
40700
40699
40702
40698
40694
40695
40698
40687
40697
40693
40696
40693
40697
40699
40698
40695
40699
40697
40703
40699
40706
40706
40709
40702
40698
40707
40711
40705
40711
40711
40713
40709
40705
40705
40709
40705
40706
40708
40700
40693
40702
40701
40696
40695
40696
40697
40699
40699
40695
40692
40696
40695
40701
40696
40701
40697
40697
40695
40703
40705
40711
40710
40712
40710
40712
40712
40711
40715
40715
40719
40719
40718
40711
40709
40716
40719
40713
40710
40711
40705
40701
40703
40701
40701
40701
40698
40696
40696
40694
40687
40693
40689
40694
40699
40703
40697
40699
40699
40701
40701
40703
40709
40709
40706
40707
40705
40711
40714
40713
40714
40716
40712
40709
40711
40718
40711
40711
40709
40706
40707
40700
40699
40699
40697
40699
40693
40695
40695
40693
40687
40692
40689
40692
40695
40697
40697
40693
40695
40695
40701
40705
40703
40706
40711
40705
40709
40711
40711
40707
40711
40705
40711
40711
40709
40705
40701
40703
40703
40703
40709
40698
40695
40696
40699
40696
40695
40695
40697
40693
40689
40691
40695
40694
40691
40695
40695
40693
40697
40703
40701
40696
40702
40706
40703
40703
40702
40703
40712
40715
40711
40712
40712
40705
40707
40709
40703
40704
40707
40703
40706
40705
40700
40699
40697
40699
40698
40697
40697
40697
40699
40693
40694
40695
40695
40689
40694
40697
40694
40692
40695
40697
40699
40703
40706
40703
40703
40703
40703
40707
40711
40714
40713
40713
40713
40711
40713
40716
40712
40707
40711
40708
40705
40702
40705
40701
40699
40701
40703
40701
40693
40697
40699
40695
40694
40697
40699
40699
40699
40698
40697
40699
40701
40701
40701
40708
40702
40707
40709
40714
40711
40708
40720
40714
40711
40713
40712
40711
40709
40711
40710
40709
40701
