33173
33193
33193
33147
33132
33171
33167
33132
33173
33159
33154
33122
33151
33127
33127
33113
33153
33143
33159
33101
33114
33133
33111
33125
33111
33129
33188
33149
33128
33134
33087
33147
33171
33163
33139
33141
33133
33193
33175
33189
33200
33187
33137
33119
33121
33108
33159
33169
33158
33148
33160
33145
33167
33143
33105
33127
33155
33120
33131
33170
33149
33129
33131
33118
33057
33091
33095
33111
33149
33106
33103
33123
33103
33101
33144
33163
33139
33175
33143
33121
33167
33157
33131
33107
33125
33137
33139
33177
33161
33137
33106
33135
33106
33074
33131
33105
33100
33087
33092
33109
33105
33142
33090
33079
33089
33095
33111
33148
33159
33153
33147
33190
33181
33095
33087
33153
33174
33145
33121
33127
33117
33188
33159
33159
33118
33123
33169
33122
33123
33150
33156
33172
33151
33140
33103
33104
33130
33131
33104
33142
33111
33081
33078
33111
33133
33082
33095
33151
33147
33112
33079
33121
33127
33114
33185
33187
33159
33156
33147
33161
33170
33191
33208
33175
33134
33161
33167
33174
33164
33141
33178
33147
33135
33151
33196
33169
33201
33165
33084
33151
33175
33127
33155
33140
33114
33146
33149
33143
33167
33105
33162
33180
33131
33129
33091
33128
33146
33169
33158
33149
33173
33161
33128
33150
33176
33165
33175
33215
33141
33135
33133
33167
33153
33159
33159
33191
33175
33161
33127
33127
33173
33105
33115
33129
33114
33101
33124
33167
33170
33173
33125
33171
33157
33143
33143
33173
33141
33177
33181
33138
33111
33124
33174
33205
33127
33159
33171
33184
33171
33175
33164
33119
33111
33128
33150
33145
33217
33169
33179
33167
33169
33162
33159
33198
33158
33127
33149
33117
33113
33138
33157
33123
33172
33193
33201
33204
33168
33135
33144
33195
33187
33178
33199
33182
33186
33183
33178
33135
33193
33190
33161
33165
33159
33178
33171
33151
33140
33149
33166
33185
33173
33135
33128
33135
33154
33191
33184
33151
33161
33153
33183
33217
33169
33173
33150
33136
33117
33129
33191
33192
33207
33185
33175
33165
33163
33147
33151
33199
33193
33165
33153
33165
33159
33167
33185
33151
33155
33181
33153
33138
33191
33167
33131
33163
33157
33135
33133
33083
33129
33175
33203
33115
33133
33149
33137
33159
33102
33071
33085
33082
33123
33155
33131
33173
33184
33195
33161
33165
33196
33195
33149
33165
33181
33157
33145
33191
33186
33146
33145
33144
33184
33203
33159
33182
33170
33164
33151
33123
33131
33170
33149
33161
33169
33139
33116
33134
33177
33212
33160
33119
33157
33169
33140
33166
33211
33192
33172
33179
33165
33196
33185
33143
33105
33151
33163
33204
33159
33158
33169
33170
33194
33165
33129
33116
33168
33133
33121
33143
33125
33142
33109
33125
33141
33137
33139
33182
33181
33175
33135
33173
33151
33108
33174
33194
33179
33177
33192
33161
33160
33187
33146
33147
33111
33159
33141
33177
33157
33132
33143
33143
33137
33177
33158
33129
33181
33168
33157
33176
33175
33145
33151
33146
33157
33139
33143
33147
33127
33164
33147
33097
33120
33145
33174
33150
33119
33151
33174
33179
33183
33212
33168
33191
33183
33169
33129
33137
33189
33189
33175
33221
33201
33176
33173
33215
33212
33194
33181
33150
33141
33135
33138
33079
33151
33167
33131
33179
33154
33205
33205
33175
33169
33193
33143
33126
33123
33159
33159
33181
33199
33173
33163
33169
33171
33210
33185
33194
33156
33169
33173
33199
33199
33187
33178
33181
33179
33139
33166
33177
33215
33175
33207
33203
33141
33154
33181
33127
33159
33187
33209
33193
33179
33219
33196
33176
33159
33185
33216
33186
33161
33200
33211
33194
33177
33191
33187
33143
33168
33172
33181
33167
33163
33148
33161
33161
33167
33127
33183
33189
33172
33161
33141
33175
33111
33172
33187
33143
33159
33193
33169
33193
33161
33149
33127
33140
33171
33175
33155
33151
33161
33154
33148
33167
33147
33184
33197
33165
33127
33153
33127
33122
33175
33165
33160
33166
33153
33156
33143
33167
33160
33137
33139
33168
33167
33127
33099
33105
33131
33173
33144
33145
33151
33137
33142
33163
33157
33134
33163
33189
33179
33174
33164
33161
33135
33188
33228
33155
33158
33185
33168
33175
33224
33200
33171
33180
33161
33191
33155
33157
33206
33221
33173
33135
33152
33149
33181
33165
33170
33167
33169
33139
33169
33167
33167
33181
33182
33158
33157
33139
33157
33156
33165
33154
33183
33223
33182
33185
33185
33162
33125
33149
33188
33137
33129
33127
33107
33160
33181
33148
33141
33171
33174
33158
33137
33117
33121
33139
33190
33167
33147
33163
33125
33104
33169
33199
33186
33155
33166
33169
33188
33151
33121
33115
33132
33103
33152
33177
33156
33173
33126
33185
33154
33157
33186
33140
33124
33098
33089
33105
33111
33151
33184
33156
33119
33084
33079
33095
33117
33127
33093
33104
33133
33101
33103
33105
33091
33091
33087
33079
33113
33139
33109
33135
33139
33153
33135
33135
33154
33181
33165
33113
33103
33097
33131
33131
33108
33166
33143
33121
33124
33133
33113
33094
33091
33091
33089
33085
33077
33082
33103
33119
33125
33143
33143
33127
33111
33151
33147
33167
33153
33173
33169
33128
33103
33095
33121
33155
33159
33164
33161
33149
33166
33155
33201
33129
33185
33226
33225
33181
33161
33128
33118
33165
33137
33181
33155
33177
33163
33185
33178
33102
33145
33145
33146
33120
33129
33142
33108
33125
33135
33121
33115
33153
33165
33203
33179
33189
33194
33159
33191
33160
33179
33177
33186
33190
33159
33207
33195
33211
33168
33164
33163
33131
33198
33155
33134
33137
33165
33171
33179
33223
33199
33185
33164
33147
33171
33139
33178
33171
33141
33154
33151
33163
33233
33203
33195
33227
33168
33175
33192
33173
33199
33193
33191
33187
33143
33205
33191
33147
33143
33183
33149
33111
33130
33167
33141
33167
33163
33131
33190
33186
33163
33145
33171
33169
33155
33169
33173
33159
33206
33187
33137
33172
33175
33161
33184
33168
33150
33136
33179
33219
33178
33206
33185
33167
33192
33128
33116
33175
33168
33149
33147
33131
33175
33143
33156
33165
33159
33157
33133
33127
33178
33199
33182
33176
33145
33187
33189
33161
33168
33155
33158
33176
33125
33141
33197
33190
33138
33179
33195
33249
33190
33175
33216
33209
33189
33199
33207
33199
33151
33169
33209
33171
33171
33158
33122
33149
33183
33197
33157
33137
33161
33149
33131
33165
33194
33169
33184
33193
33185
33166
33168
33179
33165
33215
33224
33133
33181
33189
33199
33153
33142
33198
33181
33158
33145
33191
33207
33205
33173
33149
33131
33127
33175
33171
33154
33203
33159
33167
33155
33129
33161
33196
33151
33159
33193
33175
33160
33111
33156
33131
33101
33163
33189
33183
33163
33131
33137
33188
33165
33128
33149
33173
33175
33151
33144
33141
33203
33167
33155
33175
33131
33163
33163
33177
33143
33131
33143
33156
33159
33099
33156
33167
33111
33122
33153
33168
33163
33153
33148
33150
33190
33204
33207
33193
33167
33172
33131
33101
33114
33101
33162
33175
33137
33135
33147
33137
33163
33143
33114
33089
33103
33110
33086
33061
33124
33154
33144
33120
33132
33126
33166
33162
33147
33131
33195
33159
33127
33117
33151
33154
33127
33119
33177
33175
33159
33138
33121
33155
33153
33153
33131
33145
33211
33176
33153
33146
33149
33154
33170
33145
33173
33134
33132
33143
33140
33131
33136
33169
33155
33126
33136
33115
33158
33182
33135
33145
33163
33137
33140
33126
33114
33121
33103
33092
33137
33144
33120
33173
33189
33165
33158
33158
33142
33140
33155
33136
33140
33145
33162
33121
33132
33175
33142
33157
33175
33147
33146
33141
33119
33150
33144
33129
33128
33160
33124
33089
33132
33144
33141
33159
33146
33098
33117
33105
33115
33158
33102
33111
33145
33209
33154
33135
33160
33194
33133
33131
33144
33146
33159
33119
33126
33152
33169
33175
33137
33137
33185
33151
33138
33173
33158
33113
33097
33143
33191
33185
33136
33149
33126
33125
33089
33094
33124
33165
33206
33152
33165
33153
33129
33157
33161
33144
33143
33143
33200
33159
33154
33138
33154
33171
33126
33111
33146
33229
33221
33165
33170
33137
33122
33191
33153
33115
33138
33099
33154
33207
33178
33135
33149
33177
33188
33171
33135
33157
33183
33219
33184
33201
33214
33178
33135
33141
33168
33191
33148
33168
33173
33197
33176
33192
33191
33206
33213
33186
33209
33215
33207
33161
33172
33153
33129
33137
33113
33111
33115
33105
33141
33135
33131
33214
33151
33135
33143
33095
33129
33134
33135
33150
33127
33129
33093
33095
33106
33127
33092
33117
33136
33069
33113
33155
33129
33079
33091
33130
33070
33131
33073
33067
33097
33069
33028
33059
33063
33085
33065
33055
33055
33047
33004
33030
33048
33005
33065
33082
33075
33079
33050
33033
33039
33035
33060
33081
33080
33063
33079
33057
33037
33066
33056
33032
32989
33017
33019
33023
33061
33037
32971
33019
32925
32969
32987
32967
32985
32958
32997
33015
33004
33023
33003
32986
32969
32999
33037
33031
32978
32999
33004
33023
32995
33009
33019
33032
33077
33053
33084
33082
33049
33073
33098
33129
33119
33070
33077
33045
33079
33085
33035
33068
33089
33047
33053
33038
33032
33015
33015
32989
33039
33098
33111
33085
33054
33083
33086
33071
33087
33114
33107
33126
33159
33165
33158
33136
33145
33201
33231
33249
33263
33187
33221
33221
33229
33224
33221
33239
33223
33222
33203
33195
33189
33215
33275
33265
33225
33235
33207
33171
33178
33175
33173
33209
33279
33299
33231
33206
33229
33208
33185
33179
33175
33175
33155
33229
33254
33277
33213
33237
33256
33225
33223
33271
33253
33229
33218
33225
33284
33265
33279
33272
33231
33225
33239
33208
33241
33247
33223
33236
33226
33242
33213
33208
33239
33177
33189
33254
33218
33172
33207
33219
33248
33234
33211
33266
33245
33215
33191
33209
33238
33233
33199
33182
33181
33188
33213
33198
33251
33215
33185
33191
33237
33232
33211
33200
33184
33251
33185
33251
33241
33195
33223
33233
33175
33183
33133
33169
33214
33230
33189
33239
33191
33213
33228
33203
33194
33173
33187
33178
33215
33244
33221
33228
33247
33213
33233
33183
33205
33221
33211
33199
33195
33198
33239
33217
33243
33228
33197
33206
33197
33201
33239
33209
33207
33246
33244
33179
33187
33187
33212
33206
33195
33198
33159
33154
33135
33157
33185
33159
33233
33241
33233
33257
33217
33201
33207
33184
33178
33151
33201
33207
33191
33242
33230
33179
33159
33166
33167
33185
33183
33142
33159
33201
33203
33159
33177
33223
33217
33205
33164
33163
33147
33157
33170
33191
33193
33175
33186
33191
33148
33157
33153
33175
33205
33173
33142
33186
33213
33219
33193
33205
33235
33196
33171
33194
33184
33167
33143
33157
33108
33130
33204
33145
33169
33159
33161
33160
33151
33137
33175
33168
33134
33148
33202
33186
33167
33125
33102
33138
33163
33133
33139
33156
33178
33138
33153
33143
33161
33142
33149
33167
33194
33161
33117
33138
33178
33217
33200
33223
33162
33176
33243
33199
33161
33197
33183
33165
33213
33194
33195
33165
33154
33155
33177
33157
33136
33117
33107
33153
33178
33167
33251
33201
33135
33177
33135
33155
33167
33179
33178
33160
33179
33149
33151
33150
33167
33175
33190
33151
33123
33167
33174
33163
33146
33135
33177
33219
33171
33169
33153
33201
33147
33156
33192
33169
33180
33232
33209
33156
33163
33203
33215
33224
33223
33203
33208
33187
33151
33175
33143
33158
33164
33162
33167
33178
33146
33119
33135
33133
33169
33151
33183
33189
33193
33187
33175
33185
33205
33193
33177
33151
33177
33151
33143
33112
33078
33029
33030
32991
33015
33001
32906
32921
32887
32922
32947
32996
33009
32967
32983
33012
32946
32963
32989
33054
33061
33064
33067
33063
33071
33023
33033
33095
33079
33061
33017
33036
33089
33067
33095
33067
33035
33056
33047
33083
33054
33049
33039
33105
33099
33081
33090
33067
33104
33069
33069
33145
33119
33083
33080
33087
33121
33165
33175
33135
33127
33139
33184
33170
33125
33151
33164
33188
33155
33157
33119
33127
33095
33106
33132
33118
33116
33147
33141
33116
33161
33183
33136
33095
33105
33130
33175
33164
33163
33099
33132
33217
33183
33158
33173
33137
33180
33188
33175
33175
33176
33153
33145
33185
33194
33139
33152
33160
33127
33165
33193
33173
33165
33189
33190
33153
33173
33178
33208
33151
33125
33159
33143
33153
33178
33133
33143
33140
33171
33161
33178
33161
33173
33181
33201
33207
33223
33184
33143
33212
33149
33191
33223
33175
33204
33224
33219
33197
33171
33165
33208
33169
33203
33221
33196
33223
33235
33251
33215
33223
33211
33173
33191
33185
33223
33199
33147
33193
33211
33182
33193
33175
33171
33126
33128
33159
33119
33161
33187
33187
33177
33184
33217
33184
33215
33265
33232
33282
33292
33301
33239
33239
33249
33253
33225
33195
33194
33177
33157
33201
33187
33165
33214
33203
33143
33163
33187
33186
33143
33170
33183
33171
33166
33203
33165
33208
33240
33214
33223
33236
33233
33237
33219
33250
33237
33169
33196
33215
33275
33236
33242
33258
33215
33223
33265
33215
33144
33169
33178
33165
33204
33195
33187
33159
33195
33163
33191
33189
33183
33164
33159
33157
33173
33141
33156
33193
33163
33213
33231
33193
33204
33177
33133
33207
33208
33229
33216
33194
33192
33209
33179
33175
33209
33214
33202
33209
33195
33190
33159
33181
33175
33166
33160
33157
33151
33143
33140
33151
33191
33165
33166
33210
33222
33191
33152
33159
33123
33167
33207
33169
33162
33201
33119
33153
33130
33133
33105
33111
33123
33147
33168
33180
33182
33207
33190
33170
33142
33169
33210
33239
33208
33183
33155
33161
33191
33165
33193
33158
33179
33122
33146
33167
33171
33176
33151
33107
33109
33170
33162
33147
33141
33175
33143
33138
33141
33145
33153
33151
33176
33165
33190
33168
33147
33171
33207
33217
33172
33175
33201
33138
33175
33170
33187
33176
33165
33136
33191
33169
33100
33142
33175
33167
33113
33085
33143
33131
33120
33135
33109
33126
33130
33158
33127
33147
33163
33153
33117
33197
33179
33167
33149
33148
33175
33209
33153
33174
33233
33187
33179
33175
33125
33223
33203
33181
33133
33139
33155
33127
33116
33127
33159
33105
33100
33130
33111
33146
33129
33134
33148
33123
33166
33156
33179
33171
33201
33123
33114
33155
33190
33201
33199
33169
33151
33181
33175
33151
33177
33157
33167
33141
33192
33166
33148
33153
33151
33189
33127
33115
33148
33135
33143
33151
33180
33170
33169
33179
33191
33173
33185
33116
33123
33153
33156
33141
33143
33219
33215
33207
33215
33234
33212
33167
33165
33192
33177
33173
33169
33177
33183
33210
33195
33159
33172
33187
33231
33187
33120
33103
33153
33156
33183
33201
33151
33163
33143
33191
33182
33162
33207
33218
33201
33138
33185
33159
33160
33171
33172
33149
33203
33193
33185
33160
33153
33135
33211
33199
33157
33143
33175
33153
33159
33177
33168
33181
33186
33187
33126
33193
33139
33151
33138
33138
33159
33114
33147
33190
33149
33194
33176
33171
33179
33179
33136
33116
33163
33201
33172
33182
33171
33209
33213
33214
33203
33195
33215
33202
33183
33207
33215
33212
33220
33204
33179
33199
33180
33195
33208
33247
33203
33156
33191
33195
33207
33142
33159
33175
33149
33148
33175
33171
33159
33153
33159
33134
33143
33133
33165
33151
33139
33183
33173
33196
33207
33155
33159
33176
33187
33159
33151
33152
33205
33183
33185
33165
33144
33174
33169
33158
33163
33191
33174
33195
33156
33146
33146
33177
33192
33167
33119
33109
33119
33121
33148
33143
33148
33172
33143
33137
33150
33187
33188
33173
33149
33151
33154
33115
33111
33127
33143
33122
33156
33155
33115
33171
33143
33141
33125
33100
33111
33095
33067
33075
33121
33112
33065
33083
33100
33093
33070
33091
33102
33097
33111
33093
33098
33105
33081
33071
33083
33160
33111
33107
33153
33137
33137
33167
33191
33179
33143
33175
33171
33185
33224
33140
33161
33176
33159
33162
33181
33111
33101
33137
33087
33093
33119
33113
33007
33114
33139
33145
33156
33141
33143
33175
33145
33152
33119
33165
33172
33166
33193
33185
33141
33163
33208
33185
33184
33203
33183
33229
33217
33149
33155
33177
33159
33147
33139
33134
33196
33171
33159
33153
33168
33172
33155
33157
33129
33151
33141
33153
33161
33138
33161
33159
33155
33144
33148
33209
33181
33175
33201
33201
33151
33197
33213
33167
33182
33214
33163
33129
33125
33175
33207
33188
33181
33178
33178
33159
33183
33163
33166
33131
33121
33188
33198
33167
33151
33135
33152
33178
33169
33167
33209
33241
33169
33156
33127
33179
33175
33221
33175
33149
33136
33147
33142
33120
33141
33172
33196
33168
33169
33183
33175
33144
33153
33140
33107
33152
33156
33137
33156
33192
33140
33153
33179
33193
33136
33176
33191
33175
33214
33199
33130
33138
33171
33176
33195
33184
33143
33121
33162
33151
33171
33207
33194
33181
33194
33191
33207
33207
33175
33165
33211
33177
33143
33164
33173
33220
33243
33170
33145
33177
33170
33191
33190
33170
33189
33208
33183
33129
33134
33163
33151
33159
33150
33131
33121
33157
33236
33210
33161
33125
33145
33178
33209
33229
33211
33200
33213
33194
33193
33175
33198
33219
33201
33176
33165
33173
33153
33165
33134
33121
33110
33153
33134
33130
33113
33129
33131
33112
33143
33143
33121
33055
33048
33103
33071
33059
33117
33077
33047
33061
33061
33087
33132
33151
33140
33146
33112
33097
33090
33113
33119
33105
33131
33135
33081
33116
33063
33109
33121
33104
33113
33107
33133
33153
33148
33109
33087
33076
33108
33113
33159
33153
33118
33103
33119
33102
33085
33104
33133
33095
33141
33137
33123
33170
33141
33191
33176
33122
33164
33189
33182
33175
33191
33175
33179
33204
33211
33187
33165
33165
33156
33145
33164
33181
33160
33135
33151
33141
33138
33151
33143
33159
33132
33127
33137
33175
33153
33111
33132
33159
33175
33185
33209
33171
33171
33239
33232
33199
33195
33229
33201
33157
33172
33165
33147
33164
33191
33257
33167
33148
33182
33228
33208
33180
33155
33191
33178
33131
33101
33102
33103
33137
33135
33179
33113
33153
33138
33153
33113
33140
33159
33169
33171
33159
33181
33157
33115
33107
33172
33143
33125
33138
33172
33168
33120
33147
33165
33175
33165
33177
33162
33144
33147
33158
33173
33167
33189
33205
33209
33133
33180
33221
33143
33149
33146
33106
33129
33172
33139
33149
33141
33109
33131
33136
33136
33160
33183
33185
33175
33182
33143
33186
33164
33171
33202
33207
33181
33162
33169
33175
33147
33182
33143
33175
33165
33190
33167
33191
33215
33188
33167
33181
33157
33089
33145
33143
33115
33151
33124
33187
33183
33119
33180
33176
33181
33171
33165
33175
33196
33220
33226
33196
33187
33191
33193
33143
33181
33234
33202
33179
33167
33151
33141
33129
33118
33155
33180
33155
33141
33166
33147
33163
33183
33181
33165
33155
33151
33144
33153
33155
33186
33167
33159
33159
33171
33176
33183
33146
33150
33169
33141
33143
33198
33172
33166
33151
33202
33196
33184
33175
33191
33187
33243
33188
33132
33159
33168
33172
33172
33171
33215
33216
33145
33153
33192
33219
33207
33170
33190
33205
33149
33145
33162
33180
33145
33174
33166
33185
33166
33170
33159
33149
33207
33188
33196
33182
33174
33169
33197
33155
33141
33156
33139
33125
33143
33177
33171
33093
33079
33138
33173
33117
33158
33144
33151
33151
33157
33141
33177
33181
33159
33131
33141
33161
33162
33203
33208
33193
33173
33155
33193
33205
33191
33217
33185
33192
33131
33173
33185
33182
33193
33153
33173
33177
33177
33163
33158
33159
33136
33144
33171
33173
33160
33159
33139
33171
33183
33175
33152
33147
33166
33142
33169
33163
33175
33190
33167
33181
33161
33147
33175
33176
33210
33177
33179
33223
33217
33181
33193
33184
33165
33189
33187
33187
33207
33247
33223
33189
33159
33178
33168
33167
33149
33143
33160
33140
33143
33152
33156
33163
33122
33167
33158
33151
33143
33135
33163
33150
33195
33191
33160
33167
33184
33237
33145
33179
33201
33165
33161
33189
33167
33168
33139
33172
33175
33180
33208
33203
33231
33203
33156
33146
33153
33126
33116
33151
33127
33171
33178
33185
33198
33179
33166
33135
33137
33207
33188
33181
33197
33206
33211
33200
33208
33187
33189
33179
33161
33158
33174
33160
33199
33187
33145
33151
33175
33172
33160
33194
33203
33201
33192
33149
33154
33177
33130
33133
33151
33138
33127
33121
33145
33111
33092
33097
33161
33154
33116
33163
33185
33158
33150
33145
33109
33129
33151
33136
33151
33157
33157
33159
33179
33180
33125
33141
33138
33141
33147
33166
33150
33160
33131
33109
33109
33134
33119
33120
33116
33116
33163
33135
33134
33125
33145
33131
33122
33107
33116
33063
33103
33101
33110
33175
33157
33130
33134
33177
33141
33143
33147
33180
33155
33135
33137
33151
33143
33175
33178
33141
33135
33154
33150
33117
33127
33174
33153
33147
33154
33150
33127
33136
33155
33157
33133
33139
33185
33119
33172
33143
33159
33155
33107
33155
33195
33170
33149
33185
33153
33129
33105
33135
33174
33169
33177
33176
33151
33169
33154
33163
33119
33141
33133
33113
33153
33130
33141
33159
33125
33134
33111
33145
33075
33101
33114
33113
33149
33151
33157
33117
33055
33065
33119
33111
33119
33112
33095
33117
33115
33133
33169
33165
33127
33135
33114
33079
33100
33121
33129
33153
33133
33139
33163
33144
33115
33101
33112
33124
33114
33129
33119
33091
33103
33143
33142
33151
33175
33131
33093
33124
33154
33153
33143
33157
33105
33134
33154
33141
33175
33139
33155
33158
33211
33201
33203
33169
33159
33111
33159
33159
33165
33126
33135
33140
33169
33147
33177
33129
33145
33143
33173
33149
33103
33106
33109
33153
33170
33190
33191
33186
33152
33158
33187
33171
33197
33228
33194
33185
33178
33178
33145
33167
33173
33189
33159
33153
33167
33215
33169
33245
33227
33199
33187
33191
33191
33224
33219
33191
33158
33167
33175
33171
33126
33172
33137
33150
33207
33165
33177
33150
33124
33159
33165
33143
33144
33107
33149
33139
33113
33145
33107
33092
33153
33186
33202
33197
33169
33137
33162
33135
33165
33168
33164
33143
33153
33165
33158
33168
33154
33160
33174
33205
33182
33135
33172
33161
33148
33148
33181
33187
33191
33190
33181
33165
33176
33155
33127
33125
33179
33191
33195
33186
33177
33201
33210
33183
33151
33212
33195
33224
33207
33147
33189
33163
33219
33183
33143
33128
33157
33156
33192
33132
33132
33151
33167
33218
33183
33227
33163
33168
33196
33169
33211
33191
33163
33190
33159
33159
33168
33167
33162
33159
33201
33142
33180
33186
33175
33137
33124
33179
33128
33141
33151
33163
33178
33136
33137
33171
33175
33182
33199
33187
33178
33165
33185
33151
33167
33148
33201
33179
33148
33141
33159
33191
33149
33145
33180
33173
33175
33148
33183
33181
33191
33148
33197
33187
33213
33191
33215
33213
33199
33177
33145
33169
33161
33164
33214
33217
33169
33193
33191
33151
33202
33211
33175
33165
33174
33198
33194
33211
33159
33150
33167
33135
33170
33192
33162
33191
33170
33159
33159
33209
33192
33139
33179
33199
33134
33126
33211
33211
33208
33175
33178
33173
33169
33175
33182
33177
33157
33127
33126
33115
33167
33153
33143
33125
33189
33166
33099
33095
33141
33163
33160
33125
33137
33141
33144
33143
33113
33100
33117
33083
33111
33098
33114
33127
33125
33164
33170
33147
33123
33096
33081
33110
33087
33123
33159
33135
33125
33100
33158
33085
33095
33124
33161
33137
33127
33129
33143
33151
33179
33115
33123
33129
33121
33073
33084
33141
33112
33106
33119
33140
33188
33147
33114
33148
33172
33139
33104
33129
33119
33133
33153
33069
33094
33125
33159
33182
33191
33142
33135
33121
33056
33102
33145
33197
33251
33112
33125
33154
33159
33162
33132
33116
33145
33166
33179
33119
33153
33165
33178
33159
33159
33170
33191
33127
33138
33159
33119
33153
33199
33187
33174
33151
33172
33143
33183
33185
33165
33147
33189
33137
33121
33163
33145
33199
33183
33139
33159
33177
33173
33170
33195
33158
33161
33137
33140
33172
33156
33147
33161
33193
33151
33168
33218
33191
33188
33159
33179
33143
33199
33189
33171
33119
33158
33169
33161
33201
33165
33141
33223
33241
33199
33217
33197
33199
33159
33128
33179
33214
33166
33167
33164
33144
33162
33163
33174
33178
33208
33223
33207
33148
33172
33200
33197
33157
33146
33172
33145
33159
33199
33211
33193
33188
33239
33187
33175
33140
33208
33211
33191
33215
33220
33217
33178
33189
33191
33123
33171
33224
33166
33131
33169
33175
33171
33128
33169
33193
33198
33202
33207
33188
33150
33101
33169
33179
33185
33231
33173
33175
33183
33208
33221
33218
33177
33213
33161
33191
33188
33199
33195
33190
33204
33223
33193
33209
33247
33208
33196
33193
33167
33175
33165
33155
33157
33213
33185
33149
33162
33169
33199
33169
33175
33167
33191
33133
33167
33168
33132
33148
33170
33167
33167
33183
33119
33143
33193
33211
33201
33191
33167
33182
33177
33177
33182
33185
33161
33181
33143
33145
33154
33131
33129
33165
33149
33126
33140
33193
33171
33127
33185
33158
33167
33178
33191
33175
33156
33145
33149
33163
33153
33179
33178
33165
33159
33184
33163
33167
33187
33173
33179
33175
33154
33153
33219
33183
33193
33205
33208
33180
33147
33137
33134
33135
33168
33176
33172
33169
33209
33178
33189
33198
33190
33191
33174
33180
33185
33134
33151
33166
33137
33135
33181
33201
33157
33145
33210
33204
33183
33151
33175
33193
33223
33165
33163
33222
33177
33143
33181
33147
33135
33139
33179
33187
33177
33150
33145
33170
33175
33155
33204
33136
33144
33167
33178
33205
33202
33183
33159
33092
33134
33178
33160
33159
33199
33177
33176
33157
33202
33208
33223
33175
33179
33174
33183
33147
33183
33200
33169
33186
33164
33137
33180
33177
33171
33142
33137
33146
33151
33121
33131
33180
33155
33161
33167
33172
33111
33145
33183
33178
33199
33193
33165
33147
33157
33177
33199
33201
33207
33211
33183
33147
33121
33116
33113
33127
33119
33139
33155
33167
33173
33119
33151
33183
33159
33151
33160
33147
33095
33088
33135
33153
33145
33141
33147
33109
33133
33153
33150
33159
33175
33206
33159
33158
33215
33199
33203
33203
33193
33174
33114
33127
33173
33136
33143
33201
33202
33216
33183
33143
33081
33148
33225
33169
33175
33146
33188
33159
33142
33185
33163
33211
33169
33181
33156
33183
33151
33147
33175
33205
33191
33191
33199
33158
33137
33173
33136
33166
33193
33176
33170
33159
33160
33129
33134
33124
33128
33158
33159
33181
33223
33191
33161
33175
33151
33133
33147
33138
33130
33126
33136
33143
33168
33159
33180
33175
33151
33136
33165
33130
33143
33173
33126
33133
33159
33137
33129
33131
33185
33167
33113
33144
33199
33162
33174
33187
33142
33153
33179
33187
33143
33141
33164
33157
33215
33192
33170
33197
33167
33127
33157
33119
33145
33175
33137
33139
33147
33159
33139
33145
33082
33111
33128
33118
33109
33144
33102
33149
33161
33176
33163
33112
33151
33181
33165
33150
33155
33140
33167
33111
33118
33111
33101
33113
33097
33169
33143
33151
33172
33131
33102
33073
33067
33091
33121
33143
33138
33137
33159
33123
33104
33123
33159
33137
33133
33137
33160
33126
33252
33193
33146
33139
33169
33186
33140
33129
33123
33110
33129
33141
33143
33141
33142
33148
33137
33142
33145
33163
33154
33131
33132
33108
33113
33145
33167
33165
33141
33139
33145
33201
33161
33111
33159
33139
33142
33100
33111
33181
33187
33217
33128
33123
33151
33178
33138
33135
33170
33162
33149
33177
33191
33148
33151
33167
33183
33171
33153
33105
33111
33131
33121
33143
33125
33165
33133
33149
33133
33107
33116
33122
33095
33165
33142
33159
33145
33171
33163
33131
33103
33111
33159
33123
33136
33205
33175
33168
33151
33159
33175
33177
33123
33119
33162
33160
33161
33138
33135
33105
33101
33173
33175
33194
33159
33145
33152
33111
33183
33191
33137
33144
33147
33138
33165
33158
33139
33151
33134
33123
33151
33151
33118
33177
33159
33183
33182
33161
33140
33102
33171
33132
33142
33151
33141
33168
33206
33169
33164
33127
33160
33149
33138
33151
33133
33112
33151
33135
33130
33140
33157
33143
33087
33124
33163
33114
33105
33147
33137
33135
33176
33159
33143
33127
33163
33145
33129
33167
33148
33101
33141
33143
33167
33165
33126
33122
33135
33134
33135
33142
33167
33155
33161
33136
33141
33101
33143
33157
33131
33099
33128
33137
33179
33119
33094
33104
33157
33180
33171
33161
33140
33139
33160
33113
33125
33201
33191
33159
33221
33169
33129
33157
33143
33138
33165
33191
33144
33197
33182
33177
33181
33143
33127
33102
33125
33122
33142
33203
33179
33186
33123
33134
33111
33111
33162
33157
33127
33125
33103
33120
33139
33153
33141
33151
33148
33142
33149
33185
33143
33165
33189
33187
33158
33174
33163
33159
33169
33165
33211
33231
33223
33232
33195
33157
33173
33153
33116
33154
33201
33200
33166
33180
33201
33183
33147
33138
33133
33127
33147
33179
33176
33170
33169
33193
33196
33189
33177
33141
33151
33162
33155
33143
33141
33135
33155
33153
33153
33178
33202
33207
33217
33160
33184
33187
33161
33195
33175
33195
33141
33212
33218
33177
33204
33143
33151
33143
33159
33174
33149
33193
33138
33199
33197
33218
33199
33225
33196
33200
33201
33159
33165
33160
33173
33187
33175
33189
33239
33241
33237
33198
33183
33191
33183
33164
33161
33126
33170
33219
33183
33221
33217
33187
33178
33192
33188
33190
33164
33151
33153
33200
33195
33206
33167
33139
33159
33189
33176
33172
33139
33151
33175
33150
33176
33181
33147
33159
33180
33162
33167
33191
33155
33155
33179
33217
33201
33169
33159
33175
33144
33143
33127
33138
33177
33174
33185
33159
33159
33172
33155
33135
33158
33121
33143
33180
33134
33120
33128
33143
33185
33193
33193
33155
33149
33167
33174
33161
33199
33192
33159
33148
33179
33193
33201
33158
33169
33166
33153
33184
33184
33181
33154
33173
33161
33169
33187
33223
33167
33127
33181
33174
33150
33159
33187
33181
33169
33179
33157
33111
33145
33148
33149
33146
33171
33165
33156
33154
33153
33176
33211
33204
33188
33198
33145
33181
33175
33166
33181
33226
33187
33156
33184
33185
33173
33177
33166
33151
33137
33159
33186
33164
33181
33194
33223
33205
33207
33175
33171
33186
33163
33185
33197
33174
33214
33203
33175
33184
33212
33173
33087
33108
33138
33173
33167
33180
33199
33137
33167
33166
33165
33165
33155
33168
33157
33197
33193
33168
33133
33169
33183
33175
33129
33160
33191
33180
33167
33214
33183
33181
33158
33154
33164
33147
33174
33213
33238
33223
33204
33173
33138
33112
33180
33227
33196
33188
33156
33151
33167
33192
33191
33175
33189
33207
33177
33192
33168
33159
33165
33151
33172
33162
33091
33109
33192
33183
33156
33131
33145
33179
33179
33197
33191
33157
33161
33148
33185
33139
33127
33167
33179
33199
33190
33190
33217
33174
33132
33165
33191
33177
33141
33170
33159
33204
33145
33133
33191
33193
33199
33180
33175
33165
33177
33153
33183
33193
33178
33158
33123
33172
33199
33173
33186
33179
33156
33179
33172
33149
33149
33179
33164
33185
33187
33175
33197
33194
33172
33195
33185
33173
33225
33196
33185
33171
33198
33153
33139
33195
33179
33177
33149
33161
33165
33184
33198
33197
33193
33213
33169
33218
33159
33143
33189
33186
33225
33188
33123
33155
33203
33211
33159
33175
33177
33163
33191
33200
33183
33223
33195
33191
33167
33146
33207
33191
33188
33200
33191
33187
33172
33167
33144
33147
33153
33182
33197
33169
33124
33125
33155
33134
33124
33136
33153
33105
33145
33170
33201
33197
33197
33143
33164
33143
33196
33207
33163
33133
33139
33207
33191
33170
33169
33158
33181
33146
33145
33162
33204
33231
33191
33159
33153
33141
33148
33177
33163
33198
33184
33188
33233
33190
33160
33173
33176
33214
33157
33191
33229
33177
33157
33161
33181
33174
33221
33203
33183
33181
33173
33180
33149
33173
33149
33173
33194
33233
33209
33255
33149
33181
33139
33101
33165
33187
33153
33132
33118
33140
33132
33107
33138
33162
33151
33170
33126
33119
33150
33183
33170
33191
33211
33181
33156
33133
33207
33149
33121
33134
33127
33145
33137
33122
33103
33134
33139
33169
33129
33159
33159
33150
33147
33136
33139
33121
33157
33133
33136
33132
33143
33148
33177
33161
33181
33179
33160
33118
33115
33135
33122
33142
33171
33156
33156
33145
33148
33153
33130
33127
33157
33172
33183
33144
33109
33181
33196
33139
33161
33187
33206
33134
33125
33128
33175
33125
33159
33136
33145
33171
33165
33145
33187
33207
33153
33116
33139
33169
33159
33149
33141
33166
33204
33175
33145
33124
33156
33167
33151
33143
33133
33133
33153
33171
33124
33114
33153
33149
33164
33164
33161
33170
33197
33160
33133
33177
33169
33141
33143
33120
33082
33106
33163
33141
33172
33211
33173
33167
33191
33189
33195
33190
33173
33199
33211
33181
33159
33225
33228
33228
33169
33189
33173
33139
33199
33177
33195
33184
33159
33138
33217
33203
33200
33149
33188
33121
33157
33170
33174
33125
33176
33155
33173
33147
33136
33116
33141
33149
33144
33183
33143
33143
33159
33143
33177
33197
33183
33173
33141
33162
33186
33206
33187
33202
33173
33160
33141
33204
33175
33165
33147
33161
33158
33147
33125
33137
33146
33169
33153
33176
33164
33159
33151
33123
33159
33106
33109
33118
33141
33143
33135
33145
33148
33133
33117
33143
33135
33115
33145
33207
33179
33199
33164
33138
33110
33155
33153
33162
33134
33135
33143
33131
33147
33151
33143
33127
33142
33163
33136
33139
33095
33069
33136
33144
33111
33165
33149
33140
33078
33099
33104
33106
33146
33148
33113
33146
33165
33156
33140
33117
33162
33163
33117
33103
33105
33131
33138
33135
33168
33171
33145
33091
33145
33178
33170
33174
33157
33153
33171
33144
33167
33188
33161
33157
33162
33120
33133
33127
33159
33155
33165
33155
33151
33154
33139
33138
33132
33159
33145
33179
33149
33115
33120
33143
33189
33143
33146
33147
33135
33126
33143
33175
33177
33134
33166
33150
33143
33106
33139
33134
33134
33127
33169
33173
33194
33111
33127
33151
33121
33110
33119
33102
33144
33141
33143
33156
33157
33152
33135
33121
33151
33151
33121
33087
33143
33151
33155
33113
33112
33121
33167
33173
33117
33117
33151
33165
33167
33221
33157
33107
33117
33125
33095
33159
33175
33201
33155
33134
33170
33145
33109
33119
33181
33176
33213
33181
33187
33183
33161
33139
33191
33149
33205
33180
33149
33159
33167
33145
33155
33199
33155
33163
33189
33191
33220
33196
33174
33186
33171
33153
33173
33133
33109
33108
33106
33124
33144
33125
33165
33197
33154
33156
33175
33157
33103
33127
33162
33253
33155
33169
33175
33167
33127
33191
33207
33191
33177
33203
33224
33181
33169
33192
33183
33207
33183
33156
33191
33165
33156
33161
33192
33187
33221
33183
33146
33175
33197
33182
33159
33162
33143
33161
33109
33135
33181
33153
33159
33158
33185
33125
33164
33181
33173
33159
33165
33139
33127
33197
33160
33153
33124
33167
33190
33187
33197
33179
33173
33172
33182
33183
33225
33204
33195
33173
33145
33179
33151
33153
33175
33203
33138
33189
33175
33152
33147
33189
33189
33207
33206
33191
33176
33162
33173
33169
33159
33187
33195
33173
33202
33212
33219
33141
33151
33151
33158
33207
33219
33171
33151
33172
33168
33174
33125
33125
33143
33146
33179
33209
33172
33126
33131
33121
33116
33107
33082
33131
33145
33146
33145
33191
33207
33123
33144
33186
33191
33146
33146
33167
33151
33175
33205
33191
33169
33199
33132
33150
33158
33145
33128
33170
33133
33142
33121
33129
33189
33160
33131
33156
33143
33167
33167
33208
33161
33155
33157
33161
33123
33141
33151
33143
33189
33192
33153
33183
33179
33168
33185
33167
33153
33175
33167
33205
33202
33194
33243
33199
33205
33177
33175
33175
33137
33115
33163
33181
33155
33167
33159
33173
33177
33175
33159
33128
33157
33159
33197
33188
33141
33158
33148
33162
33175
33190
33200
33144
33143
33141
33145
33240
33197
33143
33160
33183
33135
33141
33137
33149
33155
33133
33169
33161
33167
33135
33165
33154
33186
33191
33179
33155
33174
33191
33171
33178
33166
33155
33149
33169
33202
33183
33174
33157
33145
33135
33180
33213
33146
33115
33141
33207
33208
33160
33148
33187
33176
33198
33190
33205
33207
33182
33153
33138
33115
33162
33167
33169
33165
33151
33140
33178
33178
33171
33168
33144
33109
33125
33183
33190
33191
33215
33187
33174
33159
33175
33203
33167
33167
33179
33209
33193
33182
33220
33171
33166
33209
33151
33127
33137
33175
33173
33173
33142
33173
33178
33135
33151
33149
33141
33186
33201
33161
33158
33123
33147
33103
33123
33098
33143
33175
33152
33157
33159
33167
33159
33161
33157
33185
33190
33195
33221
33205
33151
33181
33204
33233
33161
33128
33195
33167
33161
33167
33123
33151
33227
33221
33193
33169
33187
33161
33158
33143
33151
33167
33145
33149
33169
33122
33121
33151
33185
33197
33180
33161
33145
33188
33198
33159
33160
33191
33161
33137
33178
33207
33191
33151
33177
33151
33185
33182
33161
33175
33184
33193
33196
33193
33179
33167
33192
33161
33162
33149
33181
33203
33224
33185
33221
33157
33181
33159
33169
33175
33191
33189
33176
33174
33195
33191
33185
33149
33144
33169
33148
33159
33146
33171
33159
33169
33175
33209
33169
33142
33179
33171
33159
33165
33165
33131
33153
33155
33135
33146
33114
33087
33110
33149
33146
33143
33127
33128
33173
33163
33137
33120
33138
33111
33116
33126
33150
33177
33163
33144
33143
33169
33197
33192
33133
33179
33164
33194
33183
33167
33159
33175
33173
33157
33129
33170
33175
33176
33161
33176
33142
33181
33166
33125
33138
33151
33132
33139
33151
33201
33198
33174
33116
33120
33151
33182
33201
33190
33183
33185
33117
33171
33163
33125
33175
33183
33090
33141
33196
33171
33173
33187
33163
33169
33173
33162
33201
33146
33200
33171
33171
33155
33181
33191
33195
33181
33182
33173
33181
33221
33221
33179
33190
33161
33109
33104
33142
