31395
31393
31398
31387
31394
31407
31401
31388
31399
31395
31402
31400
31373
31377
31365
31381
31392
31385
31387
31385
31389
31377
31391
31365
31344
31375
31357
31362
31381
31363
31364
31391
31372
31339
31367
31367
31382
31359
31375
31385
31378
31373
31383
31375
31373
31381
31406
31410
31396
31373
31363
31389
31388
31383
31381
31381
31397
31367
31378
31364
31373
31387
31377
31379
31390
31370
31376
31355
31363
31363
31372
31379
31367
31375
31375
31382
31370
31399
31391
31377
31398
31397
31421
31375
31383
31372
31367
31392
31377
31372
31377
31407
31415
31406
31396
31398
31399
31367
31388
31388
31385
31396
31379
31379
31366
31351
31376
31379
31393
31395
31390
31377
31387
31372
31383
31399
31395
31364
31383
31377
31407
31418
31387
31379
31403
31383
31396
31399
31407
31401
31405
31383
31395
31399
31408
31409
31394
31399
31394
31391
31405
31391
31395
31384
31411
31431
31389
31393
31405
31376
31359
31382
31399
31381
31391
31397
31405
31383
31369
31397
31397
31377
31394
31383
31385
31402
31405
31367
31401
31405
31405
31393
31395
31398
31394
31403
31390
31401
31402
31391
31380
31398
31377
31399
31390
31375
31372
31375
31372
31400
31386
31412
31381
31391
31388
31378
31419
31415
31419
31393
31406
31403
31406
31389
31378
31378
31385
31388
31381
31397
31411
31420
31416
31386
31406
31405
31416
31400
31380
31384
31406
31407
31408
31403
31396
31401
31381
31383
31371
31353
31372
31382
31391
31389
31387
31360
31361
31385
31404
31399
31395
31389
31403
31390
31395
31419
31431
31423
31418
31416
31419
31406
31409
31411
31415
31401
31424
31415
31416
31396
31386
31389
31390
31422
31414
31389
31393
31418
31391
31404
31407
31394
31391
31407
31377
31401
31413
31392
31390
31433
31391
31407
31392
31406
31399
31407
31383
31413
31419
31413
31423
31406
31391
31399
31430
31414
31413
31407
31407
31417
31426
31411
31417
31421
31411
31402
31411
31425
31426
31427
31425
31408
31393
31397
31401
31401
31399
31413
31383
31405
31411
31427
31415
31425
31431
31428
31410
31405
31455
31413
31418
31408
31401
31411
31395
31415
31439
31431
31419
31428
31406
31449
31455
31419
31445
31415
31399
31411
31408
31397
31382
31382
31415
31407
31383
31411
31417
31405
31400
31394
31404
31416
31423
31410
31430
31421
31409
31405
31406
31398
31383
31427
31431
31418
31433
31413
31399
31405
31413
31428
31423
31431
31437
31421
31419
31399
31390
31389
31415
31420
31387
31416
31401
31406
31406
31414
31420
31409
31401
31405
31396
31386
31385
31376
31401
31399
31425
31377
31423
31412
31411
31405
31405
31427
31415
31421
31433
31405
31399
31387
31431
31447
31423
31411
31405
31407
31417
31412
31389
31389
31399
31405
31403
31407
31415
31423
31403
31401
31394
31408
31398
31405
31399
31411
31398
31423
31425
31393
31391
31399
31398
31416
31442
31408
31399
31416
31411
31442
31431
31429
31447
31421
31395
31406
31423
31415
31411
31421
31417
31413
31391
31391
31413
31397
31429
31415
31404
31426
31403
31391
31397
31397
31391
31431
31413
31397
31392
31378
31420
31415
31412
31397
31415
31417
31419
31415
31405
31402
31405
31407
31420
31417
31415
31431
31399
31405
31399
31404
31396
31367
31408
31385
31375
31395
31382
31433
31415
31393
31397
31389
31407
31407
31417
31402
31377
31395
31422
31425
31392
31383
31392
31403
31421
31425
31417
31448
31425
31438
31427
31431
31419
31401
31415
31425
31413
31405
31425
31415
31397
31427
31435
31414
31409
31425
31429
31433
31431
31417
31418
31409
31410
31397
31403
31393
31393
31400
31399
31423
31407
31403
31415
31417
31411
31417
31422
31417
31423
31423
31421
31407
31425
31427
31403
31433
31462
31448
31439
31415
31425
31426
31425
31407
31415
31415
31421
31447
31427
31417
31401
31392
31401
31390
31406
31393
31383
31390
31397
31405
31403
31414
31414
31403
31415
31400
31389
31407
31411
31391
31405
31407
31399
31401
31412
31418
31413
31388
31407
31388
31400
31407
31394
31375
31393
31368
31373
31391
31399
31387
31367
31369
31369
31368
31365
31358
31379
31396
31398
31378
31372
31364
31391
31401
31379
31388
31403
31407
31423
31391
31393
31366
31385
31419
31415
31384
31399
31389
31403
31400
31409
31418
31429
31405
31385
31367
31395
31384
31377
31387
31374
31365
31373
31351
31385
31383
31379
31383
31386
31370
31373
31378
31376
31374
31419
31422
31410
31407
31421
31409
31397
31401
31421
31422
31399
31411
31411
31419
31431
31408
31432
31414
31418
31417
31406
31399
31413
31407
31423
31390
31375
31399
31387
31387
31393
31393
31381
31379
31395
31373
31391
31402
31394
31399
31396
31402
31419
31417
31434
31419
31419
31415
31412
31395
31398
31411
31399
31420
31435
31415
31425
31410
31423
31423
31431
31417
31410
31399
31395
31407
31389
31388
31395
31393
31395
31415
31417
31404
31395
31405
31403
31391
31432
31406
31411
31395
31384
31399
31398
31399
31409
31413
31410
31414
31412
31419
31437
31443
31433
31425
31422
31425
31434
31429
31417
31384
31403
31426
31433
31411
31404
31392
31401
31380
31408
31437
31428
31421
31395
31375
31383
31399
31393
31423
31415
31371
31391
31399
31426
31419
31412
31397
31402
31406
31418
31407
31421
31463
31425
31425
31411
31415
31439
31433
31403
31419
31422
31415
31400
31409
31397
31392
31390
31409
31404
31389
31398
31411
31413
31402
31403
31383
31393
31389
31407
31406
31401
31407
31416
31429
31429
31437
31435
31427
31427
31437
31436
31421
31403
31414
31417
31431
31413
31403
31415
31419
31411
31395
31407
31427
31424
31414
31405
31402
31374
31382
31402
31402
31390
31381
31384
31408
31367
31399
31427
31396
31405
31391
31395
31409
31399
31411
31427
31418
31407
31409
31411
31415
31412
31417
31426
31430
31419
31423
31422
31423
31429
31421
31428
31423
31434
31431
31393
31424
31399
31403
31403
31404
31409
31391
31374
31409
31399
31369
31381
31401
31417
31396
31400
31400
31422
31407
31393
31389
31396
31415
31415
31389
31394
31400
31423
31418
31425
31416
31429
31403
31411
31401
31411
31389
31393
31407
31407
31407
31402
31409
31395
31413
31399
31381
31373
31381
31387
31383
31403
31407
31413
31416
31383
31379
31395
31411
31396
31407
31402
31402
31416
31403
31425
31409
31380
31399
31414
31399
31394
31394
31397
31407
31394
31406
31399
31404
31431
31413
31418
31409
31354
31395
31411
31399
31397
31407
31415
31402
31381
31387
31404
31380
31401
31415
31382
31398
31405
31399
31396
31412
31413
31401
31415
31390
31420
31445
31457
31441
31435
31415
31422
31421
31407
31421
31419
31402
31389
31408
31399
31395
31397
31403
31385
31395
31373
31380
31407
31408
31391
31391
31387
31375
31388
31386
31417
31399
31395
31381
31404
31407
31417
31415
31413
31419
31418
31418
31421
31414
31423
31432
31442
31418
31421
31437
31443
31448
31439
31423
31413
31415
31413
31427
31407
31399
31393
31411
31433
31401
31399
31399
31428
31411
31387
31401
31399
31421
31403
31418
31429
31437
31419
31431
31435
31425
31441
31402
31414
31408
31419
31415
31437
31436
31423
31388
31411
31412
31429
31431
31404
31398
31389
31385
31413
31401
31392
31395
31401
31396
31371
31375
31408
31403
31401
31371
31369
31383
31385
31395
31379
31411
31402
31413
31399
31421
31429
31399
31392
31412
31411
31422
31409
31434
31395
31386
31389
31402
31409
31421
31405
31400
31400
31384
31361
31399
31400
31387
31388
31389
31359
31368
31378
31395
31399
31379
31369
31358
31351
31368
31372
31387
31372
31394
31390
31416
31424
31395
31403
31399
31415
31417
31401
31411
31425
31415
31399
31395
31422
31417
31415
31412
31377
31379
31405
31394
31380
31391
31408
31389
31397
31390
31400
31381
31399
31408
31385
31385
31379
31406
31388
31367
31401
31423
31424
31401
31414
31399
31379
31405
31410
31437
31424
31415
31413
31389
31410
31429
31439
31417
31419
31383
31397
31409
31405
31383
31399
31401
31399
31391
31363
31382
31374
31465
31412
31376
31379
31399
31402
31398
31403
31382
31381
31387
31414
31418
31402
31393
31405
31415
31418
31426
31389
31383
31395
31386
31390
31391
31410
31409
31406
31397
31391
31398
31408
31383
31408
31398
31383
31394
31406
31393
31377
31403
31408
31400
31383
31371
31409
31415
31381
31361
31369
31398
31423
31397
31389
31375
31412
31407
31412
31415
31395
31400
31398
31383
31399
31408
31390
31403
31423
31431
31430
31406
31401
31413
31435
31414
31383
31407
31397
31405
31403
31398
31372
31387
31389
31402
31421
31412
31441
31430
31417
31422
31413
31431
31403
31439
31463
31423
31429
31424
31415
31408
31411
31415
31447
31438
31417
31426
31415
31397
31419
31396
31397
31407
31406
31400
31399
31392
31408
31403
31399
31385
31398
31391
31399
31403
31399
31387
31419
31387
31409
31406
31425
31405
31387
31382
31371
31395
31428
31406
31413
31436
31439
31432
31435
31431
31425
31423
31403
31427
31397
31412
31391
31391
31398
31405
31384
31381
31395
31399
31397
31380
31378
31399
31409
31417
31426
31414
31382
31396
31406
31399
31423
31448
31418
31437
31447
31437
31447
31447
31447
31443
31429
31407
31431
31431
31410
31415
31407
31394
31425
31389
31391
31416
31406
31413
31421
31385
31377
31415
31417
31405
31407
31409
31403
31419
31390
31401
31399
31431
31411
31431
31420
31455
31463
31446
31451
31436
31411
31423
31443
31415
31425
31425
31405
31418
31418
31423
31418
31422
31398
31391
31389
31407
31400
31393
31406
31382
31362
31384
31418
31399
31421
31399
31406
31433
31412
31375
31390
31432
31427
31403
31423
31428
31430
31432
31429
31421
31396
31407
31407
31399
31430
31437
31421
31417
31439
31433
31431
31415
31411
31423
31407
31421
31401
31411
31415
31419
31408
31395
31395
31382
31389
31402
31393
31367
31372
31401
31383
31383
31403
31409
31443
31432
31415
31423
31404
31417
31422
31401
31403
31434
31427
31431
31442
31432
31413
31430
31441
31456
31431
31411
31407
31413
31393
31409
31413
31403
31402
31416
31395
31397
31401
31384
31407
31389
31403
31399
31413
31397
31393
31385
31399
31415
31402
31401
31434
31415
31428
31431
31441
31447
31432
31439
31413
31409
31423
31423
31435
31442
31432
31430
31431
31409
31419
31411
31391
31399
31404
31399
31385
31415
31375
31416
31429
31407
31394
31407
31399
31402
31421
31423
31417
31415
31423
31431
31439
31433
31428
31421
31451
31439
31428
31443
31434
31424
31422
31432
31425
31429
31411
31409
31409
31424
31405
31396
31401
31397
31390
31380
31410
31415
31440
31398
31392
31400
31412
31412
31378
31399
31427
31415
31433
31425
31421
31415
31423
31428
31429
31418
31443
31431
31451
31418
31395
31409
31438
31406
31419
31408
31421
31424
31423
31412
31406
31404
31417
31417
31395
31405
31421
31424
31408
31407
31425
31436
31418
31385
31393
31437
31424
31415
31391
31391
31414
31421
31415
31409
31398
31401
31415
31436
31434
31412
31423
31446
31434
31441
31417
31403
31415
31437
31428
31436
31433
31419
31425
31421
31403
31406
31396
31428
31439
31438
31417
31387
31399
31417
31417
31399
31411
31399
31423
31419
31425
31406
31412
31435
31415
31440
31407
31399
31437
31426
31430
31434
31439
31453
31439
31423
31415
31421
31428
31428
31435
31413
31447
31425
31401
31402
31394
31417
31415
31400
31407
31431
31418
31435
31401
31403
31416
31437
31424
31411
31411
31429
31426
31395
31415
31421
31398
31425
31417
31449
31431
31412
31420
31399
31408
31435
31438
31423
31422
31439
31399
31403
31392
31410
31405
31409
31411
31411
31407
31397
31387
31383
31387
31427
31395
31383
31371
31383
31399
31407
31405
31399
31418
31403
31417
31421
31435
31403
31407
31423
31435
31423
31415
31442
31451
31441
31437
31435
31423
31431
31429
31415
31408
31445
31418
31436
31443
31418
31415
31403
31398
31396
31381
31373
31403
31420
31415
31419
31421
31412
31412
31420
31401
31405
31409
31409
31427
31410
31428
31444
31423
31451
31443
31424
31463
31443
31451
31436
31430
31409
31409
31463
31416
31382
31414
31429
31427
31435
31389
31385
31402
31399
31398
31408
31397
31392
31401
31408
31423
31422
31413
31409
31430
31417
31410
31421
31420
31431
31445
31440
31405
31431
31423
31432
31433
31431
31423
31436
31450
31412
31435
31418
31415
31407
31392
31411
31393
31378
31373
31405
31397
31395
31407
31429
31402
31402
31409
31385
31398
31406
31435
31434
31401
31390
31403
31415
31429
31440
31426
31447
31435
31429
31419
31439
31436
31430
31429
31448
31432
31423
31422
31411
31431
31418
31423
31423
31411
31413
31429
31417
31399
31367
31397
31407
31401
31401
31417
31415
31388
31413
31412
31442
31427
31408
31410
31405
31409
31419
31415
31414
31415
31410
31419
31428
31414
31413
31400
31431
31430
31401
31403
31415
31425
31411
31420
31411
31389
31387
31408
31405
31410
31418
31411
31412
31399
31397
31396
31394
31397
31401
31405
31405
31407
31376
31370
31386
31393
31421
31414
31415
31414
31413
31405
31412
31429
31412
31395
31425
31417
31412
31428
31411
31416
31406
31421
31429
31447
31431
31433
31431
31417
31423
31381
31389
31396
31398
31422
31421
31404
31412
31422
31418
31401
31408
31404
31399
31423
31398
31379
31406
31413
31416
31421
31439
31399
31405
31414
31431
31446
31441
31438
31411
31438
31419
31415
31411
31427
31437
31431
31409
31408
31405
31383
31399
31390
31410
31380
31379
31397
31386
31382
31412
31393
31385
31411
31400
31409
31411
31426
31424
31427
31408
31396
31422
31412
31420
31451
31442
31423
31431
31461
31445
31441
31439
31429
31415
31437
31433
31449
31391
31388
31377
31405
31407
31408
31381
31384
31415
31407
31396
31397
31407
31395
31399
31407
31393
31413
31429
31434
31405
31399
31410
31404
31439
31423
31415
31423
31418
31424
31429
31425
31426
31397
31395
31415
31426
31400
31399
31438
31437
31426
31395
31407
31419
31396
31382
31402
31407
31401
31399
31409
31385
31399
31420
31373
31395
31400
31415
31409
31399
31415
31408
31391
31409
31423
31410
31410
31410
31431
31435
31444
31417
31417
31415
31398
31403
31410
31413
31407
31381
31420
31409
31387
31428
31421
31411
31385
31389
31392
31409
31410
31430
31419
31413
31397
31410
31415
31391
31381
31374
31392
31421
31403
31405
31400
31419
31421
31407
31429
31423
31399
31407
31379
31401
31394
31407
31407
31384
31381
31402
31405
31390
31375
31379
31400
31378
31395
31395
31367
31365
31399
31397
31405
31413
31403
31401
31399
31381
31407
31397
31383
31378
31385
31417
31402
31399
31401
31392
31400
31415
31415
31431
31413
31408
31419
31427
31421
31419
31397
31412
31439
31419
31391
31407
31385
31397
31426
31395
31411
31395
31399
31397
31388
31399
31375
31401
31400
31400
31405
31428
31411
31378
31389
31410
31415
31392
31422
31391
31423
31419
31415
31417
31428
31452
31421
31404
31410
31413
31425
31415
31421
31415
31401
31395
31407
31431
31418
31415
31412
31391
31406
31391
31387
31407
31394
31370
31376
31383
31393
31413
31408
31417
31401
31411
31417
31427
31423
31432
31423
31406
31446
31423
31408
31453
31444
31415
31449
31425
31427
31439
31428
31409
31425
31425
31419
31435
31410
31399
31420
31442
31404
31403
31423
31429
31391
31391
31420
31415
31395
31428
31423
31398
31408
31413
31403
31414
31408
31434
31449
31439
31435
31447
31445
31425
31431
31405
31427
31444
31421
31429
31423
31407
31417
31401
31385
31383
31393
31425
31408
31404
31400
31403
31415
31392
31391
31396
31416
31397
31417
31406
31389
31410
31429
31418
31406
31415
31421
31408
31412
31427
31412
31408
31431
31436
31426
31436
31405
31379
31409
31415
31410
31411
31408
31422
31415
31413
31407
31393
31378
31410
31410
31414
31415
31425
31374
31394
31419
31396
31402
31399
31399
31415
31405
31428
31410
31419
31401
31405
31409
31387
31391
31399
31417
31423
31423
31421
31435
31421
31428
31431
31435
31412
31431
31413
31399
31401
31412
31393
31415
31413
31408
31431
31423
31390
31393
31393
31389
31377
31385
31408
31429
31407
31395
31385
31383
31387
31394
31417
31402
31389
31417
31409
31425
31399
31417
31417
31413
31401
31422
31433
31437
31446
31430
31445
31447
31427
31399
31400
31401
31393
31408
31410
31384
31391
31383
31395
31413
31401
31399
31399
31407
31427
31412
31389
31401
31402
31390
31407
31441
31439
31397
31428
31439
31416
31417
31416
31423
31430
31429
31446
31425
31427
31435
31431
31436
31414
31459
31430
31395
31398
31401
31409
31415
31415
31409
31411
31406
31421
31383
31409
31411
31392
31389
31377
31395
31389
31415
31413
31403
31410
31398
31416
31426
31428
31448
31443
31417
31441
31446
31427
31428
31450
31428
31423
31417
31431
31447
31404
31425
31423
31429
31441
31420
31419
31428
31429
31406
31412
31430
31433
31418
31413
31415
31413
31425
31428
31420
31413
31396
31419
31439
31441
31441
31418
31431
31415
31415
31428
31457
31437
31443
31437
31427
31420
31413
31421
31430
31417
31412
31432
31433
31412
31419
31415
31437
31425
31393
31414
31448
31415
31417
31415
31401
31403
31391
31423
31401
31383
31387
31408
31441
31415
31403
31429
31418
31397
31437
31421
31386
31415
31402
31409
31409
31427
31439
31450
31431
31429
31437
31412
31415
31415
31423
31423
31428
31399
31419
31399
31385
31396
31415
31428
31405
31388
31393
31374
31385
31423
31421
31407
31391
31392
31408
31391
31384
31413
31425
31422
31420
31423
31443
31420
31398
31399
31411
31414
31435
31419
31401
31405
31428
31431
31401
31381
31406
31415
31411
31425
31410
31412
31411
31406
31385
31401
31404
31415
31419
31415
31439
31417
31396
31405
31424
31407
31417
31409
31428
31404
31415
31407
31422
31391
31393
31400
31421
31416
31441
31413
31409
31419
31417
31415
31412
31428
31412
31415
31415
31412
31415
31407
31383
31393
31401
31387
31376
31401
31388
31411
31402
31378
31371
31399
31406
31432
31417
31419
31403
31407
31433
31405
31429
31432
31437
31423
31425
31428
31425
31433
31416
31433
31431
31411
31387
31405
31425
31419
31429
31420
31417
31401
31414
31407
31405
31421
31411
31409
31415
31415
31411
31400
31385
31392
31426
31411
31400
31407
31425
31411
31447
31431
31447
31415
31407
31433
31421
31415
31413
31400
31408
31437
31449
31437
31415
31412
31421
31413
31399
31405
31381
31367
31428
31415
31399
31390
31413
31405
31399
31399
31394
31423
31415
31403
31387
31403
31389
31402
31418
31407
31423
31429
31440
31416
31404
31393
31402
31419
31389
31404
31409
31404
31423
31411
31405
31403
31395
31418
31410
31393
31417
31422
31402
31410
31399
31411
31408
31401
31399
31403
31398
31397
31380
31383
31415
31421
31417
31399
31395
31397
31416
31417
31420
31430
31431
31430
31405
31395
31402
31401
31388
31411
31397
31442
31431
31433
31415
31389
31409
31403
31427
31415
31424
31423
31390
31383
31414
31405
31390
31399
31391
31363
31395
31394
31401
31410
31425
31420
31416
31406
31405
31400
31377
31399
31420
31421
31399
31415
31422
31397
31412
31423
31416
31421
31411
31397
31413
31420
31427
31432
31416
31447
31419
31403
31411
31418
31419
31399
31376
31401
31387
31375
31387
31401
31391
31395
31399
31413
31421
31413
31417
31423
31391
31413
31424
31423
31419
31420
31429
31413
31425
31419
31421
31401
31408
31435
31420
31428
31410
31419
31429
31425
31413
31399
31399
31385
31397
31401
31388
31378
31375
31398
31389
31393
31383
31396
31385
31397
31408
31397
31403
31411
31406
31396
31406
31417
31412
31413
31411
31421
31423
31407
31407
31405
31381
31410
31432
31423
31412
31400
31421
31423
31415
31398
31384
31399
31407
31404
31407
31399
31403
31389
31376
31391
31395
31414
31412
31407
31408
31407
31399
31416
31426
31414
31405
31443
31430
31415
31411
31423
31439
31431
31423
31413
31395
31418
31413
31417
31416
31428
31434
31418
31408
31427
31409
31409
31390
31397
31415
31407
31398
31392
31439
31395
31417
31411
31397
31402
31408
31408
31410
31405
31419
31425
31407
31417
31446
31429
31425
31415
31425
31423
31413
31407
31417
31411
31415
31422
31416
31405
31407
31425
31425
31418
31417
31393
31363
31365
31407
31429
31433
31437
31422
31399
31408
31431
31423
31419
31421
31425
31431
31416
31425
31438
31447
31437
31420
31420
31430
31422
31433
31432
31439
31421
31433
31411
31421
31415
31415
31425
31432
31418
31416
31414
31405
31403
31395
31407
31401
31400
31414
31434
31425
31413
31427
31423
31437
31415
31398
31403
31407
31404
31416
31419
31423
31411
31395
31399
31417
31414
31419
31403
31410
31399
31405
31425
31436
31405
31415
31410
31419
31428
31421
31415
31431
31410
31424
31393
31413
31411
31407
31386
31385
31405
31383
31376
31383
31392
31415
31415
31403
31414
31407
31395
31397
31415
31408
31394
31395
31403
31415
31424
31428
31431
31423
31397
31404
31435
31439
31408
31389
31404
31417
31405
31412
31396
31415
31419
31413
31433
31422
31397
31384
31390
31391
31369
31415
31421
31411
31399
31387
31415
31429
31404
31419
31405
31402
31381
31391
31412
31391
31396
31414
31425
31415
31429
31423
31408
31427
31411
31413
31406
31415
31423
31399
31405
31397
31425
31380
31396
31423
31404
31392
31391
31414
31412
31389
31380
31390
31391
31375
31393
31407
31423
31415
31417
31405
31415
31434
31421
31424
31433
31433
31431
31441
31419
31413
31431
31437
31441
31423
31438
31433
31418
31412
31430
31406
31409
31413
31425
31413
31395
31383
31414
31407
31427
31421
31392
31381
31388
31389
31395
31408
31399
31376
31398
31411
31402
31433
31427
31415
31424
31423
31423
31415
31421
31407
31409
31422
31421
31435
31439
31415
31409
31401
31413
31386
31418
31412
31399
31393
31398
31393
31379
31408
31409
31431
31386
31431
31417
31426
31402
31398
31383
31409
31426
31419
31416
31395
31406
31401
31404
31421
31434
31412
31417
31452
31445
31423
31413
31428
31421
31433
31415
31389
31405
31425
31421
31417
31422
31426
31418
31440
31433
31439
31401
31392
31415
31403
31429
31399
31395
31357
31378
31399
31391
31391
31398
31422
31405
31401
31422
31426
31433
31442
31411
31421
31423
31419
31428
31417
31430
31401
31401
31407
31405
31412
31428
31415
31405
31413
31420
31409
31434
31418
31403
31403
31403
31397
31399
31419
31416
31412
31393
31406
31399
31414
31411
31407
31443
31419
31409
31399
31405
31414
31449
31433
31424
31427
31416
31423
31409
31399
31423
31433
31421
31401
31424
31433
31422
31419
31432
31437
31433
31433
31414
31427
31399
31395
31399
31393
31392
31387
31415
31399
31415
31386
31379
31378
31379
31389
31415
31402
31405
31421
31397
31415
31431
31435
31419
31441
31425
31415
31416
31415
31431
31407
31436
31429
31408
31401
31408
31434
31404
31382
31376
31403
31411
31403
31406
31390
31381
31409
31395
31381
31398
31391
31377
31399
31422
31399
31413
31411
31408
31419
31407
31408
31409
31417
31416
31359
31405
31418
31401
31421
31421
31409
31413
31403
31415
31418
31431
31417
31404
31393
31410
31418
31391
31387
31399
31425
31423
31431
31398
31420
31405
31398
31423
31404
31412
31413
31405
31409
31453
31431
31409
31416
31417
31389
31409
31411
31429
31428
31442
31399
31403
31431
31419
31408
31436
31444
31439
31399
31419
31393
31416
31439
31425
31407
31422
31423
31415
31396
31403
31389
31413
31416
31397
31389
31395
31392
31434
31422
31407
31429
31408
31419
31423
31449
31427
31435
31415
31433
31429
31428
31434
31419
31424
31423
31428
31422
31413
31423
31433
31428
31412
31409
31412
31424
31423
31433
31427
31395
31406
31402
31391
31395
31391
31408
31401
31389
31398
31403
31406
31423
31413
31413
31412
31443
31409
31404
31399
31426
31425
31408
31420
31453
31429
31415
31417
31409
31406
31414
31439
31426
31407
31403
31411
31422
31395
31422
31417
31427
31429
31425
31418
31422
31403
31400
31385
31404
31432
31430
31411
31383
31375
31368
31379
31403
31408
31415
31418
31420
31412
31427
31413
31418
31417
31413
31403
31421
31402
31414
31406
31427
31427
31421
31429
31422
31402
31371
31400
31405
31417
31407
31407
31395
31406
31412
31393
31407
31417
31429
31435
31417
31447
31415
31417
31431
31427
31453
31436
31412
31439
31419
31432
31439
31411
31414
31415
31413
31403
31419
31431
31410
31426
31411
31428
31415
31384
31399
31396
31395
31412
31422
31409
31399
31405
31406
31415
31405
31382
31397
31405
31407
31415
31407
31412
31393
31414
31412
31428
31415
31435
31425
31413
31403
31415
31427
31433
31443
31415
31435
31429
31411
31443
31415
31408
31414
31421
31398
31391
31411
31418
31388
31400
31418
31400
31415
31431
31421
31399
31415
31420
31425
31414
31407
31403
31409
31407
31446
31439
31435
31426
31437
31459
31423
31440
31417
31443
31435
31425
31433
31426
31409
31421
31424
31418
31425
31420
31419
31409
31406
31437
31431
31408
31386
31397
31389
31393
31415
31421
31401
31410
31427
31447
31429
31395
31434
31414
31415
31421
31415
31423
31409
31415
31428
31419
31423
31427
31423
31439
31453
31444
31416
31409
31407
31431
31437
31435
31419
31401
31431
31437
31438
31405
31394
31401
31423
31415
31423
31415
31415
31413
31393
31399
31415
31428
31436
31463
31429
31434
31436
31428
31430
31438
31433
31455
31445
31479
31439
31420
31431
31431
31429
31431
31425
31423
31405
31408
31421
31420
31437
31431
31422
31409
31409
31409
31399
31408
31423
31423
31415
31405
31413
31423
31437
31433
31439
31419
31425
31426
31439
31429
31425
31423
31433
31445
31455
31447
31433
31419
31429
31429
31440
31454
31431
31421
31457
31443
31467
31424
31437
31445
31436
31428
31423
31399
31401
31419
31430
31393
31383
31412
31405
31403
31389
31385
31377
31405
31431
31419
31432
31433
31429
31415
31407
31451
31424
31416
31423
31443
31437
31419
31442
31433
31443
31435
31432
31408
31395
31424
31446
31435
31426
31438
31417
31414
31423
31422
31409
31423
31423
31393
31419
31432
31412
31441
31417
31390
31405
31424
31415
31395
31413
31434
31433
31428
31413
31399
31399
31405
31391
31411
31416
31417
31428
31421
31430
31437
31417
31415
31405
31413
31391
31407
31403
31425
31411
31383
31375
31397
31434
31426
31389
31404
31425
31419
31409
31392
31423
31389
31396
31409
31415
31405
31441
31430
31439
31441
31418
31406
31410
31417
31426
31433
31415
31428
31452
31417
31411
31405
31427
31427
31415
31415
31409
31429
31419
31405
31422
31428
31439
31437
31413
31393
31415
31448
31405
31410
31414
31400
31411
31431
31427
31445
31434
31411
31421
31395
31389
31405
31394
31423
31437
31430
31378
31399
31395
31415
31402
31426
31411
31405
31403
31385
31387
31409
31399
31399
31383
31389
31415
31399
31391
31387
31396
31407
31399
31396
31399
31386
31397
31395
31431
31418
31405
31427
31418
31410
31409
31413
31429
31423
31425
31437
31443
31421
31401
31414
31427
31423
31418
31422
31419
31399
31429
31415
31412
31435
31421
31443
31435
31423
31419
31419
31418
31415
31413
31427
31419
31407
31399
31413
31437
31433
31431
31433
31427
31405
31423
31447
31441
31436
31447
31431
31440
31415
31433
31431
31444
31407
31400
31405
31432
31427
31427
31415
31413
31407
31400
31415
31402
31420
31392
31409
31413
31398
31394
31431
31389
31382
31431
31417
31418
31435
31418
31427
31440
31417
31394
31408
31417
31409
31413
31403
31419
31428
31410
31413
31421
31411
31394
31393
31401
31429
31415
31434
31432
31407
31421
31410
31395
31385
31385
31393
31397
31395
31411
31423
31404
31401
31411
31401
31413
31395
31414
31436
31408
31410
31429
31433
31443
31431
31412
31410
31416
31407
31405
31427
31459
31431
31402
31405
31403
31433
31421
31411
31403
31386
31423
31431
31415
31413
31415
31434
31396
31380
31402
31413
31421
31397
31391
31414
31407
31398
31413
31411
31421
31427
31411
31411
31430
31413
31399
31433
31423
31420
31417
31388
31413
31418
31424
31407
31399
31397
31397
31399
31411
31399
31407
31393
31394
31368
31403
31395
31384
31384
31407
31396
31417
31413
31413
31413
31415
31401
31417
31401
31421
31399
31403
31405
31427
31411
31413
31418
31417
31421
31419
31422
31427
31423
31433
31386
31426
31441
31447
31422
31397
31413
31423
31438
31423
31385
31399
31379
31410
31415
31429
31383
31401
31392
31401
31423
31429
31408
31407
31407
31401
31411
31387
31413
31433
31417
31403
31422
31426
31447
31421
31415
31428
31431
31409
31413
31410
31417
31433
31444
31447
31415
31419
31411
31427
31433
31427
31447
31430
31397
31421
31389
31391
31405
31402
31417
31431
31433
31429
31425
31427
31432
31411
31408
31423
31402
31404
31409
31405
31413
31406
31418
31433
31429
31418
31438
31442
31412
31431
31413
31398
31428
31415
31414
31420
31430
31426
31418
31427
31422
31399
31397
31419
31428
31421
31403
31410
31413
31425
31439
31435
31411
31429
31441
31431
31419
31432
31441
31422
31437
31459
31447
31452
31439
31433
31437
31431
31426
31427
31422
31431
31432
31445
31431
31396
31433
31431
31426
31390
31406
31434
31418
31412
31415
31426
31417
31399
31418
31455
31439
31417
31419
31427
31415
31431
31419
31413
31424
31390
31388
31415
31419
31395
31403
31429
31407
31425
31425
31439
31447
31427
31428
31425
31419
31431
31420
31439
31430
31443
31452
31430
31413
31423
31424
31434
31425
31436
31409
31421
31442
31429
31420
31423
31431
31439
31449
31445
31425
31390
31413
31407
31441
31439
31437
31441
31436
31434
31443
31438
31455
31445
31449
31435
31431
31437
31431
31421
31415
31413
31433
31437
31409
31399
31421
31432
31411
31419
31435
31428
31423
31409
31409
31423
31417
31430
31401
31416
31434
31439
31415
31405
31407
31419
31443
31413
31417
31435
31434
31433
31432
31457
31430
31442
31436
31423
31415
31425
31440
31453
31442
31409
31394
31399
31439
31428
31434
31431
31438
31411
31391
31414
31456
31447
31432
31414
31415
31443
31426
31427
31458
31447
31441
31407
31413
31451
31444
31429
31435
31455
31456
31453
31436
31434
31431
31439
31450
31461
31423
31422
31444
31415
31417
31421
31431
31442
31433
31433
31443
31425
31420
31422
31417
31439
31445
31457
31440
31430
31444
31439
31433
31469
31442
31439
31447
31449
31440
31447
31457
31455
31433
31451
31438
31455
31448
31443
31409
31429
31407
31415
31417
31439
31433
31418
31429
31432
31433
31417
31431
31425
31409
31423
31403
31412
31433
31433
31438
31417
31415
31428
31463
31432
31417
31421
31423
31435
31433
31442
31435
31434
31450
31441
31439
31440
31439
31417
31431
31407
31426
31443
31452
31440
31427
31423
31433
31439
31438
31431
31423
31414
31431
31441
31423
31435
31420
31415
31434
31461
31447
31436
31427
31415
31425
31431
31427
31431
31421
31433
31430
31450
31447
31433
31410
31410
31435
31437
31441
31412
31405
31401
31427
31443
31426
31415
31399
31435
31445
31437
31421
31410
31409
31433
31432
31423
31429
31409
31431
31420
31407
31423
31431
31430
31441
31443
31411
31440
31419
31423
31458
31439
31433
31436
31444
31442
31426
31416
31431
31427
31433
31428
31429
31428
31422
31401
31404
31452
31431
31432
31434
31431
31433
31464
31443
31415
31407
31415
31426
31437
31422
31436
31435
31426
31442
31437
31423
31435
31415
31456
31465
31455
31466
31431
31428
31448
31456
31443
31433
31443
31441
31439
31415
31428
31421
31411
31416
31442
31423
31432
31451
31453
31426
31431
31421
31439
31454
31430
31429
31443
31423
31441
31443
31441
31461
31451
31437
31433
31434
31464
31464
31447
31435
31426
31438
31437
31455
31436
31411
31428
31421
31425
31442
31431
31440
31455
31410
31425
31441
31463
31435
31429
31413
31438
31446
31430
31443
31445
31430
31426
31449
31442
31445
31423
31426
31443
31441
31421
31417
31423
31442
31465
31460
31455
31423
31425
31443
31448
31449
31463
31445
31445
31437
31407
31413
31428
31440
31450
31420
31439
31437
31440
31452
31473
31421
31421
31427
31419
31446
31431
31423
31427
31463
31463
31473
31461
31438
31424
31439
31445
31421
31412
31450
31429
31437
31452
31465
31455
31415
31433
31447
31417
31438
31421
31425
31447
31445
31437
31439
31405
31409
31417
31425
31401
31426
31465
31431
31415
31445
31449
31449
31435
31439
31449
31451
31467
31483
31474
31460
31457
31459
31438
31427
31457
31448
31434
31452
31459
31447
31417
31438
31439
31454
31441
31419
31423
31421
31421
31431
31413
31421
31438
31439
31422
31447
31439
31437
31417
31423
31464
31443
31429
31449
31449
31445
31460
31457
31452
31433
31421
31439
31467
31446
31419
31414
31441
31445
31435
31418
31427
31438
31439
31435
31432
31426
31429
31451
31445
31441
31419
31427
31446
31452
31454
31441
31408
31419
31422
31425
31407
31379
31393
31406
31422
31443
31423
31438
31403
31430
31431
31442
31435
31433
31435
31449
31427
31427
31429
31438
31413
31439
31443
31436
31451
31447
31428
31429
31415
31410
31411
31445
31433
31421
31441
31421
31407
31427
31437
31439
31417
31402
31439
31442
31408
31415
31421
31429
31421
31415
31423
31425
31448
31416
31415
31414
31423
31447
31448
31391
31405
31408
31417
31416
31428
31401
31391
31423
31417
31421
31418
31429
31425
31426
31442
31430
31409
31423
31451
31446
31427
31432
31427
31435
31415
31442
31428
31430
31444
31453
31465
31460
31440
31426
31437
31434
31433
31441
31424
31416
31450
31434
31431
31451
31449
31435
31431
31429
31400
31417
31420
31427
31418
31419
31420
31417
31431
31427
31435
31431
31473
31455
31445
31411
31421
31411
31404
31427
31417
31415
31441
31445
31430
31437
31413
31433
31447
31443
31451
31449
31438
31447
31443
31441
31460
31448
31445
31447
31456
31441
31428
31433
31434
31440
31442
31413
31426
31429
31431
31431
31516
31437
31417
31421
31418
31426
31407
31413
31444
31439
31433
31441
31427
31453
31461
31440
31448
31433
31425
31447
31420
31410
31429
31429
31419
31456
31439
31423
31432
31431
31445
31431
31452
31435
31425
31431
31437
31445
31421
31433
31461
31434
31435
31409
31439
31415
31411
31421
31448
31434
31399
31425
31428
31459
31454
31453
31449
31449
31440
31437
31407
31421
31441
31410
31404
31414
31403
31425
31421
31427
31416
31417
31419
31419
31421
31427
31419
31401
31407
31402
31425
31435
31412
31417
31422
31428
31415
31414
31429
31429
31439
31421
31438
31431
31436
31423
31439
31411
31411
31425
31455
31437
31427
31410
31428
31445
31430
31428
31429
31412
31410
31429
31429
31411
31431
31443
31423
31424
31416
31425
31416
31389
31411
31440
31408
31421
31399
31413
31436
31418
31423
31431
31441
31435
31417
31417
31446
31457
31411
31415
31415
31390
31413
31424
31425
31427
31410
31441
31440
31443
31399
31418
31451
31415
31405
31436
31417
31444
31437
31440
31432
31428
31415
31432
31421
31408
31437
31451
31427
31417
31399
31443
31431
31457
31446
31421
31426
31443
31455
31434
31414
31439
31423
31389
31404
31434
31419
31405
31404
31429
31448
31451
31433
31434
31425
31423
31417
31428
31429
31437
31411
31439
31425
31421
31433
31417
31416
31427
31416
31429
31451
31416
31394
31407
31409
31407
31448
31445
31437
31440
31419
31424
31433
31415
31445
31452
31447
31454
31441
31445
31450
31416
31407
31418
31408
31425
31447
31456
31452
31429
31423
31451
31437
31449
31428
31419
31436
31420
31402
31403
31427
31414
31411
31428
31439
31419
31423
31413
31406
31437
31439
31432
31435
31435
31481
31430
31445
31455
31453
31451
31447
31453
31465
31461
31444
31444
31450
31449
31435
31415
31425
31410
31425
31439
31463
31423
31439
31417
31438
31428
31425
31431
31435
31419
31431
31430
31447
31453
31451
31446
31436
31447
31445
31431
31429
31425
31430
31475
31453
31440
31434
31431
31444
31459
31447
31434
31446
31439
31428
31443
31459
31451
31416
31425
31447
31447
31439
31437
31415
31433
31447
31435
31423
31434
31420
31422
31447
31431
31451
31437
31452
31427
31452
31450
31439
31455
31426
31443
31438
31439
31454
31443
31429
31429
31425
31426
31415
31458
31455
31429
31443
31458
31454
31435
31422
31436
31432
31443
31432
31437
31448
31459
31435
31419
31416
31423
31430
31416
31452
31460
31423
31425
31442
31410
31421
31436
31435
31420
31439
31448
31445
31441
31435
31431
31445
31439
31466
31451
31421
31443
31449
31415
31429
31435
31451
31441
31424
31421
31417
31430
31453
31443
31443
31447
31449
31442
31441
31441
31427
31421
31445
31455
31465
31479
31445
31423
31440
31429
31453
31439
31457
31455
31463
31455
31443
31429
31442
31425
31417
31441
31437
31418
31437
31409
31443
31454
31447
31434
31425
31461
31431
31449
31467
31449
31449
31421
31429
31433
31459
31422
31432
31455
31446
31443
31451
31445
31448
31428
31439
31438
31436
31448
31441
31430
31418
31452
31423
31413
31441
31448
31433
31425
31425
31432
31459
31447
31438
31433
31428
31442
31419
31431
31445
31447
31435
31428
31445
31427
31421
31430
31385
31439
31451
31463
31479
31470
31455
31449
31453
31449
31446
31447
31447
31421
31420
31439
31451
31448
31445
31449
31437
31430
31453
31437
31418
31428
31431
31430
31451
31451
31425
31420
31413
31410
31403
31429
31446
31425
31411
31442
31457
31459
31438
31447
31432
31429
31466
31457
31431
31346
31428
31428
31433
31431
31450
31455
31465
31420
31419
31425
31415
31423
31419
31427
31433
31410
31407
31417
31407
31447
31443
31453
31449
31442
31451
31451
31427
31429
31436
31433
31421
31413
31431
31426
31407
31435
31418
31444
31451
31445
31435
31453
31448
31449
31455
31437
31443
31447
31433
31425
31441
31448
31433
31413
31427
31453
31438
31435
31415
31421
31418
31422
31425
31422
31439
31424
31424
31420
31444
31447
31447
31436
31423
31423
31429
31435
31435
31445
31431
31431
31430
31406
31417
31446
31463
31452
31455
31447
31421
31402
31405
31435
31423
31415
31420
31443
31447
31438
31434
31412
31437
31423
31417
31424
31433
31436
31433
31422
31414
31421
31420
31428
31420
31431
31439
31462
31435
31425
31413
31424
31423
31445
31406
31415
31438
31453
31447
31420
31435
31448
31449
31443
31431
31443
31439
31431
31431
31431
31422
31430
31413
31453
31440
31419
31453
31463
31447
31413
31423
31426
31429
31408
31433
31408
31434
31441
31425
31437
31435
31438
