31468
31465
31461
31459
31469
31471
31483
31488
31445
31461
31461
31435
31456
31470
31486
31467
31463
31480
31479
31482
31465
31475
31457
31448
31479
31473
31469
31482
31465
31466
31461
31460
31458
31436
31423
31422
31446
31437
31454
31447
31431
31438
31409
31421
31424
31411
31421
31397
31414
31433
31427
31418
31402
31400
31407
31420
31448
31425
31423
31423
31444
31463
31435
31447
31447
31456
31455
31462
31463
31435
31434
31449
31460
31439
31413
31432
31415
31415
31423
31416
31429
31397
31410
31415
31388
31414
31388
31425
31411
31409
31411
31405
31439
31428
31439
31439
31447
31447
31470
31465
31467
31449
31478
31472
31469
31473
31469
31468
31458
31472
31465
31447
31460
31433
31449
31449
31463
31451
31447
31435
31447
31445
31428
31451
31434
31432
31426
31446
31467
31440
31431
31441
31437
31464
31477
31469
31458
31453
31458
31463
31407
31429
31448
31471
31478
31459
31470
31465
31447
31458
31462
31453
31457
31446
31449
31454
31467
31469
31453
31466
31445
31457
31455
31463
31483
31454
31463
31452
31473
31453
31452
31467
31487
31466
31479
31479
31497
31478
31480
31461
31474
31493
31467
31460
31475
31471
31463
31447
31456
31447
31487
31455
31447
31473
31451
31468
31462
31467
31467
31477
31459
31447
31447
31442
31465
31476
31491
31479
31472
31476
31463
31472
31461
31455
31479
31463
31457
31451
31466
31459
31462
31452
31422
31472
31465
31474
31463
31483
31462
31467
31445
31447
31461
31487
31469
31459
31471
31466
31478
31453
31475
31489
31455
31453
31433
31451
31439
31455
31453
31479
31453
31455
31448
31455
31431
31447
31459
31463
31455
31479
31493
31489
31474
31479
31472
31497
31477
31469
31472
31455
31483
31479
31476
31506
31511
31476
31480
31470
31452
31474
31466
31481
31491
31456
31443
31447
31455
31444
31433
31436
31461
31464
31467
31454
31466
31485
31455
31450
31431
31467
31493
31487
31472
31483
31477
31487
31494
31460
31460
31457
31451
31455
31444
31467
31467
31469
31467
31469
31455
31467
31481
31485
31467
31459
31462
31448
31448
31450
31429
31435
31451
31468
31479
31443
31435
31456
31452
31459
31447
31447
31471
31455
31476
31467
31487
31463
31449
31473
31495
31482
31477
31463
31461
31465
31462
31459
31463
31471
31469
31468
31444
31451
31533
31438
31469
31459
31463
31447
31437
31443
31457
31460
31471
31469
31474
31449
31467
31481
31477
31473
31452
31446
31465
31460
31477
31464
31470
31454
31466
31460
31456
31468
31498
31468
31465
31474
31475
31475
31461
31471
31485
31465
31470
31462
31458
31458
31415
31419
31437
31439
31431
31444
31423
31444
31423
31434
31446
31461
31447
31436
31435
31439
31459
31449
31433
31437
31434
31439
31441
31442
31428
31443
31427
31440
31436
31457
31453
31438
31424
31445
31437
31454
31457
31460
31445
31415
31429
31470
31459
31432
31463
31447
31440
31437
31449
31455
31453
31449
31437
31437
31453
31429
31472
31445
31447
31469
31455
31447
31445
31443
31465
31456
31461
31456
31451
31444
31450
31463
31459
31487
31474
31470
31454
31472
31499
31487
31473
31459
31467
31461
31474
31473
31447
31475
31470
31455
31472
31469
31464
31463
31463
31485
31455
31474
31478
31498
31481
31470
31471
31461
31477
31450
31489
31515
31487
31469
31463
31455
31467
31477
31479
31448
31455
31461
31451
31413
31437
31407
31422
31447
31421
31447
31431
31416
31418
31441
31445
31444
31437
31447
31447
31409
31439
31471
31450
31454
31456
31451
31463
31473
31431
31447
31447
31464
31441
31439
31450
31439
31460
31455
31459
31464
31458
31479
31486
31483
31453
31491
31470
31471
31453
31455
31470
31487
31483
31471
31463
31461
31468
31451
31479
31489
31499
31479
31474
31470
31471
31481
31481
31460
31464
31467
31449
31449
31445
31450
31435
31425
31445
31459
31473
31467
31469
31465
31457
31456
31484
31469
31443
31456
31445
31470
31480
31458
31447
31477
31459
31476
31499
31484
31463
31440
31473
31474
31464
31478
31466
31477
31451
31451
31479
31471
31464
31476
31461
31468
31449
31447
31441
31431
31481
31476
31477
31472
31451
31469
31487
31470
31465
31453
31459
31471
31464
31483
31485
31491
31459
31463
31467
31473
31491
31504
31489
31459
31459
31467
31467
31477
31475
31479
31487
31481
31474
31455
31457
31464
31451
31442
31462
31471
31464
31455
31460
31477
31485
31471
31439
31442
31458
31475
31456
31486
31503
31502
31471
31465
31484
31467
31447
31468
31481
31471
31487
31477
31446
31461
31483
31466
31439
31481
31470
31463
31475
31464
31460
31463
31471
31480
31481
31463
31445
31445
31493
31500
31469
31487
31495
31479
31499
31487
31472
31471
31493
31496
31484
31487
31487
31487
31487
31478
31474
31458
31448
31487
31487
31473
31470
31475
31487
31492
31477
31477
31457
31447
31457
31469
31479
31495
31495
31482
31491
31495
31487
31472
31467
31467
31486
31467
31449
31472
31500
31487
31463
31446
31479
31486
31509
31469
31488
31471
31463
31462
31470
31480
31482
31479
31475
31487
31487
31471
31475
31497
31479
31469
31467
31479
31483
31475
31486
31447
31443
31479
31483
31458
31457
31463
31488
31479
31459
31479
31461
31445
31471
31466
31483
31481
31480
31484
31474
31486
31481
31480
31473
31439
31477
31491
31467
31460
31497
31475
31471
31476
31473
31475
31483
31469
31467
31459
31469
31462
31477
31481
31480
31465
31459
31466
31478
31485
31485
31479
31479
31457
31448
31480
31486
31471
31477
31464
31458
31476
31493
31499
31496
31502
31486
31484
31503
31493
31495
31481
31455
31501
31503
31467
31454
31471
31446
31466
31470
31483
31485
31457
31439
31437
31457
31449
31452
31462
31471
31471
31447
31450
31498
31511
31496
31468
31459
31467
31453
31445
31481
31471
31490
31490
31487
31479
31475
31477
31481
31457
31481
31484
31457
31445
31449
31448
31471
31455
31417
31449
31452
31462
31447
31439
31463
31455
31477
31456
31455
31468
31456
31457
31469
31459
31459
31475
31442
31496
31472
31459
31459
31505
31488
31487
31490
31485
31499
31453
31455
31468
31465
31453
31410
31455
31443
31426
31433
31433
31437
31422
31446
31396
31408
31441
31430
31412
31453
31439
31420
31415
31436
31442
31452
31449
31454
31443
31466
31448
31435
31438
31427
31449
31472
31481
31446
31462
31477
31445
31434
31439
31437
31446
31444
31455
31437
31452
31433
31446
31470
31469
31472
31449
31463
31431
31447
31445
31460
31449
31459
31458
31463
31460
31463
31468
31450
31460
31461
31470
31463
31463
31461
31463
31477
31479
31485
31480
31476
31473
31483
31457
31475
31488
31477
31475
31487
31480
31487
31479
31483
31504
31487
31463
31477
31458
31467
31456
31493
31475
31449
31471
31499
31479
31447
31447
31477
31501
31478
31473
31481
31469
31466
31466
31453
31480
31501
31499
31479
31463
31460
31466
31497
31491
31483
31498
31491
31487
31479
31495
31476
31496
31473
31473
31472
31460
31463
31476
31471
31455
31461
31455
31455
31447
31468
31479
31469
31447
31431
31461
31473
31441
31441
31449
31469
31456
31464
31492
31493
31447
31453
31465
31471
31457
31449
31459
31469
31479
31489
31460
31452
31456
31441
31429
31443
31445
31460
31423
31418
31447
31433
31463
31441
31439
31464
31450
31442
31475
31448
31471
31481
31460
31465
31465
31433
31453
31467
31467
31462
31444
31471
31474
31461
31447
31459
31450
31451
31477
31461
31463
31477
31470
31455
31455
31462
31453
31474
31463
31447
31449
31447
31461
31451
31444
31451
31477
31465
31471
31475
31468
31459
31449
31433
31437
31451
31457
31447
31465
31458
31468
31453
31453
31463
31447
31479
31475
31467
31447
31479
31473
31457
31455
31443
31468
31447
31462
31442
31437
31463
31485
31458
31452
31458
31459
31430
31444
31468
31449
31458
31453
31452
31454
31469
31457
31477
31456
31431
31431
31441
31462
31447
31454
31444
31446
31455
31447
31459
31475
31470
31447
31457
31487
31475
31465
31439
31449
31461
31463
31434
31441
31455
31455
31455
31465
31466
31463
31455
31445
31449
31445
31449
31434
31451
31451
31452
31474
31487
31475
31455
31460
31469
31477
31465
31445
31457
31434
31447
31444
31439
31452
31447
31459
31431
31429
31423
31403
31393
31381
31395
31411
31427
31407
31397
31386
31407
31433
31425
31403
31427
31422
31429
31439
31424
31413
31413
31427
31425
31431
31446
31435
31443
31450
31435
31448
31461
31448
31447
31473
31443
31435
31464
31480
31466
31441
31439
31445
31460
31446
31432
31447
31449
31447
31426
31431
31441
31463
31473
31465
31411
31459
31460
31440
31451
31453
31462
31487
31479
31475
31489
31467
31482
31475
31466
31446
31456
31457
31491
31485
31453
31423
31465
31471
31471
31470
31459
31461
31488
31491
31478
31469
31471
31471
31486
31472
31459
31458
31445
31451
31452
31478
31461
31447
31448
31437
31457
31454
31466
31469
31499
31475
31471
31479
31484
31481
31484
31471
31470
31444
31477
31459
31463
31463
31469
31464
31457
31476
31469
31475
31473
31473
31461
31495
31481
31461
31487
31478
31463
31465
31478
31477
31471
31487
31466
31485
31475
31490
31487
31447
31459
31463
31468
31507
31485
31485
31496
31467
31467
31480
31480
31471
31455
31457
31446
31461
31473
31475
31482
31475
31497
31465
31443
31487
31469
31455
31460
31476
31463
31462
31463
31447
31463
31452
31462
31477
31458
31461
31463
31453
31445
31473
31466
31481
31471
31471
31469
31499
31490
31485
31491
31463
31445
31466
31471
31495
31495
31481
31458
31455
31476
31463
31499
31471
31485
31496
31475
31491
31480
31472
31469
31457
31451
31453
31471
31447
31463
31461
31467
31479
31473
31461
31455
31473
31483
31484
31437
31478
31471
31455
31477
31487
31499
31463
31497
31487
31475
31468
31476
31455
31455
31478
31487
31492
31498
31482
31484
31467
31466
31463
31467
31472
31472
31505
31492
31464
31477
31469
31480
31479
31473
31465
31463
31489
31489
31453
31483
31496
31491
31489
31488
31490
31505
31480
31476
31475
31464
31487
31483
31478
31486
31497
31480
31475
31484
31479
31467
31458
31449
31458
31479
31476
31477
31479
31469
31470
31471
31471
31455
31463
31466
31487
31461
31463
31446
31452
31477
31477
31475
31499
31462
31463
31483
31465
31457
31486
31481
31476
31461
31475
31485
31488
31458
31459
31492
31465
31475
31465
31473
31456
31435
31462
31463
31455
31461
31447
31455
31468
31457
31480
31473
31447
31461
31439
31447
31476
31507
31487
31461
31477
31476
31475
31463
31493
31477
31469
31464
31447
31466
31487
31466
31475
31479
31479
31480
31483
31482
31480
31467
31435
31415
31445
31479
31463
31449
31472
31479
31449
31447
31466
31463
31474
31458
31466
31471
31487
31485
31461
31471
31468
31476
31484
31475
31482
31463
31470
31471
31489
31461
31459
31480
31483
31477
31480
31470
31476
31460
31442
31447
31445
31439
31447
31453
31455
31468
31480
31471
31474
31476
31457
31456
31463
31459
31453
31483
31438
31445
31469
31486
31504
31491
31465
31447
31445
31470
31480
31477
31476
31485
31465
31485
31473
31458
31454
31459
31455
31463
31483
31463
31457
31437
31459
31447
31467
31466
31469
31468
31465
31483
31461
31447
31463
31451
31450
31471
31489
31485
31455
31483
31468
31457
31447
31463
31479
31483
31434
31467
31444
31471
31495
31483
31458
31465
31481
31495
31463
31468
31485
31467
31454
31453
31483
31477
31480
31496
31462
31453
31460
31478
31483
31487
31478
31466
31456
31475
31457
31459
31466
31469
31495
31452
31491
31487
31465
31471
31479
31471
31495
31463
31467
31503
31478
31483
31480
31458
31471
31480
31477
31478
31474
31475
31465
31476
31497
31488
31482
31493
31476
31459
31469
31471
31470
31472
31486
31491
31457
31457
31463
31463
31465
31459
31466
31487
31471
31483
31463
31469
31461
31479
31474
31468
31485
31488
31521
31499
31469
31473
31457
31481
31491
31501
31479
31478
31475
31467
31473
31473
31493
31487
31494
31481
31483
31463
31461
31485
31471
31466
31453
31473
31478
31485
31501
31473
31487
31487
31480
31483
31483
31464
31486
31503
31485
31484
31487
31513
31477
31497
31496
31511
31493
31484
31493
31486
31475
31445
31449
31449
31484
31500
31462
31465
31494
31469
31469
31480
31467
31466
31463
31447
31432
31463
31494
31477
31483
31492
31487
31491
31479
31480
31485
31491
31497
31492
31479
31472
31499
31499
31501
31507
31501
31495
31473
31466
31490
31492
31478
31499
31510
31480
31472
31477
31472
31488
31469
31457
31472
31473
31473
31480
31479
31461
31477
31469
31459
31465
31454
31450
31452
31471
31470
31459
31456
31452
31472
31475
31447
31473
31469
31456
31469
31459
31456
31440
31442
31470
31458
31452
31466
31469
31441
31441
31441
31455
31466
31459
31457
31447
31461
31459
31470
31463
31483
31473
31465
31475
31462
31465
31451
31448
31469
31487
31457
31459
31450
31470
31488
31467
31491
31459
31477
31491
31469
31472
31471
31476
31491
31465
31485
31487
31486
31471
31451
31469
31485
31472
31445
31473
31471
31462
31479
31487
31472
31479
31468
31468
31465
31468
31481
31483
31464
31465
31500
31510
31477
31476
31487
31481
31498
31514
31494
31469
31465
31474
31475
31472
31471
31479
31475
31468
31479
31462
31460
31480
31479
31470
31478
31507
31478
31458
31430
31439
31474
31497
31451
31485
31475
31463
31457
31497
31495
31477
31498
31493
31501
31539
31519
31487
31485
31479
31490
31471
31476
31476
31479
31525
31477
31467
31477
31482
31497
31488
31474
31483
31463
31455
31475
31483
31444
31456
31471
31501
31475
31463
31466
31467
31490
31472
31487
31481
31480
31492
31501
31486
31506
31495
31487
31474
31511
31511
31495
31507
31488
31469
31463
31477
31481
31491
31481
31469
31477
31476
31472
31442
31463
31458
31475
31437
31445
31456
31474
31473
31476
31489
31467
31479
31493
31474
31457
31469
31481
31476
31472
31468
31474
31463
31469
31491
31484
31475
31483
31501
31487
31474
31487
31483
31456
31483
31502
31481
31475
31464
31449
31440
31447
31469
31451
31459
31448
31454
31448
31449
31471
31461
31446
31447
31437
31479
31481
31484
31475
31479
31463
31461
31477
31465
31469
31481
31474
31476
31469
31454
31501
31505
31480
31489
31469
31479
31471
31458
31479
31485
31467
31463
31437
31447
31456
31462
31451
31436
31457
31465
31446
31457
31463
31472
31469
31457
31469
31477
31481
31463
31460
31443
31446
31495
31471
31457
31455
31471
31457
31465
31492
31491
31495
31479
31483
31478
31473
31479
31475
31437
31451
31451
31449
31451
31471
31479
31459
31471
31464
31468
31475
31487
31468
31457
31465
31475
31493
31477
31469
31464
31482
31481
31479
31499
31480
31497
31469
31490
31498
31487
31491
31487
31486
31474
31467
31477
31462
31461
31458
31463
31477
31475
31455
31462
31449
31440
31463
31465
31454
31458
31459
31448
31451
31464
31479
31465
31479
31455
31455
31467
31445
31465
31449
31460
31483
31480
31496
31481
31497
31487
31440
31467
31473
31463
31479
31463
31472
31463
31457
31473
31487
31481
31460
31485
31477
31465
31455
31446
31465
31448
31461
31476
31455
31449
31479
31455
31467
31479
31463
31461
31459
31479
31475
31463
31465
31463
31499
31507
31495
31481
31467
31509
31529
31494
31481
31491
31499
31487
31468
31459
31453
31455
31472
31479
31482
31458
31444
31485
31479
31473
31455
31447
31447
31467
31465
31458
31456
31457
31478
31457
31473
31484
31483
31483
31477
31485
31463
31475
31473
31466
31464
31477
31475
31463
31493
31487
31491
31481
31466
31459
31446
31434
31471
31471
31457
31441
31456
31446
31445
31463
31451
31458
31487
31452
31463
31455
31479
31456
31470
31470
31453
31479
31491
31487
31475
31486
31478
31472
31481
31471
31472
31485
31481
31483
31481
31463
31484
31471
31483
31487
31487
31474
31477
31478
31463
31458
31447
31461
31459
31435
31437
31441
31452
31459
31457
31439
31439
31477
31443
31455
31451
31451
31470
31466
31487
31477
31496
31488
31487
31460
31455
31479
31496
31460
31475
31482
31470
31454
31470
31461
31467
31477
31483
31471
31443
31439
31487
31468
31477
31466
31483
31472
31463
31435
31456
31445
31467
31476
31485
31477
31472
31499
31453
31446
31472
31489
31463
31483
31493
31472
31502
31484
31481
31478
31471
31488
31479
31476
31461
31487
31488
31465
31459
31464
31455
31447
31473
31455
31481
31467
31447
31445
31435
31453
31467
31446
31446
31425
31437
31433
31447
31454
31459
31471
31488
31484
31497
31505
31483
31463
31487
31485
31493
31485
31479
31522
31509
31471
31499
31468
31463
31473
31481
31459
31464
31479
31497
31456
31469
31461
31476
31504
31478
31453
31443
31445
31463
31464
31457
31479
31464
31465
31499
31479
31489
31491
31496
31463
31461
31479
31471
31471
31459
31492
31495
31483
31495
31473
31471
31469
31494
31457
31485
31487
31473
31491
31481
31474
31481
31468
31466
31469
31481
31487
31492
31473
31471
31477
31476
31459
31475
31463
31475
31456
31441
31479
31475
31507
31495
31469
31489
31488
31503
31512
31490
31488
31482
31487
31469
31472
31475
31470
31480
31486
31491
31512
31490
31485
31457
31446
31458
31463
31479
31474
31452
31463
31461
31454
31467
31463
31449
31456
31479
31464
31465
31479
31463
31447
31475
31467
31471
31466
31495
31482
31487
31467
31479
31479
31479
31463
31480
31482
31509
31505
31511
31493
31485
31498
31484
31497
31473
31453
31456
31472
31467
31461
31457
31429
31471
31500
31474
31471
31492
31501
31481
31479
31477
31478
31471
31496
31457
31474
31478
31457
31487
31475
31482
31465
31480
31472
31468
31460
31506
31485
31461
31454
31461
31475
31479
31490
31453
31464
31460
31476
31483
31477
31476
31477
31478
31461
31466
31466
31453
31469
31471
31474
31481
31465
31453
31490
31466
31467
31478
31483
31457
31487
31503
31498
31479
31473
31471
31501
31485
31499
31487
31481
31481
31485
31463
31474
31477
31471
31483
31458
31465
31487
31466
31470
31448
31453
31446
31459
31461
31459
31459
31466
31446
31447
31469
31493
31483
31471
31479
31483
31479
31487
31463
31471
31482
31451
31481
31482
31449
31453
31470
31491
31476
31470
31455
31463
31468
31453
31455
31460
31447
31449
31465
31467
31447
31451
31451
31443
31463
31479
31478
31444
31479
31461
31470
31487
31447
31474
31500
31487
31496
31467
31469
31489
31501
31471
31477
31466
31479
31463
31471
31474
31477
31484
31474
31451
31479
31468
31451
31471
31474
31455
31441
31461
31485
31450
31456
31474
31438
31450
31450
31458
31449
31469
31442
31449
31473
31482
31504
31479
31467
31474
31466
31463
31447
31469
31459
31471
31504
31475
31463
31491
31484
31469
31464
31485
31470
31469
31468
31450
31466
31460
31429
31423
31440
31461
31436
31461
31467
31481
31473
31451
31443
31450
31422
31461
31459
31451
31464
31496
31459
31445
31463
31461
31469
31469
31470
31478
31458
31481
31480
31457
31467
31456
31458
31437
31442
31437
31460
31466
31455
31437
31434
31423
31441
31463
31479
31474
31451
31447
31456
31455
31463
31458
31448
31481
31463
31475
31467
31462
31471
31485
31469
31483
31475
31480
31462
31461
31507
31527
31495
31514
31497
31479
31493
31487
31463
31451
31448
31479
31495
31457
31462
31449
31475
31473
31442
31448
31431
31415
31450
31461
31479
31469
31459
31460
31451
31467
31468
31459
31450
31464
31467
31456
31449
31462
31479
31487
31474
31447
31455
31463
31455
31453
31470
31472
31437
31433
31454
31437
31449
31457
31455
31447
31428
31435
31427
31434
31440
31423
31411
31445
31448
31431
31440
31443
31437
31431
31433
31429
31434
31455
31459
31447
31442
31441
31457
31443
31490
31465
31450
31477
31473
31476
31445
31459
31480
31453
31447
31444
31441
31453
31451
31449
31453
31455
31437
31443
31427
31456
31453
31455
31461
31469
31475
31479
31477
31495
31465
31463
31479
31474
31485
31481
31491
31473
31466
31487
31477
31487
31471
31481
31474
31457
31471
31484
31454
31463
31495
31467
31471
31451
31448
31478
31460
31449
31471
31456
31452
31439
31465
31479
31470
31473
31456
31479
31463
31486
31487
31454
31463
31472
31450
31471
31479
31477
31498
31493
31490
31485
31498
31514
31472
31491
31509
31498
31487
31499
31481
31469
31451
31483
31478
31497
31457
31452
31451
31467
31458
31480
31464
31482
31476
31446
31468
31460
31463
31487
31473
31487
31514
31500
31473
31473
31476
31505
31484
31479
31487
31493
31495
31491
31504
31505
31507
31509
31526
31492
31496
31486
31471
31472
31491
31475
31487
31447
31457
31472
31473
31446
31459
31447
31439
31435
31456
31471
31450
31464
31457
31450
31445
31466
31447
31446
31487
31496
31472
31463
31497
31504
31485
31497
31487
31495
31527
31512
31497
31504
31475
31503
31497
31491
31479
31463
31464
31442
31447
31431
31452
31428
31424
31445
31451
31457
31446
31453
31487
31447
31429
31455
31459
31455
31441
31457
31463
31450
31487
31469
31462
31464
31476
31492
31490
31480
31465
31475
31476
31484
31495
31477
31484
31477
31483
31483
31477
31492
31473
31483
31471
31460
31463
31451
31457
31455
31443
31431
31435
31443
31447
31439
31449
31463
31479
31439
31447
31447
31459
31450
31446
31452
31479
31471
31492
31473
31472
31459
31465
31464
31455
31462
31494
31477
31464
31463
31479
31483
31459
31455
31449
31462
31455
31451
31440
31453
31457
31444
31450
31445
31458
31443
31464
31488
31462
31445
31458
31457
31460
31469
31448
31473
31479
31484
31487
31480
31487
31467
31471
31494
31479
31467
31461
31475
31477
31479
31455
31443
31462
31471
31444
31460
31454
31453
31462
31479
31452
31461
31448
31469
31463
31469
31479
31467
31472
31463
31467
31464
31464
31471
31500
31503
31498
31487
31470
31487
31479
31475
31473
31472
31477
31475
31467
31483
31487
31446
31463
31446
31463
31463
31473
31457
31453
31441
31455
31481
31463
31493
31473
31455
31444
31463
31462
31471
31475
31461
31464
31473
31478
31443
31441
31441
31473
31479
31490
31477
31478
31491
31487
31472
31479
31487
31487
31493
31485
31511
31476
31486
31480
31489
31475
31487
31481
31442
31461
31463
31446
31439
31477
31465
31468
31453
31473
31481
31455
31453
31453
31445
31467
31456
31494
31487
31487
31454
31469
31503
31475
31469
31482
31470
31455
31493
31497
31509
31494
31466
31471
31465
31489
31459
31464
31467
31482
31483
31465
31451
31448
31443
31473
31479
31465
31464
31438
31453
31459
31462
31453
31435
31447
31463
31464
31461
31472
31468
31491
31494
31513
31467
31483
31487
31475
31495
31487
31481
31465
31472
31493
31486
31467
31463
31450
31453
31472
31481
31484
31476
31479
31471
31499
31495
31488
31453
31441
31458
31460
31471
31471
31478
31476
31455
31472
31459
31487
31488
31523
31502
31495
31495
31485
31495
31495
31476
31487
31495
31497
31477
31478
31497
31493
31474
31473
31463
31489
31463
31447
31456
31469
31454
31469
31475
31468
31471
31494
31467
31476
31468
31460
31444
31458
31487
31477
31461
31485
31481
31479
31475
31459
31461
31468
31476
31473
31469
31475
31480
31495
31486
31460
31469
31484
31481
31447
31446
31436
31451
31470
31493
31473
31467
31464
31453
31433
31455
31491
31474
31469
31461
31459
31448
31439
31427
31467
31468
31447
31461
31475
31478
31471
31457
31472
31486
31470
31475
31497
31476
31466
31455
31461
31481
31471
31461
31492
31466
31443
31465
31459
31456
31475
31465
31463
31452
31451
31463
31468
31458
31459
31497
31447
31461
31464
31450
31450
31459
31479
31497
31475
31481
31465
31451
31470
31460
31493
31485
31488
31483
31482
31503
31501
31457
31483
31495
31489
31501
31479
31463
31477
31469
31470
31463
31489
31489
31473
31457
31451
31454
31469
31455
31441
31465
31451
31465
31468
31479
31470
31472
31466
31487
31479
31501
31495
31478
31481
31463
31490
31478
31455
31461
31465
31468
31463
31444
31448
31469
31474
31462
31441
31458
31448
31451
31427
31448
31478
31465
31465
31455
31456
31438
31471
31466
31465
31479
31478
31480
31455
31465
31463
31472
31475
31482
31491
31467
31491
31479
31460
31470
31457
31479
31484
31467
31473
31476
31485
31488
31475
31475
31477
31461
31459
31441
31471
31468
31485
31477
31463
31462
31446
31460
31467
31457
31462
31462
31469
31493
31489
31522
31490
31487
31472
31473
31465
31447
31459
31485
31506
31512
31499
31495
31487
31489
31496
31494
31475
31476
31458
31475
31480
31504
31495
31496
31487
31473
31467
31462
31476
31477
31497
31496
31497
31472
31477
31463
31465
31471
31463
31493
31497
31492
31469
31450
31471
31473
31469
31496
31487
31493
31489
31496
31492
31484
31477
31481
31499
31482
31507
31487
31510
31475
31471
31461
31482
31496
31483
31464
31458
31472
31462
31488
31481
31471
31475
31489
31479
31475
31449
31453
31462
31491
31469
31472
31494
31487
31489
31473
31463
31468
31481
31474
31487
31479
31497
31485
31485
31498
31509
31497
31487
31465
31458
31463
31471
31481
31467
31460
31494
31471
31476
31479
31492
31504
31493
31498
31481
31478
31489
31508
31487
31503
31519
31487
31491
31482
31487
31487
31492
31470
31470
31473
31494
31481
31495
31497
31497
31491
31477
31491
31473
31462
31501
31463
31464
31479
31487
31491
31481
31495
31494
31489
31492
31471
31469
31454
31475
31465
31493
31477
31497
31501
31495
31501
31487
31506
31497
31488
31483
31491
31525
31515
31515
31484
31512
31493
31486
31500
31505
31486
31477
31479
31479
31473
31473
31487
31474
31474
31489
31462
31485
31461
31471
31473
31451
31449
31442
31469
31496
31473
31481
31495
31481
31473
31485
31464
31479
31457
31487
31487
31463
31442
31471
31459
31470
31507
31496
31465
31464
31472
31470
31461
31465
31485
31487
31471
31459
31463
31459
31501
31479
31461
31475
31463
31473
31505
31498
31494
31450
31474
31461
31472
31478
31490
31494
31485
31483
31501
31480
31485
31491
31477
31464
31472
31445
31464
31477
31482
31495
31470
31453
31483
31461
31471
31475
31461
31466
31464
31470
31467
31483
31469
31473
31473
31476
31466
31459
31482
31458
31473
31476
31451
31471
31477
31473
31461
31501
31467
31463
31458
31457
31469
31485
31470
31447
31469
31468
31479
31477
31483
31487
31487
31495
31475
31463
31457
31458
31487
31497
31471
31467
31450
31461
31461
31461
31451
31492
31487
31457
31455
31471
31479
31491
31473
31465
31503
31495
31481
31479
31463
31487
31490
31493
31485
31478
31469
31462
31475
31495
31493
31495
31502
31515
31505
31493
31471
31501
31495
31474
31480
31469
31506
31481
31473
31479
31502
31485
31481
31465
31479
31480
31479
31473
31484
31499
31499
31471
31490
31484
31477
31478
31490
31469
31485
31479
31483
31503
31488
31477
31517
31527
31530
31508
31505
31483
31500
31472
31465
31484
31496
31485
31473
31459
31479
31482
31485
31479
31475
31460
31465
31466
31468
31478
31487
31493
31477
31489
31477
31473
31483
31527
31487
31486
31467
31494
31502
31463
31479
31485
31468
31471
31485
31471
31476
31502
31497
31502
31473
31477
31481
31487
31499
31482
31463
31454
31457
31486
31470
31479
31503
31468
31450
31470
31488
31494
31473
31497
31503
31511
31467
31473
31495
31481
31506
31498
31500
31517
31519
31479
31481
31456
31463
31482
31479
31485
31482
31503
31508
31494
31475
31487
31471
31467
31474
31463
31454
31487
31481
31474
31478
31522
31502
31487
31479
31470
31439
31470
31503
31475
31478
31497
31488
31475
31492
31486
31499
31484
31476
31485
31467
31486
31471
31464
31463
31477
31475
31479
31487
31503
31507
31477
31463
31446
31457
31465
31459
31478
31469
31479
31479
31475
31465
31448
31472
31453
31443
31452
31454
31471
31494
31465
31463
31470
31456
31467
31474
31456
31432
31456
31473
31463
31453
31462
31466
31497
31460
31459
31460
31475
31471
31473
31485
31465
31459
31469
31477
31447
31459
31452
31454
31446
31473
31460
31461
31452
31445
31459
31469
31470
31479
31451
31449
31466
31459
31471
31473
31457
31463
31467
31481
31480
31476
31451
31453
31475
31459
31471
31467
31484
31475
31472
31484
31469
31448
31464
31453
31461
31457
31479
31462
31469
31457
31470
31468
31461
31473
31509
31480
31463
31472
31473
31484
31475
31479
31479
31457
31455
31479
31477
31459
31479
31496
31480
31475
31463
31486
31498
31479
31450
31479
31486
31469
31447
31437
31479
31497
31474
31470
31469
31457
31443
31459
31447
31435
31445
31465
31456
31469
31489
31479
31472
31467
31501
31500
31493
31496
31496
31495
31475
31499
31491
31519
31511
31471
31479
31492
31505
31511
31469
31459
31481
31472
31487
31470
31477
31477
31473
31479
31483
31481
31471
31469
31459
31447
31473
31478
31483
31487
31477
31478
31455
31476
31458
31461
31487
31468
31445
31469
31459
31451
31447
31428
31441
31413
31411
31453
31427
31416
31430
31439
31440
31431
31427
31439
31447
31438
31447
31441
31453
31470
31439
31415
31437
31439
31431
31435
31434
31443
31425
31468
31461
31437
31423
31417
31463
31443
31463
31473
31441
31449
31463
31439
31453
31468
31443
31484
31496
31455
31445
31447
31455
31474
31461
31447
31463
31462
31458
31465
31477
31451
31465
31461
31460
31455
31439
31473
31463
31466
31477
31487
31474
31469
31461
31463
31466
31449
31471
31467
31478
31491
31497
31492
31477
31490
31500
31509
31500
31463
31465
31468
31487
31477
31488
31485
31478
31496
31484
31499
31467
31482
31493
31490
31485
31469
31454
31463
31467
31487
31492
31476
31475
31487
31473
31498
31501
31519
31486
31503
31487
31511
31530
31509
31513
31509
31471
31495
31496
31503
31493
31490
31481
31479
31499
31495
31484
31485
31499
31479
31487
31515
31445
31451
31479
31487
31478
31503
31490
31468
31459
31463
31479
31479
31500
31488
31511
31495
31499
31531
31540
31519
31535
31520
31513
31511
31524
31550
31537
31523
31529
31524
31517
31533
31509
31523
31503
31491
31480
31493
31480
31497
31479
31471
31487
31487
31473
31447
31461
31473
31493
31463
31465
31471
31457
31475
31467
31469
31477
31488
31476
31490
31481
31495
31482
31502
31514
31498
31493
31479
31493
31481
31494
31476
31461
31462
31464
31470
31463
31456
31447
31461
31450
31457
31446
31467
31477
31495
31439
31453
31482
31456
31446
31475
31487
31485
31487
31498
31495
31481
31445
31462
31459
31481
31471
31459
31478
31477
31457
31441
31439
31439
31433
31428
31444
31459
31446
31456
31452
31451
31429
31435
31436
31445
31432
31449
31438
31457
31459
31439
31462
31445
31420
31422
31432
31437
31431
31443
31452
31489
31461
31467
31462
31464
31450
31465
31467
31479
31483
31461
31475
31467
31463
31470
31441
31467
31469
31481
31463
31471
31472
31465
31469
31461
31485
31495
31489
31454
31464
31429
31451
31480
31479
31469
31453
31456
31471
31484
31457
31481
31487
31460
31443
31465
31488
31487
31471
31455
31459
31456
31457
31475
31463
31482
31449
31455
31463
31487
31465
31458
31454
31471
31443
31444
31418
31450
31449
31454
31435
31425
31439
31448
31452
31451
31470
31439
31431
31460
31473
31483
31477
31479
31467
31471
31469
31457
31468
31483
31465
31479
31499
31507
31487
31471
31473
31495
31505
31499
31495
31467
31467
31506
31501
31476
31445
31463
31463
31465
31475
31471
31479
31471
31485
31493
31456
31494
31487
31473
31486
31487
31497
31500
31488
31494
31503
31529
31511
31521
31503
31513
31500
31511
31511
31500
31511
31521
31521
31496
31482
31491
31506
31490
31475
31490
31476
31470
31467
31477
31455
31503
31471
31483
31479
31463
31476
31452
31476
31472
31464
31459
31471
31429
31433
31487
31473
31472
31484
31468
31471
31479
31481
31477
31457
31474
31473
31471
31501
31503
31503
31497
31445
31485
31495
31515
31511
31527
31521
31499
31478
31461
31454
31457
31458
31448
31431
31443
31419
31435
31431
31441
31445
31426
31427
31417
31395
31402
31419
31431
31439
31422
31439
31457
31453
31463
31439
31449
31435
31431
31464
31463
31494
31483
31466
31490
31492
31479
31475
31480
31477
31501
31511
31479
31457
31451
31445
31445
31451
31463
31463
31472
31477
31453
31453
31461
31491
31489
31473
31469
31488
31517
31493
31474
31497
31498
31509
31511
31487
31518
31492
31495
31497
31508
31472
31473
31484
31481
31481
31479
31495
31497
31511
31479
31480
31495
31493
31487
31498
31523
31519
31489
31503
31487
31480
31479
31496
31529
31519
31491
31507
31485
31498
31507
31516
31513
31504
31519
31518
31510
31504
31493
31488
31487
31502
31503
31506
31503
31501
31513
31507
31483
31468
31494
31508
31510
31497
31496
31485
31498
31490
31507
31511
31495
31493
31473
31513
31549
31523
31536
31511
31527
31523
31539
31521
31502
31531
31515
31480
31496
31511
31505
31514
31500
31504
31506
31491
31487
31467
31492
31502
31515
31499
31488
31497
31503
31507
31510
31499
31504
31485
31500
31495
31487
31487
31504
31532
31523
31516
31534
31495
31499
31509
31479
31489
31507
31502
31495
31529
31492
31503
31509
31495
31475
31483
31511
31507
31475
31475
31503
31477
31477
31513
31487
31477
31469
31467
31500
31520
31510
31509
31487
31473
31479
31485
31493
31484
31515
31512
31517
31497
31485
31501
31511
31548
31563
31525
31498
31505
31506
31518
31517
31519
31496
31524
31503
31503
31509
31511
31519
31495
31501
31522
31483
31471
31479
31503
31499
31499
31507
31504
31523
31491
31487
31480
31497
31495
31491
31496
31492
31493
31515
31501
31504
31505
31505
31502
31513
31534
31503
31483
31497
31513
31495
31471
31516
31496
31489
31493
31495
31503
31481
31487
31508
31503
31485
31464
31494
31499
31497
31485
31482
31500
31491
31449
31471
31466
31473
31488
31485
31497
31489
31477
31497
31518
31507
31498
31497
31477
31490
31515
31495
31495
31500
31481
31489
31493
31491
31488
31489
31465
31483
31499
31465
31451
31472
31462
31464
31471
31483
31487
31495
31459
31445
31472
31474
31483
31478
31464
31471
31463
31476
31487
31495
31510
31509
31469
31467
31471
31475
31472
31463
31475
31481
31488
31476
31480
31471
31472
31481
31455
31469
31473
31457
31461
31444
31449
31464
31455
31447
31471
31486
31454
31454
31454
31459
31480
31493
31469
31461
31421
31455
31484
31503
31495
31511
31499
31492
31503
31510
31514
31525
31503
31476
31481
31507
31493
31469
31471
31479
31500
31486
31481
31477
31448
31473
31479
31477
31473
31497
31467
31453
31473
31473
31481
31483
31504
31497
31471
31479
31483
31479
31475
31493
31475
31499
31502
31513
31515
31500
31493
31501
31497
31493
31501
31505
31508
31513
31485
31517
31509
31508
31522
31489
31495
31467
31466
31495
31485
31486
31494
31495
31453
31458
31465
31477
31471
31484
31495
31457
31477
31483
31502
31487
31501
31490
31495
31533
31515
31479
31487
31511
31520
31511
31524
31505
31506
31516
31513
31512
31511
31506
31497
31491
31477
31467
31475
31485
31457
31437
31488
31501
31491
31485
31481
31486
31453
31468
31468
31450
31494
31495
31506
31505
31499
31513
31492
31497
31515
31535
31507
31494
31493
31492
31502
31483
31495
31534
31523
31517
31505
31505
31511
31519
31486
31489
31477
31480
31505
31488
31486
31479
31462
31491
31509
31485
31479
31471
31447
31459
31482
31474
31499
31474
31479
31499
31507
31500
31469
31487
31503
31519
31509
31528
31511
31501
31509
31492
31496
31486
31479
31485
31475
31471
31471
31485
31491
31468
31463
31446
31476
31487
31469
31487
31485
31499
31477
31480
31493
31469
31480
31485
31493
31492
31498
31473
31474
31494
31503
31513
31493
31479
31493
31502
31505
31509
31487
31493
31507
31498
31516
31501
31501
31497
31502
31491
31484
31485
31465
31476
31480
31471
31466
31499
31507
31495
31495
31498
31493
31486
31489
31502
31480
31499
31490
31493
31515
31489
31474
31501
31497
31495
31519
31514
31504
31511
31513
31508
31507
31495
31497
31509
31511
31488
31474
31495
31486
31471
31482
31514
31487
31470
31451
31475
31485
31467
31478
31503
31483
31479
31493
31476
31479
31501
31495
31491
31465
31499
31487
31479
31471
31469
31491
31476
31520
31511
31508
31485
31479
31501
31500
31503
31475
31502
31518
31506
31499
31483
31488
31485
31465
31480
31477
31453
31457
31451
31453
31465
31475
31503
31487
31469
31451
31486
31495
31479
31502
31491
31478
31481
31489
31497
31502
31498
31508
31497
31493
31498
31510
31507
31521
31498
31492
31508
31495
31510
31496
31476
31508
31497
31487
31483
31472
31455
31504
31483
31496
31475
31464
31471
31484
31492
31469
31467
31495
31500
31478
31499
31487
31513
31507
31493
31499
31539
31510
31519
31506
31509
31520
31543
31534
31518
31527
31500
31525
31513
31509
31505
31487
31475
31481
31486
31485
31487
31493
31507
31480
31494
31478
31495
31522
31507
31510
31487
31498
31506
31486
31510
31495
31521
31517
31495
31498
31520
31495
31492
31505
31509
31519
31507
31512
31541
31500
31500
31511
31518
31486
31504
31526
31506
31499
31511
31516
31483
31475
31465
31478
31483
31479
31479
31486
31489
31465
31486
31468
31485
31480
31477
31509
31499
31500
31517
31506
31525
31507
31500
31505
31495
31510
31517
31521
31519
31501
31515
31531
31551
31527
31522
31503
31494
31487
31503
31486
31479
31462
31472
31519
31507
31491
31485
31502
31493
31519
31472
31467
31489
31519
31481
31496
31506
31525
31505
31511
31504
31492
31513
31509
31497
31513
31495
31490
31496
31497
31499
31499
31484
31503
31502
31509
31504
31489
31492
31475
31481
31487
31496
31487
31483
31505
31495
31484
31467
31475
31495
31497
31494
31479
31479
31471
31488
31494
31479
31495
31533
31499
31499
31484
31492
31526
31515
31495
31493
31497
31511
31487
31519
31508
31529
31523
31491
31496
31509
31474
31474
31470
31493
31453
31487
31486
31454
31465
31491
31475
31470
31469
31475
31493
31454
31453
31487
31487
31500
31495
31500
31487
31461
31485
31502
31490
31471
31490
31515
31497
31507
31483
31502
31493
31495
31503
31487
31502
31511
31491
31493
31504
31487
31471
31474
31493
31498
31483
31487
31481
31498
31465
31480
31491
31498
31487
31491
31475
31461
31495
31501
31511
31494
31485
31491
31508
31490
31486
31536
31516
31487
31515
31507
31487
31463
31504
31506
31523
31505
31512
31510
31502
31499
31471
31467
31483
31490
31501
31483
31482
31474
31480
31481
31502
31494
31497
31488
31487
31487
31479
31507
31493
31521
31495
31521
31531
31522
31511
