26086
26092
26094
26089
26092
26093
26092
26090
26084
26073
26067
26071
26063
26056
26054
26045
26043
26039
26035
26031
26033
26031
26035
26035
26037
26032
26027
26027
26027
26038
26045
26050
26055
26057
26062
26067
26067
26071
26071
26073
26085
26081
26083
26078
26083
26077
26079
26075
26074
26074
26079
26071
26067
26063
26060
26054
26053
26053
26049
26049
26033
25999
26032
26037
26033
26031
26031
26029
26037
26041
26034
26047
26041
26047
26055
26056
26058
26066
26062
26071
26075
26081
26079
26077
26081
26089
26091
26083
26084
26087
26090
26075
26074
26075
26071
26057
26055
26056
26053
26051
26045
26039
26031
26031
26029
26027
26024
26021
26024
26024
26025
26037
26037
26033
26042
26047
26044
26050
26063
26062
26069
26072
26080
26076
26079
26089
26093
26093
26097
26090
26091
26090
26086
26076
26071
26068
26067
26057
26053
26043
26037
26031
26032
26031
26025
26026
26026
26020
26023
26026
26024
26027
26031
26039
26039
26049
26049
26051
26059
26061
26061
26071
26079
26083
26081
26084
26083
26087
26085
26084
26086
26085
26077
26071
26070
26063
26057
26053
26047
26039
26037
26029
26023
26021
26017
26015
26011
26012
26016
26015
26023
26026
26034
26037
26039
26045
26048
26055
26063
26066
26071
26075
26079
26083
26081
26085
26091
26083
26088
26082
26078
26075
26076
26067
26061
26059
26052
26045
26039
26036
26032
26031
26023
26024
26022
26020
26016
26023
26024
26024
26027
26027
26033
26034
26043
26049
26050
26055
26066
26065
26063
26069
26075
26073
26075
26077
26075
26081
26079
26077
26073
26075
26065
26064
26060
26051
26048
26049
26047
26045
26035
26035
26030
26029
26025
26025
26027
26031
26031
26027
26029
26030
26037
26037
26038
26042
26049
26051
26053
26055
26063
26066
26070
26071
26070
26075
26077
26075
26072
26071
26075
26074
26071
26063
26063
26067
26061
26050
26047
26044
26045
26035
26038
26038
26034
26035
26029
26031
26025
26026
26025
26029
26025
26034
26037
26032
26036
26039
26043
26047
26046
26052
26065
26067
26064
26070
26069
26073
26079
26075
26071
26071
26070
26073
26073
26063
26066
26063
26059
26054
26049
26047
26042
26040
26037
26031
26026
26029
26025
26017
26024
26023
26027
26023
26022
26027
26033
26035
26038
26044
26050
26055
26066
26056
26058
26073
26074
26076
26072
26076
26075
26073
26071
26077
26075
26063
26067
26056
26067
26055
26047
26043
26035
26035
26033
26033
26023
26023
26011
26017
26021
26018
26024
26024
26025
26034
26029
26033
26035
26044
26049
26057
26064
26068
26076
26072
26080
26081
26087
26082
26071
26087
26087
26071
26068
26071
26065
26063
26057
26053
26047
26040
26029
26033
26022
26031
26021
26013
26019
26013
26016
26023
26010
26024
26023
26033
26036
26036
26037
26043
26049
26052
26057
26058
26062
26069
26069
26072
26073
26075
26065
26059
26066
26052
26059
26057
26046
26031
26029
26041
26013
26017
26013
26003
26002
25977
25995
25980
25959
25975
25981
25975
25961
25958
25967
25959
25968
25961
25943
25947
25971
25975
25980
25973
25986
26001
25989
25997
25998
26016
26017
26010
26015
25987
26005
26019
26023
25993
25983
25999
25991
25965
25969
25973
25959
25968
25989
25980
25957
25938
25953
25911
25891
25903
25911
25904
25893
25893
25877
25866
25872
25877
25871
25886
25895
25923
25931
25943
25955
25981
25989
25996
25990
25991
26005
25999
25999
26007
25991
25984
25992
25983
25973
25943
25940
25927
25919
25922
25937
25934
25929
25928
25930
25924
25892
25880
25880
25881
25877
25869
25886
25889
25892
25900
25904
25925
25935
25945
25966
25985
26019
26039
26055
26071
26068
26071
26074
26065
26063
26055
26055
26043
26046
26044
26029
26018
26021
26015
26001
25996
25976
25976
25973
25969
25945
25925
25951
25945
25931
25902
25917
25936
25927
25910
25919
25919
25947
25990
26015
26023
26032
26043
26068
26078
26068
26068
26092
26107
26089
26062
26071
26084
26065
26074
26060
26050
26028
26032
26029
26006
26017
26030
26036
26025
26024
26015
26005
26002
25991
25953
25958
25992
25996
25962
25974
25997
26003
25997
26007
26031
26032
26056
26067
26083
26081
26059
26079
26103
26106
26083
26055
26090
26081
26061
26035
26027
26015
26030
26035
26008
26013
26034
26033
26015
26017
26019
25995
26006
26023
25983
25989
25994
26007
26006
26018
26037
26039
26033
26032
26037
26039
26055
26075
26085
26103
26097
26113
26104
26119
26111
26073
26067
26074
26077
26059
26030
26044
26052
26052
26035
26027
26017
26025
26013
26007
26005
26006
26023
26010
26023
26015
26013
26010
26005
26002
25997
26001
26003
26020
26035
26045
26054
26059
26067
26085
26086
26078
26085
26083
26102
26089
26078
26082
26086
26091
26071
26050
26038
26037
26029
26023
26023
26023
26023
26019
26017
26011
26012
26002
25994
25999
25999
25990
25991
25998
25995
25999
26007
26015
26019
26025
26037
26032
26045
26069
26077
26075
26084
26096
26107
26111
26109
26095
26087
26085
26071
26050
26047
26055
26049
26035
26030
26030
26021
26015
26015
26006
25997
25993
25992
25991
25994
25996
25995
25997
25996
25995
25999
26005
26014
26017
26027
26039
26053
26065
26072
26082
26087
26089
26098
26097
26093
26087
26087
26079
26073
26074
26065
26045
26040
26027
26024
26013
26007
25992
25993
25993
25995
25991
25989
25982
25991
25999
25997
25988
25991
25999
25999
26017
26019
26027
26031
26042
26059
26063
26074
26079
26082
26091
26095
26098
26089
26093
26093
26089
26081
26073
26058
26043
26037
26025
26023
26012
26011
26004
25998
25997
25989
25989
25993
25988
25986
25987
25997
25996
26001
26007
26009
26007
26026
26026
26030
26038
26047
26055
26061
26071
26077
26082
26087
26090
26089
26090
26087
26074
26069
26068
26057
26045
26039
26037
26035
26021
26007
26006
26009
26006
25996
25995
25995
26003
25999
26001
26001
26011
26012
26013
26011
26018
26023
26026
26027
26034
26042
26051
26053
26060
26069
26071
26081
26082
26085
26080
26078
26080
26073
26062
26062
26061
26049
26039
26039
26029
26018
26014
26013
26007
26002
26005
26001
25999
25995
26005
26007
26005
26002
26003
26000
26009
26013
26013
26020
26025
26030
26029
26042
26050
26054
26059
26069
26071
26079
26079
26083
26081
26081
26075
26073
26065
26062
26045
26042
26041
26023
26020
26012
26007
26003
25998
26000
25991
25993
25999
25997
25994
25989
25983
25991
25992
25994
25998
26007
26015
26023
26027
26029
26039
26051
26061
26063
26065
26075
26083
26086
26088
26085
26080
26078
26071
26059
26051
26041
26034
26031
26023
26015
26016
26011
26008
25994
25988
25994
25991
25979
25980
25986
25997
25997
25995
26007
26011
26017
26017
26015
26028
26039
26045
26057
26064
26068
26071
26081
26081
26083
26089
26093
26081
26080
26074
26065
26055
26050
26039
26029
26016
26011
26001
25996
25989
25986
25979
25979
25983
25982
25983
25979
25995
25993
25991
25993
26003
26007
26014
26020
26029
26035
26042
26049
26055
26061
26071
26081
26087
26079
26077
26081
26084
26083
26075
26059
26059
26045
26037
26031
26019
26007
26011
26003
26000
25997
25994
25994
25992
25983
25989
25994
25999
26000
25999
26002
26009
26015
26017
26024
26027
26033
26036
26036
26045
26057
26063
26061
26070
26071
26075
26073
26071
26071
26064
26057
26049
26045
26034
26033
26034
26014
26013
26005
25998
25995
25994
25991
25989
25991
25994
25992
25997
26007
26006
26004
26009
26015
26015
26019
26027
26029
26033
26039
26042
26050
26055
26059
26061
26070
26069
26066
26076
26073
26069
26057
26053
26055
26056
26045
26037
26031
26021
26015
26005
26004
25999
25991
25999
25999
25989
25990
25993
25993
25995
25994
26003
25998
26013
26009
26011
26017
26026
26026
26034
26041
26051
26057
26059
26061
26066
26073
26068
26069
26068
26066
26061
26055
26055
26056
26043
26035
26030
26023
26016
26007
26001
25996
25991
25985
25989
25989
25983
25986
25995
25991
25992
25995
26007
26007
26011
26013
26025
26024
26034
26039
26047
26051
26057
26060
26065
26076
26073
26073
26081
26078
26067
26057
26055
26047
26033
26030
26021
26015
26009
26003
25992
25993
25989
25991
25987
25981
25977
25979
25985
25991
25984
25991
25995
25997
26011
26012
26016
26029
26039
26039
26044
26055
26055
26063
26071
26071
26070
26075
26075
26071
26071
26065
26059
26051
26045
26042
26033
26025
26013
26002
26003
25999
25991
25988
25985
25986
25986
25980
25989
25991
25995
25999
25997
26001
26012
26009
26014
26020
26031
26035
26052
26053
26054
26055
26059
26063
26063
26071
26073
26070
26063
26058
26053
26054
26045
26032
26017
26020
26013
26008
25996
25991
25993
25991
25985
25986
25993
25991
25989
25989
25992
25991
25998
26009
26010
26015
26023
26028
26033
26031
26027
25990
26043
26045
26052
26052
26061
26067
26062
26064
26063
26064
26062
26055
26047
26038
26039
26027
26019
26009
26007
26003
26001
25992
25991
25987
25987
25991
25993
25987
25993
25995
26005
25998
26003
26003
26007
26009
26012
26028
26033
26031
26038
26048
26052
26048
26062
26069
26062
26061
26061
26055
26064
26059
26051
26047
26045
26039
26027
26017
26009
26007
26007
26003
25999
25992
25992
25992
25991
25991
25991
25991
25998
26000
25998
26003
26009
26012
26020
26021
26025
26031
26035
26048
26050
26049
26057
26055
26063
26065
26059
26060
26066
26061
26056
26057
26045
26031
26031
26024
26023
26015
26011
25999
25995
25989
25994
25985
25985
25986
25987
25983
25991
25993
25996
26001
26005
26005
26013
26019
26028
26033
26029
26040
26041
26039
26057
26055
26064
26069
26060
26061
26060
26057
26050
26043
26050
26035
26023
26014
26007
26003
25997
25984
25975
25975
25975
25966
25967
25968
25969
25970
25973
25976
25979
25983
25983
25985
26001
26005
26011
26019
26025
26033
26029
26038
26041
26046
26054
26049
26043
26045
26047
26043
26039
26039
26031
26023
26011
26007
26003
25991
25985
25981
25975
25973
25967
25961
25963
25968
25967
25969
25975
25975
25987
25987
25988
26007
26007
26007
26013
26023
26032
26036
26037
26039
26043
26052
26055
26053
26052
26047
26049
26047
26047
26044
26034
26031
26023
26011
26006
26007
25997
25991
25983
25985
25981
25977
25977
25976
25978
25975
25983
25983
25987
25997
26005
26001
26002
26008
26019
26028
26031
26032
26044
26047
26048
26049
26051
26057
26055
26055
26051
26056
26055
26039
26037
26039
26032
26018
26008
26008
26003
25990
25981
25983
25982
25973
25965
25967
25967
25969
25963
25963
25975
25977
25980
25984
25999
25999
26005
26005
26017
26027
26035
26044
26044
26048
26057
26060
26065
26069
26071
26071
26068
26067
26067
26062
26053
26055
26045
26039
26031
26027
26009
26000
26002
25991
25983
25981
25989
25981
25977
25981
25981
25983
25978
25986
25991
25999
26003
26007
26009
26023
26035
26041
26047
26055
26057
26063
26067
26071
26069
26068
26069
26064
26071
26063
26053
26047
26037
26034
26028
26016
26003
26000
25993
25986
25980
25979
25969
25968
25963
25971
25966
25973
25977
25982
25989
25992
26005
26015
26019
26017
26025
26033
26039
26043
26049
26053
26056
26062
26066
26060
26064
26063
26053
26047
26037
26031
26025
26015
26012
26007
25997
25997
25985
25977
25971
25971
25959
25961
25962
25971
25968
25969
25971
25975
25979
25980
25991
25996
26005
26010
26017
26023
26031
26033
26035
26041
26046
26047
26055
26051
26047
26043
26043
26041
26042
26027
26026
26023
26015
26011
26005
25993
25991
25986
25982
25969
25971
25972
25975
25965
25967
25965
25981
25981
25979
25988
25989
25990
26007
26013
26017
26018
26022
26034
26037
26039
26049
26048
26049
26055
26061
26055
26054
26055
26049
26053
26039
26031
26025
26029
26023
26013
26004
26001
25994
25980
25981
25976
25979
25975
25970
25967
25974
25977
25983
25979
25975
25989
26003
26005
26009
26017
26019
26024
26031
26037
26044
26049
26055
26055
26052
26063
26059
26054
26054
26051
26045
26041
26039
26030
26025
26015
26011
26007
25992
25991
25991
25983
25981
25974
25974
25973
25967
25976
25975
25980
25993
26000
25997
25995
26007
26016
26023
26029
26033
26033
26039
26053
26050
26057
26057
26061
26063
26061
26055
26046
26040
26043
26036
26031
26019
26009
26007
26007
25998
25991
25982
25973
25969
25968
25969
25973
25967
25969
25969
25972
25979
25988
25983
25994
26006
26010
26022
26030
26033
26036
26045
26055
26057
26051
26055
26057
26060
26059
26048
26043
26046
26045
26045
26036
26028
26017
26005
25997
25997
25996
25983
25981
25973
25975
25973
25968
25965
25968
25975
25981
25989
25981
25993
25996
26007
26007
26019
26026
26031
26031
26037
26041
26041
26047
26049
26054
26059
26055
26050
26047
26041
26041
26042
26033
26021
26020
26011
26009
26003
25993
25986
25981
25981
25975
25976
25969
25973
25973
25975
25975
25983
25990
25990
25993
26002
26000
26007
26015
26021
26024
26029
26039
26040
26041
26048
26050
26050
26047
26047
26047
26049
26043
26040
26032
26023
26017
26013
26008
26003
25999
25992
25983
25976
25977
25973
25974
25973
25969
25973
25979
25980
25976
25981
25991
25999
26000
26003
26008
26017
26017
26023
26031
26030
26033
26037
26039
26050
26047
26046
26045
26046
26049
26047
26035
26026
26023
26017
26008
26007
26001
25992
25991
25981
25980
25977
25979
25969
25962
25965
25967
25977
25975
25975
25980
25983
25994
25999
26005
26011
26013
26023
26024
26031
26031
26034
26041
26043
26044
26043
26046
26047
26042
26035
26029
26029
26023
26023
26019
26012
26005
25993
25988
25987
25980
25973
25975
25977
25970
25968
25963
25963
25973
25981
25987
25981
25985
26003
26008
26010
26009
26022
26027
26039
26039
26039
26044
26045
26050
26049
26047
26052
26057
26050
26040
26035
26029
26029
26025
26015
26005
26004
25996
25991
25981
25975
25979
25974
25968
25965
25967
25969
25965
25975
25981
25990
25997
25997
26003
26005
26013
26023
26026
26031
26039
26039
26040
26042
26045
26047
26047
26046
26039
26043
26039
26037
26036
26031
26033
26029
26007
26003
26001
25997
25990
25983
25979
25983
25974
25975
25969
25973
25973
25977
25979
25983
25992
25999
25999
26003
26012
26020
26023
26031
26025
26034
26042
26048
26048
26050
26055
26050
26049
26039
26034
26038
26036
26030
26021
26014
26017
26005
26000
25993
25991
25986
25979
25974
25973
25974
25975
25968
25971
25975
25985
25983
25983
25989
25995
25999
26005
26008
26015
26019
26027
26035
26033
26035
26039
26041
26044
26041
26040
26043
26039
26033
26029
26033
26026
26023
26022
26011
26004
25996
25991
25987
25983
25975
25974
25970
25970
25972
25981
25973
25969
25974
25981
25987
25988
25990
25989
26006
26011
26012
26017
26029
26029
26032
26037
26043
26045
26045
26044
26051
26049
26043
26039
26032
26030
26019
26007
26007
26007
25998
25987
25985
25981
25975
25977
25974
25973
25973
25967
25969
25970
25972
25977
25981
25980
25989
25998
26008
26007
26017
26023
26022
26029
26039
26039
26039
26039
26041
26039
26041
26037
26039
26033
26033
26023
26017
26013
26007
26003
26000
25991
25987
25986
25977
25974
25963
25965
25962
25967
25963
25967
25967
25970
25983
25980
25979
25994
26006
26005
26012
26022
26024
26030
26039
26044
26039
26047
26052
26046
26049
26045
26047
26047
26039
26034
26031
26023
26017
26007
26003
26000
25990
25978
25975
25974
25967
25965
25959
25956
25959
25963
25963
25967
25975
25975
25976
25986
25991
26002
26007
26011
26013
26022
26029
26029
26031
26031
26038
26044
26043
26036
26033
26035
26035
26027
26019
26015
26007
26004
26001
25991
25989
25983
25974
25969
25966
25960
25959
25962
25961
25960
25964
25965
25973
25985
25989
25994
26000
25998
26008
26020
26028
26027
26029
26029
26039
26041
26043
26044
26045
26051
26041
26041
26045
26039
26037
26027
26015
26010
26010
26001
25991
25986
25983
25975
25973
25966
25969
25967
25966
25959
25965
25966
25974
25975
25977
25983
25989
25995
26005
26009
26015
26023
26027
26034
26032
26037
26039
26051
26046
26039
26035
26040
26038
26035
26035
26025
26023
26015
26007
26005
25997
25991
25983
25980
25980
25969
25973
25965
25964
25968
25964
25965
25966
25967
25972
25981
25981
25991
25993
25997
26004
26012
26017
26022
26027
26031
26035
26036
26039
26042
26039
26042
26041
26037
26031
26027
26025
26023
26016
26009
26002
25994
25991
25984
25977
25973
25964
25970
25967
25959
25960
25962
25962
25970
25970
25975
25975
25983
25987
25991
26001
26005
26017
26023
26029
26030
26039
26038
26038
26033
26042
26041
26042
26036
26031
26025
26023
26025
26018
26005
26007
25996
25991
25986
25983
25974
25963
25957
25955
25958
25958
25959
25957
25960
25963
25964
25963
25973
25978
25981
25985
25992
26003
26018
26018
26019
26022
26031
26031
26031
26033
26028
26037
26031
26025
26023
26025
26017
26008
26005
25999
25991
25991
25989
25978
25969
25973
25970
25965
25962
25958
25959
25959
25962
25974
25974
25978
25983
25984
25985
25999
26003
26004
26007
26012
26024
26028
26035
26036
26037
26040
26039
26037
26033
26035
26027
26031
26028
26017
26008
26009
25995
25991
25988
25987
25977
25969
25964
25967
25960
25957
25959
25961
25962
25969
25971
25974
25979
25985
25991
25991
25996
25996
26006
26011
26014
26019
26023
26025
26027
26033
26029
26039
26038
26036
26029
26023
26023
26017
26018
26007
26006
26002
25991
25985
25983
25976
25969
25968
25966
25961
25961
25968
25963
25965
25975
25976
25975
25973
25982
25989
25995
25999
26004
26002
26016
26021
26015
26018
26035
26027
26033
26031
26025
26028
26026
26025
26018
26021
26018
26011
26005
26007
25998
25988
25981
25977
25975
25968
25964
25960
25963
25962
25965
25960
25963
25962
25965
25969
25973
25977
25983
25992
25995
26001
26004
26011
26018
26019
26021
26021
26023
26029
26025
26033
26031
26025
26025
26018
26013
26011
26006
25999
25989
25988
25986
25982
25975
25963
25958
25959
25961
25957
25953
25959
25963
25965
25963
25967
25974
25979
25984
25985
25996
26001
26003
26005
26008
26020
26024
26025
26025
26029
26031
26035
26029
26029
26025
26018
26013
26013
26002
26007
26007
25994
25991
25983
25980
25979
25970
25970
25967
25963
25960
25967
25966
25971
25968
25975
25981
25981
25993
25991
25991
26003
26002
26008
26014
26017
26023
26025
26032
26028
26028
26023
26027
26027
26023
26023
26017
26018
26007
26004
26000
25995
25988
25981
25977
25975
25967
25969
25964
25970
25961
25959
25953
25959
25967
25967
25967
25970
25973
25975
25981
25989
25995
25996
26007
26007
26013
26016
26012
26018
26021
26023
26023
26016
26015
26013
26014
26003
26002
25999
25994
25990
25975
25979
25975
25970
25964
25960
25959
25957
25961
25957
25951
25958
25955
25954
25959
25965
25969
25973
25979
25986
25985
25991
25996
26001
26007
26011
26018
26017
26009
26013
26017
26026
26023
26050
26009
26014
26003
25999
25995
25992
25987
25985
25979
25975
25967
25967
25963
25962
25957
25968
25957
25962
25965
25970
25967
25967
25975
25978
25981
25987
25987
25996
26000
26006
26014
26013
26023
26025
26024
26027
26026
26024
26025
26022
26016
26017
26015
26018
26005
26002
25997
25989
25986
25979
25977
25971
25971
25965
25959
25955
25957
25959
25960
25959
25961
25969
25974
25969
25973
25982
25986
25991
26001
26005
26003
26007
26017
26017
26018
26016
26026
26027
26029
26019
26021
26017
26013
26007
26004
25999
25996
25989
25983
25979
25975
25971
25968
25961
25969
25963
25953
25949
25953
25953
25959
25959
25961
25965
25971
25979
25983
25989
25992
26000
26003
26011
26007
26012
26011
26015
26016
26015
26015
26013
26015
26015
26003
26003
26002
25999
25991
25994
25989
25979
25975
25969
25967
25964
25958
25953
25949
25953
25951
25953
25955
25952
25961
25965
25972
25971
25973
25979
25984
25994
26002
26005
26008
26009
26015
26015
26019
26014
26015
26021
26018
26017
26015
26014
26007
26003
25993
25991
25985
25987
25979
25970
25969
25967
25960
25962
25957
25954
25951
25954
25954
25953
25959
25961
25966
25968
25980
25981
25991
25989
25994
26000
26004
26013
26011
26010
26015
26019
26015
26007
26012
26017
26009
26009
25999
25999
25992
25997
25997
25987
25986
25977
25981
25974
25967
25961
25962
25959
25961
26041
25959
25966
25962
25961
25968
25979
25981
25977
25983
25991
25996
26006
26002
26009
26015
26017
26017
26017
26015
26018
26017
26011
26013
26014
26012
26007
25995
26001
25993
25991
25987
25980
25976
25971
25961
25959
25965
25962
25959
25959
25954
25955
25955
25965
25964
25963
25971
25977
25983
25991
25993
25993
25998
26009
26010
26011
26015
26021
26022
26023
26015
26020
26015
26011
26005
26009
26005
26000
25998
25996
25989
25989
25979
25978
25972
25971
25970
25963
25959
25959
25961
25966
25964
25961
25963
25965
25973
25973
25975
25981
25989
25996
25994
26002
26005
26007
26011
26008
26012
26012
26011
26021
26019
26012
26007
26009
26007
26005
26001
25998
25991
25983
25977
25973
25971
25964
25959
25955
25959
25958
25957
25963
25960
25961
25963
25965
25960
25971
25973
25974
25983
25993
25991
25988
26001
26011
26012
26011
26011
26015
26019
26019
26019
26008
26003
26009
26007
25999
25991
25989
25983
25984
25975
25975
25975
25973
25966
25954
25956
25956
25951
25954
25949
25955
25960
25959
25959
25966
25970
25977
25979
25983
25985
25993
25997
25998
26001
26007
26007
26009
26009
26009
26014
26016
26015
26010
26006
26007
25999
25998
25986
25988
25987
25975
25971
25969
25968
25965
25959
25957
25958
25963
25955
25959
25958
25959
25966
25964
25968
25973
25977
25983
25987
25991
25997
25997
26003
26005
26006
26011
26009
26016
26011
26013
26007
26007
26002
25998
25994
25995
25993
25987
25982
25973
25976
25969
25973
25960
25963
25955
25951
25955
25951
25953
25959
25951
25954
25971
25979
25979
25983
25979
25985
25991
25993
26003
26003
26004
26007
26012
26005
26007
26009
26013
26013
26006
26004
26007
26001
25998
25996
25993
25983
25983
25978
25977
25971
25965
25957
25961
25959
25959
25959
25959
25959
25958
25953
25959
25961
25965
25968
25975
25978
25977
25988
25989
25993
25996
26003
26007
26007
26005
26004
25999
26009
26005
26004
26005
25995
25991
25989
25981
25977
25985
25975
25975
25965
25962
25958
25955
25955
25951
25952
25951
25949
25951
25951
25957
25961
25964
25966
25967
25975
25979
25991
25989
25996
25995
26001
26003
26003
26011
26008
26014
26013
26007
26005
26005
25997
25989
25987
25989
25979
25968
25967
25965
25957
25959
25947
25947
25949
25943
25944
25946
25943
25947
25948
25955
25957
25962
25969
25971
25969
25984
25986
25994
25999
26003
26011
26013
26017
26015
26011
26017
26007
26011
26012
26001
25998
25994
25992
25983
25979
25974
25965
25961
25960
25957
25949
25947
25945
25942
25946
25951
25952
25953
25959
25961
25964
25969
25973
25983
25991
25998
26006
26007
26012
26019
26029
26023
26021
26026
26031
26023
26015
26013
26015
26001
25998
25997
25987
25981
25978
25969
25960
25951
25956
25951
25937
25942
25941
25935
25937
25941
25954
25954
25953
25955
25963
25963
25969
25967
25977
25983
25988
25991
25993
26003
25999
25999
26001
25999
26002
26000
25993
25990
25983
25983
25985
25979
25971
25963
25956
25955
25955
25951
25945
25943
25941
25943
25933
25928
25943
25941
25939
25942
25945
25948
25949
25951
25950
25956
25963
25973
25970
25975
25977
25980
25976
25979
25989
25991
25991
25985
25991
25989
25986
25980
25981
25981
25981
25975
25976
25974
25972
25967
25951
25957
25955
25951
25943
25943
25944
25947
25945
25947
25943
25945
25944
25945
25953
25952
25957
25955
25962
25974
25977
25983
25984
25996
25994
26001
25997
25996
26007
26014
26003
26002
26015
26009
25999
25995
25996
26001
25991
25981
25976
25979
25971
25952
25943
25945
25951
25941
25927
25935
25941
25943
25931
25929
25941
25942
25945
25953
25964
25973
25978
25983
25995
25993
25995
26005
26002
26008
26015
26023
26017
26021
26012
26019
26015
26009
26005
26002
25998
25991
25985
25968
25963
25962
25959
25952
25953
25943
25943
25933
25933
25933
25935
25945
25945
25949
25951
25953
25959
25967
25984
25986
25991
25997
26003
26004
26012
26013
26015
26013
26013
26011
26003
26004
25993
26001
25989
25991
25983
25974
25975
25967
25960
25959
25955
25941
25940
25946
25941
25940
25937
25943
25935
25935
25942
25955
25951
25961
25961
25973
25980
25978
25979
25997
25994
25995
25998
25994
26007
26013
26008
26001
26005
25992
26003
25997
25992
25980
25979
25972
25965
25963
25965
25959
25943
25955
25952
25937
25954
25935
25952
25939
25935
25955
25941
25963
25945
25936
25948
25951
25967
25947
25948
25963
25953
25957
25953
25955
25970
25957
25960
25956
25941
25965
25936
25943
25937
25911
25945
25929
25919
25898
25871
25903
25916
25895
25875
25853
25873
25869
25871
25877
25862
25886
25891
25877
25879
25874
25885
25885
25893
25895
25895
25896
25900
25883
25895
25865
25885
25885
25861
25883
25859
25869
25875
25847
25871
25868
25874
25874
25843
25844
25847
25867
25849
25799
25801
25809
25807
25799
25769
25788
25791
25763
25771
25765
25789
25805
25787
25788
25797
25817
25827
25833
25835
25831
25840
25846
25839
25832
25816
25833
25841
25839
25850
25852
25863
25879
25865
25857
25857
25855
25867
25870
25868
25855
25843
25847
25836
25819
25799
25789
25777
25757
25758
25776
25783
25783
25795
25811
25839
25853
25861
25860
25859
25870
25883
25906
25905
25923
25923
25931
25943
25927
25922
25911
25926
25941
25923
25917
25921
25944
25939
25937
25940
25951
25931
25909
25901
25889
25878
25871
25859
25855
25843
25850
25862
25858
25849
25879
25897
25884
25877
25886
25928
25942
25945
25931
25936
25957
25977
25975
25938
25947
25935
25942
25927
25915
25929
25934
25938
25925
25931
25963
25964
25960
25939
25946
25961
25951
25945
25946
25955
25963
25976
25971
25949
25950
25943
25961
25959
25967
25949
25959
25975
25984
25985
25984
26011
26015
25971
25931
25978
25998
25977
25905
25913
25954
25975
25959
25915
25913
25925
25948
25954
25924
25933
25956
25965
25964
25960
25973
25969
25938
25953
25969
25963
25940
25928
25957
25949
25962
25978
25972
25958
25965
25983
25983
25986
25991
25969
25987
26013
26006
25974
25968
25985
25971
25959
25945
25952
25963
25967
25968
25951
25959
25959
25967
25968
25976
26000
25981
25965
25961
25958
25966
25959
25955
25945
25957
25960
25955
25951
25949
25970
25962
25963
25969
25977
25983
25977
25991
25999
25990
25991
25992
25987
25974
25967
25959
25966
25967
25959
25965
25968
25973
25975
25963
25970
25976
25961
25958
25950
25959
25973
25961
25952
25941
25945
25937
25938
25939
25939
25940
25933
25892
25957
25969
25969
25979
25985
25993
26000
25991
25995
25997
25989
25993
26004
25999
25985
25968
25964
25980
25979
25967
25961
25959
25975
25969
25953
25959
25971
25967
25965
25954
25946
25950
25943
25938
25935
25939
25943
25943
25947
25953
25966
25972
25973
25981
25987
25997
25991
25995
25999
25996
26007
25999
25991
25987
25980
25980
25973
25961
25959
25953
25954
25955
25959
25947
25950
25959
25954
25949
25953
25946
25951
25948
25945
25943
25951
25957
25956
25954
25959
25968
25975
25975
25977
25979
25991
26001
25997
25999
26005
26017
26002
25995
25994
25986
25979
25973
25965
25965
25959
25959
25958
25951
25954
25945
25944
25954
25953
25951
25949
25953
25957
25954
25953
25955
25961
25949
25955
25948
25962
25963
25964
25962
25974
25977
25987
25996
25992
25994
25986
25989
25991
25978
25983
25981
25976
25972
25968
25963
25956
25958
25957
25954
25951
25950
25955
25957
25953
25960
25970
25967
25963
25957
25964
25965
25956
25952
25961
25959
25968
25967
25964
25963
25967
25969
25970
25981
25983
25985
25988
25993
25991
25985
25987
25987
25983
25977
25976
25970
25971
25965
25959
25963
25969
25970
25970
25969
25971
25975
25973
25971
25969
25966
25969
25967
25958
25967
25966
25959
25966
25961
25965
25969
25959
25964
25975
25985
25983
25987
25999
25999
26003
26004
25998
25999
25996
25992
25983
25975
25978
25981
25984
25983
25983
25975
25972
25963
25952
25951
25955
25954
25948
25949
25938
25939
25939
25927
25928
25928
25923
25922
25923
25937
25935
25935
25941
25957
25962
25957
25961
25968
25983
25981
25979
25983
25980
25983
25979
25973
25967
25959
25950
25943
25948
25940
25936
25934
25935
25935
25937
25932
25931
25931
25927
25927
25925
25921
25919
25926
25931
25929
25933
25936
25941
25943
25944
25951
25949
25961
25969
25975
25971
25974
25976
25977
25972
25972
25969
25961
25953
25951
25943
25944
25936
25933
25929
25927
25925
25934
25930
25931
25933
25929
25943
25942
25937
25937
25948
25951
25947
25950
25957
25958
25964
25963
25959
25965
25975
25975
25976
25979
25976
25986
25990
25991
25981
25977
25977
25973
25967
25963
25963
25955
25954
25948
25957
25953
25953
25949
25956
25953
25959
25959
25966
25967
25966
25970
25969
25974
25975
25973
25967
25965
25967
25972
25970
25969
25972
25974
25977
25981
25986
25980
25980
25977
25975
25977
25981
25981
25969
25959
25971
25969
25964
25962
25959
25958
25965
25965
25959
25959
25961
25963
25960
25967
25964
25965
25961
25960
25957
25953
25953
25953
25951
25949
25950
25951
25952
25953
25959
25971
25968
25972
25974
25975
25975
25977
25977
25973
25982
25980
25979
25976
25967
25965
25969
25967
25965
25959
25956
25962
25962
25956
25960
25949
25947
25947
25943
25944
25942
25941
25941
25940
25943
25944
25941
25941
25949
25951
25956
25961
25966
25973
25979
25983
25983
25985
25993
26031
25981
25982
25986
25978
25975
25970
25967
25967
25958
25957
25960
25951
25947
25947
25945
25949
25943
25948
25940
25941
25941
25942
25943
25939
25943
25943
25951
25947
25953
25959
25962
25965
25977
25979
25981
25987
25991
25991
25987
25987
25991
25986
25983
25977
25971
25968
25959
25947
25945
25949
25944
25940
25944
25941
25943
25940
25938
25936
25939
25943
25941
25941
25948
25950
25959
25958
25957
25963
25962
25963
25964
25979
25977
25981
25979
25980
25985
25983
25982
25976
25985
25979
25976
25972
25965
25962
25961
25953
25952
25945
25943
25939
25949
25943
25943
25939
25941
25951
25946
25943
25948
25951
25948
25954
25959
25959
25955
25963
25962
25956
25963
25969
25967
25967
25969
25973
25973
25975
25967
25963
25967
25969
25969
25957
25959
25954
25951
25949
25948
25945
25952
25936
25945
25953
25951
25949
25950
25962
25957
25959
25959
25959
25962
25967
25958
25954
25951
25958
25959
25956
25955
25957
25959
25964
25965
25967
25962
25965
25971
25964
25965
25969
25970
25972
25976
25967
25960
25959
25957
25955
25959
25949
25948
25955
25953
25951
25949
25948
25948
25952
25951
25955
25949
25945
25941
25945
25949
25951
25945
25943
25943
25946
25947
25953
25956
25952
25959
25965
25971
25971
25975
25969
25975
25976
25973
25970
25968
25967
25963
25961
25965
25959
25951
25947
25955
25949
25952
25947
25950
25943
25941
25935
25936
25938
25938
25935
25936
25939
25945
25943
25944
25944
25947
25952
25959
25964
25970
25967
25971
25973
25975
25972
25975
25975
25971
25970
25963
25965
25963
25958
25954
25954
25953
25941
25935
25940
25938
25936
25936
25940
25931
25933
25933
25937
25933
25936
25940
25941
25943
25945
25951
25951
25959
25960
25962
25965
25966
25968
25971
25978
25985
25979
25974
25981
25975
25969
25973
25969
25961
25955
25953
25945
25943
25939
25938
25935
25930
25928
25930
25929
25934
25940
25938
25937
25942
25939
25943
25946
25949
25955
25947
25952
25960
25961
25959
25965
25967
25968
25967
25972
25971
25967
25970
25967
25967
25964
25957
25959
25954
25946
25950
25947
25944
25942
25937
25943
25943
25940
25931
25941
25943
25939
25940
25943
25945
25948
25948
25947
25952
25953
25945
25951
25953
25955
25959
25961
25960
25959
25961
25965
25959
25963
25963
25964
25957
25955
25956
25957
25955
25959
25951
25943
25951
25951
25946
25937
25939
25937
25945
25944
25945
25945
25947
25947
25942
25943
25946
25943
25937
25939
25949
25952
25947
25949
25945
25953
25957
25959
25958
25963
25961
25968
25971
25964
25959
25970
25969
25963
25967
25965
25963
25958
25954
25959
25950
25951
25947
25944
25945
25940
25943
25939
25942
25945
25947
25940
25941
25939
25939
25937
25945
25937
25942
25944
25951
25949
25949
25957
25959
25962
25963
25958
25964
25971
25973
25968
25966
25971
25970
25964
25958
25960
25951
25955
25953
25951
25939
25943
25940
25937
25935
25937
25936
25931
25933
25939
25937
25933
25934
25931
25935
25937
25935
25943
25943
25947
25951
25954
25957
25958
25965
25966
25971
25968
25973
25970
25967
25965
25967
25961
25959
25954
25951
25942
25941
25940
25937
25935
25929
25937
25929
25927
25926
25927
25925
25927
25925
25929
25931
25939
25941
25943
25947
25939
25948
25953
25951
25960
25958
25961
25964
25961
25971
25972
25969
25973
25965
25966
25959
25957
25955
25946
25954
25945
25942
25940
25941
25939
25939
25931
25933
25931
25934
25939
25935
25937
25939
25943
25939
25939
25943
25949
25951
25954
25948
25952
25955
25955
25948
25957
25963
25963
25958
25960
25963
25960
25953
25956
25959
25953
25949
25942
25943
25947
25941
25941
25937
25929
25937
25933
25930
25927
25931
25938
25939
25936
25939
25941
25942
25942
25943
25947
25953
25946
25955
25951
25943
25955
25963
25955
25951
25954
25953
25961
25953
25963
25965
25960
25958
25955
25958
25964
25951
25951
25947
25946
25945
25947
25940
25943
25938
25935
25936
25929
25943
25939
25944
25941
25938
25941
25942
25937
25938
25935
25941
25943
25945
25945
25947
25948
25949
25943
25949
25954
25956
25951
25953
25959
25959
25959
25957
25957
25955
25952
25955
25960
25953
25955
25949
25949
25955
25955
25937
25940
25955
25953
25931
25943
25949
25944
25926
25951
25953
25934
25925
25928
25945
25936
25923
25930
25935
25938
25935
25925
25911
25935
25946
25938
25935
25937
25925
25909
25918
25939
25911
25904
25917
25911
25894
25893
25900
25898
25876
25875
25887
25884
25882
25866
25849
25847
25848
25848
25832
25835
25844
25830
25820
25811
25814
25793
25797
25795
25791
25806
25813
25823
25809
25788
25779
25772
25775
25795
25808
25821
25803
25771
25787
25777
25750
25771
25775
25775
25763
25747
25749
25731
25743
25737
25719
25720
25699
25694
25691
25688
25683
25645
25646
25663
25650
25633
25635
25651
25651
25639
25635
25611
25619
25647
25648
25659
25675
25663
25630
25611
25635
25655
25645
25644
25639
25635
25614
25604
25615
25616
25615
25620
25619
25598
25605
25611
25604
25591
25590
25595
25589
25581
25591
25570
25543
25554
25539
25541
25535
25543
25559
25540
25534
25529
25531
25530
25537
25540
25545
25562
25559
25545
25551
25555
25554
25559
25551
25554
25570
25561
25553
25539
25526
25521
25524
25527
25529
25551
25560
25548
25528
25529
25527
25539
25555
25543
25565
25563
25563
25564
25559
25559
25549
25552
25555
25552
25559
25555
25549
25548
25542
25537
25542
25534
25543
25544
25543
25543
25551
25537
25551
25559
25559
25574
25588
25585
25573
25589
25596
25599
25614
25603
25617
25621
25623
25618
25625
25635
25652
25648
25645
25655
25644
25633
25629
25612
25643
25557
25547
25529
25527
25553
25598
25671
25783
25951
26141
26341
26503
26623
26673
26623
26475
26272
26090
25935
25809
25687
25621
25582
25591
25624
25687
25783
25915
26085
26264
26434
26564
26644
26680
26647
26629
26651
26672
26701
26685
26603
26449
26263
26107
25992
25913
25869
25863
25855
25850
25857
25877
25894
25911
25943
25964
25978
25996
25997
25991
25961
25967
25957
25950
25963
25979
26051
26147
26247
26359
26501
26627
26707
26691
26649
26661
26663
26637
26615
26573
26485
26331
26199
26097
26035
25983
25953
25930
25902
25919
25948
25979
25983
25995
26034
26039
26049
26041
26043
26023
26021
26007
26021
26029
26009
25994
25992
25983
25969
25960
25959
25951
25966
25950
25922
25953
25963
25945
25941
25936
25941
25943
25935
25970
25960
25943
25951
25923
25921
25917
25911
25887
25883
25885
25874
25864
25855
25862
25853
25853
25849
25857
25844
25830
25833
25850
25863
25874
25880
25884
25881
25889
25892
25899
25908
25939
25931
25927
25932
25950
25927
25929
25949
25919
25911
25913
25911
25877
25865
25873
25857
25845
25828
25830
25815
25808
25824
25818
25813
25821
25827
25825
25843
25863
25881
25880
25883
25897
25905
25913
25927
25939
25947
25940
25940
25937
25943
25954
25924
25906
25919
25917
25897
25892
25873
25857
25833
25827
25816
25814
25801
25799
25794
25783
25779
25791
25795
25803
25814
25832
25841
25853
25868
25885
25904
25927
25940
25932
25946
25953
25958
25960
25959
25961
25955
25951
25945
25939
25919
25911
25903
25884
25873
25861
25841
25832
25835
25835
25815
25811
25806
25799
25801
25807
25813
25830
25835
25851
25865
25880
25886
25909
25923
25937
25941
25949
25959
25967
25978
25978
25973
25969
25964
25950
25943
25935
25928
25921
25921
25923
25941
25959
25983
26007
26037
26060
26069
26049
26039
26047
26033
26013
25991
25969
25949
25945
25943
25947
25956
25971
25991
26007
26031
26063
26099
26131
26141
26149
26157
26165
26153
26130
26097
26072
26037
26012
25989
25975
25969
25951
25935
25939
25943
25938
25930
25934
25941
25943
25941
25943
25943
25939
25943
25947
25960
25959
25949
25948
25946
25947
25950
25943
25951
25937
25937
25936
25937
25931
25930
25927
25921
25904
25903
25908
25901
25911
25911
25902
25905
25903
25912
25911
25902
25901
25903
25915
25915
25919
25911
25913
25911
25907
25895
25885
25887
25879
25885
25871
25878
25869
25859
25861
25857
25860
25861
25869
25868
25872
25878
25886
25890
25894
25901
25911
25911
25915
25921
25919
25924
25926
25933
25933
25926
25940
25931
25911
25911
25907
25893
25892
25894
25890
25870
25855
25846
25848
25844
25843
25837
25833
25831
25839
25840
25843
25851
25855
25867
25879
25886
25899
25905
25919
25927
25936
25939
25947
