32811
32563
32752
32817
32745
32753
32620
32699
32844
32786
32593
32503
32747
32747
32814
32859
32823
32629
32671
32505
32793
32879
32891
32811
32723
32671
32595
32688
32857
32639
32897
32886
32713
32529
32631
32641
32459
32639
32553
32790
32486
32717
32769
32750
32943
32823
32644
32641
32567
32647
32633
32591
32642
32586
32738
32651
32653
32715
32791
32953
32932
32548
32639
32653
32813
32649
32739
32561
32735
32695
32622
32603
32641
32675
32765
32755
32631
32634
32655
32541
32717
32807
32717
32644
32571
32603
32728
32766
32635
32660
32666
32698
32767
32759
32599
32687
32650
32733
32615
32802
32675
32647
32663
32637
32740
32637
32663
32703
32633
32655
32755
32601
32879
33881
33432
32202
31891
33850
34177
33998
32043
32016
30671
30381
33816
31075
33117
32212
33438
33451
33147
33275
32853
32445
33082
33519
32254
32528
32291
33647
34380
32568
33166
33372
32151
32407
31971
33143
33243
32007
31355
32495
32096
32352
33050
32918
32979
32172
31821
32857
31777
32401
32773
33385
33227
33278
32641
31899
32709
33189
33675
33398
32159
32293
33235
32087
32711
32120
33507
33015
32621
32573
33058
33100
32343
31975
32514
32798
32295
32167
32975
32754
32179
32577
33035
32035
33119
33352
32533
32992
33043
33065
33110
32167
33097
32357
32902
33123
32384
32234
32118
31895
32937
31795
34160
33235
31754
34815
31794
31871
30344
33149
32455
31181
33941
30454
32219
30689
32095
30241
34884
31655
32095
33231
33351
33231
31844
31871
32785
33834
34219
33461
33017
33074
30940
31797
33793
32905
31683
31556
33828
33464
32613
31261
33204
32628
33821
33483
31847
33820
34652
34303
31374
33315
34045
30907
31693
31809
34868
33417
30965
29898
34451
34007
30615
31001
31597
32873
33377
33922
33850
34109
34349
33341
32621
32049
33863
34038
31983
32387
31075
31284
32060
32561
31348
31076
31928
32806
33561
31793
32091
32815
34005
31927
31717
34019
34119
31513
33847
33917
32353
31549
31805
33442
33875
31543
32561
34044
33925
33655
32154
32587
33367
33765
32533
31947
32042
33436
33687
33132
31672
33457
33426
33726
32592
32039
32923
33274
33437
33393
33216
32607
33735
33743
33268
31902
32018
32685
32415
32249
32167
31585
31535
31619
33584
33443
31863
33495
31937
31587
32098
33255
33553
33324
32908
32749
32362
31735
31812
32813
32141
31543
32012
32043
32779
33480
33495
33017
32437
32771
33361
33726
31999
31952
33324
33397
33145
31960
31854
32701
33627
32119
33279
33639
33023
32826
32766
32339
33636
33595
33064
32675
32572
32569
31859
32062
32439
32391
33441
33437
32099
32254
33242
33311
32887
32423
32357
32008
33431
33319
32287
31877
32185
33158
33529
32139
32025
32231
32933
32984
32953
32973
32781
32561
32277
32569
32723
33127
32713
32133
32135
33287
33162
32331
32135
32749
33134
33291
32553
33311
32036
32130
31944
32335
33123
33139
32273
32143
32503
32935
33035
32723
32615
32037
32549
32207
32065
32061
32134
33129
32418
33291
32891
32174
32185
32123
32370
33217
33017
32345
33131
33221
32244
32679
32943
33029
32855
32610
32543
32921
32953
33137
33251
32141
33279
32193
32659
33148
33100
32191
32161
32165
32231
32519
32624
33161
33090
32281
32341
32711
32859
32731
32615
33023
33121
33086
33175
32959
32369
33191
33111
33229
33245
32731
32246
32457
32173
32542
32252
33056
33065
33219
33063
33029
32613
32645
32216
32325
33123
32975
32533
32791
32919
32264
32345
32240
33210
32919
32274
32294
33004
32529
32955
32322
32273
32825
32791
32797
32621
32962
32933
32620
32653
32700
33061
32839
32654
32477
32380
32849
32651
33035
32908
32263
33032
32425
32863
32473
33062
33012
32357
32365
32779
32357
32415
32232
32481
32867
32384
33639
32594
32647
32197
31968
33408
33469
33293
31945
32876
31625
