31333
31349
31341
31361
31359
31359
31344
31361
31352
31347
31345
31363
31321
31317
31325
31344
31335
31331
31322
31309
31338
31339
31308
31342
31340
31358
31351
31335
31325
31337
31319
31330
31355
31354
31344
31362
31339
31319
31336
31335
31335
31329
31319
31337
31344
31369
31343
31331
31324
31335
31323
31345
31371
31347
31345
31335
31335
31335
31326
31327
31331
31335
31333
31338
31331
31281
31313
31321
31319
31343
31325
31327
31345
31333
31348
31351
31322
31322
31335
31352
31355
31374
31347
31344
31359
31360
31331
31337
31321
31324
31337
31355
31347
31341
31338
31338
31322
31305
31311
31351
31327
31328
31328
31342
31350
31317
31326
31329
31335
31329
31322
31356
31357
31347
31345
31331
31343
31339
31341
31357
31382
31360
31363
31349
31345
31339
31365
31361
31344
31342
31323
31334
31330
31343
31335
31339
31351
31341
31335
31349
31363
31329
31319
31349
31345
31340
31333
31316
31325
31361
31345
31333
31347
31358
31339
31345
31364
31357
31365
31358
31371
31348
31351
31354
31353
31343
31327
31362
31362
31357
31374
31352
31352
31340
31367
31373
31383
31377
31355
31357
31341
31331
31339
31345
31350
31355
31348
31319
31329
31367
31395
31354
31359
31359
31333
31360
31361
31357
31385
31370
31361
31338
31337
31361
31346
31355
31350
31364
31344
31350
31355
31341
31333
31341
31365
31353
31319
31323
31353
31351
31345
31355
31341
31330
31347
31336
31337
31333
31335
31344
31375
31353
31343
31334
31343
31326
31328
31320
31317
31332
31339
31355
31358
31341
31339
31332
31335
31335
31325
31321
31334
31324
31351
31339
31319
31317
31329
31331
31329
31340
31329
31342
31347
31315
31338
31344
31343
31335
31330
31355
31320
31301
31327
31343
31327
31335
31351
31346
31334
31364
31365
31347
31345
31349
31385
31343
31353
31335
31335
31329
31361
31371
31340
31349
31334
31367
31369
31367
31364
31357
31335
31325
31341
31343
31342
31338
31343
31343
31351
31349
31356
31346
31367
31359
31358
31362
31359
31387
31368
31358
31352
31344
31330
31338
31327
31343
31351
31330
31353
31358
31359
31355
31351
31367
31364
31364
31359
31349
31343
31350
31368
31364
31359
31347
31367
31376
31374
31354
31351
31353
31380
31382
31343
31341
31359
31347
31383
31365
31381
31368
31333
31345
31340
31366
31363
31349
31350
31376
31377
31365
31365
31396
31385
31350
31339
31351
31346
31374
31393
31367
31361
31337
31359
31345
31349
31367
31354
31364
31384
31371
31341
31351
31361
31367
31361
31340
31348
31339
31364
31367
31369
31357
31369
31356
31350
31348
31367
31376
31378
31359
31354
31366
31362
31371
31345
31347
31345
31341
31341
31357
31354
31353
31375
31342
31342
31351
31340
31338
31348
31341
31355
31351
31348
31366
31366
31377
31369
31344
31341
31345
31349
31319
31332
31383
31366
31369
31374
31346
31365
31347
31364
31367
31357
31368
31351
31348
31374
31358
31353
31357
31373
31375
31363
31372
31364
31368
31383
31358
31364
31367
31367
31377
31381
31345
31363
31355
31393
31380
31367
31361
31376
31367
31366
31361
31365
31351
31347
31371
31360
31365
31363
31365
31363
31380
31361
31340
31357
31363
31375
31359
31362
31359
31374
31361
31363
31361
31399
31358
31349
31365
31351
31363
31362
31357
31389
31351
31377
31370
31368
31379
31391
31401
31378
31375
31368
31372
31374
31382
31368
31362
31366
31357
31359
31376
31358
31389
31362
31346
31335
31367
31358
31359
31375
31367
31367
31364
31390
31365
31350
31347
31367
31363
31374
31381
31353
31359
31395
31388
31395
31386
31351
31375
31368
31376
31349
31346
31355
31345
31336
31351
31351
31326
31359
31375
31357
31386
31367
31359
31358
31363
31382
31380
31373
31375
31380
31381
31374
31363
31343
31339
31375
31384
31359
31373
31375
31367
31380
31377
31363
31377
31373
31359
31357
31383
31367
31377
31395
31373
31341
31362
31356
31369
31343
31325
31335
31345
31353
31347
31346
31359
31360
31345
31371
31364
31349
31350
31350
31354
31355
31348
31350
31370
31359
31339
31355
31349
31364
31363
31378
31383
31372
31355
31361
31369
31373
31395
31358
31351
31367
31362
31383
31382
31386
31385
31362
31335
31365
31381
31356
31349
31368
31371
31375
31359
31343
31353
31352
31350
31370
31347
31341
31356
31367
31398
31384
31349
31370
31378
31351
31358
31335
31351
31368
31360
31383
31373
31394
31371
31349
31340
31360
31359
31375
31373
31359
31363
31346
31367
31346
31341
31353
31346
31353
31363
31343
31355
31346
31329
31354
31327
31351
31369
31358
31343
31331
31367
31339
31366
31359
31363
31371
31369
31354
31365
31359
31360
31372
31367
31374
31369
31369
31353
31360
31358
31358
31345
31349
31368
31355
31337
31333
31359
31369
31365
31329
31379
31359
31363
31351
31343
31370
31345
31334
31357
31355
31363
31353
31378
31373
31375
31375
31354
31363
31369
31364
31367
31372
31367
31367
31348
31352
31377
31394
31374
31377
31348
31330
31355
31341
31351
31324
31348
31346
31349
31359
31362
31375
31355
31333
31359
31351
31333
31311
31329
31353
31348
31371
31351
31340
31369
31349
31339
31371
31391
31367
31374
31383
31351
31359
31340
31349
31334
31375
31350
31373
31359
31343
31351
31365
31377
31355
31383
31383
31364
31363
31367
31355
31374
31381
31348
31362
31357
31374
31397
31359
31371
31356
31375
31374
31379
31375
31368
31391
31374
31367
31354
31351
31352
31348
31361
31363
31355
31383
31396
31375
31346
31345
31377
31372
31356
31345
31349
31367
31366
31356
31335
31359
31359
31351
31354
31347
31366
31351
31347
31336
31348
31367
31367
31339
31359
31367
31358
31338
31355
31353
31354
31354
31346
31325
31333
31348
31316
31342
31359
31365
31335
31348
31331
31335
31360
31333
31351
31349
31343
31367
31359
31352
31320
31331
31359
31349
31329
31339
31365
31380
31384
31372
31377
31345
31326
31359
31341
31345
31325
31333
31333
31314
31342
31338
31357
31333
31310
31293
31311
31322
31320
31319
31337
31337
31328
31319
31303
31329
31318
31329
31345
31327
31347
31335
31349
31351
31335
31342
31341
31332
31355
31361
31354
31335
31353
31372
31359
31364
31348
31363
31353
31332
31350
31349
31341
31337
31325
31340
31341
31331
31324
31345
31334
31315
31316
31323
31315
31279
31285
31291
31291
31295
31295
31293
31306
31287
31283
31271
31289
31269
31263
31274
31261
31249
31287
31267
31261
31263
31236
31265
31303
31279
31275
31299
31286
31289
31286
31276
31273
31273
31289
31272
31287
31283
31277
31286
31306
31283
31306
31283
31271
31285
31280
31287
31283
31285
31282
31285
31299
31281
31288
31263
31235
31239
31269
31223
31253
31255
31248
31231
31233
31249
31228
31255
31223
31214
31235
31259
31272
31280
31253
31260
31250
31244
31232
31243
31262
31271
31245
31207
31220
31264
31279
31254
31258
31243
31235
31241
31235
31223
31233
31269
31281
31259
31245
31279
31291
31276
31258
31270
31283
31272
31269
31297
31312
31286
31284
31319
31310
31305
31312
31283
31276
31306
31321
31317
31306
31325
31311
31348
31368
31305
31310
31322
31335
31332
31337
31317
31333
31333
31366
31358
31368
31327
31319
31361
31356
31335
31335
31306
31327
31337
31351
31347
31351
31347
31325
31333
31335
31339
31359
31321
31357
31331
31327
31351
31361
31375
31372
31357
31332
31364
31363
31371
31379
31375
31389
31371
31394
31373
31381
31385
31389
31387
31391
31385
31383
31393
31399
31381
31375
31377
31343
31341
31378
31378
31356
31363
31359
31333
31341
31369
31353
31344
31344
31349
31359
31343
31371
31371
31368
31378
31367
31414
31399
31398
31386
31351
31389
31414
31415
31403
31421
31423
31403
31419
31388
31382
31400
31398
31411
31417
31374
31389
31399
31380
31388
31375
31371
31344
31331
31365
31387
31383
31402
31389
31376
31355
31359
31369
31351
31367
31354
31357
31327
31370
31411
31403
31371
31382
31379
31383
31375
31363
31367
31372
31359
31378
31367
31402
31409
31383
31371
31355
31357
31357
31359
31371
31367
31346
31323
31356
31325
31317
31335
31329
31331
31345
31342
31331
31332
31352
31336
31331
31330
31335
31339
31363
31335
31388
31388
31367
31389
31385
31383
31367
31387
31377
31349
31371
31387
31365
31397
31390
31373
31357
31375
31385
31394
31343
31326
31386
31388
31364
31355
31335
31340
31359
31351
31345
31366
31339
31363
31359
31373
31352
31339
31336
31359
31391
31412
31368
31386
31367
31379
31390
31381
31407
31386
31350
31365
31369
31385
31386
31389
31383
31369
31369
31345
31315
31346
31340
31348
31334
31335
31355
31347
31343
31345
31347
31340
31351
31309
31351
31351
31359
31378
31400
31383
31429
31429
31401
31367
31391
31405
31401
31397
31388
31397
31405
31409
31381
31403
31397
31362
31383
31373
31398
31397
31355
31350
31359
31382
31375
31344
31316
31310
31333
31351
31347
31345
31339
31348
31351
31374
31392
31387
31379
31388
31383
31373
31351
31385
31414
31419
31390
31388
31383
31399
31406
31387
31393
31392
31375
31371
31367
31389
31367
31375
31395
31399
31371
31355
31366
31359
31352
31351
31349
31351
31365
31364
31369
31382
31383
31365
31365
31372
31385
31381
31357
31378
31403
31397
31359
31382
31397
31391
31395
31385
31408
31401
31401
31368
31375
31379
31383
31366
31365
31360
31369
31367
31355
31333
31349
31374
31337
31364
31353
31383
31389
31343
31338
31333
31351
31368
31380
31403
31397
31399
31408
31399
31407
31381
31373
31364
31377
31388
31383
31360
31363
31382
31359
31366
31361
31365
31335
31341
31359
31357
31343
31346
31349
31355
31365
31372
31356
31366
31375
31361
31358
31343
31344
31362
31342
31362
31362
31345
31361
31360
31386
31385
31381
31377
31365
31372
31371
31381
31407
31387
31410
31401
31375
31373
31400
31411
31406
31393
31389
31375
31388
31361
31356
31368
31363
31351
31367
31377
31361
31347
31385
31403
31380
31363
31350
31395
31369
31379
31367
31371
31370
31387
31397
31400
31411
31423
31424
31424
31385
31395
31376
31360
31391
31410
31399
31385
31388
31359
31366
31404
31396
31367
31359
31343
31357
31359
31346
31372
31359
31405
31376
31373
31381
31367
31368
31372
31367
31359
31376
31375
31349
31376
31415
31401
31373
31372
31407
31381
31406
31401
31396
31397
31395
31401
31405
31389
31376
31361
31345
31346
31341
31358
31358
31358
31327
31336
31343
31329
31346
31353
31361
31353
31363
31345
31352
31381
31375
31373
31387
31370
31335
31375
31365
31368
31361
31373
31375
31409
31416
31371
31382
31389
31365
31353
31376
31373
31372
31370
31375
31375
31376
31376
31357
31351
31388
31347
31348
31334
31342
31345
31343
31347
31357
31355
31350
31351
31364
31362
31339
31359
31385
31371
31371
31381
31367
31368
31399
31387
31367
31379
31379
31367
31375
31367
31347
31359
31367
31357
31350
31357
31365
31357
31355
31351
31372
31359
31326
31325
31343
31388
31347
31355
31354
31341
31353
31345
31335
31361
31349
31366
31401
31382
31373
31395
31375
31415
31404
31393
31401
31415
31389
31348
31373
31385
31405
31371
31407
31373
31376
31352
31367
31367
31349
31366
31368
31349
31357
31348
31369
31344
31361
31365
31363
31356
31339
31348
31400
31373
31365
31374
31387
31397
31387
31361
31359
31371
31367
31383
31366
31357
31373
31384
31373
31380
31371
31359
31359
31363
31340
31356
31359
31386
31373
31383
31357
31369
31351
31335
31350
31351
31375
31351
31333
31337
31359
31374
31352
31373
31361
31339
31397
31393
31387
31366
31367
31355
31375
31391
31372
31413
31414
31392
31380
31391
31367
31365
31378
31352
31337
31347
31368
31375
31374
31355
31375
31335
31350
31357
31329
31312
31329
31341
31344
31360
31363
31367
31371
31385
31383
31368
31363
31367
31375
31390
31389
31385
31357
31377
31391
31413
31403
31379
31399
31383
31378
31388
31396
31392
31381
31367
31355
31377
31360
31344
31374
31372
31357
31350
31350
31354
31354
31355
31364
31378
31351
31367
31336
31353
31371
31371
31375
31388
31399
31397
31414
31400
31399
31379
31384
31390
31375
31401
31390
31376
31377
31354
31348
31368
31359
31373
31373
31366
31380
31357
31339
31340
31349
31342
31363
31355
31361
31359
31355
31355
31367
31363
31343
31361
31352
31355
31359
31356
31379
31349
31371
31385
31380
31379
31376
31394
31385
31383
31387
31377
31397
31373
31357
31370
31356
31337
31357
31361
31377
31352
31339
31351
31349
31328
31351
31351
31341
31355
31357
31349
31369
31376
31347
31351
31361
31369
31375
31391
31381
31389
31410
31375
31416
31409
31382
31385
31391
31409
31383
31373
31379
31361
31381
31381
31393
31351
31355
31353
31361
31357
31363
31346
31373
31359
31364
31392
31371
31366
31371
31365
31363
31361
31350
31360
31334
31361
31376
31398
31401
31383
31364
31367
31394
31401
31387
31372
31367
31380
31383
31391
31381
31349
31359
31395
31375
31354
31368
31363
31365
31367
31350
31346
31365
31378
31401
31356
31321
31333
31352
31329
31351
31337
31365
31355
31368
31367
31355
31367
31363
31377
31364
31373
31365
31374
31365
31385
31375
31375
31390
31375
31375
31404
31410
31410
31419
31415
31401
31397
31400
31391
31373
31399
31367
31399
31421
31401
31411
31411
31412
31375
31402
31406
31399
31395
31395
31390
31405
31431
31409
31404
31431
31409
31407
31397
31417
31408
31407
31385
31387
31385
31391
31380
31391
31397
31402
31361
31352
31361
31355
31365
31353
31363
31347
31346
31325
31331
31341
31303
31318
31301
31307
31287
31276
31301
31308
31335
31309
31304
31324
31320
31311
31302
31304
31322
31299
31329
31319
31290
31313
31312
31289
31329
31282
31302
31286
31282
31271
31303
31302
31263
31291
31281
31269
31282
31251
31261
31283
31286
31266
31280
31288
31295
31297
31281
31277
31295
31316
31300
31286
31263
31259
31270
31265
31254
31279
31268
31247
31247
31269
31260
31250
31243
31226
31221
31209
31216
31224
31265
31282
31272
31239
31254
31260
31263
31258
31274
31306
31293
31311
31312
31295
31319
31291
31303
31329
31335
31331
31319
31330
31314
31303
31308
31285
31287
31330
31311
31303
31300
31271
31271
31284
31303
31286
31297
31299
31281
31301
31289
31295
31293
31321
31314
31317
31339
31377
31378
31351
31358
31379
31415
31389
31401
31387
31367
31385
31408
31387
31373
31357
31381
31383
31360
31381
31373
31373
31352
31321
31279
31311
31303
31311
31348
31359
31333
31320
31318
31323
31316
31354
31381
31374
31385
31371
31395
31415
31439
31426
31441
31433
31409
31430
31437
31426
31445
31451
31443
31428
31413
31416
31420
31383
31369
31371
31351
31367
31350
31359
31348
31345
31357
31347
31367
31346
31329
31323
31319
31339
31389
31399
31419
31415
31389
31378
31390
31407
31429
31455
31454
31465
31426
31415
31442
31458
31454
31455
31429
31407
31376
31391
31375
31361
31361
31389
31381
31337
31332
31342
31331
31328
31307
31295
31290
31274
31317
31349
31374
31349
31368
31385
31348
31351
31383
31359
31367
31397
31413
31417
31407
31412
31416
31447
31440
31442
31423
31436
31427
31401
31399
31399
31369
31393
31397
31386
31339
31343
31367
31349
31339
31327
31319
31327
31317
31323
31331
31331
31333
31359
31359
31375
31396
31393
31375
31393
31391
31400
31413
31430
31419
31428
31413
31417
31421
31411
31431
31434
31436
31431
31408
31421
31416
31415
31375
31377
31363
31342
31350
31337
31359
31344
31314
31332
31343
31349
31336
31335
31368
31361
31345
31363
31376
31348
31375
31387
31419
31401
31397
31393
31411
31407
31385
31397
31426
31447
31450
31432
31436
31452
31431
31389
31384
31392
31421
31383
31384
31356
31355
31377
31362
31313
31337
31353
31338
31336
31363
31348
31338
31335
31329
31355
31324
31336
31357
31376
31356
31385
31370
31391
31429
31405
31399
31411
31423
31395
31415
31421
31393
31371
31387
31415
31392
31364
31367
31353
31363
31365
31339
31357
31324
31315
31314
31327
31341
31331
31325
31331
31304
31312
31322
31359
31359
31353
31369
31379
31393
31394
31386
31412
31419
31417
31411
31413
31422
31415
31423
31413
31397
31408
31436
31439
31429
31396
31399
31388
31358
31346
31347
31329
31335
31332
31346
31314
31296
31340
31321
31315
31304
31295
31300
31309
31314
31311
31324
31335
31367
31343
31320
31311
31333
31331
31361
31361
31358
31373
31343
31355
31382
31350
31321
31320
31328
31321
31307
31307
31309
31313
31297
31295
31319
31287
31248
31300
31295
31263
31262
31277
31290
31307
31303
31285
31306
31305
31315
31337
31348
31349
31363
31365
31359
31398
31362
31361
31385
31391
31343
31362
31351
31373
31352
31337
31342
31315
31313
31311
31312
31310
31289
31308
31317
31324
31310
31298
31287
31305
31318
31329
31295
31291
31330
31338
31365
31379
31388
31382
31364
31363
31387
31399
31388
31393
31417
31443
31411
31432
31431
31431
31387
31356
31388
31357
31371
31357
31344
31360
31351
31329
31337
31348
31327
31315
31277
31291
31317
31311
31332
31366
31354
31350
31359
31357
31367
31362
31380
31397
31390
31409
31389
31398
31420
31439
31437
31444
31425
31431
31444
31440
31418
31388
31377
31376
31379
31390
31368
31367
31365
31334
31319
31328
31330
31308
31313
31299
31309
31313
31325
31333
31333
31329
31349
31356
31381
31390
31385
31390
31371
31387
31416
31444
31441
31438
31447
31427
31438
31406
31417
31428
31452
31427
31431
31399
31389
31369
31387
31371
31335
31335
31321
31285
31299
31313
31333
31297
31283
31289
31291
31305
31287
31303
31349
31319
31335
31357
31372
31381
31376
31360
31377
31352
31358
31367
31401
31407
31413
31413
31447
31420
31386
31401
31379
31329
31354
31382
31363
31370
31350
31314
31335
31303
31285
31306
31273
31281
31289
31293
31299
31301
31304
31318
31319
31329
31341
31345
31364
31383
31395
31394
31389
31369
31378
31392
31402
31416
31390
31401
31397
31409
31393
31383
31367
31359
31378
31391
31378
31351
31316
31332
31319
31311
31319
31298
31311
31317
31304
31311
31311
31312
31350
31343
31352
31325
31333
31325
31337
31366
31397
31390
31399
31395
31389
31397
31435
31421
31417
31407
31386
31425
31425
31396
31425
31379
31397
31399
31377
31362
31363
31349
31332
31333
31333
31319
31301
31329
31328
31325
31329
31335
31346
31334
31348
31368
31364
31351
31360
31382
31396
31391
31405
31415
31417
31419
31410
31427
31447
31436
31413
31397
31398
31409
31399
31388
31367
31383
31383
31370
31369
31359
31341
31328
31324
31367
31340
31320
31331
31309
31323
31335
31321
31337
31335
31374
31375
31359
31367
31388
31398
31424
31431
31450
31405
31437
31449
31434
31435
31419
31403
31425
31418
31437
31408
31415
31379
31363
31363
31338
31361
31353
31330
31353
31335
31335
31314
31339
31330
31340
31351
31341
31332
31320
31336
31351
31371
31379
31383
31383
31387
31430
31431
31405
31409
31414
31406
31432
31459
31433
31412
31417
31389
31394
31407
31403
31381
31392
31383
31367
31340
31341
31347
31321
31293
31311
31335
31333
31328
31338
31329
31300
31319
31359
31354
31366
31365
31379
31390
31377
31392
31398
31415
31403
31441
31429
31415
31418
31441
31416
31393
31407
31399
31391
31402
31400
31373
31382
31395
31355
31325
31337
31351
31337
31349
31327
31305
31320
31330
31298
31311
31315
31325
31314
31348
31343
31360
31372
31367
31371
31353
31380
31392
31391
31384
31392
31395
31403
31425
31399
31378
31373
31379
31398
31401
31373
31369
31351
31364
31364
31341
31336
31331
31331
31311
31303
31321
31308
31309
31301
31284
31316
31311
31333
31328
31323
31313
31311
31315
31340
31384
31377
31385
31391
31391
31376
31414
31407
31369
31392
31383
31383
31394
31413
31387
31397
31402
31379
31355
31358
31355
31350
31329
31313
31333
31319
31321
31292
31299
31310
31312
31295
31311
31343
31329
31317
31325
31351
31322
31361
31414
31389
31375
31392
31411
31426
31408
31418
31396
31384
31390
31402
31415
31385
31379
31383
31384
31365
31356
31354
31359
31347
31341
31342
31335
31359
31359
31345
31335
31319
31319
31309
31307
31343
31377
31367
31362
31371
31377
31383
31372
31365
31391
31383
31379
31391
31375
31405
31399
31410
31415
31367
31381
31410
31402
31410
31404
31407
31399
31357
31344
31342
31352
31337
31321
31309
31303
31310
31313
31342
31324
31319
31348
31333
31347
31331
31321
31391
31431
31391
31374
31385
31359
31403
31396
31420
31419
31398
31399
31402
31420
31415
31409
31422
31402
31409
31399
31386
31402
31405
31375
31374
31359
31363
31347
31354
31352
31351
31333
31297
31334
31339
31330
31317
31335
31359
31347
31336
31375
31374
31341
31334
31372
31383
31389
31391
31374
31397
31415
31418
31408
31391
31399
31393
31391
31423
31391
31387
31392
31371
31377
31370
31346
31353
31333
31338
31335
31346
31333
31320
31323
31325
31326
31327
31329
31326
31349
31349
31347
31351
31373
31359
31341
31343
31367
31397
31381
31403
31399
31398
31421
31425
31406
31397
31389
31384
31401
31389
31367
31349
31365
31350
31341
31364
31325
31326
31327
31341
31331
31308
31315
31334
31337
31345
31331
31358
31353
31361
31351
31351
31339
31372
31368
31393
31413
31403
31402
31400
31417
31421
31416
31389
31399
31393
31380
31373
31379
31402
31385
31355
31335
31330
31316
31329
31361
31338
31348
31318
31287
31307
31297
31303
31327
31332
31310
31306
31341
31349
31328
31351
31359
31369
31351
31369
31361
31365
31354
31370
31364
31389
31376
31363
31396
31412
31406
31404
31393
31375
31373
31351
31348
31359
31373
31351
31350
31338
31354
31353
31359
31353
31339
31345
31331
31316
31319
31338
31341
31328
31362
31345
31348
31357
31371
31380
31399
31373
31393
31408
31411
31382
31409
31408
31399
31398
31401
31389
31396
31393
31365
31380
31381
31367
31338
31343
31344
31325
31321
31310
31304
31327
31327
31335
31340
31351
31299
31331
31348
31322
31341
31354
31364
31357
31358
31376
31379
31400
31393
31396
31381
31396
31414
31383
31408
31406
31399
31412
31387
31387
31379
31366
31377
31375
31365
31343
31343
31325
31334
31343
31347
31331
31319
31297
31343
31354
31327
31343
31350
31341
31360
31333
31347
31365
31394
31397
31395
31359
31377
31400
31390
31390
31391
31398
31389
31388
31391
31388
31386
31389
31386
31357
31346
31357
31363
31347
31335
31347
31334
31313
31318
31335
31355
31342
31326
31335
31355
31362
31339
31347
31354
31379
31370
31369
31378
31379
31381
31389
31395
31380
31399
31405
31407
31415
31422
31416
31407
31394
31399
31395
31379
31376
31363
31366
31331
31323
31352
31329
31311
31309
31323
31313
31318
31314
31331
31327
31310
31329
31325
31335
31367
31352
31351
31325
31336
31351
31386
31412
31377
31405
31425
31401
31416
31409
31391
31392
31372
31360
31381
31389
31367
31387
31370
31385
31355
31340
31341
31321
31340
31344
31340
31325
31319
31343
31327
31301
31294
31337
31337
31331
31344
31331
31315
31345
31399
31387
31399
31382
31390
31393
31399
31372
31357
31391
31403
31401
31399
31411
31398
31400
31380
31373
31351
31363
31350
31348
31349
31365
31335
31332
31359
31337
31333
31355
31345
31324
31319
31335
31331
31348
31339
31344
31349
31347
31373
31364
31377
31377
31375
31377
31382
31383
31399
31399
31397
31403
31397
31383
31378
31369
31361
31379
31379
31359
31367
31356
31355
31362
31357
31357
31333
31351
31357
31306
31335
31341
31341
31333
31347
31351
31351
31359
31369
31373
31375
31378
31374
31365
31363
31375
31383
31393
31405
31391
31413
31409
31400
31385
31380
31371
31357
31375
31356
31364
31375
31352
31343
31353
31352
31337
31331
31315
31313
31329
31353
31372
31339
31308
31337
31359
31357
31371
31373
31386
31389
31407
31392
31385
31380
31413
31390
31410
31407
31391
31396
31415
31412
31399
31409
31386
31401
31401
31379
31376
31383
31365
31353
31366
31389
31368
31339
31313
31331
31313
31319
31343
31342
31349
31361
31353
31362
31361
31383
31355
31379
31377
31383
31380
31395
31383
31375
31408
31401
31419
31449
31420
31389
31385
31371
31377
31359
31376
31372
31377
31389
31377
31375
31357
31335
31334
31345
31343
31335
31343
31335
31343
31331
31323
31345
31342
31359
31368
31375
31357
31365
31341
31373
31373
31407
31393
31407
31403
31431
31419
31397
31387
31383
31386
31399
31395
31399
31412
31375
31360
31356
31335
31327
31338
31358
31364
31336
31340
31330
31335
31356
31363
31345
31347
31368
31328
31343
31351
31389
31366
31350
31391
31409
31391
31359
31364
31366
31362
31365
31389
31391
31375
31407
31415
31431
31397
31397
31405
31383
31383
31365
31370
31377
31353
31358
31345
31355
31347
31340
31352
31340
31322
31326
31337
31349
31340
31351
31333
31347
31360
31371
31351
31375
31369
31359
31377
31393
31399
31394
31365
31352
31393
31389
31398
31393
31391
31398
31396
31377
31370
31377
31369
31367
31363
31350
31367
31351
31361
31358
31363
31376
31333
31333
31343
31350
31350
31335
31355
31367
31353
31333
31334
31327
31367
31373
31369
31390
31389
31391
31383
31394
31409
31411
31377
31385
31397
31411
31368
31376
31393
31405
31365
31353
31378
31355
31371
31350
31336
31315
31363
31358
31345
31356
31355
31287
31351
31355
31356
31349
31337
31367
31386
31367
31373
31381
31407
31405
31399
31420
31371
31396
31391
31393
31406
31392
31380
31386
31392
31387
31365
31361
31385
31369
31356
31347
31333
31343
31373
31352
31338
31354
31349
31347
31341
31346
31336
31373
31367
31347
31349
31362
31356
31390
31375
31379
31384
31405
31394
31391
31429
31403
31411
31412
31393
31374
31377
31394
31408
31407
31397
31371
31393
31363
31367
31355
31347
31351
31351
31357
31353
31325
31367
31363
31359
31336
31350
31332
31367
31368
31358
31357
31371
31373
31362
31376
31381
31402
31399
31391
31372
31378
31373
31378
31379
31362
31401
31407
31405
31381
31371
31385
31368
31381
31391
31369
31351
31373
31359
31359
31345
31346
31329
31337
31338
31364
31359
31349
31343
31366
31379
31392
31401
31375
31393
31383
31351
31386
31376
31425
31391
31378
31399
31408
31407
31372
31369
31398
31385
31378
31383
31348
31333
31347
31352
31359
31369
31360
31359
31374
31349
31327
31341
31336
31344
31353
31345
31351
31325
31341
31341
31347
31340
31350
31349
31391
31413
31371
31358
31373
31401
31399
31397
31398
31388
31387
31395
31400
31407
31368
31369
31364
31381
31357
31365
31364
31354
31374
31373
31352
31357
31352
31343
31343
31341
31337
31334
31339
31359
31347
31393
31402
31396
31382
31387
31399
31386
31373
31405
31396
31388
31394
31395
31392
31407
31427
31406
31397
31390
31381
31360
31369
31367
31364
31365
31357
31352
31368
31361
31345
31347
31353
31350
31337
31359
31380
31367
31335
31334
31343
31368
31365
31343
31367
31367
31373
31359
31396
31383
31374
31378
31396
31400
31378
31377
31378
31386
31356
31359
31387
31363
31364
31355
31369
31383
31362
31345
31374
31363
31327
31332
31334
31374
31357
31362
31362
31331
31351
31351
31348
31383
31383
31406
31379
31385
31389
31394
31386
31381
31364
31400
31394
31409
31412
31401
31378
31388
31395
31388
31381
31376
31376
31423
31389
31371
31377
31359
31368
31353
31337
31349
31349
31334
31389
31357
31329
31342
31359
31389
31359
31347
31363
31358
31373
31378
31374
31379
31385
31383
31390
31399
31407
31396
31377
31404
31418
31387
31391
31376
31389
31436
31375
31371
31358
31347
31389
31373
31351
31351
31348
31345
31327
31341
31326
31343
31352
31314
31321
31331
31330
31341
31347
31352
31351
31386
31383
31371
31361
31391
31374
31392
31395
31393
31383
31375
31385
31380
31365
31372
31391
31371
31374
31365
31367
31354
31371
31352
31357
31370
31343
31354
31334
31331
31321
31352
31363
31335
31341
31357
31343
31340
31341
31377
31397
31361
31391
31380
31353
31368
31393
31368
31367
31392
31383
31367
31371
31399
31395
31373
31378
31395
31377
31376
31376
31374
31386
31358
31339
31357
31365
31357
31359
31337
31361
31339
31336
31361
31367
31359
31343
31341
31351
31374
31375
31357
31347
31361
31383
31383
31398
31375
31371
31372
31378
31386
31397
31395
31373
31355
31353
31375
31395
31395
31383
31374
31391
31377
31357
31339
31329
31343
31360
31355
31334
31343
31343
31353
31355
31344
31359
31350
31362
31379
31369
31357
31353
31363
31375
31374
31387
31388
31365
31378
31371
31401
31419
31383
31389
31385
31389
31409
31395
31373
31367
31352
31372
31384
31374
31379
31352
31359
31344
31333
31353
31351
31313
31324
31313
31339
31367
31373
31355
31346
31351
31367
31368
31352
31363
31353
31385
31388
31367
31375
31385
31359
31401
31401
31389
31389
31397
31389
31396
31426
31381
31373
31355
31367
31360
31360
31372
31336
31345
31355
31356
31339
31332
31329
31326
31372
31357
31347
31358
31339
31359
31358
31337
31383
31365
31357
31371
31374
31379
31378
31383
31375
31375
31395
31385
31375
31395
31383
31387
31397
31365
31371
31367
31371
31371
31370
31351
31339
31372
31357
31345
31356
31347
31329
31359
31367
31381
31369
31359
31374
31366
31370
31380
31335
31337
31343
31365
31396
31390
31378
31387
31389
31417
31391
31384
31400
31407
31399
31385
31389
31373
31371
31400
31385
31377
31376
31381
31369
31368
31389
31354
31344
31374
31361
31369
31357
31367
31363
31399
31389
31375
31373
31361
31399
31375
31391
31407
31407
31401
31366
31409
31401
31377
31404
31391
31371
31423
31415
31415
31402
31371
31381
31367
31390
31376
31373
31359
31358
31385
31383
31359
31356
31367
31371
31385
31371
31372
31378
31381
31361
31364
31367
31387
31381
31411
31405
31404
31417
31423
31420
31398
31409
31401
31394
31391
31387
31391
31395
31418
31394
31392
31369
31394
31390
31381
31396
31384
31347
31371
31373
31332
31353
31363
31343
31335
31349
31344
31359
31354
31383
31379
31377
31393
31368
31361
31389
31406
31401
31389
31396
31388
31397
31407
31399
31410
31399
31415
31403
31399
31384
31375
31397
31393
31357
31367
31361
31375
31371
31365
31363
31359
31361
31384
31363
31375
31385
31395
31362
31342
31370
31372
31367
31367
31377
31361
31389
31389
31373
31384
31396
31387
31389
31421
31384
31396
31363
31365
31367
31381
31387
31384
31374
31389
31375
31367
31379
31378
31350
31354
31377
31358
31342
31346
31351
31359
31359
31362
31377
31371
31370
31369
31361
31383
31359
31373
31391
31382
31401
31415
31432
31396
31390
31399
31415
31383
31393
31393
31400
31371
31363
31371
31378
31367
31407
31383
31368
31363
31382
31346
31335
31328
31355
31371
31383
31336
31352
31381
31364
31354
31360
31364
31375
31377
31364
31341
31380
31375
31380
31383
31403
31431
31411
31392
31383
31407
31401
31391
31416
31386
31389
31391
31385
31373
31334
31355
31365
31362
31335
31344
31374
31340
31359
31365
31351
31351
31355
31347
31333
31379
31367
31350
31375
31386
31385
31369
31375
31375
31367
31377
31395
31400
31393
31399
31384
31387
31367
31383
31378
31395
31381
31389
31391
31388
31387
31349
31357
31350
31369
31364
31364
31357
31365
31367
31388
31368
31381
31360
31381
31391
31368
31377
31374
31389
31471
31387
31373
31400
31395
31395
31399
31403
31383
31383
31381
31401
31393
31411
31405
31411
31389
31415
31399
31380
31367
31375
31375
31373
31369
31342
31331
31357
31358
31332
31343
31329
31316
31323
31323
31332
31333
31359
31327
31331
31331
31352
31373
31351
31353
31354
31357
31368
31375
31357
31365
31383
31339
31379
31376
31383
31383
31373
31353
31353
31357
31379
31379
31383
31364
31353
31360
31338
31356
31347
31331
31349
31331
31335
31335
31342
31371
31342
31339
31362
31357
31363
31374
31397
31383
31407
31421
31408
31383
31399
31381
31372
31403
31393
31411
31404
31397
31415
31411
31393
31370
31367
31381
31370
31379
31375
31375
31363
31361
31366
31353
31349
31375
31379
31361
31377
31363
31382
31385
31383
31381
31367
31369
31354
31396
31393
31399
31431
31423
31407
31432
31393
31377
31391
31423
31379
31381
31375
31399
31383
31403
31379
31368
31374
31371
31396
31347
31365
31381
31366
31363
31389
31351
31367
31385
31383
31395
31389
31364
31375
31402
31386
31390
31391
31390
31384
31414
31410
31432
31407
31415
31415
31395
31401
31393
31385
31384
31407
31399
31407
31392
31375
31368
31385
31367
31367
31363
31373
31394
31390
31369
31382
31365
31363
31372
31375
31388
31384
31391
31352
31385
31389
31359
31367
31365
31369
31383
31423
31401
31412
31390
31382
31392
31395
31409
31414
31395
31387
31379
31365
31370
31383
31389
31366
31354
31369
31389
31367
31368
31378
31374
31381
31360
31356
31374
31375
31359
31363
31372
31371
31378
31367
31383
31393
31402
31410
31404
31396
31399
31399
31383
31387
31397
31399
31395
31393
31381
31381
31385
31389
31371
31387
31371
31371
31363
31385
31361
31359
31370
31363
31358
31370
31363
31359
31343
31362
31356
31375
31373
31357
31381
31375
31376
31395
31374
31373
31373
31385
31402
31389
31381
31397
31405
31396
31390
31379
31375
31391
31395
31387
31364
31385
31388
31375
31351
31367
31375
31375
31370
31364
31377
31391
31371
31361
31361
31351
31358
31366
31373
31401
31381
31372
31376
31382
31376
31379
31412
31399
31409
31397
31397
31392
31362
31403
31370
31375
31394
31411
31391
31392
31369
31367
31368
31370
31383
31381
31367
31363
31375
31362
31384
31355
31376
31387
31388
31361
31356
31373
31379
31363
31392
31377
31362
31383
31408
31407
31432
31403
31406
31397
31373
31397
31389
31394
31374
31381
31378
31400
31399
31389
31411
31371
31362
31366
31376
31384
31369
31395
31375
31380
31404
31393
31353
31356
31371
31374
31372
31372
31370
31377
31368
31395
31381
31386
31390
31410
31406
31423
31414
31423
31409
31415
31423
31403
31413
31396
31376
31382
31391
31393
31387
31365
31371
31355
31369
31389
31373
31356
31346
31367
31366
31365
31382
31380
31366
31367
31380
31376
31364
31359
31361
31363
31375
31354
31359
31352
31380
31397
31391
31395
31383
31387
31361
31382
31425
31386
31363
31344
31372
31382
31365
31379
31396
31379
31362
31341
31377
31359
31341
31357
31361
31356
31347
31354
31349
31349
31345
31369
31383
31371
31363
31373
31375
31391
31393
31382
31403
31405
31393
31410
31397
31408
31412
31405
31399
31389
31381
31384
31390
31418
31398
31369
31373
31399
31389
31364
31352
31355
31364
31360
31359
31361
31393
31387
31375
31383
31394
31379
31368
31383
31363
31395
31396
31351
31365
31381
31387
31382
31386
31405
31397
31363
31376
31377
31408
31405
31390
31384
31395
31385
31379
31371
31370
31371
31399
31390
31375
31373
31370
31365
31375
31365
31357
31344
31345
31379
31385
31401
31383
31380
31371
31349
31349
31350
31355
31341
31367
31400
31367
31378
31383
31389
31385
31400
31405
31402
31405
31393
31376
31391
31367
31365
31361
31379
31366
31353
31367
31363
31365
31359
31346
31361
31376
31384
31367
31331
31320
31338
31346
31361
31379
31357
31362
31367
31385
31385
31359
31367
31382
31384
31383
31401
31361
31408
31390
31359
31375
31391
31396
31381
31387
31397
31370
31391
31358
31375
31364
31355
31367
31369
31381
31380
31337
31352
31359
31354
31347
31349
31368
31367
31367
31380
31397
31379
31367
31371
31365
31365
31364
31395
31392
31379
31385
31393
31383
31365
31377
31388
31399
31401
31391
31353
31379
31398
31379
31376
31370
31373
31378
31371
31365
31372
31375
31363
31363
31343
31348
31367
31379
31367
31375
31356
31368
31367
31362
31363
31385
31385
31438
31410
31385
31375
31383
31363
31385
31417
31384
31383
31369
31389
31381
31398
31381
31371
31381
31375
31381
31388
31345
31371
31363
31368
31417
31398
31394
31381
31376
31369
31353
31396
31391
31369
31375
31397
31413
31381
31387
31396
31407
31401
31419
31419
31402
31400
31375
31409
31405
31377
31395
31382
31373
31383
31383
31402
31374
31339
31372
31393
31381
31383
31381
31373
31377
31348
31364
31382
31377
31371
31375
31375
31373
31357
31349
31384
31376
31372
31367
31365
31381
31390
31391
31423
31393
31401
31428
31415
31401
31403
31397
31381
31399
31400
31391
31379
31368
31371
31361
31365
31361
31402
31413
31394
31393
31375
31367
31382
31350
31373
31361
31357
31333
31367
31377
31365
31388
31395
31395
31399
31370
31395
31385
31399
31410
31401
31409
31408
31401
31386
31377
31393
31390
31394
31438
31423
31406
31391
31392
31382
31380
31376
31370
31372
31351
31351
31338
31335
31332
31338
31362
31345
31318
31317
31303
31340
31334
31337
31334
31367
31386
31359
31342
31353
31347
31347
31363
31370
31359
31350
31363
31349
31353
31333
31353
31351
31376
31355
31328
31327
31307
31351
31358
31355
31329
31343
31340
31351
31354
31357
31334
31341
31383
31341
31333
31336
31362
31369
31353
31341
31367
31347
31359
31347
31351
31371
31358
31357
31369
31397
31373
31382
31377
31379
31366
31383
31405
31396
31367
31347
31370
31375
31369
31380
31374
31359
31352
31371
31391
31387
31399
31391
31405
31415
31393
31371
31399
31407
31427
31409
31403
31415
31422
31429
31384
31375
31383
31397
31391
31394
31384
31388
31401
31393
31391
31382
31359
31384
31378
31347
31364
31382
31398
31374
31353
31374
31367
31346
31378
31363
31383
31390
31365
31374
31369
31391
31379
31381
31395
31399
31388
31397
31377
31360
31359
31378
31391
31385
31382
31375
31378
31360
31368
31363
31364
31350
31332
31344
31359
31339
31357
31337
31348
31339
31354
31361
31372
31379
31381
31391
31369
31397
31379
31368
31393
31356
31387
31385
31392
31399
31400
31391
31383
31369
31388
31386
31403
31391
31397
31389
31381
31387
31367
31365
31367
31363
31362
31374
31379
31359
31367
31382
31354
31353
31379
31335
31351
31364
31374
31395
31389
31407
31411
31393
31415
31394
31387
31382
31398
31401
31383
31393
31400
31417
31415
31398
31389
31397
31399
31367
31367
31391
31397
31376
31339
31349
31370
31384
31379
31352
31361
31370
31373
31384
31373
31361
31350
31364
31373
31392
31391
31404
31401
31391
31401
31427
31432
31418
31415
31407
31408
31417
31411
31405
31415
31423
31403
31374
31385
31417
31382
31371
31380
31345
31353
31383
31399
31399
31408
31399
31379
31366
31377
31379
31383
31378
31357
31380
31367
31407
31407
31393
31405
31411
31393
31390
31407
31407
31391
31410
31405
31413
31415
31388
