32566
32634
32694
32727
32735
32679
32583
32513
32487
32535
32569
32599
32639
32669
32685
32669
32626
32641
32669
32663
32673
32657
32669
32684
32645
32650
32655
32683
32742
32765
32801
32853
32827
32724
32651
32619
32669
32735
32759
32726
32669
32695
32753
32834
32894
32906
32871
32835
32774
32653
32567
32577
32617
32669
32718
32765
32855
32903
32923
32871
32805
32782
32763
32741
32719
32639
32601
32591
32551
32575
32663
32743
32816
32855
32827
32774
32720
32691
32621
32562
32552
32559
32585
32612
32593
32625
32655
32639
32614
32609
32605
32588
32561
32572
32580
32613
32642
32693
32687
32714
32701
32671
32615
32631
32664
32679
32676
32663
32654
32647
32629
32676
32730
32788
32824
32839
32843
32818
32774
32699
32647
32626
32633
32717
32763
32776
32782
32771
32829
32849
32817
32755
32702
32729
32766
32751
32691
32684
32743
32814
32825
32759
32703
32707
32736
32777
32751
32657
32665
32701
32759
32797
32745
32715
32683
32629
32599
32585
32573
32583
32595
32589
32634
32673
32703
32699
32665
32614
32562
32538
32585
32591
32605
32624
32607
32603
32626
32597
32620
32616
32575
32575
32620
32677
32758
32760
32703
32623
32689
32753
32831
32770
32691
32677
32657
32677
32687
32677
32652
32699
32778
32903
32923
32838
32752
32729
32782
32857
32843
32805
32735
32708
32727
32687
32698
32730
32743
32791
32812
32803
32798
32804
32769
32719
32714
32701
32711
32745
32743
32689
32655
32655
32645
32687
32741
32735
32703
32663
32582
32581
32613
32622
32609
32603
32625
32625
32638
32629
32599
32556
32579
32643
32647
32608
32541
32509
32566
32641
32648
32669
32679
32697
32709
32681
32647
32604
32601
32629
32639
32701
32783
32801
32771
32735
32725
32780
32809
32827
32865
32835
32795
32765
32699
32629
32641
32683
32733
32801
32823
32810
32803
32801
32797
32814
32805
32813
32769
32729
32705
32731
32767
32741
32710
32687
32671
32690
32717
32691
32686
32663
32650
32703
32739
32783
32800
32719
32617
32601
32613
32643
32655
32585
32543
32547
32575
32623
32669
32660
32673
32657
32633
32551
32487
32527
32575
32648
32695
32691
32661
32628
32607
32637
32687
32639
32609
32635
32683
32777
32817
32800
32743
32717
32695
32774
32812
32827
32744
32687
32681
32684
32710
32766
32804
32821
32833
32821
32839
32834
32800
32750
32752
32744
32727
32685
32655
32659
32723
32791
32823
32792
32741
32747
32728
32739
32732
32697
32637
32615
32663
32769
32795
32745
32679
32603
32555
32595
32658
32751
32751
32660
32530
32477
32527
32643
32732
32775
32742
32641
32577
32571
32615
32616
32531
32485
32497
32553
32629
32745
32739
32714
32705
32688
32677
32715
32774
32733
32595
32503
32511
32597
32687
32870
32807
32797
32784
32776
32756
32723
32774
32840
32797
32787
32750
32663
32701
32717
32827
32903
32865
32632
32657
32677
32731
32713
32745
32775
32681
32653
32735
32750
32765
32751
32715
32764
32711
32699
32653
32749
32719
32729
32662
32587
32565
32601
32699
32759
32761
32628
32560
32593
32783
32810
32775
32633
32634
32617
32629
32630
32595
32508
32519
32640
32699
32809
32777
32672
32567
32629
32618
32625
32604
32683
32650
32681
32647
32527
32425
32543
32711
32823
33015
33044
32930
32819
32831
32763
32767
32603
32510
32511
32613
32605
32599
32732
32857
32926
32944
32922
32850
32792
32745
32720
32591
32514
32467
32714
32901
32921
32823
32741
32685
32603
32628
32600
32511
32471
32539
32616
32815
32931
32920
32931
32920
32783
32685
32656
32559
32577
32605
32799
32744
32743
32776
32752
32639
32660
32670
32720
32753
32725
32672
32680
32580
32519
32471
32454
32521
32635
32797
32885
32893
32862
32751
32599
32555
32503
32485
32554
32583
32595
32683
32773
32745
32703
32719
32690
32670
32757
32727
32597
32560
32713
32859
33025
33097
32995
32863
32703
32593
32462
32478
32548
32663
32751
32807
32735
32665
32596
32610
32739
32871
32937
32967
32925
32757
32641
32601
32563
32589
32705
32697
32734
32773
32731
32690
32712
32834
32888
32861
32881
32766
32590
32573
32575
32660
32689
32671
32599
32589
32586
32570
32621
32691
32669
32775
32868
32944
32926
32836
32661
32484
32402
32351
32279
32397
32528
32594
32647
32709
32727
32751
32903
32867
32767
32707
32687
32650
32775
32870
32815
32723
32706
32693
32663
32759
32647
32478
32435
32513
32650
32823
32871
32851
32813
32797
32809
32763
32732
32691
32797
32869
32856
32712
32550
32412
32400
32567
32742
32775
32771
32702
32739
32830
32910
32857
32755
32713
32698
32609
32559
32480
32399
32462
32706
32880
32995
33055
32999
32829
32683
32623
32604
32581
32564
32579
32631
32553
32466
32439
32487
32615
32659
32681
32686
32639
32653
32801
32950
33004
32887
32757
32651
32510
32444
32471
32501
32591
32743
32859
32768
32625
32531
32647
32756
32915
33007
32932
32838
32799
32765
32673
32565
32483
32517
32629
32695
32815
32848
32815
32713
32663
32669
32700
32703
32743
32731
32684
32667
32628
32619
32697
32733
32705
32706
32578
32593
32670
32713
32779
32779
32753
32733
32777
32902
32935
32791
32661
32600
32602
32707
32710
32567
32438
32346
32365
32537
32675
32814
32884
32946
33007
32967
32802
32581
32445
32439
32569
32655
32729
32677
32608
32547
32551
32559
32645
32749
32825
32847
32845
32774
32675
32561
32615
32713
32757
32845
32846
32757
32685
32651
32639
32713
32762
32810
32799
32826
32787
32679
32594
32574
32555
32625
32631
32599
32595
32610
32615
32721
32848
32959
32965
32871
32826
32781
32694
32673
32717
32685
32625
32514
32492
32584
32593
32595
32671
32751
32718
32705
32743
32839
32863
32807
32734
32697
32705
32750
32765
32806
32807
32677
32567
32520
32419
32357
32358
32421
32525
32689
32852
32968
33010
32985
32888
32759
32662
32610
32591
32543
32503
32501
32516
32607
32735
32850
32887
32880
32822
32774
32724
32669
32621
32614
32613
32615
32657
32757
32816
32838
32831
32843
32795
32665
32570
32537
32554
32620
32651
32681
32749
32799
32773
32747
32810
32823
32752
32641
32539
32495
32497
32542
32610
32806
32963
32967
32911
32854
32792
32701
32619
32590
32591
32606
32612
32610
32603
32611
32617
32689
32785
32842
32853
32870
32757
32650
32551
32491
32488
32583
32642
32639
32626
32641
32610
32585
32661
32746
32842
32855
32784
32759
32774
32721
32667
32631
32666
32645
32621
32714
32737
32679
32573
32556
32657
32791
32809
32855
32893
32825
32745
32711
32721
32699
32655
32685
32700
32666
32667
32659
32613
32664
32655
32631
32657
32651
32631
32644
32675
32737
32787
32875
32919
32959
32970
32925
32711
32492
32433
32404
32452
32489
32561
32724
32776
32797
32817
32839
32837
32796
32761
32733
32619
32517
32423
32411
32497
32621
32661
32743
32861
32879
32825
32783
32682
32575
32515
32518
32543
32510
32503
32563
32682
32781
32844
32849
32861
32849
32815
32790
32737
32679
32589
32559
32608
32715
32777
32779
32779
32723
32719
32755
32774
32699
32611
32549
32571
32657
32758
32791
32799
32831
32877
32885
32825
32739
32685
32603
32521
32476
32518
32618
32677
32709
32741
32781
32765
32731
32770
32830
32790
32727
32639
32638
32668
32701
32724
32696
32599
32550
32569
32615
32671
32697
32695
32699
32740
32737
32679
32629
32677
32709
32665
32609
32581
32564
32583
32574
32615
32689
32711
32699
32738
32774
32819
32817
32771
32703
32649
32653
32706
32759
32753
32703
32673
32665
32651
32663
32720
32796
32837
32803
32723
32678
32752
32799
32777
32727
32693
32715
32700
32653
32644
32616
32615
32647
32671
32713
32763
32775
32744
32709
32672
32655
32684
32791
32810
32747
32651
32612
32599
32573
32578
32653
32746
32795
32788
32759
32727
32711
32705
32653
32577
32614
32639
32648
32637
32623
32663
32678
32643
32643
32682
32698
32669
32631
32589
32605
32675
32731
32807
32844
32811
32743
32662
32588
32549
32623
32703
32723
32708
32651
32660
32682
32757
32863
32954
32941
32858
32781
32716
32686
32637
32571
32517
32543
32587
32687
32761
32814
32816
32797
32809
32782
32788
32747
32679
32602
32569
32573
32549
32567
32624
32685
32678
32692
32787
32853
32822
32753
32717
32734
32696
32621
32585
32589
32649
32669
32690
32746
32774
32724
32649
32593
32556
32589
32581
32567
32638
32755
32835
32874
32841
32742
32644
32577
32599
32666
32677
32616
32560
32519
32556
32613
32679
32745
32787
32791
32823
32828
32812
32783
32757
32684
32679
32687
32686
32663
32615
32615
32669
32759
32789
32749
32713
32735
32717
32710
32680
32694
32712
32741
32718
32700
32659
32607
32559
32573
32653
32735
32815
32822
32787
32763
32708
32631
32639
32645
32649
32627
32607
32605
32597
32611
32651
32721
32797
32807
32796
32783
32770
32746
32711
32638
32631
32619
32603
32564
32564
32606
32670
32693
32685
32715
32682
32623
32602
32606
32660
32696
32705
32732
32801
32842
32827
32761
32663
32583
32567
32555
32573
32603
32647
32672
32679
32729
32787
32863
32910
32886
32845
32785
32701
32687
32642
32571
32519
32519
32591
32691
32752
32791
32773
32727
32658
32683
32693
32729
32720
32738
32699
32611
32600
32657
32699
32701
32638
32599
32638
32677
32695
32730
32740
32734
32694
32665
32711
32747
32705
32700
32714
32727
32727
32663
32618
32595
32566
32609
32629
32657
32768
32824
32795
32778
32666
32581
32591
32563
32583
32643
32617
32665
32719
32686
32715
32740
32745
32777
32743
32684
32673
32685
32689
32665
32655
32671
32685
32691
32701
32663
32671
32729
32665
32709
32734
32695
32727
32785
32749
32795
32801
32762
32795
32721
32623
32583
32511
32439
32457
32547
32687
32807
32858
32874
32880
32869
32827
32736
32685
32676
32681
32699
32661
32639
32631
32621
32648
32716
32727
32707
32729
32728
32741
32725
32666
32611
32635
32740
32816
32837
32827
32744
32641
32579
32561
32574
32617
32539
32520
32603
32660
32720
32754
32691
32690
32709
32679
32677
32667
32637
32579
32547
32598
32622
32696
32753
32681
32657
32783
32745
32759
32818
32696
32669
32701
32535
32537
32619
32589
32689
32803
32788
32787
32821
32736
32661
32685
32683
32669
32763
32800
32709
32755
32765
32655
32633
32645
32522
32588
32698
32679
32736
32812
32743
32799
32871
32796
32771
32772
32651
32645
32673
32644
32630
32639
32609
32575
32669
32703
32709
32730
32738
32711
32738
32689
32638
32653
32613
32583
32578
32580
32668
32751
32699
32671
32608
32545
32567
32585
32609
32697
32737
32737
32800
32791
32770
32764
32705
32653
32637
32635
32607
32623
32697
32659
32688
32779
32791
32796
32877
32783
32776
32823
32734
32680
32703
32623
32623
32690
32649
32627
32706
32687
32711
32785
32796
32744
32724
32699
32659
32663
32711
32685
32717
32742
32719
32743
32737
32636
32622
32624
32618
32668
32725
32725
32775
32717
32647
32700
32700
32677
32681
32644
32577
32579
32541
32517
32636
32695
32687
32728
32759
32725
32746
32719
32632
32631
32650
32577
32639
32671
32619
32645
32658
32663
32783
32793
32695
32711
32750
32745
32772
32810
32771
32757
32743
32671
32695
32709
32657
32589
32659
32704
32770
32809
32791
32725
32719
32671
32634
32691
32711
32675
32683
32729
32713
32723
32701
32634
32645
32653
32639
32663
32675
32685
32671
32653
32677
32683
32741
32810
32803
32745
32703
32599
32585
32615
32582
32618
32639
32636
32635
32679
32728
32777
32782
32726
32677
32687
32739
32677
32638
32602
32524
32547
32635
32678
32723
32702
32643
32663
32713
32742
32759
32756
32727
32765
32748
32711
32761
32712
32610
32588
32648
32695
32676
32730
32741
32751
32748
32735
32701
32715
32703
32681
32653
32627
32663
32751
32791
32722
32651
32615
32615
32607
32645
32653
32741
32773
32771
32735
32680
32607
32641
32652
32649
32629
32680
32716
32729
32717
32749
32684
32686
32637
32673
32764
32711
32737
32753
32716
32701
32656
32663
32685
32663
32737
32647
32582
32591
32649
32719
32907
32856
32807
32699
32627
32719
32693
32629
32589
32505
32519
32573
32657
32706
32745
32713
32702
32731
32776
32885
32709
32554
32645
32699
32721
32749
32583
32410
32455
32550
32736
32897
32793
32669
32693
32647
32511
32567
32547
32608
32661
32872
33005
33024
32816
32583
32382
32335
32449
32699
32825
32637
32727
32843
32748
32691
32673
32635
32596
32697
32881
32911
32831
32743
32795
32725
32559
32655
32764
32635
32556
32711
32789
32698
32605
32631
32740
32902
32699
32505
32501
32679
32879
32911
32908
32713
32435
32399
32455
32407
32494
32581
32883
32791
32971
32759
33029
33027
32797
32425
32255
31747
32060
32187
32325
32815
32882
32444
32719
32847
32883
33037
33125
32931
32695
32356
32301
32149
32469
32606
32773
32739
32521
32448
32736
32530
32989
32873
32632
32820
33681
33456
33554
33109
32426
31958
31763
31627
32168
33175
33413
33212
33217
32667
32499
32681
32484
32504
32985
32939
32573
32263
32162
32374
32643
32581
32687
32959
33407
33213
32937
32361
32215
32255
32481
32377
32273
32261
32669
32847
33175
33075
32845
32783
32769
33025
33165
33329
33111
32209
31778
32254
32660
32646
31991
31758
32329
33269
34009
33757
33367
32553
31766
31805
31847
31638
31864
32453
32827
33272
33773
33460
32992
32778
32921
33440
33251
32934
32766
32799
32290
31668
31173
31489
31727
32675
33431
34183
34429
34195
33468
33157
32787
32817
32637
32463
32451
32339
32206
32585
32774
32600
32020
31661
31291
31433
32217
32787
33297
33687
33279
32665
32322
32103
32259
32668
32479
32205
32189
32691
32550
33227
33815
34323
34069
33199
31551
30774
30519
30946
31691
32781
33871
34597
34956
35078
33943
32357
31379
30644
30759
31850
33039
33927
34375
34287
33438
32675
32085
31478
31702
32340
32673
33163
32880
32323
31713
31391
31826
32505
32942
32999
33387
33723
34558
34821
34300
33513
32764
32132
32103
32245
32215
32574
32427
32263
32207
32393
32715
32961
33384
33549
33623
33940
33628
32817
32281
31683
31576
32167
32793
33128
33163
32959
32643
32429
32086
31631
31482
31986
32307
32530
32660
32527
32437
32651
32993
33384
33159
32743
32189
31787
31787
32583
33235
33373
33511
33549
33458
33791
33666
32917
31981
30879
30082
30737
31859
32825
33513
33999
34199
34255
34034
33324
32042
30824
30185
30586
31661
32769
33841
34750
35405
35473
34485
32678
30743
29097
28947
29991
31315
32633
33725
34527
35277
35819
35933
35099
33319
31767
30374
30090
30676
31965
32817
33347
33716
34233
34451
34303
33430
32367
31551
31623
31873
32384
32909
32967
32383
31745
31447
31403
32428
33275
34309
34898
34675
33735
32183
30783
30212
30327
31177
32310
33255
33697
33823
34131
34273
34275
33689
32493
31379
30749
30440
30734
31221
31872
32815
33983
34953
35795
35577
34035
32129
30351
29284
29462
30467
31558
32439
32981
33728
34358
34703
34201
33237
32258
31628
31282
30985
30666
31175
32383
33479
34011
34337
34412
34184
34071
33580
32724
31355
30244
30567
32078
33840
34775
35567
35511
34725
33659
32718
31879
31165
30394
30357
30890
32076
33413
34228
34647
34975
35004
34663
33407
31871
30883
30709
30737
31223
31911
32487
32697
33297
33892
34313
34217
34025
33253
32443
31534
30572
29781
30375
31190
31825
33005
34526
35925
36201
35033
33036
31131
30013
29810
30091
30966
31472
31777
32769
33381
33990
34486
34407
33353
32381
31437
30483
30085
29947
30252
31418
33007
34465
35415
35527
35259
34951
34279
32761
31132
30016
29856
30288
31165
32624
34036
35133
35903
36304
36125
34903
33355
31955
30711
30320
30399
30933
31863
33329
34568
35401
35255
34620
33956
33382
32341
31167
30203
29543
30063
31701
33601
34791
35207
34903
34191
32992
31551
30555
30107
30114
30519
31620
32991
34276
34615
34129
33253
32651
32185
32161
31899
31875
32065
32205
31867
31847
32101
32223
32335
32577
32785
32823
32977
32656
32479
32101
32011
31645
31615
31926
32565
33545
34599
34999
34637
33961
32854
31633
30850
30626
31261
32267
33240
34173
34753
35215
35156
34563
33612
32367
31561
31431
31683
32159
32732
33098
33593
34111
34546
34708
34535
33683
32753
31879
31058
30630
30660
30832
31276
31957
32639
33597
34135
34348
34159
33517
32631
31607
30941
30829
31175
31778
32442
32980
33503
33792
33513
32743
32102
31580
31350
31238
31545
31909
32243
32696
33111
33341
33382
33591
33629
33238
32662
32299
32130
31915
31730
32073
32378
32667
32782
32675
32741
32845
33179
33494
33377
32868
32397
32007
32199
32893
33540
33977
34111
34253
34072
33676
33047
32711
32269
32037
32002
32279
32662
33153
33451
33734
33722
33443
33339
33138
32743
32339
32207
31946
31695
31575
31935
32342
32750
33255
33755
33746
33512
33087
32358
31607
30883
30408
30443
31044
31934
33023
33761
34075
34101
33878
33296
32611
32176
31671
31227
31069
31596
32032
32535
33095
33607
34039
34320
33815
32917
31822
31349
31412
31697
32272
32934
33177
32965
32709
32783
33063
32969
32697
32724
33151
33265
33109
32809
32501
32307
32415
32649
33103
33608
33813
33533
33181
33149
33197
33076
32673
32485
32469
32534
32621
32831
32781
32743
32908
33159
33457
33449
33080
32729
32439
32298
32499
32475
32608
32699
32663
32480
32364
32296
32077
31599
31294
31504
32047
32702
33009
33219
33334
33319
33318
33243
32844
32503
31970
31655
31743
31975
32264
32801
33239
33405
33355
33034
32595
32159
31825
31900
32099
32415
32519
32337
32353
32695
33061
33539
33821
33897
33811
33474
32817
31966
31246
30887
30981
31620
32653
33542
34021
34029
33743
33455
33302
32945
32651
32343
32097
32131
32695
33281
33519
33681
33981
34005
33866
33494
32895
32313
31943
31711
31624
31848
32116
32225
32291
32621
33132
33517
33651
33419
33088
33008
32871
32497
32051
31454
31319
31763
32354
32945
33287
33271
32911
32443
32101
31918
31697
31674
31816
32153
32695
33315
33630
33550
33242
32927
32626
32506
32369
32279
32343
32281
32237
32341
32453
32571
32765
32855
32963
32871
32647
32377
32066
31949
32085
32484
33002
33370
33671
33929
33949
33783
33407
32834
32309
32019
32009
32275
32687
33102
33559
33753
33654
33570
33549
33239
32707
32177
31888
31953
32298
32831
33317
33575
33770
33671
33466
33199
32809
32338
31864
31532
31469
31630
31755
31884
32061
32403
32787
33138
33405
33470
33097
32674
32187
31731
31426
31333
31501
32067
32666
33077
33384
33624
33591
33159
32711
32303
31865
31491
31370
31318
31743
32437
33057
33599
33877
33835
33551
33071
32493
32131
31890
31921
32141
32551
32975
33351
33583
33671
33623
33412
33215
33119
32909
32476
32157
32075
32193
32555
33102
33660
34113
34219
34059
33743
33360
32846
32415
32160
32125
32311
32654
32860
32995
33128
33104
32823
32590
32449
32283
32021
31809
31809
31933
32117
32433
32788
33036
33042
32935
32653
32257
31895
31622
31541
31787
32177
32509
32775
32881
32849
32727
32633
32619
32621
32419
32129
31976
32022
32111
32241
32582
33079
33431
33665
33678
33431
33079
32674
32273
32118
32244
32439
32659
32783
32859
33033
33231
33299
33319
33268
33119
33001
32883
32717
32633
32647
32876
33097
33301
33577
33911
33941
33679
33328
32930
32515
32084
31692
31556
31777
32368
32981
33497
33846
33839
33460
32893
32173
31639
31451
31455
31681
32103
32551
32913
33123
33098
32843
32423
32120
31917
31777
31761
31817
31908
32085
32167
32289
32503
32759
32963
33111
33075
32990
32852
32702
32455
32261
32231
32353
32549
32877
33173
33352
33357
33244
32881
32521
32263
32170
32169
32342
32638
33001
33238
33487
33711
33793
33735
33607
33169
32647
32321
32255
32316
32442
32663
32941
33157
33246
33320
33367
33253
33079
32834
32612
32497
32502
32573
32651
32660
32783
32985
33172
33231
33067
32728
32447
32091
31754
31566
31681
32025
32298
32427
32573
32733
32846
32834
32603
32363
32267
32158
32015
32045
32163
32250
32324
32559
32831
33066
33207
33172
32884
32480
32130
31999
32057
32302
32566
32867
33130
33305
33257
33121
33047
33065
33022
32910
32677
32618
32615
32550
32552
32773
32983
33154
33137
33005
32863
32789
32646
32554
32653
32872
33033
33127
33192
33200
33123
33028
32883
32761
32695
32669
32681
32683
32586
32462
32425
32626
32916
33114
33155
33150
33055
32763
32406
32215
32183
32167
32133
32141
32293
32519
32636
32718
32843
32859
32831
32599
32203
31813
31543
31513
31799
32357
32995
33462
33677
33562
33122
32547
32047
31779
31837
32089
32349
32605
32807
32921
32989
33062
33175
33276
33252
33067
32791
32534
32327
32151
32131
32305
32653
32991
33321
33551
33573
33423
33150
32843
32523
32276
32204
32156
32208
32431
32723
33069
33407
33601
33657
33539
33243
32920
32562
32333
32308
32375
32535
32725
32879
32996
33043
33015
32982
32935
32787
32584
32375
32221
32189
32243
32378
32549
32707
32861
32878
32818
32670
32423
32281
32227
32141
32111
32124
32112
32215
32407
32601
32775
32878
32851
32781
32647
32527
32441
32341
32244
32284
32424
32653
32890
33053
33123
33121
33006
32777
32552
32374
32283
32284
32401
32701
33031
33309
33445
33433
33245
32899
32583
32343
32200
32229
32414
32732
33075
33388
33593
33603
33443
33155
32878
32631
32503
32487
32500
32551
32681
32863
33093
33233
33244
33231
33191
33042
32859
32597
32311
32139
32083
32184
32379
32516
32626
32727
32888
33021
33048
32859
32529
32124
31835
31694
31655
31837
32079
32312
32679
33011
33181
33110
32737
32285
32019
31889
31900
32079
32329
32597
32828
33009
33175
33236
33159
32999
32803
32607
32367
32215
32175
32282
32485
32826
33091
33287
33361
33263
33126
33056
32989
32927
32852
32783
32725
32636
32623
32736
32994
33275
33459
33514
33431
33175
32813
32452
32211
32205
32377
32659
33063
33395
33492
33455
33296
33081
32783
32465
32233
32162
32189
32260
32443
32645
32811
32838
32759
32605
32443
32247
32046
31882
31911
32006
32116
32215
32358
32533
32697
32782
32787
32697
32563
32423
32303
32234
32161
32106
32137
32266
32469
32693
32940
33106
33151
33069
32899
32724
32563
32479
32487
32586
32784
33077
33343
33438
33429
33377
33211
33015
32839
32647
32481
32417
32442
32561
32775
33064
33295
33479
33523
33463
33278
33045
32706
32428
32341
32433
32687
32915
33104
33250
33289
33196
32997
32733
32463
32247
32035
32003
32139
32318
32477
32620
32759
32909
32943
32811
32580
32311
32138
32053
32083
32141
32168
32229
32327
32403
32503
32584
32535
32434
32341
32267
32237
32236
32202
32221
32358
32618
32929
33205
33319
33335
33217
33013
32807
32585
32416
32371
32451
32639
32829
33043
33215
33334
33349
33261
33113
32921
32786
32653
32581
32647
32809
32993
33157
33277
33399
33397
33247
32983
32718
32536
32488
32502
32551
32643
32705
32699
32700
32754
32841
32945
32998
33031
32969
32776
32554
32313
32107
32045
32144
32390
32731
32957
33036
32943
32737
32439
32103
31830
31736
31802
31980
32193
32470
32757
32927
32951
32882
32730
32499
32278
32117
32090
32251
32461
32673
32873
32999
32960
32864
32791
32749
32703
32675
32720
32815
32839
32805
32779
32821
32928
33030
33071
33156
33279
33276
33060
32827
32669
32578
32590
32661
32824
33005
33124
33138
33117
33039
32919
32759
32611
32506
32452
32441
32497
32625
32827
33016
33143
33226
33172
32952
32670
32429
32282
32201
32204
32309
32505
32682
32790
32807
32851
32823
32709
32583
32449
32269
32087
31981
32012
32141
32355
32615
32836
32991
33007
32887
32709
32479
32263
32104
32053
32119
32314
32463
32624
32826
32949
32978
32939
32903
32870
32771
32637
32522
32526
32583
32621
32735
32913
33144
33317
33351
33272
33157
32971
32741
32515
32351
32305
32398
32558
32791
33077
33256
33323
33297
33155
32935
32698
32541
32479
32507
32602
32778
32937
32996
32962
32920
32857
32797
32698
32575
32486
32446
32478
32492
32525
32631
32725
32775
32842
32842
32807
32753
32615
32506
32395
32333
32305
32265
32298
32351
32455
32595
32663
32648
32575
32473
32359
32253
32132
32069
32185
32393
32706
32992
33197
33205
33108
32875
32633
32410
32299
32261
32317
32461
32678
32903
33078
33127
33141
33085
33004
32855
32697
32579
32529
32656
32830
32993
33151
33222
33221
33164
33089
32974
32835
32679
32587
32494
32433
32485
32595
32751
32897
33073
33217
33298
33207
33010
32776
32592
32487
32413
32391
32436
32579
32731
32845
32924
32962
32879
32728
32544
32339
32206
32169
32161
32188
32217
32339
32510
32676
32785
32791
32719
32623
32486
32293
32117
32069
32115
32215
32339
32457
32638
32773
32847
32807
32723
32604
32521
32444
32415
32455
32576
32749
32906
33044
33141
33183
33163
33119
33007
32889
32759
32663
32629
32667
32743
32821
32912
32988
33100
33185
33262
33215
33080
32905
32776
32703
32669
32657
32693
32791
32935
33027
33087
33053
32955
32770
32555
32383
32362
32430
32533
32677
32814
32903
32866
32775
32645
32531
32423
32342
32280
32250
32264
32359
32467
32535
32527
32487
32486
32479
32471
32401
32318
32243
32165
32109
32146
32263
32423
32567
32687
32789
32859
32915
32851
32731
32583
32477
32409
32429
32479
32644
32872
33111
33255
33265
33219
33089
32957
32806
32674
32635
32689
32849
33001
33130
33260
33356
33377
33303
33114
32901
32734
32614
32545
32556
32622
32729
32833
32949
33053
33126
33102
33007
32829
32696
32577
32489
32395
32282
32295
32405
32592
32746
32890
32927
32871
32722
32507
32333
32201
32127
32103
32163
32284
32449
32551
32618
32638
32590
32484
32393
32295
32253
32248
32267
32309
32325
32421
32588
32760
32889
32917
32843
32728
32611
32529
32472
32437
32436
32573
32808
33028
33179
33250
33206
33143
33077
33049
32987
32893
32769
32689
32674
32791
32967
33125
33249
33293
33255
33149
32987
32801
32663
32565
32591
32628
32685
32787
32881
32946
32909
32846
32821
32816
32756
32669
32547
32399
32264
32239
32368
32617
32763
32847
32863
32832
32726
32511
32241
32084
32027
32094
32245
32427
32592
32664
32773
32820
32809
32762
32584
32340
32133
32109
32116
32184
32355
32567
32738
32805
32815
32809
32697
32645
32647
32616
32641
32696
32762
32870
32866
32885
32958
33058
33125
33085
32963
32840
32762
32669
32597
32660
32839
33021
33082
33191
33219
33143
33091
33033
32897
32835
32691
32539
32551
32559
32577
32788
32967
32997
33079
33029
32798
32591
32379
32157
32130
32351
32549
32677
32751
32748
32871
33025
32938
32593
32491
32485
32367
32303
32253
32209
32379
32514
32471
32559
32679
32791
32669
32550
32448
32469
32449
32296
32162
32465
32495
32381
32604
32721
32971
33335
33104
32901
32217
31635
31961
32143
32577
32713
32933
33323
33426
33083
33178
33164
32861
32695
32393
32402
32442
32145
32233
32894
32955
33008
33279
33575
33734
33248
32495
32307
31993
32008
32230
32715
33225
33471
33043
32932
32475
32286
32418
32837
33167
33477
33437
33143
32328
31370
30971
31209
31719
32759
33695
33969
33553
32991
32385
31879
31735
31588
32371
32757
32587
32192
31693
31863
32423
33199
32925
32555
32816
33106
33227
33469
32859
31938
31628
32096
32917
33366
33255
32595
32196
32097
32074
32465
33127
33474
33958
34231
33889
33085
32701
32777
32196
31977
32053
32519
33149
33029
32239
32459
32311
32123
32257
33211
34104
34191
33948
33512
32523
31581
31561
31304
31618
32260
33004
33189
32588
32455
32450
33160
33164
33075
33137
33191
32150
31773
31528
30994
31014
31821
32407
33127
32910
32471
32463
33081
32977
32476
32099
31762
32569
33966
34792
34365
33330
32113
31125
30519
30237
30877
31649
32464
32977
33948
34373
34485
34457
34799
35074
35239
34862
33973
32944
32531
32297
32737
32457
31753
30645
29973
30269
32030
33567
35303
35530
35295
35075
34896
34012
32720
31735
30781
30377
30646
31298
31459
31263
31185
31543
32144
32009
32069
32581
32911
33058
33191
33595
33899
33463
32551
31383
30516
30701
31493
31404
30967
31895
33831
35954
36785
35083
33473
32451
32229
32364
32618
32199
32181
32503
32559
32341
32023
31056
30823
31462
33343
34980
35647
35327
34524
34427
34485
34359
33997
33164
32240
32135
32608
33084
33285
32761
32645
33385
34281
34289
34093
32650
31673
31586
32105
33075
33687
33654
33114
32733
32039
31379
31132
31233
32103
33151
33651
33383
32347
30939
30265
30469
30988
31015
31415
31869
31905
32170
32717
33157
33191
32486
31317
30511
30146
30388
31549
33193
33855
34542
34904
34504
33229
32779
32185
31957
32187
32426
32307
32075
31913
31293
31128
31445
31786
33163
35102
36363
36857
37157
36482
34939
33453
32189
31096
30862
30638
30681
31627
33140
34123
34144
33969
33587
33510
33559
33118
33235
33404
33745
33847
33613
33099
32693
32077
31730
31527
31629
32649
33420
32805
32414
32227
31705
31610
31081
30161
30507
31745
32685
33118
33233
32999
32519
31811
31303
31389
32918
33714
33275
32743
32184
31444
31327
30975
31147
32341
33157
33017
32444
31615
31233
31367
31926
32919
33854
34373
34175
33861
33822
34051
33793
33444
32966
32318
31609
31754
32361
32615
32479
32383
32648
33511
34117
33983
33447
33083
32921
32567
32921
33990
34845
35305
34451
33303
32422
31725
31415
32035
32693
33153
33177
32383
31446
31268
31699
32719
33463
33918
34225
34189
34103
33663
32583
31321
30453
29911
30512
31470
31995
32373
32343
31978
32133
32574
32892
33180
33058
33047
32846
32711
32232
31317
30487
30547
30918
31931
32731
32703
32741
32907
33175
33267
32727
32518
32807
32910
32496
32130
32243
32739
32823
32831
33591
34231
33880
32941
32051
31977
32893
33394
33190
32778
32553
32421
32592
33001
33533
33999
33935
33543
33399
33810
34444
34670
34317
33718
32821
32474
32071
31483
30975
30977
31876
33346
34352
34278
33879
33048
32645
32543
32790
32751
32599
32263
32252
32279
32658
32956
32749
32551
32541
32751
32505
31757
30448
29759
30210
31193
31614
32039
32209
32391
32813
33157
33199
33703
34143
33975
33289
32119
30975
30510
30499
31017
31660
32481
32825
32767
32530
32343
32198
32389
32981
33323
33679
34081
34026
33583
33580
33605
33460
33483
33336
33367
33399
33281
32761
32313
31747
31647
32475
33577
34167
34189
33805
33410
33349
33644
33854
33919
34059
34095
33824
33330
32848
32026
31414
31361
31745
32599
33447
33450
32935
32383
31947
31884
32005
32167
32468
32715
32731
32606
32051
31667
31416
31313
31756
32414
32827
32962
32436
31516
31091
31106
31559
31875
31783
31402
31254
31311
31969
32647
33488
34033
34050
33670
32935
31867
31311
31537
32109
32688
33047
33129
33350
33599
33577
33379
33085
32909
32685
32738
33245
33797
33943
33763
33363
33401
34010
34199
33973
33684
33308
33269
33476
33167
32959
32457
32130
32285
32655
33226
34127
34528
34431
33855
33135
32779
32633
32389
32282
32043
31761
31761
31623
31397
31546
31893
32101
32363
32863
33119
32910
32505
32199
31845
31751
31799
31639
31383
31175
30921
31283
31581
31547
31931
32461
32864
33085
32815
32195
31714
31591
31895
32340
32795
33355
33471
33143
32844
32499
32783
33177
33075
33023
33267
33475
33304
32989
32639
32447
32717
33468
34097
34545
34671
34185
33285
33042
33218
33591
33791
33623
33447
33301
32909
32599
32743
32938
33329
33880
34292
34102
33471
32373
31496
31069
31375
31789
32209
32907
33597
33563
33213
32814
32360
32136
32163
32166
32343
32376
31811
30871
30184
30115
30815
31943
32623
32895
32980
32684
32188
31971
32109
32155
32231
32091
31996
32012
32053
31925
32047
32238
32495
32911
33137
33013
32926
32923
32994
32959
32624
32470
32694
33059
33506
33874
33848
33763
33457
33178
33097
33162
33279
33217
33151
33419
33747
33899
33862
33614
33378
33099
33185
33371
33340
32903
32496
32255
32365
32781
33059
33087
33042
32805
32670
32953
33335
33423
33228
32700
32087
31841
31883
31867
31693
31647
31841
32035
32163
32185
32055
31878
31950
32055
32377
32466
32437
32347
32353
32316
32221
31965
31681
31699
31881
32183
32559
32797
32545
32239
32167
32337
32543
32624
32613
32651
32841
33158
33414
33446
33205
32763
32615
32738
33151
33602
33619
33462
33219
33021
33107
33537
33663
33411
33253
32809
32917
33110
32994
32949
33316
33311
33580
33255
32791
33059
33111
33246
33285
33346
33241
33239
32974
32875
32366
31895
31747
31581
31675
32240
32380
32654
32781
32498
32327
32842
33164
33423
33100
32281
31996
31334
31071
31086
31286
31843
32221
32290
32557
32509
32391
32482
32370
32277
32367
32451
32511
32794
32759
32968
32772
32669
32451
32408
32292
32387
32411
32295
31989
31727
31699
32613
33209
33906
34363
34224
34040
33735
33498
33325
33067
32851
32397
32211
32357
32272
32439
32856
33175
33658
33951
33808
33655
33711
33391
33404
33339
33247
33553
33921
33825
33446
33289
33241
33203
32619
31711
31476
31647
31708
31185
30889
31019
31433
31854
32475
32899
33541
33730
33750
33275
32267
31281
30391
29737
30008
30856
32053
33223
33651
33586
33119
32618
32017
31477
31222
31239
31463
31897
32767
33730
34559
34887
34842
34599
33993
33289
32713
32328
32310
32737
33353
33188
32995
32835
32554
32646
32831
32609
32339
32093
32228
32877
33719
34328
34209
33645
32767
32081
31653
32075
32549
33032
32909
32826
33203
33538
33492
33132
32749
32650
32642
32944
33019
33649
34080
34032
33440
32519
31711
31859
32291
33260
33941
33575
32780
32124
31763
31787
32075
32030
31509
30934
30440
30605
31594
32655
33289
33305
32857
31913
30783
30200
30242
30539
31036
31707
32415
33318
34068
34748
34854
34188
33041
32128
31756
32243
32653
32998
32925
32345
32031
32483
33387
34563
34946
34411
33463
32791
32582
32749
33017
33300
33285
33155
32875
32557
32695
33469
34016
34301
34122
33661
32955
32532
32043
31996
32326
32861
33219
33608
33801
34230
34249
33854
33114
32346
32258
32726
33236
33327
32932
32421
32145
32117
32551
32977
32998
32635
31677
30279
29414
29280
29805
30667
31256
31694
32039
32193
32265
32308
31927
31803
31982
32171
32039
32087
32062
32060
32070
32261
32390
32561
33014
33207
33315
33449
33168
32871
32734
32969
33595
34497
34839
34729
34206
33801
33643
33749
33827
33703
33315
32729
32299
32457
32790
32979
33017
32689
32219
32417
32989
33375
33586
33578
33523
33313
32871
32505
32417
32588
33027
33330
33329
33251
33407
33340
32969
32509
32359
32589
32653
32670
32543
32411
32379
32063
31679
31494
31351
31489
31685
31639
31735
31769
32032
32536
32829
32696
32354
31370
30367
29726
29745
30226
30919
31671
32632
33064
33078
33187
33171
33011
32697
32217
32141
32757
33443
33753
33885
34058
34293
34414
34303
34122
33800
33555
33606
33543
33355
32987
32554
32739
33409
33904
33908
33575
33529
33629
33626
33435
33246
32959
32571
32072
31913
32089
32343
32772
33363
33521
33477
33397
33269
32871
32599
32013
31668
31655
31814
31927
32254
32843
33149
33157
33130
32713
32378
32342
32351
32330
32245
31793
31695
31688
31623
31553
31457
31115
31203
31308
31221
31309
31475
31739
31735
31617
31923
32228
32475
32835
32977
33031
33170
33090
32959
33125
33158
33253
32949
32549
32463
32799
33371
34351
34881
34914
34426
33745
33334
33303
33369
33641
33815
33886
33841
33599
33375
33231
33266
33199
33263
33221
33004
32557
32402
32307
32183
32473
32698
32710
32751
32599
32151
32055
32101
32358
32714
32857
32959
32958
32829
32627
32349
32065
32042
32245
32703
32828
32433
32189
31879
31589
31527
31597
31523
31760
31909
31790
31877
32150
32372
32389
32297
32103
31886
31723
31498
31378
31851
32501
32891
32935
32617
32173
32139
32380
32607
33025
33171
33357
33725
33801
33908
34108
33979
33774
33396
33132
33297
33440
33607
33890
33946
34078
34370
34291
33952
33467
33001
32847
32751
32871
32941
32861
32765
32461
32079
31964
32083
32262
32692
33037
33301
33463
33231
32622
32113
31778
31918
32191
32316
32453
32508
32167
31963
31956
32017
32193
32249
32303
32297
32089
31969
32071
32291
32695
33076
32989
32525
32025
31709
31437
31516
31784
31929
32015
32129
32037
32046
32072
31934
31855
32059
32439
32751
33066
33295
33406
33263
33177
33055
33155
33342
33294
33283
33401
33573
33815
33932
33937
33950
34001
33837
33533
33349
33140
33089
33283
33475
33449
33215
33107
32953
32855
32875
33071
33243
33437
33513
33321
32959
32544
31871
31350
31290
31587
31825
32047
32056
32067
32386
32627
32731
32808
32822
32803
32756
32534
32155
31894
31847
31927
32189
32451
32439
32241
32151
31944
31794
32017
32331
32503
32465
32195
31866
31684
31791
32093
32379
32713
32791
32594
32432
32381
32332
32441
32539
32609
32668
32715
32725
32835
33134
33479
33662
33753
33730
33729
33673
33603
33519
33423
33206
33151
33322
33527
33634
33681
33724
33759
33889
33931
33651
33335
33137
32847
32554
32330
32215
32219
32313
32444
32611
32721
32647
32549
32404
32399
32511
32621
32487
32094
31842
31938
31967
32058
32098
32107
32312
32588
32578
32519
32347
32101
31997
31985
32195
32422
32425
32399
32250
32049
32071
32151
32119
32182
32219
32174
32144
32231
32393
32501
32559
32675
32659
32633
32654
32661
32639
32653
32653
32696
32705
32765
32983
33125
33215
33320
33442
33469
33581
33821
34081
34191
34100
33874
33591
33337
33325
33270
33271
33415
33328
33168
33036
33009
32925
32834
32807
32843
32894
33042
33021
32813
32659
32481
32313
32202
32103
32055
32057
32037
32125
32265
32394
32362
32283
32119
31956
31899
31914
31949
32071
32215
32335
32416
32539
32527
32343
32165
32078
32181
32317
32303
32254
32215
32287
32412
32422
32383
32373
32350
32273
32162
32207
32328
32431
32415
32451
32470
32669
32949
33179
33371
33563
33617
33566
33413
33291
33192
33179
33231
33189
33134
33162
33333
33515
33807
34105
34121
33953
33678
33355
33247
33243
33151
33047
32915
32861
32935
33052
33067
32987
32740
32530
32451
32469
32383
32216
32081
32052
31967
31922
31965
32075
32157
32349
32401
32415
32328
32092
31852
31841
31938
32041
32071
32061
32081
32202
32465
32625
32560
32495
32400
32219
32089
32049
32019
31999
32042
32221
32405
32540
32643
32722
32781
32789
32831
32877
32753
32641
32719
32772
32850
33006
32993
32937
33030
33196
33371
33535
33547
33446
33463
33542
33621
33575
33599
33575
33452
33403
33481
33519
33605
33464
33409
33361
33223
33257
33205
33067
32777
32625
32457
32389
32299
32354
32357
32389
32461
32460
32425
32339
32195
31887
31719
31691
31846
32057
32174
32118
32095
32029
32039
32125
32203
32255
32227
32067
31987
31979
31978
32008
32193
32453
32513
32509
32591
32532
32554
32655
32599
32551
32493
32429
32414
32514
32589
32669
32715
32725
32836
33059
33117
33072
33040
32959
32951
33062
33275
33377
33401
33295
33315
33319
33446
33532
33672
33791
33783
33614
33473
33371
33295
33325
33377
33291
33008
32964
33022
33166
33101
32977
32651
32535
32517
32414
32251
32224
32342
32471
32511
32429
32283
32135
32043
31839
31780
31767
31911
32014
32015
31913
31932
31987
31982
31979
32003
32095
32157
32351
32499
32603
32631
32613
32497
32397
32311
32280
32405
32503
32588
32621
32781
32865
32737
32589
32554
32486
32549
32633
32737
32791
32902
33076
33148
33213
33353
33355
33243
33241
33317
33363
33321
33249
33175
33121
33010
32996
33036
33213
33481
33726
33799
33721
33621
33461
33189
32927
32864
32744
32740
32785
32891
32950
33023
32965
32828
32619
32457
32253
32111
32041
31831
31654
31682
31915
32199
32428
32462
32299
32120
32014
32055
32065
31947
31923
32058
32162
32180
32142
32168
32255
32355
32417
32449
32462
32412
32277
32191
32288
32475
32641
32829
33031
33092
33058
33018
32887
32665
32661
32711
32711
32771
32868
32862
32847
32971
33023
33100
33182
33243
33330
33343
33271
33266
33375
33319
33217
33177
33149
33183
33253
33324
33351
33397
33267
33095
33011
33037
33079
33112
33050
32959
32911
32895
32827
32598
32529
32531
32403
32175
32000
31997
32168
32353
32445
32327
32140
32013
31933
31841
31810
31989
32148
32259
32297
32225
32173
32079
31959
31958
32026
32143
32202
32218
32316
32455
32613
32740
32844
32917
32851
32793
32758
32704
32575
32551
32533
32583
32678
32783
32782
32807
32929
33184
33422
33543
33521
33309
32959
32643
32522
32531
32711
32993
33279
33495
33649
33683
33591
33545
33455
33298
33239
33244
33151
33049
32899
32721
32655
32800
33061
33275
33327
33225
33039
32814
32545
32390
32287
32179
32219
32356
32433
32455
32489
32457
32353
32267
32163
32023
31789
31532
31392
31448
31666
31953
32167
32327
32417
32561
32681
32691
32605
32399
32240
32221
32248
32191
32201
32214
32284
32407
32572
32680
32904
33103
33195
33171
33073
32913
32731
32631
32651
32815
32895
32949
33051
33097
33155
33183
33223
33247
33279
33289
33259
33184
33127
33067
33060
33126
33214
33243
33226
33201
33171
33153
33197
33333
33399
33333
33201
33039
32855
32735
32660
32660
32664
32713
32733
32625
32476
32343
32262
32199
32163
32168
32138
32095
32065
32045
32046
32087
32170
32224
32210
32157
32085
32073
32050
31943
31839
31834
31901
31989
32155
32359
32471
32556
32669
32753
32802
32846
32825
32741
32681
32606
32563
32581
32585
32670
32736
32822
33019
33241
33349
33305
33262
33262
33219
33131
33009
32923
32935
33002
33049
33104
33219
33316
33306
33249
33303
33365
33361
33229
33097
33039
33040
33125
33139
33069
33058
33080
33047
32999
32893
32766
32693
32628
32543
32485
32467
32441
32410
32321
32279
32314
32351
32329
32327
32272
32117
31925
31781
31678
31655
31755
31865
31973
32159
32294
32376
32452
32399
32271
32139
32082
32103
32191
32283
32404
32505
32567
32628
32659
32722
32841
32967
32998
33005
33013
33052
33033
32947
32907
32897
32951
32938
32924
32995
33117
33206
33215
33202
33249
33291
33255
33199
33231
33243
33225
33248
33196
33161
33189
33182
33103
33012
32964
32930
32941
32984
33029
33049
33095
33084
32939
32823
32645
32506
32460
32441
32445
32485
32499
32450
32327
32147
32043
32065
32063
32012
32025
32050
32059
32109
32121
32105
32114
32119
32095
32005
31943
31955
32011
32058
32163
32275
32377
32481
32599
32625
32649
32759
32817
32807
32742
32714
32731
32719
32693
32663
32722
32862
33005
33111
33253
33384
33426
33369
33259
33137
33050
32993
33013
33023
33085
33127
33173
33170
33166
33239
33269
33241
33159
33089
33039
32991
32987
33017
33031
33060
33127
33111
33001
32835
32698
32631
32639
32595
32540
32525
32559
32563
32490
32433
32417
32405
32365
32273
32143
32078
32035
32031
32010
31992
32016
32053
32033
32058
32093
32121
32154
32183
32186
32236
32308
32360
32323
32235
32206
32304
32453
32607
32719
32779
32804
32791
32765
32737
32799
32897
33013
33119
33206
33266
33255
33171
33025
32903
32897
32953
32978
33054
33133
33231
33294
33357
33373
33339
33255
33190
33082
32973
32915
32941
32998
33011
33027
33032
33033
32999
32927
32895
32931
32962
32940
32846
32790
32745
32679
32590
32521
32472
32474
32502
32462
32397
32359
32311
32207
32055
31957
31935
32015
32094
32219
32293
32310
32312
32249
32120
32015
31983
31975
31991
32035
32095
32209
32359
32517
32600
32629
32631
32627
32611
32607
32628
32693
32770
32846
32867
32859
32903
33052
33127
33175
33241
33252
33198
33075
32992
32959
32969
33009
33093
33140
33242
33270
33247
33220
33179
33180
33167
33099
33044
32971
32907
32921
33036
33084
33095
33102
33057
32940
32877
32812
32688
32647
32649
32561
32503
32485
32462
32494
32555
32659
32611
32557
32485
32359
32329
32197
31994
31943
31879
31875
32018
32135
32212
32284
32261
32117
32033
32058
32075
32198
32356
32409
32303
32233
32274
32365
32533
32595
32517
32595
32741
32830
32851
32790
32683
32785
32890
32965
33070
33091
33084
33108
33147
33137
33145
33133
33151
33168
33227
33299
33218
33142
33193
33216
33253
33189
33063
33031
33014
33095
33093
33051
33047
33119
33167
33173
33043
32879
32697
32520
32461
32483
32638
32807
32907
32944
32883
32758
32631
32453
32323
32251
32310
32258
32101
32063
32079
32141
32247
32224
32287
32343
32279
32209
32143
32039
31960
31919
31935
31953
32047
32238
32327
32471
32573
32573
32643
32601
32521
32521
32479
32431
32403
32479
32615
32839
33075
33215
33332
33323
33251
33135
33081
32966
32961
33019
32941
32963
33032
33165
33263
33421
33455
33451
33415
33279
33078
32999
32938
32903
32883
32874
32906
32973
33060
33091
33125
33022
32974
32895
32833
32812
32788
32700
32541
32502
32541
32590
32651
32675
32649
32533
32343
32189
32095
32093
32144
32157
32163
32181
32297
32327
32348
32357
32287
32227
32099
32015
31985
32037
32065
32119
32156
32239
32354
32412
32471
32519
32494
32514
32532
32589
32659
32777
32937
32996
32980
32923
32942
32937
32975
32999
32977
32967
32951
33023
33129
33249
33351
33385
33329
33284
33221
33143
33095
33010
32992
33067
33138
33127
33113
33069
33046
33050
33001
32955
32907
32895
32821
32783
32775
32694
32587
32657
32583
32727
32839
32769
32589
32506
32414
32408
32274
32162
32151
32270
32426
32411
32330
32380
32296
32251
32260
32004
31867
32013
31927
32081
32240
32097
32191
32449
32416
32541
32553
32454
32483
32364
32225
32338
32389
32431
32418
32391
32669
32889
32967
33093
33252
33357
33332
33089
33043
32903
32903
33043
33080
33029
33321
33291
33121
33336
33211
33009
33138
32835
32783
33008
33055
33175
33331
33159
33130
33095
33159
33343
33305
33061
32786
32540
32536
32456
32434
32585
32515
32527
32642
32694
32717
32711
32534
32579
32481
32397
32536
32474
32399
32547
32599
32399
32395
32187
32125
32201
31971
31818
31780
31912
32117
32255
32319
32327
32263
32352
32389
32341
32415
32473
32433
32382
32479
32573
32837
32781
32792
32751
32693
32621
32674
32786
32861
32789
32852
33023
33043
33266
33332
33318
33439
33503
33284
33279
33127
32928
32691
32663
32875
33113
33321
33409
33383
33308
33297
33136
32943
32879
32853
32796
32769
32699
32725
32743
32639
32527
32483
32603
32696
32727
32674
32511
32355
32407
32558
32655
32783
32729
32550
32525
32445
32335
32234
32060
31821
31624
31656
31966
32162
32357
32304
32255
32395
32477
32352
32305
32356
32353
32403
32565
32589
32573
32548
32579
32603
32574
32507
32472
32473
32516
32615
32939
33175
33282
33325
33371
33353
33275
33207
33006
32887
32914
33107
33265
33352
33383
33353
33295
33334
33209
33181
33155
32913
32740
32764
32807
32747
32911
32931
32935
33051
33081
32973
32834
32639
32468
32412
32513
32565
32659
32727
32705
32613
32555
32431
32375
32337
32215
32134
32150
32055
32054
32051
32024
32257
32454
32596
32690
32440
32331
32282
32121
32052
32144
32145
32274
32399
32397
32375
32364
32363
32347
32427
32469
32378
32519
32724
32818
33053
33117
33080
33038
33003
32939
32970
32895
32871
32810
32909
33141
33431
33623
33582
33440
33259
33033
32916
32937
32874
32824
32887
32962
33137
33283
33407
33357
33261
33076
32935
32931
32794
32705
32745
32611
32577
32649
32643
32695
32763
32667
32583
32529
32485
32364
32264
32191
32155
32262
32418
32491
32546
32622
32777
32953
32852
32427
32070
31735
31579
31610
31755
31878
32041
32297
32474
32663
32827
32839
32837
32615
32263
32288
32386
32417
32431
32463
32511
32713
32891
33039
33031
32892
32724
32677
32700
32727
32850
33052
33164
33143
33232
33301
33367
33410
33447
33342
33210
33125
32895
32864
32870
33030
33319
33353
33202
33135
32924
32796
32719
32561
32605
32659
32659
32774
32841
32907
32911
32655
32489
32455
32532
32797
32849
32727
32565
32369
32316
32411
32461
32583
32514
32327
32125
32007
31907
31979
31975
32023
32144
32299
32603
32795
32799
32786
32751
32645
32491
32263
32104
32037
32127
32163
32279
32403
32562
32769
32937
33023
32983
32869
32754
32565
32533
32600
32744
32852
32921
32959
33083
33204
33338
33517
33446
33342
33297
33023
32801
32698
32635
32791
32943
33124
33419
33591
33528
33330
33005
32727
32468
32261
32261
32395
32635
32989
33201
33241
33130
33028
32967
32925
32760
32539
32237
32069
32095
32160
32219
32333
32303
32339
32435
32431
32539
32601
32454
32255
32109
32137
32327
32465
32573
32645
32615
32551
32479
32388
32430
32378
32355
32291
32191
32159
32307
32327
32447
32532
32660
32874
32925
32867
32865
32771
32758
32839
32829
32888
33068
33135
33284
33303
33142
33084
33017
32894
32848
32815
32823
32823
32828
33013
33167
33286
33357
33271
33074
32933
32815
32877
32907
32882
33037
33193
33196
33115
32966
32822
32670
32429
32230
32145
32129
32228
32427
32503
32599
32693
32691
32677
32675
32729
32697
32608
32459
32203
32077
32094
32103
32235
32366
32391
32411
32490
32455
32417
32350
32321
32276
32119
32037
32119
32287
32475
32663
32802
32885
32963
32900
32745
32631
32545
32479
32472
32446
32557
32782
33035
33138
33149
33053
32943
32903
32919
32903
32945
33023
32961
32927
33038
33185
33287
33334
33279
33180
33124
33252
33338
33296
33169
32953
32670
32535
32535
32652
32807
32854
32829
32747
32691
32748
32769
32759
32732
32629
32574
32582
32533
32503
32488
32427
32345
32231
32249
32295
32368
32391
32291
32131
32101
32092
32210
32382
32423
32407
32359
32238
32153
32257
32367
32491
32575
32539
32471
32439
32463
32511
32520
32496
32488
32535
32548
32608
32629
32720
32828
32861
32914
32979
33037
33015
32938
32948
32952
33018
33097
33196
33288
33427
33487
33412
33223
33066
32955
32949
32924
32988
32986
32921
32910
32923
32987
33024
33082
33119
33112
33069
33001
32999
32871
32683
32467
32341
32318
32375
32456
32573
32551
32449
32351
32248
32196
32284
32359
32378
32318
32194
32194
32279
32309
32378
32349
32249
32163
32188
32301
32397
32475
32477
32365
32241
32207
32283
32385
32484
32520
32564
32567
32632
32639
32699
32736
32747
32681
32656
32711
32799
32951
33034
33080
33126
33182
33234
33275
33199
33103
33063
32999
32980
32975
33037
33063
33053
33101
33152
33131
33205
33299
33323
33316
33239
33085
32903
32729
32654
32746
32863
32911
32847
32621
32458
32490
32529
32599
32599
32563
32495
32375
32227
32163
32223
32311
32397
32434
32461
32439
32367
32277
32217
32198
32171
32189
32245
32317
32359
32415
32439
32379
32348
32327
32317
32383
32423
32377
32340
32391
32484
32631
32752
32867
32975
32963
32881
32812
32799
32855
32922
32871
32828
32793
32847
32956
33025
33039
33007
32923
32905
33029
33210
33325
33338
33311
33227
33142
33159
33241
33235
33150
32979
32759
32684
32659
32722
32845
32926
32915
32861
32785
32742
32749
32703
32615
32542
32517
32478
32462
32503
32527
32471
32401
32351
32336
32395
32441
32441
32359
32229
32131
32110
32119
32188
32295
32445
32555
32574
32487
32437
32397
32374
32333
32243
32246
32382
32593
32742
32803
32773
32719
32663
32602
32625
32717
32822
32803
32657
32543
32502
32584
32783
33023
33177
33255
33277
33279
33221
33141
33015
32921
32780
32691
32713
32842
33023
33199
33293
33276
33179
33080
33016
32967
32895
32816
32743
32709
32757
32887
32996
33026
32922
32741
32595
32521
32480
32550
32579
32537
32523
32507
32520
32507
32525
32549
32521
32470
32393
32318
32253
32190
32197
32253
32279
32319
32365
32439
32490
32540
32547
32535
32483
32435
32387
32382
32414
32447
32488
32540
32561
32586
32600
32629
32639
32617
32602
32605
32659
32772
32877
32909
32958
32957
32938
32931
32919
32931
32922
32880
32837
32831
32895
33001
33091
33130
33171
33136
33107
33101
33088
33033
32965
32875
32825
32816
32833
32893
32954
33009
33047
33031
32983
32895
32784
32677
32610
32545
32523
32467
32427
32433
32531
32643
32674
32587
32439
32333
32303
32307
32323
32389
32410
32381
32407
32470
32502
32500
32485
32417
32315
32221
32177
32155
32241
32333
32397
32461
32520
32614
32696
32692
32672
32632
32589
32527
32549
32609
32653
32669
32686
32667
32730
32811
32917
33008
33038
33014
32956
32892
32897
32951
33005
33044
33025
32992
33007
33042
33069
33111
33119
33115
33034
33028
33055
33079
33092
33090
32990
32903
32824
32815
32868
32887
32821
32711
32580
32551
32559
32630
32675
32701
32650
32557
32478
32502
32507
32495
32439
32372
32299
32299
32317
32311
32301
32281
32263
32217
32207
32277
32335
32357
32336
32327
32299
32306
32405
32538
32613
32613
32558
32481
32414
32387
32423
32476
32554
32637
32719
32805
32921
32977
32955
32887
32791
32729
32707
32743
32881
33000
33041
33067
33065
33111
33149
33159
33204
33184
33125
33050
33027
33044
33105
33133
33087
32957
32880
32884
32927
32989
33028
33000
32958
32897
32850
32778
32708
32617
32613
32621
32611
32603
32644
32599
32514
32413
32327
32279
32307
32339
32296
32264
32261
32267
32252
32243
32247
32290
32383
32440
32443
32378
32287
32215
32175
32204
32242
32314
32389
32479
32591
32713
32789
32797
32732
32580
32449
32426
32513
32688
32811
32867
32885
32861
32882
32923
33001
33063
33091
33045
33002
32994
33005
33089
33175
33179
33151
33089
33041
33020
33014
33039
33079
33066
33047
33004
32981
32979
32973
32951
32921
32869
32872
32869
32882
32878
32794
32665
32557
32481
32493
32499
32532
32526
32465
32379
32315
32323
32329
32353
32351
32317
32280
32259
32299
32347
32392
32378
32278
32231
32238
32299
32375
32397
32383
32376
32417
32435
32489
32492
32473
32455
32455
32499
32573
32683
32740
32782
32773
32793
32851
32917
32965
32990
32999
33020
33016
32924
32843
32793
32799
32903
32991
33090
33156
33153
33132
33095
33062
33021
33025
33003
32990
32971
33047
33103
33093
33041
32947
32859
32836
32834
32825
32774
32668
32612
32557
32560
32593
32631
32616
32579
32519
32534
32597
32631
32589
32466
32323
32235
32225
32247
32282
32331
32311
32318
32335
32379
32428
32436
32372
32302
32261
32289
32301
32313
32343
32409
32509
32619
32688
32734
32766
32768
32737
32659
32583
32554
32567
32626
32709
32774
32863
32946
32997
33064
33087
33033
32927
32807
32731
32771
32903
33035
33128
33143
33141
33103
33085
33070
33036
33013
32964
32855
32805
32822
32882
32958
32973
32949
32903
32860
32855
32830
32797
32757
32699
32662
32656
32643
32618
32595
32575
32538
32519
32507
32489
32491
32466
32391
32367
32338
32348
32363
32340
32364
32354
32330
32337
32315
32341
32381
32391
32423
32443
32472
32485
32495
32481
32503
32535
32549
32587
32568
32551
32543
32565
32638
32677
32739
32775
32791
32775
32791
32819
32847
32873
32891
32888
32874
32915
32952
33008
33031
33027
33025
33029
33064
33055
32979
32863
32787
32803
32881
32995
33070
33082
33061
33001
32966
32956
32947
32901
32843
32785
32762
32727
32687
32683
32671
32708
32706
32711
32677
32675
32603
32485
32373
32343
32353
32385
32429
32431
32448
32427
32445
32465
32467
32423
32387
32365
32345
32321
32293
32276
32315
32359
32443
32513
32567
32578
32506
32439
32420
32471
32505
32567
32605
32645
32681
32700
32756
32797
32875
32917
32907
32877
32855
32845
32824
32839
32861
32869
32887
32913
32993
33079
33094
33092
33041
33018
33031
33035
33023
32975
32957
32949
32954
33006
33063
33055
32957
32896
32803
32781
32759
32745
32753
32790
32813
32799
32708
32615
32575
32541
32561
32575
32541
32504
32456
32451
32471
32457
32449
32396
32326
32315
32343
32383
32372
32287
32235
32192
32233
32335
32404
32408
32407
32402
32426
32450
32507
32544
32533
32513
32503
32539
32613
32729
32765
32743
32728
32704
32712
32731
32733
32745
32791
32863
32921
32991
33027
33045
33042
33033
33053
33079
33108
33106
33049
32993
32957
32963
32959
32971
33001
33029
33050
33065
33065
33020
32961
32889
32839
32830
32846
32853
32808
32743
32689
32687
32681
32695
32683
32656
32573
32505
32433
32407
32409
32407
32376
32354
32351
32319
32327
32341
32359
32354
32333
32309
32299
32304
32334
32302
32286
32304
32373
32446
32523
32591
32597
32511
32426
32376
32387
32517
32622
32697
32748
32766
32791
32796
32848
32869
32903
32903
32885
32915
32952
32962
32971
32970
32949
32963
32995
33063
33096
33114
33096
33054
33037
33023
33028
33048
33055
33059
33041
33009
32953
32919
32858
32812
32807
32802
32815
32793
32766
32737
32723
32728
32695
32659
32625
32593
32521
32471
32440
32421
32385
32367
32330
32343
32362
32395
32383
32371
32337
32349
32339
32345
32375
32371
32363
32345
32344
32354
32405
32450
32505
32486
32477
32483
32489
32539
32575
32604
32623
32643
32695
32751
32811
32873
32901
32895
32863
32870
32844
32889
32955
32969
32953
32953
33001
33063
33143
33127
33085
33005
32940
32923
32941
32972
32991
32986
32955
32933
32992
33031
33039
32993
32931
32855
32807
32793
32759
32737
32681
32611
32600
32609
32635
32629
32614
32583
32560
32531
32494
32504
32497
32493
32451
32415
32407
32407
32437
32460
32419
32349
32276
32261
32287
32321
32324
32341
32380
32444
32527
32571
32569
32553
32527
32518
32560
32567
32567
32584
32607
32623
32673
32745
32791
32851
32839
32805
32826
32884
32901
32910
32895
32895
32911
32951
32987
32999
32981
32953
32948
32995
33033
33020
32984
32936
32905
32880
32903
32958
32997
32967
32933
32886
32839
32796
32771
32765
32771
32797
32770
32738
32714
32699
32686
32647
32625
32611
32601
32575
32547
32492
32423
32388
32356
32387
32472
32555
32578
32531
32456
32394
32373
32369
32379
32366
32367
32389
32412
32417
32448
32463
32459
32460
32449
32483
32515
32554
32584
32633
32676
32684
32743
32769
32746
32743
32702
32703
32727
32770
32805
32809
32806
32833
32859
32909
32959
32979
32976
32984
32979
33007
33031
32969
32887
32860
32916
32966
32957
32928
32913
32927
32952
32963
32944
32882
32812
32725
32683
32725
32787
32823
32803
32804
32795
32775
32718
32673
32607
32534
32481
32465
32489
32487
32489
32491
32472
32495
32497
32465
32455
32445
32413
32370
32298
32263
32295
32338
32439
32567
32625
32588
32475
32409
32411
32447
32472
32469
32447
32435
32450
32511
32610
32686
32737
32735
32737
32759
32794
32831
32840
32858
32845
32874
32937
32967
32935
32871
32803
32837
32879
32953
33041
33089
33073
32999
32935
32899
32900
32905
32959
33015
33037
33032
32971
32919
32895
32886
32855
32811
32777
32756
32746
32732
32745
32699
32661
32622
32618
32669
32669
32629
32542
32471
32407
32432
32485
32561
32600
32550
32433
32350
32311
32313
32291
32262
32285
32395
32513
32510
32443
32387
32377
32398
32378
32367
32361
32415
32469
32560
32607
32649
32689
32713
32737
32742
32738
32735
32713
32647
32603
32665
32793
32898
32974
32996
33016
33011
33025
33057
33053
33011
32941
32891
32897
32991
33048
33066
32987
32947
32932
33005
33079
33084
33039
32943
32850
32809
32781
32773
32789
32759
32775
32803
32849
32831
32795
32713
32619
32556
32479
32390
32359
32403
32484
32573
32586
32560
32517
32447
32369
32330
32299
32262
32279
32286
32306
32362
32407
32435
32404
32399
32408
32415
32434
32457
32477
32437
32421
32479
32581
32647
32651
32639
32679
32751
32758
32692
32653
32735
32847
32901
32885
32870
32897
32919
32968
33033
33037
33005
32946
32911
32923
32983
33050
33096
33127
33106
33077
33028
32970
32959
32942
32899
32870
32866
32871
32832
32821
32843
32871
32857
32789
32735
32701
32692
32674
32640
32575
32514
32464
32492
32537
32588
32614
32528
32401
32279
32278
32349
32419
32414
32371
32301
32284
32327
32439
32528
32538
32469
32407
32387
32425
32474
32456
32388
32295
32297
32405
32565
32733
32775
32749
32693
32637
32644
32691
32758
32807
32783
32754
32753
32841
32962
33079
33117
33089
33031
32912
32851
32873
32945
32971
32973
32951
32966
33021
33097
33087
33034
32934
32846
32841
32893
32973
33039
33011
32887
32748
32677
32710
32776
32799
32745
32617
32543
32516
32566
32631
32667
32647
32549
32467
32430
32468
32553
32556
32503
32412
32355
32367
32443
32482
32475
32399
32317
32327
32330
32350
32395
32417
32437
32423
32433
32502
32546
32559
32535
32543
32550
32599
32631
32648
32681
32702
32701
32687
32686
32710
32733
32811
32891
32908
32864
32821
32819
32885
32972
33002
33005
32967
32928
32937
32961
33008
33063
33051
32957
32890
32844
32898
32943
32951
32925
32843
32789
32778
32845
32883
32864
32793
32721
32667
32675
32743
32774
32774
32709
32633
32564
32536
32539
32543
32529
32489
32433
32408
32431
32503
32532
32510
32459
32465
32461
32459
32442
32405
32389
32380
32407
32419
32507
32579
32569
32510
32469
32427
32426
32498
32551
32601
32599
32579
32597
32635
32675
32715
32755
32771
32755
32733
32743
32796
32825
32852
32870
32886
32925
32937
32933
32913
32901
32894
32894
32901
32935
32988
33015
32973
32951
32909
32910
32939
32972
32959
32913
32842
32814
32815
32787
32781
32792
32798
32812
32797
32765
32723
32671
32615
32575
32549
32547
32549
32605
32610
32571
32513
32485
32499
32545
32535
32465
32413
32395
32437
32454
32408
32421
32425
32433
32477
32565
32588
32537
32426
32339
32341
32391
32451
32515
32573
32558
32543
32593
32671
32721
32734
32723
32699
32687
32684
32670
32725
32769
32809
32846
32865
32907
32945
32902
32871
32885
32925
32950
32983
32990
32993
32977
32979
32952
32956
32954
32965
32997
33005
32977
32930
32837
32791
32795
32799
32799
32797
32789
32783
32813
32806
32749
32646
32567
32519
32511
32587
32662
32724
32693
32626
32537
32487
32438
32391
32387
32413
32401
32434
32445
32447
32447
32435
32360
32358
32359
32360
32396
32444
32476
32499
32460
32466
32529
32583
32613
32560
32546
32570
32619
32629
32617
32603
32639
32666
32664
32669
32725
32839
32945
33001
32997
32970
32943
32928
32907
32943
32957
32989
32987
32950
32933
32949
32997
32992
32982
32940
32941
32968
32982
32973
32921
32869
32782
32730
32744
32853
32977
32991
32916
32785
32671
32585
32586
32595
32599
32549
32525
32493
32510
32555
32568
32555
32500
32399
32332
32333
32362
32407
32427
32387
32398
32415
32476
32515
32503
32431
32343
32276
32291
32371
32440
32483
32491
32499
32527
32559
32594
32607
32629
32602
32643
32680
32745
32788
32804
32801
32799
32819
32867
32917
32967
32929
32918
32849
32884
32925
32841
32857
32995
33157
33205
33130
33025
32957
32895
32919
32910
32912
32907
32891
32856
32903
32975
32939
32892
32845
32817
32789
32723
32663
32620
32531
32481
32490
32536
32567
32673
32661
32677
32604
32480
32310
32276
32383
32478
32431
32440
32407
32365
32482
32495
32487
32469
32319
32255
32269
32327
32363
32415
32371
32436
32560
32627
32719
32823
32722
32663
32623
32540
32549
32545
32609
32731
32896
32913
32872
32794
32778
32778
32885
32909
32909
32915
32909
33006
33063
33088
33031
32994
33007
33043
33046
33031
32935
32869
32837
32897
32904
32924
32947
32923
32913
32863
32780
32679
32676
32697
32712
32691
32711
32663
32661
32645
32622
32687
32665
32679
32615
32472
32400
32285
32263
32377
32377
32397
32381
32423
32494
32608
32595
32535
32371
32316
32267
32336
32415
32447
32469
32463
32470
32543
32675
32706
32711
32693
32590
32519
32465
32456
32519
32740
32855
32924
32881
32850
32835
32860
32778
32804
32774
32795
32903
32999
33039
33136
33104
32963
32886
32893
32917
32990
33042
32965
32831
32719
32684
32775
32927
32941
32957
32951
32901
32939
32951
32859
32743
32664
32582
32613
32645
32680
32659
32572
32527
32433
32443
32525
32645
32620
32610
32583
32539
32444
32369
32310
32367
32421
32453
32419
32422
32439
32496
32509
32581
32632
32545
32449
32441
32454
32443
32453
32493
32560
32644
32729
32757
32663
32639
32557
32557
32683
32801
32883
32875
32813
32803
32804
32749
32766
32849
32883
32913
33034
33068
33037
32925
32759
32673
32711
32816
32927
32995
33065
33102
33072
33009
32925
32842
32763
32756
32767
32818
32781
32745
32602
32511
32577
32707
32837
32956
32986
32863
32737
32599
32493
32385
32307
32240
32283
32361
32451
32546
32675
32709
32699
32645
32611
32583
32547
32369
32261
32252
32285
32359
32465
32588
32613
32692
32663
32679
32662
32609
32522
32519
32507
32445
32405
32413
32596
32830
32951
32992
33003
32937
32887
32831
32789
32688
32581
32511
32550
32727
32913
32995
33002
33042
33056
33144
33156
33043
32879
32736
32635
32729
32795
32856
32883
32849
32851
32962
33069
33063
32987
32815
32655
32583
32589
32641
32607
32523
32551
32623
32711
32762
32722
32664
32591
32579
32581
32647
32664
32551
32351
32311
32382
32441
32485
32463
32434
32448
32493
32504
32543
32529
32499
32483
32485
32519
32590
32547
32511
32505
32519
32529
32619
32657
32681
32752
32775
32755
32666
32519
32474
32545
32651
32783
32856
32871
32899
32951
32988
32997
32980
32903
32813
32809
32801
32775
32759
32709
32749
32893
33053
33140
33143
33068
32981
32878
32791
32761
32791
32726
32699
32697
32711
32715
32741
32771
32861
32920
32967
32917
32767
32586
32431
32355
32318
32350
32445
32551
32649
32715
32757
32698
32625
32473
32361
32357
32378
32379
32418
32445
32463
32452
32477
32534
32587
32637
32619
32568
32535
32524
32469
32451
32437
32436
32499
32579
32680
32807
32859
32817
32790
32803
32799
32759
32699
32627
32627
32642
32730
32827
32919
32993
33019
33032
33079
33019
32895
32815
32793
32874
32942
32909
32855
32805
32788
32809
32859
32923
32947
32943
32947
32969
32940
32883
32765
32657
32585
32553
32593
32659
32722
32709
32676
32631
32619
32621
32549
32499
32468
32460
32491
32503
32471
32489
32443
32433
32447
32480
32512
32531
32509
32508
32514
32449
32399
32367
32421
32483
32521
32579
32569
32566
32591
32623
32657
32671
32637
32601
32613
32653
32734
32763
32738
32747
32779
32791
32839
32867
32845
32844
32883
32936
32960
32969
32880
32783
32767
32791
32865
32938
32965
32976
33031
33045
33035
32973
32891
32806
32789
32795
32812
32863
32845
32766
32714
32673
32632
32663
32681
32696
32707
32737
32743
32683
32592
32503
32447
32426
32434
32487
32551
32584
32575
32521
32463
32423
32435
32405
32421
32455
32458
32447
32485
32507
32470
32473
32482
32499
32529
32558
32561
32559
32569
32602
32651
32676
32649
32639
32676
32713
32759
32773
32757
32743
32766
32753
32783
32839
32828
32791
32830
32889
32953
33006
32991
32928
32888
32895
32914
32923
32902
32883
32889
32912
32963
32943
32866
32808
32777
32763
32785
32823
32823
32791
32780
32795
32766
32729
32686
32649
32663
32705
32692
32613
32523
32450
32454
32470
32527
32558
32547
32541
32535
32538
32515
32503
32453
32396
32389
32422
32460
32469
32470
32487
32479
32520
32535
32556
32543
32579
32576
32633
32628
32607
32552
32545
32561
32642
32718
32769
32801
32791
32749
32763
32783
32757
32751
32793
32827
32873
32944
32967
32941
32903
32886
32855
32863
32869
32869
32841
32839
32855
32909
32950
32967
32949
32915
32877
32825
32788
32779
32775
32743
32733
32721
32800
32801
32762
32717
32714
32709
32676
32627
32577
32536
32549
32549
32531
32527
32523
32511
32522
32582
32581
32542
32444
32398
32375
32418
32449
32475
32502
32511
32590
32613
32599
32570
32521
32487
32491
32541
32558
32535
32505
32502
32544
32638
32762
32807
32774
32741
32737
32751
32779
32785
32747
32709
32723
32792
32861
32886
32870
32796
32766
32843
32917
32955
32951
32897
32847
32824
32845
32923
32951
32928
32904
32849
32844
32856
32863
32837
32815
32781
32793
32796
32777
32740
32696
32648
32664
32680
32647
32635
32596
32575
32599
32637
32648
32627
32583
32517
32509
32531
32551
32513
32442
32400
32415
32430
32485
32541
32570
32561
32536
32483
32477
32469
32476
32453
32463
32468
32479
32562
32677
32749
32766
32733
32671
32647
32633
32620
32629
32627
32634
32632
32667
32756
32887
32940
32939
32891
32874
32885
32895
32918
32914
32823
32706
32705
32789
32903
32990
33035
33039
32966
32901
32869
32860
32857
32816
32759
32739
32741
32715
32761
32829
32900
32925
32874
32764
32661
32613
32609
32626
32587
32561
32503
32507
32567
32655
32677
32622
32539
32494
32472
32502
32529
32501
32407
32339
32299
32363
32450
32558
32622
32624
32588
32541
32493
32465
32507
32500
32513
32481
32487
32500
32583
32660
32733
32761
32716
32680
32687
32743
32805
32778
32722
32698
32687
32733
32794
32887
32933
32925
32883
32845
32855
32920
32987
32977
32929
32867
32806
32778
32834
32909
32919
32901
32885
32869
32909
32929
32904
32842
32763
32719
32702
32719
32732
32729
32730
32693
32677
32651
32637
32653
32663
32624
32560
32492
32442
32419
32449
32479
32519
32501
32483
32421
32442
32525
32591
32605
32567
32463
32380
32351
32399
32465
32481
32447
32433
32468
32547
32668
32725
32709
32649
32598
32603
32615
32671
32685
32688
32665
32675
32711
32777
32869
32923
32915
32912
32883
32889
32869
32834
32799
32779
32783
32823
32884
32949
33029
33041
33018
32990
32937
32867
32817
32797
32861
32886
32847
32783
32719
32715
32792
32862
32906
32849
32801
32679
32605
32578
32583
32571
32504
32477
32539
32599
32680
32669
32647
32539
32489
32489
32479
32485
32462
32423
32385
32355
32374
32441
32493
32543
32565
32593
32567
32558
32521
32507
32495
32500
32517
32521
32564
32583
32631
32709
32753
32776
32773
32721
32715
32729
32763
32765
32733
32699
32727
32798
32913
33003
33012
32927
32877
32839
32827
32883
32907
32923
32908
32873
32835
32861
32927
32963
32917
32884
32839
32813
32826
32812
32785
32760
32752
32721
32695
32727
32735
32726
32696
32664
32631
32623
32649
32640
32633
32605
32539
32475
32462
32479
32508
32528
32509
32504
32473
32485
32487
32505
32502
32474
32481
32484
32504
32522
32539
32514
32485
32502
32559
32579
32591
32604
32629
32686
32730
32701
32637
32619
32647
32689
32732
32761
32758
32737
32791
32885
32924
32889
32843
32795
32787
32803
32823
32853
32890
32920
32903
32875
32881
32947
32954
32928
32879
32839
32823
32790
32793
32814
32778
32775
32781
32815
32827
32841
32868
32813
32732
32661
32602
32577
32579
32574
32575
32609
32638
32647
32650
32645
32644
32613
32528
32439
32379
32377
32451
32493
32535
32536
32503
32489
32523
32575
32603
32553
32508
32447
32457
32496
32547
32583
32590
32540
32575
32663
32727
32749
32706
32659
32607
32601
32643
32675
32735
32784
32787
32791
32806
32855
32887
32882
32863
32861
32878
32853
32785
32766
32781
32824
32881
32903
32928
32909
32907
32884
32866
32861
32839
32813
32789
32788
32799
32803
32829
32797
32751
32705
32721
32724
32723
32696
32647
32601
32602
32611
32646
32641
32627
32601
32567
32534
32529
32511
32501
32509
32520
32535
32527
32528
32511
32509
32507
32497
32478
32481
32471
32493
32534
32562
32551
32555
32540
32560
32567
32635
32663
32665
32594
32557
32601
32683
32748
32742
32738
32729
32743
32783
32815
32826
32828
32787
32768
32751
32781
32829
32875
32899
32899
32891
32899
32917
32925
32919
32888
32824
32774
32773
32808
32838
32854
32869
32859
32816
32787
32789
32815
32808
32775
32717
32666
32645
32642
32643
32662
32673
32643
32600
32578
32612
32618
32608
32550
32523
32475
32461
32484
32489
32511
32498
32503
32515
32523
32520
32491
32468
32465
32449
32455
32477
32500
32541
32557
32602
32649
32619
32618
32596
32613
32620
32621
32655
32668
32664
32665
32729
32807
32851
32839
32791
32759
32767
32815
32849
32890
32899
32861
32827
32839
32909
32946
32930
32877
32847
32873
32868
32865
32891
32881
32842
32806
32814
32845
32882
32881
32835
32763
32711
32685
32683
32716
32747
32710
32650
32608
32625
32664
32683
32655
32629
32567
32511
32458
32458
32459
32481
32511
32510
32523
32523
32519
32539
32527
32492
32446
32429
32449
32488
32535
32550
32529
32535
32520
32565
32570
32607
32623
32619
32609
32599
32607
32611
32663
32699
32742
32775
32807
32839
32831
32805
32803
32820
32819
32812
32778
32800
32850
32895
32927
32923
32921
32914
32917
32906
32895
32879
32835
32831
32861
32854
32829
32818
32828
32821
32789
32759
32787
32805
32791
32763
32699
32654
32647
32628
32623
32609
32602
32601
32585
32558
32533
32579
32574
32541
32519
32490
32501
32495
32501
32489
32495
32470
32441
32435
32484
32505
32581
32558
32529
32489
32450
32495
32519
32571
32591
32591
32577
32605
32613
32649
32708
32722
32727
32724
32755
32784
32786
32781
32754
32716
32749
32807
32863
32903
32882
32839
32831
32868
32895
32955
32982
32917
32849
32784
32817
32855
32850
32841
32906
32936
32919
32887
32815
32755
32751
32733
32722
32695
32715
32719
32637
32669
32661
32669
32720
32743
32740
32662
32623
32549
32507
32431
32455
32463
32480
32480
32577
32527
32579
32573
32529
32479
32512
32588
32543
32467
32425
32347
32349
32543
32604
32619
32623
32561
32468
32591
32656
32711
32707
32589
32600
32565
32631
32671
32759
32732
32845
32883
32879
32907
32865
32745
32730
32798
32790
32827
32761
32839
32826
32933
32961
33030
32983
32949
32882
32871
32902
32903
32815
32723
32699
32758
32836
32788
32869
32745
32759
32751
32779
32785
32802
32709
32635
32564
32519
32546
32593
32615
32643
32649
32568
32563
32535
32547
32483
32474
32497
32465
32463
32514
32521
32533
32529
32513
32401
32429
32441
32439
32501
32479
32478
32541
32644
32722
32772
32738
32650
32477
32481
32490
32541
32575
32599
32705
32809
32831
32863
32854
32855
32905
32901
32849
32813
32801
32807
32811
32793
32790
32871
32855
32951
33025
33020
33005
33029
32893
32724
32751
32783
32769
32858
32975
32909
32828
32777
32795
32791
32913
32925
32800
32627
32496
32429
32440
32527
32607
32647
32601
32694
32713
32720
32535
32470
32412
32481
32427
32509
32510
32399
32351
32348
32353
32454
32572
32514
32528
32551
32539
32441
32450
32445
32467
32582
32612
32484
32513
32520
32566
32659
32728
32780
32781
32735
32729
32674
32678
32789
32769
32764
32753
32844
32885
32999
32975
32910
32849
32909
32866
33103
33105
32965
32892
32781
32676
32790
33085
33107
33095
33002
32724
32568
32697
32831
32931
33108
33040
32909
32827
32661
32411
32322
32399
32449
32579
32711
32683
32711
32635
32440
32507
32557
32399
32467
32329
32281
32380
32359
32408
32491
32541
32428
32483
32550
32533
32505
32286
32110
31871
32107
32184
32401
32691
32915
33031
33296
33233
33003
32803
32602
32415
32371
32343
32323
32463
32732
32837
32984
33031
33140
33086
33288
33438
33290
33112
32911
32705
32639
32824
32887
32902
32957
32948
32927
32942
33014
32800
32757
32994
33047
33023
33031
32724
32596
32740
32769
32644
32605
32569
32627
32781
32714
32456
32345
32263
32183
32317
32353
32323
32479
32695
32687
32670
32713
32693
32463
32326
32143
31908
31860
31986
32126
32302
32551
32828
32929
32975
32957
32669
32509
32498
32439
32392
32458
32510
32432
32514
32601
32637
33001
33171
33179
33231
33175
33059
32953
32822
32675
32620
32874
32959
32938
33047
33062
33047
33141
33256
33197
33023
32931
32758
32725
32894
32926
32884
33195
33275
33074
32973
32831
32455
32372
32393
32233
32353
32649
32753
32783
32783
32601
32470
32447
32396
32309
32341
32409
32379
32547
32610
32505
32392
32311
32121
32132
32209
32193
32053
32071
32201
32371
32751
33063
33137
33134
32997
32737
32526
32503
32293
32104
32073
32079
32125
32472
32793
33037
33369
33553
33473
33502
33477
33103
32597
32198
31983
32125
32483
32917
33187
33457
33626
33593
33579
33432
33055
32607
32267
32197
32327
32667
32759
33002
33324
33543
33629
33661
33360
32829
32287
32057
32027
32151
32400
32551
32639
32858
33041
33117
33103
32949
32459
32079
31919
31809
31851
31933
32012
32191
32431
32675
32926
33207
33217
32959
32609
32291
32051
31953
31889
31883
31961
31919
31929
32089
32481
32792
33165
33313
33259
33107
33010
32804
32649
32501
32469
32463
32602
32785
32890
32801
32666
32549
32518
32529
32759
33135
33332
33309
33259
33166
33164
33175
33087
32919
32897
32860
32752
32711
32751
32876
32958
32889
32867
32897
32907
32823
32742
32695
32830
33057
33145
33049
32919
32740
32621
32537
32479
32326
32249
32242
32274
32343
32433
32556
32680
32745
32881
32967
33013
32864
32559
32127
31829
31693
31766
31887
32061
32260
32495
