31363
31363
31343
31366
31385
31391
31386
31367
31359
31349
31379
31369
31353
31351
31363
31358
31357
31357
31383
31391
31381
31358
31325
31356
31359
31353
31369
31361
31334
31361
31367
31369
31375
31371
31376
31361
31380
31357
31376
31371
31375
31365
31374
31379
31375
31374
31382
31364
31353
31353
31343
31356
31361
31345
31347
31351
31379
31344
31338
31365
31349
31329
31345
31352
31347
31362
31343
31336
31341
31349
31345
31354
31329
31355
31347
31370
31383
31359
31374
31367
31377
31352
31345
31371
31377
31363
31371
31366
31367
31351
31371
31359
31351
31369
31366
31357
31339
31369
31372
31343
31361
31363
31379
31371
31383
31373
31347
31353
31367
31357
31368
31385
31367
31369
31375
31406
31400
31374
31339
31353
31354
31372
31389
31357
31343
31354
31359
31379
31386
31377
31384
31387
31383
31366
31379
31379
31373
31367
31384
31385
31373
31366
31351
31341
31343
31363
31375
31356
31353
31363
31343
31351
31364
31351
31369
31384
31377
31355
31375
31379
31378
31379
31380
31387
31353
31330
31342
31352
31333
31347
31363
31350
31355
31387
31389
31383
31375
31375
31381
31363
31353
31375
31351
31348
31367
31364
31377
31347
31369
31355
31331
31375
31384
31373
31366
31351
31351
31370
31383
31382
31387
31365
31357
31361
31349
31353
31362
31354
31379
31359
31372
31363
31348
31377
31399
31379
31338
31339
31351
31369
31369
31347
31376
31345
31343
31354
31369
31371
31385
31373
31375
31358
31345
31359
31369
31367
31382
31373
31368
31362
31366
31367
31360
31385
31372
31391
31395
31364
31381
31414
31385
31395
31370
31372
31385
31370
31379
31372
31351
31383
31368
31346
31372
31359
31353
31373
31359
31351
31367
31375
31360
31340
31362
31381
31359
31367
31383
31372
31363
31378
31392
31379
31399
31373
31347
31366
31382
31381
31383
31379
31380
31379
31397
31400
31391
31375
31409
31369
31385
31378
31367
31368
31371
31365
31367
31377
31345
31357
31370
31383
31380
31377
31366
31351
31377
31359
31376
31373
31379
31368
31367
31371
31372
31388
31387
31364
31384
31373
31361
31375
31363
31349
31351
31366
31367
31377
31385
31357
31359
31367
31374
31370
31370
31367
31359
31367
31383
31391
31391
31372
31369
31358
31351
31387
31361
31341
31365
31366
31367
31380
31366
31365
31354
31367
31373
31365
31383
31372
31372
31375
31353
31357
31369
31353
31386
31381
31351
31364
31376
31383
31378
31365
31384
31395
31367
31383
31371
31375
31391
31391
31393
31386
31387
31389
31404
31399
31391
31351
31387
31378
31373
31383
31387
31405
31383
31382
31387
31410
31399
31391
31398
31401
31411
31405
31383
31391
31379
31377
31385
31407
31415
31399
31401
31396
31395
31390
31396
31384
31377
31383
31383
31399
31397
31407
31376
31385
31386
31381
31358
31379
31375
31363
31381
31303
31389
31379
31376
31384
31395
31414
31364
31363
31390
31412
31417
31412
31401
31391
31382
31391
31377
31368
31388
31369
31383
31369
31369
31392
31395
31389
31369
31351
31383
31421
31399
31379
31391
31368
31389
31391
31388
31392
31389
31385
31406
31389
31399
31368
31379
31399
31396
31408
31396
31392
31383
31378
31405
31403
31401
31371
31397
31371
31383
31393
31387
31393
31390
31398
31389
31381
31387
31384
31391
31371
31373
31395
31386
31382
31384
31367
31381
31389
31383
31377
31367
31359
31384
31385
31398
31400
31377
31373
31405
31391
31399
31401
31377
31375
31371
31396
31411
31408
31382
31391
31393
31403
31403
31385
31415
31403
31388
31367
31388
31409
31403
31392
31386
31407
31415
31418
31399
31401
31389
31361
31373
31396
31425
31415
31378
31371
31397
31460
31405
31397
31413
31412
31399
31407
31418
31404
31387
31383
31400
31383
31383
31383
31371
31366
31395
31378
31397
31381
31375
31375
31368
31383
31365
31399
31390
31401
31367
31379
31377
31401
31393
31392
31387
31415
31399
31405
31415
31385
31385
31399
31405
31389
31394
31381
31399
31393
31385
31371
31396
31405
31397
31389
31397
31387
31399
31405
31403
31404
31407
31386
31392
31377
31381
31415
31401
31406
31399
31374
31406
31389
31392
31399
31397
31395
31372
31383
31412
31403
31394
31374
31401
31411
31398
31393
31387
31389
31391
31392
31403
31392
31388
31397
31385
31384
31385
31364
31387
31391
31401
31389
31411
31415
31407
31388
31397
31392
31415
31398
31403
31394
31388
31375
31374
31362
31369
31383
31400
31399
31386
31394
31401
31395
31391
31375
31381
31357
31362
31403
31391
31366
31389
31393
31371
31383
31351
31387
31417
31364
31339
31347
31347
31362
31366
31365
31355
31363
31359
31367
31365
31362
31377
31373
31359
31349
31364
31366
31373
31350
31332
31344
31383
31374
31368
31387
31393
31395
31403
31352
31371
31380
31377
31369
31381
31376
31379
31400
31400
31390
31383
31380
31357
31351
31383
31380
31364
31367
31405
31383
31368
31385
31394
31397
31397
31392
31405
31395
31365
31377
31383
31391
31393
31402
31382
31369
31381
31391
31384
31381
31361
31388
31404
31383
31414
31411
31393
31394
31385
31413
31406
31389
31387
31381
31373
31380
31367
31387
31391
31383
31384
31367
31383
31395
31390
31371
31379
31383
31397
31372
31373
31378
31396
31391
31373
31379
31381
31393
31397
31384
31398
31360
31362
31393
31369
31371
31374
31388
31396
31386
31389
31394
31401
31406
31389
31390
31407
31379
31382
31377
31375
31367
31372
31386
31375
31399
31379
31369
31388
31383
31382
31389
31405
31383
31411
31401
31399
31387
31373
31373
31385
31383
31397
31400
31409
31394
31387
31399
31385
31383
31387
31392
31383
31387
31397
31369
31385
31395
31393
31339
31374
31412
31388
31382
31383
31383
31366
31396
31392
31345
31355
31377
31387
31383
31383
31395
31383
31370
31388
31395
31396
31415
31389
31388
31416
31412
31425
31425
31399
31409
31389
31406
31387
31366
31383
31408
31399
31367
31375
31383
31367
31367
31390
31394
31379
31431
31421
31388
31387
31365
31371
31379
31367
31389
31415
31404
31400
31389
31399
31424
31407
31391
31401
31437
31417
31399
31427
31401
31388
31397
31373
31380
31383
31402
31395
31383
31365
31374
31398
31368
31381
31402
31394
31385
31379
31373
31365
31389
31367
31371
31381
31385
31389
31379
31362
31370
31377
31367
31372
31383
31377
31402
31382
31381
31369
31373
31383
31369
31362
31383
31399
31382
31367
31356
31375
31393
31387
31379
31383
31396
31375
31377
31372
31355
31391
31371
31370
31379
31377
31394
31388
31368
31345
31367
31373
31402
31407
31395
31400
31404
31411
31389
31380
31389
31381
31402
31404
31364
31365
31388
31394
31393
31374
31382
31383
31368
31385
31367
31357
31382
31391
31383
31376
31366
31370
31387
31384
31382
31366
31369
31387
31407
31381
31381
31404
31384
31393
31382
31374
31385
31395
31393
31365
31382
31374
31391
31391
31403
31407
31424
31419
31398
31376
31381
31399
31421
31433
31398
31419
31388
31373
31368
31373
31395
31395
31383
31389
31399
31381
31365
31371
31383
31375
31371
31415
31419
31408
31407
31395
31394
31391
31385
31401
31402
31413
31431
31395
31397
31406
31407
31372
31353
31367
31394
31397
31387
31378
31375
31370
31357
31381
31374
31405
31389
31370
31372
31381
31383
31368
31373
31379
31371
31383
31402
31395
31386
31367
31376
31393
31396
31391
31385
31395
31408
31396
31388
31398
31396
31383
31382
31397
31401
31378
31361
31385
31375
31379
31379
31397
31399
31374
31373
31364
31399
31395
31391
31377
31358
31367
31387
31391
31369
31367
31366
31356
31379
31397
31377
31345
31365
31385
31377
31379
31398
31390
31385
31373
31361
31361
31371
31371
31357
31383
31375
31385
31384
31367
31379
31357
31343
31363
31357
31383
31391
31359
31399
31365
31362
31349
31371
31381
31368
31377
31371
31399
31381
31371
31367
31387
31397
31404
31387
31394
31375
31373
31381
31378
31358
31373
31373
31379
31391
31387
31371
31369
31371
31375
31371
31379
31361
31338
31345
31367
31365
31345
31352
31359
31382
31365
31361
31390
31390
31371
31345
31351
31365
31352
31371
31381
31403
31387
31367
31405
31389
31415
31387
31375
31383
31379
31359
31381
31393
31401
31382
31392
31385
31386
31374
31367
31383
31371
31368
31471
31366
31355
31355
31346
31337
31359
31381
31376
31357
31358
31359
31377
31356
31356
31387
31364
31395
31394
31390
31399
31399
31386
31383
31377
31391
31421
31401
31380
31394
31412
31383
31356
31383
31374
31368
31375
31373
31391
31381
31399
31407
31384
31381
31401
31392
31387
31384
31385
31377
31363
31372
31359
31375
31391
31360
31357
31395
31379
31386
31400
31392
31381
31390
31387
31415
31405
31389
31420
31393
31397
31374
31392
31380
31389
31359
31378
31376
31386
31379
31367
31376
31381
31374
31389
31386
31363
31374
31368
31399
31370
31357
31391
31375
31383
31370
31389
31375
31397
31391
31413
31417
31374
31381
31393
31399
31400
31413
31421
31427
31424
31394
31399
31410
31393
31412
31400
31399
31377
31367
31388
31382
31394
31363
31370
31377
31396
31392
31388
31399
31406
31375
31394
31399
31399
31390
31383
31381
31380
31361
31375
31379
31377
31375
31392
31387
31391
31409
31383
31395
31377
31375
31385
31383
31388
31385
31383
31375
31369
31364
31353
31354
31377
31399
31366
31372
31373
31369
31382
31369
31359
31396
31393
31382
31397
31366
31369
31404
31411
31401
31407
31369
31385
31414
31405
31386
31403
31399
31367
31397
31395
31391
31397
31380
31413
31407
31363
31355
31384
31396
31370
31367
31381
31399
31383
31409
31411
31387
31369
31371
31383
31383
31374
31383
31395
31404
31362
31379
31386
31395
31415
31407
31405
31381
31388
31407
31380
31387
31416
31409
31404
31403
31389
31398
31397
31411
31407
31405
31379
31389
31401
31379
31397
31398
31375
31382
31414
31407
31386
31359
31374
31403
31389
31393
31387
31398
31375
31375
31393
31387
31388
31399
31383
31375
31383
31399
31405
31415
31399
31395
31405
31391
31389
31407
31399
31407
31399
31415
31397
31389
31371
31401
31419
31361
31398
31385
31360
31387
31412
31385
31387
31403
31387
31373
31383
31367
31381
31395
31383
31389
31393
31417
31404
31425
31423
31415
31403
31387
31402
31397
31409
31396
31380
31383
31397
31401
31373
31390
31400
31422
31419
31412
31389
31395
31375
31383
31382
31372
31393
31407
31384
31359
31383
31377
31393
31405
31406
31387
31383
31387
31387
31389
31392
31395
31385
31384
31402
31395
31391
31394
31390
31385
31378
31371
31391
31409
31413
31387
31391
31376
31376
31372
31381
31380
31383
31377
31385
31403
31410
31385
31359
31377
31393
31399
31386
31399
31387
31353
31370
31379
31379
31383
31391
31389
31377
31389
31397
31399
31391
31399
31410
31407
31404
31399
31395
31397
31410
31414
31399
31380
31389
31389
31381
31371
31392
31375
31379
31378
31375
31378
31372
31357
31399
31415
31415
31391
31396
31379
31371
31381
31389
31373
31374
31377
31391
31399
31413
31391
31397
31405
31396
31383
31382
31409
31402
31380
31363
31381
31415
31402
31399
31382
31393
31381
31367
31406
31383
31387
31383
31374
31389
31398
31393
31376
31379
31377
31407
31376
31367
31375
31377
31377
31371
31371
31401
31396
31379
31379
31383
31384
31400
31409
31396
31369
31372
31365
31371
31405
31389
31380
31378
31374
31388
31400
31391
31381
31391
31390
31379
31392
31370
31367
31395
31389
31379
31375
31377
31371
31370
31390
31373
31382
31390
31376
31373
31429
31413
31396
31402
31401
31394
31391
31399
31384
31374
31377
31378
31401
31393
31387
31397
31377
31373
31373
31383
31397
31402
31389
31397
31382
31371
31362
31372
31401
31397
31375
31367
31383
31406
31390
31369
31383
31360
31381
31411
31395
31383
31385
31391
31403
31403
31389
31378
31377
31372
31381
31373
31383
31393
31385
31380
31391
31423
31396
31392
31415
31384
31369
31361
31391
31396
31379
31365
31355
31370
31381
31397
31406
31386
31367
31372
31408
31391
31383
31380
31367
31375
31414
31408
31393
31376
31364
31375
31375
31380
31395
31401
31394
31381
31385
31373
31377
31384
31369
31355
31376
31368
31393
31377
31392
31372
31355
31362
31375
31391
31391
31369
31385
31382
31349
31371
31379
31396
31408
31391
31366
31381
31392
31379
31392
31387
31379
31389
31387
31393
31401
31372
31381
31405
31387
31375
31392
31390
31383
31386
31389
31387
31402
31395
31384
31380
31389
31374
31371
31385
31383
31418
31407
31372
31380
31385
31379
31385
31381
31375
31382
31406
31403
31404
31407
31387
31378
31404
31399
31386
31391
31406
31390
31373
31483
31374
31366
31376
31376
31400
31405
31395
31397
31373
31383
31375
31389
31401
31375
31367
31401
31373
31359
31387
31401
31400
31410
31388
31389
31399
31399
31413
31401
31397
31404
31418
31413
31414
31405
31381
31383
31381
31387
31395
31395
31402
31394
31395
31379
31377
31397
31377
31384
31385
31386
31361
31380
31391
31369
31371
31385
31375
31376
31403
31385
31375
31359
31382
31397
31401
31413
31403
31399
31381
31401
31383
31369
31387
31393
31395
31380
31392
31401
31415
31375
31381
31385
31391
31399
31391
31354
31396
31415
31401
31385
31385
31387
31388
31381
31387
31377
31349
31351
31360
31379
31408
31423
31411
31385
31369
31373
31365
31376
31383
31393
31367
31375
31363
31366
31394
31406
31391
31377
31393
31388
31389
31399
31380
31386
31395
31376
31383
31368
31367
31361
31357
31373
31379
31372
31344
31381
31367
31369
31357
31341
31359
31366
31353
31382
31385
31401
31402
31387
31402
31379
31371
31392
31401
31394
31373
31407
31394
31393
31407
31394
31407
31408
31376
31398
31399
31405
31403
31384
31385
31379
31381
31372
31394
31415
31399
31376
31414
31415
31390
31407
31409
31388
31399
31413
31387
31389
31393
31390
31370
31389
31397
31421
31387
31405
31407
31407
31425
31394
31401
31381
31398
31402
31411
31378
31369
31395
31406
31401
31387
31382
31390
31362
31379
31389
31373
31399
31395
31402
31400
31373
31377
31388
31399
31395
31381
31365
31365
31381
31405
31391
31371
31379
31372
31377
31377
31404
31385
31391
31372
31372
31372
31366
31369
31381
31381
31383
31381
31405
31385
31383
31396
31383
31400
31397
31395
31377
31379
31385
31370
31391
31391
31388
31373
31377
31385
31369
31383
31395
31392
31373
31383
31375
31369
31376
31395
31383
31357
31383
31396
31371
31395
31379
31381
31381
31380
31379
31388
31386
31385
31383
31377
31390
31369
31367
31364
31386
31389
31373
31359
31374
31367
31376
31394
31393
31393
31373
31395
31406
31384
31395
31391
31376
31408
31399
31372
31371
31393
31389
31397
31393
31364
31389
31399
31405
31360
31353
31387
31371
31381
31371
31403
31407
31393
31382
31352
31377
31368
31383
31395
31341
31368
31375
31389
31419
31415
31351
31360
31381
31409
31393
31397
31407
31403
31391
31376
31394
31407
31377
31391
31399
31393
31368
31374
31384
31391
31394
31402
31415
31398
31399
31380
31389
31391
31381
31365
31367
31384
31413
31381
31360
31374
31366
31375
31361
31370
31367
31372
31365
31380
31401
31390
31384
31403
31401
31377
31386
31389
31415
31411
31403
31386
31366
31373
31387
31389
31399
31407
31391
31393
31397
31379
31367
31377
31387
31377
31367
31372
31391
31385
31383
31389
31405
31398
31390
31393
31378
31381
31397
31408
31414
31389
31415
31399
31389
31392
31389
31398
31394
31383
31387
31395
31404
31405
31406
31390
31372
31400
31369
31367
31379
31388
31351
31356
31364
31371
31363
31373
31367
31356
31358
31369
31358
31343
31353
31328
31321
31322
31343
31365
31398
31366
31361
31338
31335
31369
31365
31375
31375
31343
31335
31355
31371
31357
31380
31405
31380
31351
31349
31368
31354
31367
31376
31377
31364
31359
31363
31343
31359
31358
31353
31370
31343
31348
31361
31380
31351
31358
31379
31366
31384
31367
31383
31385
31375
31381
31384
31360
31365
31389
31377
31378
31369
31378
31347
31335
31363
31354
31343
31345
31354
31347
31363
31359
31383
31355
31351
31350
31379
31353
31373
31379
31368
31407
31412
31385
31407
31419
31395
31390
31395
31338
31415
31413
31399
31384
31392
31397
31381
31393
31373
31399
31401
31375
31383
31391
31379
31359
31364
31355
31343
31374
31378
31374
31384
31399
31386
31349
31359
31404
31416
31419
31401
31384
31389
31423
31416
31391
31410
31419
31416
31415
31404
31399
31403
31413
31400
31407
31407
31395
31398
31381
31390
31405
31398
31383
31374
31383
31403
31382
31384
31370
31373
31385
31367
31343
31343
31389
31403
31385
31392
31389
31391
31399
31400
31379
31392
31408
31416
31362
31407
31417
31420
31383
31385
31397
31393
31401
31409
31386
31393
31386
31368
31397
31429
31399
31381
31391
31382
31358
31354
31373
31342
31374
31399
31366
31381
31388
31400
31398
31385
31371
31378
31385
31415
31405
31404
31397
31399
31429
31421
31421
31415
31403
31404
31397
31410
31402
31397
31431
31395
31389
31377
31381
31377
31365
31359
31375
31376
31391
31398
31381
31371
31377
31371
31364
31399
31375
31393
31397
31390
31399
31378
31384
31393
31396
31410
31393
31402
31433
31424
31400
31396
31383
31393
31427
31419
31383
31385
31348
31383
31394
31353
31351
31349
31343
31351
31362
31353
31327
31327
31355
31361
31360
31344
31357
31348
31341
31375
31380
31365
31370
31359
31357
31341
31374
31394
31396
31367
31381
31378
31371
31367
31372
31402
31387
31379
31363
31375
31383
31363
31375
31386
31367
31357
31352
31375
31367
31337
31355
31347
31362
31339
31343
31373
31381
31391
31383
31381
31379
31361
31385
31372
31344
31349
31363
31403
31413
31403
31371
31391
31407
31403
31385
31409
31404
31409
31386
31391
31395
31411
31399
31365
31389
31371
31389
31395
31380
31381
31365
31365
31385
31396
31403
31373
31367
31369
31367
31395
31416
31392
31382
31382
31405
31419
31383
31388
31397
31410
31408
31384
31396
31392
31408
31415
31420
31414
31403
31414
31404
31371
31397
31394
31397
31410
31408
31405
31409
31383
31382
31383
31377
31400
31411
31416
31419
31395
31385
31406
31415
31411
31400
31387
31372
31347
31352
31377
31399
31387
31380
31395
31386
31380
31391
31371
31357
31333
31355
31347
31344
31343
31340
31347
31338
31334
31346
31353
31334
31357
31349
31333
31346
31343
31324
31328
31345
31350
31351
31371
31359
31355
31335
31343
31351
31355
31385
31361
31363
31360
31373
31389
31380
31364
31383
31359
31377
31395
31393
31387
31385
31387
31370
31383
31402
31399
31399
31385
31383
31379
31375
31374
31367
31367
31367
31390
31380
31371
31384
31375
31367
31364
31370
31391
31376
31407
31380
31407
31389
31397
31408
31409
31402
31405
31404
31408
31406
31408
31422
31415
31405
31403
31407
31391
31409
31427
31429
31419
31423
31404
31403
31393
31405
31379
31386
31383
31380
31391
31385
31389
31393
31390
31389
31369
31365
31389
31391
31367
31378
31385
31394
31389
31408
31381
31389
31388
31395
31387
31391
31391
31383
31376
31391
31393
31383
31392
31398
31391
31381
31402
31384
31359
31378
31379
31372
31373
31367
31371
31389
31367
31369
31365
31388
31389
31365
31392
31383
31401
31383
31391
31365
31423
31407
31396
31392
31405
31401
31384
31391
31401
31423
31385
31401
31407
31395
31429
31411
31419
31413
31406
31383
31387
31371
31400
31383
31377
31383
31403
31403
31380
31389
31375
31395
31363
31390
31407
31404
31419
31426
31387
31405
31389
31397
31411
31435
31436
31412
31416
31413
31398
31419
31437
31425
31426
31416
31403
31400
31416
31400
31395
31401
31411
31391
31405
31402
31395
31393
31387
31407
31402
31391
31396
31407
31392
31387
31396
31401
31403
31399
31414
31391
31416
31431
31410
31431
31448
31421
31410
31415
31404
31404
31421
31411
31408
31423
31401
31413
31410
31418
31413
31389
31395
31393
31367
31407
31399
31380
31359
31383
31391
31408
31397
31389
31377
31396
31398
31368
31369
31401
31412
31384
31383
31409
31383
31399
31407
31430
31421
31431
31446
31431
31418
31428
31407
31390
31408
31417
31432
31441
31431
31412
31377
31375
31396
31370
31384
31389
31379
31392
31368
31353
31383
31376
31372
31386
31366
31364
31378
31397
31387
31379
31391
31407
31424
31406
31386
31379
31417
31427
31387
31373
31399
31412
31401
31397
31429
31422
31400
31390
31423
31410
31419
31431
31410
31397
31388
31395
31382
31391
31389
31407
31395
31391
31400
31387
31384
31386
31367
31391
31399
31422
31408
31384
31401
31413
31403
31406
31403
31419
31425
31419
31418
31435
31421
31407
31406
31415
31418
31399
31409
31399
31388
31415
31409
31399
31388
31401
31384
31377
31387
31391
31388
31375
31371
31399
31384
31385
31399
31385
31381
31389
31377
31387
31373
31395
31396
31396
31413
31433
31390
31387
31420
31407
31403
31401
31408
31413
31420
31409
31402
31390
31385
31389
31395
31382
31333
31365
31368
31383
31376
31380
31375
31379
31377
31373
31370
31394
31368
31372
31407
31399
31387
31400
31409
31415
31416
31396
31389
31379
31406
31407
31406
31395
31385
31417
31436
31402
31379
31399
31396
31401
31408
31387
31338
31358
31385
31389
31389
31366
31362
31379
31372
31366
31366
31382
31359
31367
31374
31383
31363
31378
31411
31391
31383
31399
31402
31419
31419
31407
31391
31384
31387
31426
31399
31401
31431
31423
31407
31406
31396
31398
31405
31383
31353
31376
31379
31372
31372
31368
31375
31369
31396
31377
31384
31382
31407
31397
31361
31389
31387
31381
31409
31396
31393
31370
31375
31366
31399
31395
31399
31393
31403
31403
31395
31391
31381
31381
31384
31373
31406
31413
31395
31399
31383
31382
31409
31357
31362
31386
31385
31352
31354
31386
31398
31413
31377
31384
31382
31383
31378
31379
31383
31381
31397
31407
31391
31359
31381
31387
31384
31378
31379
31357
31367
31384
31373
31383
31367
31397
31405
31395
31400
31399
31383
31419
31367
31389
31360
31352
31364
31371
31369
31367
31373
31352
31323
31374
31387
31368
31359
31343
31367
31391
31374
31393
31392
31387
31391
31400
31409
31406
31391
31387
31386
31400
31402
31402
31390
31375
31403
31421
31405
31395
31416
31415
31409
31386
31389
31385
31369
31383
31405
31394
31393
31371
31381
31383
31389
31386
31387
31371
31380
31389
31374
31389
31378
31402
31395
31394
31431
31412
31392
31379
31401
31412
31414
31422
31417
31425
31420
31386
31391
31407
31399
31418
31402
31383
31419
31423
31418
31405
31383
31381
31401
31382
31383
31383
31408
31397
31415
31405
31404
31427
31424
31458
31459
31434
31445
31463
31455
31475
31452
31459
31461
31455
31462
31449
31455
31453
31429
31401
31399
31395
31396
31403
31360
31363
31364
31396
31405
31388
31356
31349
31339
31325
31342
31339
31316
31321
31292
31303
31318
31322
31336
31314
31280
31303
31297
31331
31327
31356
31336
31340
31359
31343
31341
31340
31347
31348
31337
31353
31339
31321
31323
31327
31323
31324
31311
31306
31279
31291
31300
31313
31309
31304
31278
31255
31244
31283
31271
31263
31271
31272
31291
31267
31270
31276
31275
31272
31283
31281
31267
31269
31287
31273
31278
31276
31278
31288
31283
31259
31230
31239
31265
31226
31267
31257
31228
31209
31215
31198
31223
31201
31198
31205
31237
31239
31245
31265
31262
31261
31292
31295
31297
31299
31308
31311
31321
31312
31352
31349
31365
31367
31370
31355
31356
31367
31370
31344
31351
31337
31353
31347
31343
31350
31322
31329
31304
31271
31253
31283
31263
31268
31275
31273
31297
31323
31327
31318
31309
31311
31324
31339
31360
31387
31403
31435
31449
31466
31479
31460
31480
31491
31475
31455
31475
31457
31473
31495
31457
31470
31447
31413
31374
31353
31333
31363
31351
31359
31365
31337
31327
31363
31351
31359
31351
31355
31367
31357
31367
31397
31419
31432
31415
31448
31464
31472
31463
31449
31440
31453
31488
31489
31507
31496
31495
31487
31468
31493
31477
31443
31446
31433
31423
31442
31426
31429
31435
31402
31391
31396
31384
31379
31366
31403
31389
31397
31383
31383
31397
31406
31416
31441
31423
31448
31455
31457
31458
31442
31457
31503
31513
31509
31483
31471
31478
31474
31479
31474
31452
31447
31463
31431
31419
31425
31409
31393
31445
31406
31390
31381
31393
31395
31366
31393
31397
31392
31397
31389
31393
31398
31402
31405
31403
31422
31432
31453
31459
31439
31451
31459
31452
31464
31473
31462
31441
31461
31463
31429
31443
31407
31429
31444
31435
31446
31414
31402
31394
31407
31399
31396
31397
31376
31378
31387
31409
31386
31367
31392
31368
31363
31402
31395
31399
31419
31427
31434
31450
31448
31447
31429
31444
31477
31483
31449
31454
31475
31464
31481
31462
31449
31435
31430
31437
31417
31416
31420
31452
31428
31405
31403
31403
31419
31401
31379
31366
31365
31365
31403
31369
31394
31379
31399
31391
31388
31411
31411
31413
31441
31439
31439
31463
31457
31447
31473
31487
31473
31446
31457
31455
31459
31446
31437
31439
31452
31430
31433
31410
31408
31405
31386
31395
31383
31358
31386
31365
31365
31355
31350
31360
31341
31365
31351
31357
31401
31425
31413
31432
31452
31444
31429
31469
31458
31469
31463
31485
31481
31485
31481
31488
31474
31457
31448
31447
31431
31450
31455
31409
31397
31401
31390
31393
31382
31361
31343
31367
31357
31333
31362
31379
31365
31408
31394
31381
31375
31404
31417
31437
31439
31471
31461
31497
31463
31471
31457
31465
31480
31486
31465
31483
31478
31496
31481
31439
31437
31455
31458
31431
31403
31384
31389
31419
31407
31378
31349
31367
31354
31380
31383
31388
31357
31372
31371
31373
31373
31396
31419
31415
31414
31423
31425
31461
31449
31463
31469
31470
31487
31471
31505
31503
31463
31471
31463
31455
31423
31415
31417
31427
31406
31372
31402
31364
31378
31377
31382
31383
31377
31352
31363
31351
31355
31344
31375
31385
31374
31383
31388
31391
31409
31432
31447
31454
31444
31456
31471
31465
31465
31453
31419
31449
31463
31451
31433
31443
31439
31429
31433
31420
31416
31393
31383
31402
31385
31407
31399
31388
31378
31350
31304
31386
31384
31379
31381
31382
31403
31405
31434
31431
31422
31418
31442
31435
31439
31450
31473
31441
31434
31455
31465
31461
31445
31439
31432
31441
31424
31431
31419
31415
31440
31403
31413
31414
31392
31369
31375
31388
31370
31364
31382
31362
31371
31391
31357
31357
31375
31407
31387
31388
31381
31382
31401
31407
31407
31441
31415
31423
31437
31435
31450
31473
31460
31475
31469
31442
31416
31418
31423
31409
31410
31431
31442
31420
31372
31373
31383
31386
31377
31375
31370
31365
31354
31361
31359
31351
31349
31360
31385
31399
31367
31383
31387
31390
31397
31441
31442
31431
31436
31453
31456
31474
31446
31434
31455
31448
31448
31462
31443
31447
31448
31425
31410
31406
31380
31381
31383
31384
31361
31354
31359
31358
31335
31350
31360
31359
31348
31363
31399
31364
31377
31407
31412
31421
31399
31410
31425
31428
31428
31447
31447
31433
31456
31466
31449
31436
31443
31436
31448
31455
31438
31419
31425
31430
31428
31431
31407
31385
31377
31381
31372
31391
31381
31354
31365
31392
31397
31403
31390
31389
31410
31417
31403
31415
31396
31415
31419
31441
31445
31437
31452
31461
31451
31453
31457
31438
31455
31463
31439
31422
31433
31426
31418
31407
31399
31375
31383
31353
31359
31386
31391
31354
31377
31374
31352
31370
31374
31383
31387
31399
31404
31406
31421
31425
31422
31433
31443
31431
31419
31445
31462
31459
31433
31436
31429
31431
31435
31423
31419
31412
31419
31427
31440
31451
31412
31371
31383
31371
31359
31367
31359
31380
31362
31365
31365
31389
31373
31379
31355
31367
31380
31379
31364
31387
31380
31407
31406
31412
31431
31441
31441
31451
31434
31421
31419
31431
31444
31448
31429
31431
31413
31423
31415
31417
31403
31392
31391
31383
31371
31373
31365
31352
31353
31350
31335
31353
31337
31333
31358
31349
31355
31372
31377
31367
31375
31375
31383
31400
31401
31386
31406
31417
31431
31447
31423
31415
31423
31419
31423
31420
31432
31408
31397
31385
31376
31401
31373
31391
31381
31372
31369
31376
31359
31361
31371
31329
31335
31355
31335
31367
31380
31367
31387
31396
31415
31423
31411
31417
31436
31443
31452
31447
31418
31433
31435
31442
31445
31441
31437
31439
31431
31446
31417
31415
31413
31397
31379
31379
31369
31383
31376
31384
31377
31338
31365
31364
31359
31357
31369
31335
31331
31368
31377
31387
31404
31420
31389
31420
31409
31416
31410
31419
31419
31449
31415
31453
31457
31449
31441
31426
31439
31415
31427
31427
31410
31389
31386
31380
31378
31368
31341
31337
31343
31368
31359
31357
31377
31366
31377
31373
31367
31360
31369
31397
31389
31399
31407
31402
31421
31431
31428
31413
31423
31439
31431
31438
31451
31440
31456
31455
31374
31420
31399
31408
31428
31410
31373
31377
31359
31357
31372
31381
31351
31341
31331
31341
31346
31361
31364
31400
31405
31351
31370
31383
31386
31411
31395
31405
31413
31422
31421
31422
31420
31431
31434
31447
31446
31445
31436
31441
31423
31423
31426
31406
31410
31383
31378
31384
31384
31394
31374
31387
31359
31366
31375
31351
31368
31383
31379
31348
31351
31351
31359
31389
31381
31380
31401
31399
31397
31406
31398
31407
31398
31425
31429
31434
31423
31423
31456
31454
31423
31427
31420
31437
31439
31436
31410
31396
31409
31404
31384
31381
31397
31371
31374
31380
31358
31381
31368
31377
31383
31376
31361
31367
31359
31373
31371
31382
31407
31396
31415
31423
31427
31435
31434
31433
31443
31416
31423
31432
31442
31443
31426
31418
31417
31416
31413
31417
31415
31427
31407
31399
31374
31375
31367
31367
31351
31325
31355
31374
31380
31343
31343
31345
31363
31375
31397
31425
31407
31404
31396
31422
31424
31454
31457
31451
31440
31448
31443
31444
31445
31465
31447
31435
31439
31431
31433
31431
31391
31399
31382
31375
31356
31379
31383
31379
31356
31336
31337
31365
31355
31375
31367
31357
31358
31340
31364
31382
31393
31387
31385
31391
31409
31413
31402
31401
31415
31409
31411
31421
31414
31393
31411
31424
31407
31369
31374
31379
31382
31399
31379
31369
31351
31341
31337
31339
31349
31351
31312
31327
31325
31347
31380
31365
31378
31365
31379
31381
31387
31399
31410
31429
31407
31431
31431
31437
31436
31454
31454
31439
31407
31430
31461
31443
31414
31408
31399
31407
31412
31416
31402
31373
31385
31357
31349
31378
31387
31387
31355
31351
31335
31377
31392
31407
31385
31409
31383
31399
31391
31404
31423
31427
31443
31430
31415
31432
31447
31445
31422
31417
31447
31461
31432
31427
31434
31429
31417
31436
31405
31404
31411
31401
31396
31414
31407
31389
31375
31380
31365
31379
31395
31412
31415
31402
31391
31387
31417
31413
31422
31407
31404
31411
31400
31444
31445
31456
31427
31445
31441
31459
31455
31447
31462
31445
31430
31437
31437
31415
31408
31414
31431
31421
31419
31408
31401
31391
31379
31380
31379
31370
31393
31405
31385
31381
31389
31391
31399
31384
31372
31391
31361
31387
31405
31428
31423
31407
31426
31415
31416
31430
31421
31443
31449
31447
31427
31434
31430
31419
31414
31406
31412
31402
31391
31380
31393
31396
31373
31349
31351
31351
31372
31353
31367
31380
31352
31386
31411
31387
31387
31420
31417
31423
31420
31421
31431
31423
31413
31433
31428
31455
31449
31442
31434
31427
31436
31432
31431
31423
31407
31406
31443
31440
31400
31432
31383
31378
31383
31389
31367
31359
31354
31361
31376
31385
31380
31369
31377
31402
31398
31405
31404
31405
31394
31435
31435
31439
31457
31448
31433
31455
31437
31434
31449
31459
31416
31437
31455
31427
31449
31430
31419
31400
31375
31399
31384
31366
31405
31396
31381
31364
31387
31413
31383
31387
31361
31363
31373
31392
31411
31397
31407
31388
31405
31415
31417
31442
31438
31434
31414
31404
31439
31433
31441
31465
31459
31433
31435
31424
31409
31413
31415
31418
31391
31425
31395
31359
31383
31398
31400
31383
31367
31367
31355
31361
31365
31364
31370
31375
31391
31403
31389
31398
31419
31433
31413
31395
31431
31441
31417
31409
31465
31471
31427
31445
31439
31427
31446
31451
31451
31409
31410
31429
31428
31407
31391
31385
31355
31379
31391
31359
31367
31383
31395
31409
31387
31403
31388
31377
31379
31388
31383
31403
31415
31431
31425
31439
31445
31439
31431
31423
31443
31448
31439
31439
31446
31451
31431
31426
31463
31453
31434
31431
31429
31427
31425
31401
31383
31367
31419
31407
31378
31394
31417
31399
31402
31385
31365
31384
31391
31382
31393
31399
31405
31437
31423
31417
31429
31433
31429
31423
31424
31455
31462
31439
31457
31461
31443
31446
31449
31436
31452
31456
31432
31403
31413
31403
31431
31409
31395
31383
31383
31391
31362
31360
31380
31377
31391
31381
31370
31381
31405
31412
31419
31412
31423
31431
31432
31443
31449
31449
31441
31450
31443
31463
31455
31449
31428
31453
31440
31432
31419
31421
31423
31420
31416
31431
31395
31389
31372
31399
31367
31393
31401
31391
31377
31361
31375
31383
31357
31361
31385
31377
31391
31409
31430
31425
31419
31447
31432
31430
31445
31443
31448
31454
31450
31446
31465
31441
31453
31422
31429
31428
31419
31427
31397
31428
31426
31427
31427
31372
31391
31395
31388
31403
31376
31371
31401
31383
31364
31371
31383
31399
31378
31386
31411
31407
31398
31402
31439
31431
31411
31421
31456
31437
31416
31420
31434
31447
31423
31409
31397
31392
31405
31403
31365
31397
31385
31384
31377
31368
31375
31352
31360
31339
31373
31367
31367
31367
31347
31365
31393
31375
31389
31377
31393
31405
31407
31403
31408
31407
31415
31416
31441
31428
31426
31426
31465
31459
31433
31439
31428
31420
31428
31417
31417
31406
31406
31399
31384
31391
31399
31339
31380
31399
31377
31361
31362
31375
31404
31387
31375
31394
31387
31399
31378
31414
31430
31419
31433
31447
31457
31454
31445
31421
31446
31432
31437
31439
31444
31479
31446
31436
31431
31444
31414
31416
31406
31407
31403
31414
31341
31373
31389
31392
31373
31384
31374
31382
31375
31399
31389
31372
31393
31413
31412
31405
31412
31407
31417
31444
31465
31457
31454
31448
31465
31447
31447
31445
31447
31431
31408
31455
31417
31431
31433
31437
31425
31407
31411
31383
31383
31397
31370
31386
31364
31367
31367
31365
31367
31375
31373
31392
31371
31386
31399
31403
31395
31408
31439
31419
31455
31448
31437
31443
31449
31453
31480
31461
31443
31427
31431
31461
31467
31431
31415
31399
31413
31418
31390
31371
31373
31370
31371
31355
31359
31345
31349
31358
31351
31362
31351
31350
31359
31370
31379
31401
31403
31417
31415
31436
31432
31417
31404
31416
31455
31441
31443
31460
31447
31432
31426
31412
31426
31452
31441
31417
31395
31389
31397
31386
31378
31391
31406
31384
31377
31391
31401
31399
31402
31388
31371
31393
31387
31364
31365
31389
31407
31403
31415
31439
31431
31445
31461
31444
31453
31455
31431
31412
31401
31415
31425
31415
31423
31407
31431
31431
31415
31411
31397
31410
31390
31421
31407
31383
31391
31388
31391
31417
31401
31422
31407
31391
31393
31395
31393
31388
31397
31415
31433
31415
31407
31431
31412
31431
31447
31432
31411
31426
31431
31431
31421
31429
31425
31409
31407
31401
31407
31406
31417
31395
31411
31397
31407
31395
31389
31381
31365
31387
31387
31395
31383
31369
31359
31408
31403
31389
31400
31392
31391
31406
31411
31411
31423
31445
31458
31449
31446
31441
31454
31440
31432
31444
31440
31429
31428
31451
31420
31413
31404
31376
31399
31402
31381
31371
31353
31367
31365
31366
31379
31381
31359
31367
31373
31391
31395
31387
31387
31390
31439
31432
31423
31437
31423
31431
31414
31422
31415
31404
31414
31395
31391
31404
31397
31405
31399
31379
31378
31360
31347
31365
31351
31326
31309
31307
31299
31327
31321
31318
31302
31329
31335
31339
31330
31341
31362
31333
31337
31326
31343
31359
31375
31391
31370
31389
31386
31377
31406
31417
31423
31419
31415
31391
31393
31393
31382
31407
31405
31407
31389
31412
31393
31351
31353
31351
31349
31367
31344
31355
31354
31351
31349
31382
31383
31373
31370
31377
31381
31379
31399
31387
31390
31411
31403
31429
31427
31436
31443
31458
31435
31455
31461
31442
31453
31434
31436
31431
31456
31454
31459
31430
31426
31446
31424
31403
31399
31383
31383
31405
31365
31389
31399
31407
31397
31394
31422
31415
31390
31418
31407
31405
31420
31435
31417
31430
31459
31431
31445
31457
31482
31455
31451
31463
31475
31471
31455
31472
31439
31438
31442
31431
31411
31403
31385
31416
31399
31415
31415
31410
31407
31373
31383
31386
31377
31399
31389
31385
31389
31390
31410
31418
31423
31417
31432
31431
31428
31438
31445
31457
31463
31438
31437
31479
31483
31471
31457
31462
31447
31463
31449
31437
31452
31455
31438
31422
31408
31417
31407
31391
31432
31402
31419
31405
31409
31396
31411
31419
31421
31427
31427
31415
31427
31445
31408
31423
31439
31456
31461
31459
31453
31439
31462
31478
31504
31473
31459
31463
31455
31455
31425
31415
31441
31440
31441
31465
31482
31459
31424
31435
31423
31397
31422
31436
31423
31413
31424
31408
31399
31404
31417
31425
31435
31411
31447
31437
31431
31436
31428
31431
31460
31443
31455
31459
31442
31424
31438
31463
31433
31422
31438
31458
31471
31457
31447
31435
31435
31439
31399
31405
31415
31427
31407
31410
31414
31384
31379
31416
31426
31424
31403
31411
31423
31414
31424
31406
31392
31425
31436
31449
31451
31461
31440
31447
31456
31474
31460
31461
31451
31475
31445
31401
31438
31437
31440
31452
31417
31426
31412
31399
31404
31412
31391
31373
31403
31409
31360
31383
31417
31393
31402
31414
31391
31451
31446
31401
31398
31432
31438
31435
31436
31453
31461
31425
31427
31441
31456
31472
31448
31436
31427
31421
31421
31446
31447
31431
31447
31443
31415
31398
31389
31387
31391
31371
31395
31378
31366
31384
31369
31447
31409
31383
31374
31391
31410
31416
31399
31436
31440
31413
31435
31434
31432
31433
31450
31415
31416
31463
31441
31428
31441
31449
31410
31444
31425
31400
31438
31409
31404
31411
31421
31430
31411
31378
31394
31392
31399
31381
31386
31396
31405
31405
31410
31410
31425
31427
31414
31408
31404
31423
31425
31445
31467
31448
31437
31456
31451
31445
31425
31429
31441
31444
