36647
36659
36655
36651
36658
36644
36639
36639
36640
36637
36642
36647
36643
36653
36664
36667
36667
36679
36679
36677
36688
36689
36697
36705
36697
36697
36705
36700
36699
36697
36706
36706
36694
36691
36679
36671
36677
36673
36662
36657
36646
36649
36650
36647
36633
36639
36637
36636
36627
36631
36639
36641
36635
36638
36642
36641
36650
36663
36673
36661
36666
36675
36687
36690
36693
36700
36705
36705
36705
36715
36707
36721
36709
36693
36701
36695
36686
36684
36681
36677
36663
36655
36657
36654
36650
36649
36651
36644
36640
36639
36646
36639
36640
36643
36647
36649
36657
36651
36661
36673
36668
36657
36675
36689
36691
36693
36699
36703
36695
36691
36708
36713
36697
36687
36691
36689
36697
36685
36673
36671
36655
36659
36659
36647
36657
36645
36633
36629
36628
36629
36622
36625
36626
36626
36635
36648
36651
36717
36673
36669
36674
36680
36686
36691
36691
36695
36700
36702
36711
36711
36710
36710
36709
36705
36707
36694
36690
36691
36683
36687
36678
36665
36665
36659
36641
36648
36641
36633
36632
36632
36627
36628
36631
36631
36631
36638
36637
36648
36661
36655
36663
36676
36677
36678
36681
36695
36697
36687
36694
36693
36698
36693
36688
36693
36702
36687
36685
36688
36674
36669
36660
36661
36667
36659
36652
36649
36648
36650
36643
36649
36646
36645
36646
36639
36647
36653
36651
36648
36660
36673
36674
36673
36677
36688
36691
36696
36698
36703
36699
36698
36705
36710
36701
36700
36689
36691
36687
36675
36687
36686
36681
36669
36666
36661
36659
36636
36639
36638
36637
36641
36637
36625
36628
36639
36641
36647
36647
36647
36648
36652
36663
36669
36669
36675
36678
36688
36685
36678
36682
36690
36701
36691
36687
36692
36689
36688
36689
36686
36679
36687
36677
36675
36670
36657
36665
36665
36645
36642
36638
36635
36638
36641
36631
36631
36638
36631
36637
36637
36639
36645
36642
36652
36660
36665
36669
36673
36677
36681
36681
36684
36687
36685
36695
36694
36695
36689
36687
36695
36690
36686
36684
36676
36667
36665
36665
36657
36651
36649
36648
36635
36632
36634
36632
36635
36635
36623
36625
36640
36633
36635
36641
36645
36651
36650
36667
36667
36668
36676
36685
36691
36679
36685
36687
36688
36691
36692
36701
36695
36692
36687
36678
36679
36681
36667
36662
36647
36649
36644
36633
36642
36633
36625
36619
36619
36617
36629
36629
36632
36633
36635
36638
36644
36652
36659
36656
36659
36664
36680
36683
36685
36687
36702
36691
36694
36698
36706
36707
36704
36696
36691
36704
36692
36684
36683
36684
36691
36677
36671
36671
36671
36669
36674
36670
36674
36675
36676
36673
36676
36681
36695
36702
36705
36707
36713
36719
36721
36735
36740
36748
36761
36765
36769
36783
36788
36786
36783
36789
36793
36799
36791
36789
36778
36783
36774
36781
36775
36764
36755
36759
36759
36753
36750
36751
36755
36745
36753
36751
36757
36753
36759
36758
36757
36763
36765
36759
36760
36767
36781
36791
36798
36807
36815
36823
36836
36838
36849
36860
36863
36865
36863
36867
36863
36872
36859
36852
36842
36835
36827
36817
36810
36799
36792
36793
36791
36794
36803
36789
36783
36783
36772
36773
36771
36765
36762
36769
36763
36766
36758
36752
36752
36751
36759
36775
36791
36811
36820
36821
36825
36825
36831
36839
36834
36823
36821
36828
36823
36803
36797
36775
36761
36750
36663
36737
36739
36729
36727
36729
36725
36726
36711
36703
36695
36687
36679
36687
36693
36681
36672
36669
36661
36659
36653
36663
36667
36679
36687
36701
36721
36743
36743
36743
36744
36745
36747
36751
36745
36743
36735
36752
36729
36721
36708
36687
36685
36684
36684
36679
36678
36685
36683
36685
36661
36663
36651
36642
36641
36647
36641
36635
36627
36615
36618
36619
36616
36610
36623
36638
36653
36662
36665
36680
36695
36705
36701
36704
36697
36701
36703
36703
36704
36693
36680
36677
36669
36659
36653
36655
36657
36652
36653
36658
36658
36662
36652
36649
36643
36639
36634
36633
36631
36640
36639
36624
36623
36632
36636
36637
36639
36647
36666
36675
36686
36692
36697
36700
36697
36698
36695
36696
36699
36694
36691
36684
36683
36673
36667
36656
36655
36660
36654
36652
36660
36663
36663
36657
36653
36651
36644
36646
36647
36635
36639
36647
36643
36635
36625
36635
36633
36637
36643
36651
36662
36678
36688
36693
36691
36695
36696
36698
36693
36694
36685
36680
36681
36687
36679
36672
36663
36657
36655
36653
36655
36655
36651
36661
36663
36667
36655
36647
36647
36644
36639
36635
36635
36640
36641
36635
36639
36642
36641
36641
36647
36660
36665
36673
36677
36684
36692
36701
36699
36695
36696
36687
36685
36687
36680
36676
36663
36677
36669
36664
36654
36657
36650
36655
36655
36650
36656
36653
36648
36648
36646
36641
36639
36627
36630
36637
36632
36636
36636
36633
36649
36653
36652
36661
36667
36682
36687
36697
36696
36703
36702
36693
36686
36686
36686
36684
36687
36679
36677
36666
36661
36656
36657
36652
36644
36650
36653
36642
36647
36645
36642
36643
36641
36634
36631
36637
36639
36640
36640
36650
36652
36659
36658
36665
36673
36679
36679
36691
36696
36700
36707
36711
36709
36700
36699
36687
36689
36687
36682
36675
36673
36670
36659
36655
36647
36651
36647
36647
36641
36647
36647
36643
36643
36639
36643
36640
36641
36642
36640
36647
36651
36659
36664
36665
36673
36679
36685
36680
36681
36690
36699
36701
36705
36701
36699
36693
36689
36681
36679
36680
36666
36662
36657
36656
36657
36645
36637
36643
36639
36643
36634
36639
36641
36642
36648
36647
36645
36649
36647
36644
36646
36654
36659
36665
36666
36666
36676
36675
36682
36689
36688
36692
36693
36703
36688
36689
36690
36685
36680
36678
36667
36658
36661
36656
36652
36657
36647
36642
36643
36640
36642
36643
36647
36651
36651
36648
36648
36649
36647
36649
36642
36648
36655
36658
36665
36662
36676
36675
36679
36679
36685
36685
36691
36691
36691
36698
36697
36687
36692
36679
36671
36664
36663
36663
36660
36660
36655
36653
36649
36646
36647
36639
36638
36638
36642
36642
36647
36649
36648
36647
36649
36645
36650
36656
36656
36663
36667
36667
36665
36677
36677
36681
36690
36689
36686
36689
36691
36692
36690
36687
36688
36676
36672
36663
36662
36661
36655
36656
36651
36652
36647
36650
36645
36631
36636
36643
36639
36645
36645
36643
36646
36644
36647
36645
36643
36659
36655
36662
36664
36677
36685
36683
36686
36692
36696
36691
36688
36690
36695
36693
36695
36687
36679
36669
36663
36664
36659
36655
36629
36646
36649
36648
36641
36639
36647
36639
36640
36640
36635
36639
36643
36649
36649
36651
36656
36660
36668
36669
36669
36669
36677
36681
36692
36687
36689
36697
36698
36695
36695
36687
36687
36682
36686
36684
36677
36672
36669
36661
36653
36651
36648
36642
36649
36639
36647
36647
36647
36639
36645
36647
36647
36647
36647
36654
36660
36663
36664
36667
36667
36670
36680
36687
36700
36699
36696
36699
36693
36695
36689
36688
36695
36694
36692
36686
36677
36669
36667
36660
36653
36647
36642
36641
36641
36647
36640
36643
36641
36641
36639
36645
36643
36644
36646
36649
36657
36654
36662
36664
36668
36671
36679
36677
36675
36679
36679
36687
36690
36691
36695
36687
36681
36687
36682
36673
36670
36671
36671
36666
36664
36655
36651
36646
36643
36641
36643
36648
36643
36645
36644
36645
36647
36649
36646
36645
36654
36659
36660
36663
36669
36683
36675
36687
36689
36691
36694
36689
36689
36695
36700
36702
36697
36695
36698
36687
36693
36691
36682
36680
36677
36673
36661
36669
36656
36661
36653
36649
36649
36658
36662
36669
36651
36650
36643
36641
36650
36657
36661
36661
36661
36666
36671
36661
36665
36669
36681
36681
36682
36683
36689
36702
36693
36697
36698
36691
36682
36683
36679
36673
36678
36669
36653
36654
36647
36663
36665
36658
36655
36657
36661
36657
36659
36653
36655
36657
36653
36660
36661
36665
36662
36663
36675
36677
36671
36681
36691
36689
36690
36697
36702
36704
36695
36701
36705
36707
36699
36693
36678
36679
36681
36678
36673
36669
36657
36654
36657
36651
36644
36644
36648
36635
36635
36641
36639
36643
36651
36647
36658
36659
36661
36651
36647
36667
36675
36681
36683
36679
36679
36693
36689
36690
36688
36691
36689
36680
36684
36685
36681
36673
36675
36671
36657
36655
36649
36645
36647
36651
36645
36638
36646
36647
36646
36637
36635
36649
36646
36647
36655
36662
36657
36647
36655
36657
36661
36661
36663
36671
36679
36679
36677
36674
36687
36681
36679
36683
36679
36677
36677
36672
36668
36666
36667
36659
36653
36653
36650
36643
36643
36643
36643
36646
36637
36637
36639
36642
36643
36652
36654
36655
36651
36651
36655
36660
36667
36659
36661
36674
36679
36673
36687
36689
36689
36686
36689
36683
36686
36685
36688
36683
36671
36670
36669
36657
36651
36655
36653
36644
36647
36639
36639
36643
36640
36643
36641
36634
36643
36647
36644
36647
36646
36647
36652
36651
36657
36667
36659
36664
36671
36671
36672
36680
36673
36679
36683
36687
36679
36680
36688
36688
36695
36686
36677
36668
36671
36673
36666
36662
36662
36652
36648
36650
36644
36647
36651
36647
36653
36653
36647
36655
36647
36658
36657
36663
36665
36663
36670
36676
36672
36673
36683
36680
36683
36680
36683
36684
36689
36685
36685
36680
36679
36681
36676
36681
36674
36664
36663
36663
36657
36649
36645
36647
36651
36645
36639
36636
36635
36639
36644
36637
36643
36641
36650
36651
36656
36673
36659
36671
36669
36669
36667
36679
36687
36689
36694
36695
36701
36693
36697
36697
36699
36692
36689
36681
36685
36680
36669
36661
36659
36660
36649
36643
36655
36648
36641
36639
36635
36636
36641
36645
36643
36653
36655
36647
36652
36660
36667
36663
36671
36661
36667
36673
36678
36689
36689
36683
36680
36682
36686
36687
36683
36673
36679
36676
36673
36673
36661
36658
36655
36649
36649
36641
36639
36639
36635
36635
36641
36639
36639
36631
36645
36641
36645
36651
36655
36653
36655
36663
36665
36663
36671
36671
36670
36679
36673
36665
36673
36682
36682
36675
36685
36679
36682
36675
36671
36663
36664
36661
36653
36655
36651
36646
36647
36645
36640
36640
36641
36639
36646
36648
36651
36644
36648
36647
36649
36656
36652
36653
36659
36663
36663
36664
36667
36667
36669
36676
36677
36679
36683
36687
36685
36682
36686
36671
36667
36673
36666
36667
36667
36664
36655
36647
36651
36645
36647
36637
36643
36638
36643
36640
36633
36644
36651
36648
36649
36643
36649
36652
36658
36662
36661
36665
36673
36676
36675
36679
36684
36684
36681
36680
36687
36687
36681
36679
36679
36675
36682
36669
36666
36657
36656
36659
36649
36651
36650
36642
36647
36648
36635
36635
36637
36641
36645
36647
36641
36647
36651
36651
36649
36653
36669
36663
36663
36663
36680
36686
36679
36679
36685
36683
36681
36682
36679
36680
36681
36680
36671
36665
36665
36656
36651
36657
36651
36647
36647
36641
36631
36639
36637
36631
36635
36636
36638
36637
36641
36645
36644
36655
36650
36655
36659
36668
36665
36676
36673
36667
36669
36673
36676
36683
36682
36680
36689
36687
36686
36688
36679
36681
36677
36677
36662
36661
36660
36653
36650
36649
36645
36641
36647
36651
36638
36637
36642
36640
36641
36645
36658
36651
36651
36659
36665
36660
36659
36664
36668
36671
36672
36678
36679
36681
36684
36674
36679
36673
36671
36676
36671
36673
36665
36667
36664
36661
36653
36648
36647
36645
36641
36641
36641
36643
36641
36639
36638
36644
36644
36647
36649
36647
36651
36653
36667
36659
36663
36667
36667
36667
36671
36675
36675
36677
36679
36677
36679
36681
36683
36679
36680
36677
36674
36673
36747
36665
36661
36657
36657
36653
36649
36647
36646
36643
36647
36643
36642
36649
36651
36643
36643
36646
36655
36647
36653
36655
36657
36661
36671
36671
36671
36675
36677
36679
36671
36679
36669
36680
36684
36677
36667
36682
36669
36671
36671
36663
36663
36657
36658
36652
36649
36648
36644
36643
36640
36650
36645
36639
36647
36639
36642
36644
36646
36640
36643
36653
36652
36654
36656
36671
36664
36674
36677
36675
36676
36677
36683
36683
36685
36684
36676
36677
36681
36676
36676
36663
36662
36661
36659
36658
36657
36657
36654
36642
36641
36639
36643
36645
36641
36636
36639
36641
36642
36646
36649
36649
36653
36657
36663
36664
36665
36677
36671
36674
36677
36677
36685
36677
36684
36683
36676
36677
36683
36681
36672
36680
36677
36671
36670
36662
36655
36655
36649
36647
36647
36638
36643
36644
36639
36645
36645
36645
36645
36643
36648
36651
36652
36661
36660
36665
36667
36671
36673
36677
36673
36683
36683
36681
36678
36683
36679
36680
36683
36672
36677
36673
36675
36663
36660
36659
36657
36655
36650
36646
36651
36647
36642
36647
36639
36643
36645
36641
36642
36639
36642
36646
36653
36657
36654
36665
36669
36669
36669
36669
36685
36682
36678
36679
36679
36680
36675
36676
36683
36677
36669
36667
36669
36671
36659
36653
36655
36656
36652
36658
36647
36641
36640
36646
36644
36641
36641
36638
36643
36644
36647
36644
36653
36653
36652
36663
36655
36659
36667
36663
36671
36671
36677
36675
36679
36676
36681
36683
36681
36680
36679
36678
36673
36664
36666
36667
36666
36663
36657
36659
36659
36647
36654
36647
36640
36647
36643
36649
36649
36647
36649
36648
36651
36653
36657
36656
36663
36661
36667
36665
36675
36680
36676
36675
36681
36680
36683
36683
36679
36685
36683
36685
36677
36673
36680
36678
36669
36661
36655
36655
36655
36653
36661
36654
36649
36639
36644
36650
36651
36645
36643
36645
36645
36646
36656
36654
36657
36661
36663
36673
36661
36673
36676
36675
36678
36682
36676
36679
36679
36684
36679
36677
36679
36673
36672
36675
36665
36667
36661
36661
36647
36647
36653
36646
36643
36639
36646
36642
36641
36637
36645
36648
36648
36642
36649
36656
36660
36663
36663
36665
36669
36673
36675
36675
36681
36681
36679
36678
36683
36690
36688
36682
36680
36687
36680
36684
36679
36675
36671
36669
36664
36663
36662
36665
36653
36647
36655
36648
36645
36647
36655
36653
36663
36669
36667
36665
36662
36666
36667
36669
36683
36684
36687
36683
36685
36687
36687
36686
36689
36680
36679
36680
36685
36679
36675
36675
36678
36668
36663
36665
36657
36658
36660
36649
36651
36653
36653
36653
36647
36644
36652
36653
36653
36656
36657
36657
36663
36661
36663
36673
36674
36671
36674
36676
36679
36679
36680
36687
36686
36683
36684
36681
36685
36684
36683
36681
36679
36676
36671
36674
36683
36666
36665
36661
36669
36667
36651
36645
36649
36657
36658
36659
36647
36648
36647
36655
36651
36658
36665
36657
36663
36667
36661
36670
36689
36668
36667
36670
36675
36668
36671
36672
36677
36681
36681
36672
36663
36665
36663
36662
36663
36654
36653
36659
36656
36651
36654
36649
36646
36642
36645
36647
36646
36649
36646
36649
36657
36658
36658
36653
36659
36663
36671
36667
36665
36677
36675
36676
36671
36679
36676
36674
36678
36679
36681
36677
36673
36671
36669
36669
36668
36669
36663
36658
36655
36647
36653
36644
36645
36648
36647
36647
36650
36647
36655
36657
36645
36657
36656
36659
36657
36662
36667
36669
36666
36668
36671
36676
36675
36676
36675
36679
36679
36675
36675
36671
36676
36676
36673
36671
36662
36663
36659
36652
36653
36654
36652
36656
36646
36641
36645
36644
36645
36646
36641
36649
36649
36649
36658
36659
36658
36662
36671
36660
36661
36665
36670
36672
36671
36679
36680
36681
36676
36675
36676
36674
36675
36669
36664
36664
36663
36665
36663
36672
36661
36654
36652
36648
36647
36647
36649
36640
36645
36647
36654
36656
36657
36652
36661
36661
36665
36662
36661
36671
36673
36667
36668
36677
36676
36677
36675
36681
36679
36681
36681
36681
36683
36675
36673
36670
36665
36667
36663
36661
36662
36665
36652
36653
36655
36651
36649
36651
36653
36647
36651
36653
36647
36651
36660
36665
36658
36660
36664
36669
36663
36664
36672
36672
36678
36676
36677
36677
36679
36680
36675
36679
36681
36677
36671
36667
36671
36661
36668
36667
36662
36661
36661
36654
36655
36657
36657
36649
36643
36653
36652
36658
36657
36656
36651
36653
36657
36660
36663
36673
36664
36665
36669
36669
36673
36677
36683
36673
36678
36688
36680
36677
36683
36676
36674
36673
36673
36670
36664
36664
36663
36655
36659
36658
36647
36651
36651
36648
36644
36647
36651
36648
36651
36658
36652
36651
36657
36665
36663
36675
36666
36673
36677
36667
36671
36670
36677
36680
36679
36680
36675
36679
36679
36688
36679
36676
36676
36684
36677
36671
36669
36667
36667
36663
36659
36655
36655
36657
36660
36655
36653
36644
36649
36653
36655
36661
36661
36660
36663
36667
36661
36664
36670
36678
36675
36679
36677
36677
36685
36684
36683
36681
36681
36678
36675
36673
36682
36679
36674
36669
36673
36661
36660
36664
36660
36658
36651
36649
36651
36651
36653
36649
36650
36652
36660
36653
36653
36657
36665
36656
36660
36664
36661
36663
36671
36665
36673
36673
36666
36676
36679
36680
36675
36679
36675
36671
36672
36683
36677
36671
36673
36673
36663
36663
36660
36661
36659
36653
36654
36654
36653
36647
36652
36647
36652
36655
36656
36656
36655
36663
36659
36661
36675
36661
36668
36671
36673
36669
36666
36664
36676
36675
36671
36675
36673
36677
36671
36675
36673
36671
36671
36675
36671
36666
36665
36659
36663
36663
36658
36653
36648
36647
36645
36647
36652
36652
36651
36647
36647
36651
36650
36661
36663
36662
36657
36669
36671
36673
36667
36670
36671
36667
36670
36673
36676
36679
36676
36673
36675
36673
36676
36675
36667
36671
36668
36659
36659
36659
36653
36643
36655
36648
36652
36649
36651
36655
36655
36652
36650
36647
36649
36656
36659
36662
36661
36663
36665
36661
36667
36673
36671
36673
36675
36677
36674
36673
36669
36667
36669
36671
36666
36669
36659
36662
36664
36662
36655
36656
36655
36657
36655
36651
36647
36651
36655
36647
36651
36647
36654
36663
36658
36659
36662
36669
36671
36671
36669
36669
36678
36677
36673
36670
36686
36675
36683
36679
36683
36684
36687
36687
36686
36671
36678
36671
36664
36663
36663
36666
36668
36661
36661
36656
36661
36663
36660
36658
36661
36655
36660
36661
36665
36664
36667
36661
36671
36676
36671
36676
36671
36676
36677
36688
36678
36687
36687
36687
36678
36683
36679
36676
36675
36677
36679
36667
36670
36679
36673
36659
36659
36663
36660
36651
36656
36655
36649
36642
36655
36645
36655
36655
36652
36651
36653
36663
36669
36667
36668
36673
36671
36673
36673
36673
36679
36676
36685
36681
36683
36681
36679
36679
36672
36674
36678
36677
36671
36673
36664
36662
36659
36661
36661
36652
36657
36651
36648
36637
36648
36647
36651
36650
36649
36644
36648
36653
36652
36658
36663
36661
36664
36665
36668
36663
36674
36679
36675
36679
36678
36675
36676
36678
36676
36674
36667
36671
36663
36664
36667
36659
36657
36655
36657
36653
36655
36648
36650
36647
36655
36647
36647
36648
36653
36651
36649
36653
36660
36661
36668
36671
36676
36671
36678
36679
36670
36678
36683
36683
36671
36671
36688
36681
36675
36685
36681
36675
36666
36673
36675
36669
36674
36671
36658
36657
36655
36651
36649
36648
36643
36642
36636
36646
36650
36650
36659
36661
36659
36661
36663
36667
36665
36664
36670
36671
36673
36677
36669
36677
36681
36685
36683
36685
36681
36679
36683
36678
36678
36671
36663
36665
36663
36665
36653
36653
36656
36649
36647
36648
36651
36647
36645
36641
36635
36647
36650
36655
36647
36653
36661
36661
36663
36663
36664
36671
36675
36675
36673
36677
36679
36681
36688
36686
36691
36693
36679
36681
36679
36677
36679
36675
36671
36671
36663
36660
36655
36663
36647
36645
36645
36647
36645
36656
36652
36657
36655
36659
36645
36654
36653
36659
36658
36663
36667
36671
36684
36673
36678
36685
36689
36687
36687
36687
36685
36689
36675
36668
36679
36678
36675
36675
36671
36667
36661
36660
36650
36661
36660
36663
36650
36660
36650
36655
36659
36654
36647
36647
36651
36655
36662
36658
36663
36662
36663
36668
36673
36671
36682
36679
36675
36679
36683
36691
36685
36673
36679
36684
36683
36684
36682
36681
36676
36675
36665
36667
36663
36657
36660
36659
36654
36659
36653
36655
36649
36645
36649
36647
36649
36650
36657
36657
36657
36650
36664
36668
36668
36668
36672
36677
36673
36681
36679
36679
36689
36687
36689
36683
36687
36687
36682
36681
36672
36673
36679
36676
36664
36661
36665
36661
36662
36654
36651
36649
36652
36649
36653
36646
36643
36651
36647
36642
36653
36660
36652
36659
36664
36673
36678
36677
36669
36677
36687
36681
36683
36681
36701
36691
36692
36680
36683
36692
36685
36677
36679
36671
36674
36667
36652
36652
36647
36647
36647
36647
36649
36653
36647
36636
36639
36637
36643
36648
36649
36645
36655
36657
36662
36655
36661
36666
36673
36671
36669
36677
36683
36677
36681
36676
36677
36675
36661
36687
36681
36681
36680
36671
36671
36679
36673
36663
36655
36655
36649
36655
36641
36639
36641
36649
36649
36649
36647
36645
36657
36653
36661
36658
36660
36672
36673
36679
36667
36679
36687
36689
36687
36677
36681
36687
36683
36678
36679
36687
36679
36671
36663
36673
36663
36662
36661
36660
36663
36655
36641
36642
36636
36649
36651
36644
36642
36645
36637
36640
36644
36653
36655
36651
36659
36656
36663
36667
36664
36671
36669
36676
36676
36679
36677
36679
36676
36680
36682
36676
36675
36671
36673
36673
36668
36663
36663
36663
36655
36649
36649
36655
36651
36647
36647
36644
36641
36645
36643
36651
36648
36650
36647
36649
36653
36659
36660
36661
36663
36668
36673
36674
36676
36674
36673
36680
36677
36673
36679
36679
36677
36673
36671
36679
36681
36662
36669
36665
36662
36652
36655
36651
36643
36648
36649
36638
36647
36637
36643
36640
36649
36647
36643
36641
36647
36655
36649
36665
36669
36670
36662
36666
36672
36669
36667
36665
36674
36683
36671
36679
36683
36673
36675
36679
36669
36673
36667
36664
36657
36655
36658
36647
36647
36647
36644
36648
36639
36633
36641
36641
36645
36645
36647
36654
36650
36650
36650
36655
36658
36663
36658
36661
36673
36673
36674
36683
36681
36685
36679
36682
36687
36690
36678
36679
36675
36667
36671
36679
36668
36664
36661
36660
36655
36656
36648
36648
36641
36645
36648
36641
36641
36643
36644
36647
36648
36653
36655
36660
36655
36653
36663
36666
36675
36687
36671
36674
36683
36675
36679
36681
36688
36683
36679
36678
36675
36671
36669
36668
36663
36660
36663
36657
36651
36651
36654
36651
36649
36637
36645
36649
36650
36645
36644
36655
36655
36655
36652
36651
36661
36658
36667
36672
36663
36676
36677
36673
36671
36679
36675
36679
36681
36683
36683
36678
36671
36671
36675
36671
36671
36655
36649
36654
36649
36651
36649
36639
36641
36640
36639
36642
36659
36639
36645
36643
36645
36647
36649
36648
36650
36662
36650
36658
36669
36663
36669
36671
36669
36673
36673
36676
36677
36679
36673
36673
36673
36671
36665
36671
36668
36673
36669
36661
36658
36654
36659
36652
36654
36649
36653
36652
36650
36647
36647
36653
36647
36653
36649
36650
36656
36658
36657
36659
36661
36665
36667
36676
36666
36673
36673
36674
36682
36681
36679
36675
36680
36670
36675
36679
36671
36667
36669
36665
36666
36662
36653
36655
36651
36651
36647
36647
36647
36648
36645
36649
36648
36647
36645
36651
36647
36647
36655
36657
36659
36662
36661
36663
36671
36672
36667
36675
36671
36682
36683
36679
36676
36679
36681
36673
36677
36670
36671
36663
36663
36661
36663
36649
36658
36657
36647
36642
36645
36646
36641
36644
36641
36641
36646
36648
36663
36651
36651
36663
36665
36663
36663
36665
36677
36671
36673
36671
36675
36674
36677
36677
36680
36675
36677
36677
36673
36667
36673
36663
36658
36658
36658
36657
36647
36647
36644
36637
36652
36641
36641
36643
36636
36641
36644
36646
36649
36651
36657
36659
36655
36653
36663
36665
36664
36671
36671
36671
36673
36675
36675
36675
36671
36676
36674
36676
36674
36670
36671
36671
36667
36664
36663
36657
36663
36655
36653
36653
36649
36645
36650
36647
36647
36643
36646
36655
36647
36652
36653
36653
36657
36657
36657
36662
36669
36676
36679
36667
36668
36674
36674
36673
36671
36674
36679
36673
36671
36665
36666
36669
36663
36663
36658
36657
36658
36653
36647
36651
36653
36647
36644
36645
36642
36647
36645
36647
36648
36655
36649
36657
36654
36647
36663
36662
36661
36668
36663
36664
36669
36671
36676
36672
36672
36673
36675
36671
36673
36671
36673
36665
36673
36665
36663
36662
36655
36655
36651
36654
36653
36651
36648
36649
36649
36647
36655
36665
36655
36651
36650
36651
36655
36663
36659
36653
36662
36664
36665
36668
36677
36679
36657
36679
36680
36675
36677
36677
36683
36673
36672
36674
36675
36672
36663
36664
36663
36668
36663
36661
36657
36655
36649
36645
36656
36647
36641
36647
36644
36651
36649
36654
36655
36654
36653
36665
36663
36663
36665
36671
36679
36677
36674
36671
36673
36678
36679
36678
36676
36671
36677
36665
36674
36670
36665
36664
36657
36666
36662
36659
36657
36649
36641
36645
36646
36647
36641
36649
36645
36646
36643
36640
36654
36653
36647
36654
36654
36663
36666
36665
36666
36666
36669
36665
36684
36676
36671
36679
36681
36677
36674
36671
36675
36673
36667
36667
36665
36663
36663
36653
36656
36649
36649
36650
36652
36650
36647
36641
36642
36649
36647
36651
36653
36654
36656
36659
36666
36663
36661
36666
36670
36672
36677
36679
36673
36674
36677
36680
36682
36678
36671
36668
36675
36680
36665
36663
36667
36665
36661
36657
36655
36658
36652
36651
36649
36655
36646
36650
36643
36643
36656
36654
36652
36649
36653
36661
36656
36664
36666
36667
36667
36673
36671
36670
36669
36678
36673
36670
36669
36679
36680
36671
36674
36675
36671
36675
36670
36661
36654
36663
36658
36655
36661
36655
36655
36654
36649
36647
36643
36655
36649
36648
36647
36647
36659
36655
36650
36659
36663
36663
36656
36667
36669
36668
36669
36669
36668
36667
36675
36681
36671
36677
36681
36673
36676
36671
36669
36670
36663
36663
36657
36655
36661
36655
36651
36652
36651
36643
36641
36646
36648
36649
36647
36649
36647
36652
36657
36653
36653
36662
36671
36669
36671
36676
36671
36679
36671
36674
36679
36679
36679
36673
36673
36670
36679
36675
36677
36671
36674
36666
36655
36659
36657
36657
36652
36653
36648
36659
36648
36655
36648
36655
36654
36657
36658
36645
36657
36665
36663
36663
36667
36669
36673
36663
36673
36677
36683
36685
36679
36681
36684
36687
36679
36681
36686
36688
36673
36657
36679
36674
36677
36671
36661
36661
36646
36656
36649
36653
36652
36651
36653
36651
36646
36657
36664
36661
36651
36657
36658
36663
36663
36661
36662
36667
36671
36667
36672
36675
36677
36683
36678
36682
36679
36683
36683
36671
36677
36679
36679
36671
36673
36671
36671
36671
36657
36659
36655
36655
36649
36655
36652
36653
36650
36653
36655
36659
36661
36661
36661
36658
36665
36668
36668
36663
36671
36677
36688
36693
36689
36685
36696
36691
36687
36685
36690
36691
36680
36678
36681
36680
36679
36683
36672
36671
36671
36669
36668
36669
36665
36666
36669
36660
36661
36671
36671
36669
36667
36671
36671
36665
36667
36661
36671
36675
36675
36664
36665
36674
36677
36673
36674
36683
36683
36686
36688
36682
36677
36680
36687
36677
36676
36668
36669
36668
36663
36663
36663
36659
36653
36660
36660
36669
36667
36664
36661
36667
36666
36663
36663
36671
36674
36672
36673
36670
36675
36673
36681
36681
36685
36684
36683
36689
36689
36686
36691
36693
36679
36689
36683
36686
36682
36677
36671
36670
36679
36675
36665
36662
36665
36667
36663
36659
36648
36657
36661
36657
36655
36650
36654
36665
36667
36660
36657
36667
36674
36673
36677
36680
36673
36679
36683
36681
36684
36689
36687
36669
36665
36676
36667
36671
36676
36677
36673
36665
36665
36669
36671
36662
36662
36663
36655
36648
36650
36659
36652
36658
36647
36649
36653
36655
36655
36650
36654
36661
36663
36667
36667
36662
36669
36667
36670
36673
36670
36677
36676
36675
36671
36664
36667
36674
36677
36665
36663
36667
36669
36659
36656
36659
36655
36656
36652
36641
36645
36645
36641
36649
36641
36643
36645
36649
36663
36663
36658
36665
36667
36667
36663
36659
36669
36669
36677
36679
36675
36679
36673
36675
36687
36684
36679
36672
36671
36673
36673
36665
36673
36663
36657
36665
36671
36664
36661
36655
36649
36657
36652
36641
36645
36647
36646
36650
36658
36655
36653
36655
36657
36653
36663
36671
36674
36669
36663
36670
36669
36675
36671
36672
36671
36661
36673
36665
36664
36667
36665
36661
36674
36669
36665
36665
36664
36663
36666
36663
36663
36659
36657
36663
36655
36662
36662
36661
36665
36665
36654
36668
36663
36666
36671
36673
36677
36674
36669
36677
36676
36683
36681
36677
36669
36677
36671
36669
36677
36671
36673
36662
36671
36671
36667
36664
36665
36665
36659
36651
36647
36661
36649
36652
36655
36651
36647
36647
36655
36659
36655
36657
36653
36663
36657
36657
36669
36680
36673
36679
36681
36683
36685
36680
36679
36676
36679
36683
36686
36688
36681
36681
36677
36677
36675
36676
36679
36677
36676
36668
36664
36660
36662
36660
36663
36666
36657
36658
36655
36654
36654
36653
36655
36655
36664
36667
36663
36657
36669
36673
36675
36663
36665
36671
36675
36679
36677
36667
36675
36676
36672
36676
36677
36673
36670
36663
36658
36662
36653
36660
36659
36657
36651
36658
36651
36648
36643
36655
36650
36650
36652
36654
36656
36657
36659
36661
36657
36661
36663
36671
36673
36673
36673
36673
36675
36677
36679
36677
36675
36679
36673
36673
36674
36671
36668
36657
36669
36667
36661
36654
36654
36653
36659
36655
36649
36650
36645
36649
36642
36651
36651
36647
36648
36655
36665
36656
36664
36663
36666
36663
36665
36664
36667
36671
36668
36669
36671
36683
36677
36675
36678
36674
36669
36671
36671
36665
36666
36667
36666
36661
36650
36667
36661
36650
36647
36653
36646
36653
36654
36659
36657
36657
36657
36658
36661
36658
36652
36654
36666
36661
36667
36668
36663
36664
36663
36668
36672
36668
36664
36667
36671
36667
36665
36671
36662
36665
36663
36667
36669
36663
36655
36655
36649
36655
36655
36654
36659
36637
36645
36650
36648
36656
36662
36661
36653
36655
36656
36663
36663
36669
36665
36666
36662
36668
36679
36683
36673
36674
36682
36677
36672
36676
36673
36669
36673
36666
36669
36667
36671
36669
36659
36659
36655
36659
36657
36649
36649
36649
36662
36656
36647
36657
36653
36657
36655
36656
36651
36650
36654
36661
36663
36663
36660
36663
36665
36665
36674
36675
36671
36670
36671
36671
36667
36676
36677
36675
36667
36666
36667
36660
36660
36667
36662
36655
36652
36653
36649
36645
36647
36652
36647
36661
36655
36661
36657
36659
36668
36664
36657
36660
36673
36663
36673
36667
36666
36671
36674
36666
36663
36671
36679
36677
36669
36673
36667
36667
36663
36663
36657
36661
36656
36659
36652
36653
36655
36648
36643
36647
36648
36642
36639
36644
36642
36645
36649
36648
36653
36656
36654
36658
36665
36663
36658
36671
36667
36668
36675
36677
36671
36669
36672
36676
36671
36669
36671
36668
36667
36667
36664
36660
36661
36658
36664
36655
36657
36653
36656
36647
36652
36651
36655
36650
36653
36653
36652
36651
36648
36650
36661
36656
36657
36655
36662
36665
36665
36667
36669
36671
36673
36673
36675
36668
36674
36671
36668
36671
36667
36671
36669
36668
36666
36664
36664
36653
36653
36653
36651
36647
36655
36659
36648
36647
36643
36647
36651
36646
36653
36656
36661
36654
36655
36667
36665
36655
36656
36657
36661
36662
36658
36666
36666
36670
36670
36669
36665
36665
36665
36667
36662
36663
36658
36663
36661
36655
36659
36659
36653
36656
36654
36653
36650
36649
36645
36649
36652
36648
36651
36660
36653
36655
36655
36656
36653
36650
36659
36658
36661
36672
36673
36668
36673
36675
36670
36669
36673
36673
36667
36682
36669
36669
36671
36675
36670
36665
36663
36669
36661
36663
36659
36665
36664
36655
36660
36655
36663
36649
36654
36655
36657
36649
36655
36659
36654
36655
36657
36661
36659
36660
36663
36663
36663
36667
36671
36669
36671
36674
36673
36667
36670
36673
36670
36664
36668
36661
36655
36659
36663
36661
36659
36654
36655
36650
36651
36655
36661
36649
36653
36651
36645
36654
36651
36657
36663
36659
36656
36656
36663
36667
36661
36658
36664
36671
36678
36676
36673
36669
36669
36675
36669
36662
36666
36667
36674
36663
36663
36663
36661
36655
36659
36653
36653
36655
36635
36652
36649
36651
36654
36648
36648
36652
36656
36658
36653
36655
36663
36657
36662
36658
36660
36661
36679
36669
36673
36676
36677
36663
36663
36669
36675
36673
36671
36667
36669
36667
36667
36656
36663
36659
36662
36655
36655
36653
36653
36655
36651
36654
36647
36650
36651
36658
36655
36655
36657
36655
36658
36661
36659
36664
36664
36672
36670
36666
36671
36668
36671
36675
36680
36671
36665
36662
36672
36675
36663
36661
36665
36666
36655
36663
36666
36664
36659
36653
36653
36657
36655
36646
36651
36654
36660
36654
36653
36655
36647
36657
36657
36661
36665
36662
36666
36665
36661
36663
36675
36671
36666
36669
36667
36669
36671
36676
36671
36666
36675
36667
36665
36664
36661
36664
36663
36664
36661
36659
36651
36657
36655
36651
36655
36658
36653
36651
36655
36657
36655
36654
36657
36659
36659
36656
36657
36657
36653
36661
36665
36667
36670
36673
36671
36662
36671
36676
36669
36668
36667
36675
36671
36667
36672
36679
36685
36680
36678
36676
36671
36671
36676
36665
36667
36670
36665
36671
36669
36670
36664
36665
36673
36667
36667
36678
36676
36677
36677
36681
36681
36679
36683
36685
36687
36689
36685
36681
36683
36683
36677
36673
36679
36676
36673
36669
36671
36663
36669
36668
36671
36664
36659
36664
36662
36661
36659
36662
36667
36659
36659
36663
36667
36665
36667
36667
36670
36660
36666
36679
36680
36686
36688
36695
36685
36693
36695
36692
36689
36691
36686
36695
36687
36691
36681
36686
36686
36681
36673
36667
36673
36673
36673
36670
36666
36675
36668
36673
36672
36675
36672
36677
36668
36674
36673
36671
36673
36669
36674
36679
36681
36679
36685
36685
36684
36681
36679
36681
36683
36684
36678
36679
36687
36687
36682
36679
36677
36675
36678
36675
36674
36673
36665
36664
36661
36668
36655
36652
36647
36658
36660
36661
36666
36652
36661
36661
36665
36667
36669
36667
36671
36676
36677
36669
36673
36669
36681
36673
36679
36680
36667
36669
36669
36677
36669
36677
36666
36661
36662
36667
36661
36663
36656
36649
36663
36650
36651
36653
36655
36646
36641
36650
36653
36645
36653
36655
36653
36660
36663
36662
36665
36663
36655
36660
36665
36663
36661
36661
36677
36686
36683
36670
36678
36673
36680
36681
36676
36667
36661
36669
36659
36664
36668
36659
36667
36671
36665
36655
36659
36650
36658
36659
36660
36657
36657
36663
36663
36660
36657
36663
36663
36664
36663
36663
36671
36671
36663
36663
36673
36663
36664
36670
36662
36675
36671
36677
36678
36672
36668
36669
36659
36654
36654
36658
36651
36648
36649
36643
36649
36658
36658
36660
36655
36669
36665
36664
36664
36667
36663
36667
36673
36666
36670
36679
36684
36679
36680
36687
36681
36678
36683
36688
36685
36689
36682
36682
36675
36676
36676
36675
36674
36677
36665
36671
36665
36663
36653
36647
36655
36655
36658
36663
36654
36663
36661
36661
36665
36659
36665
36662
36667
36672
36667
36662
36667
36671
36663
36670
36675
36664
36674
36669
36683
36673
36680
36670
36663
36675
36679
36676
36668
36673
36678
36671
36671
36673
36667
36659
36658
36663
36659
36661
36663
36660
36663
36665
36663
36665
36671
36671
36671
36671
36675
36671
36673
36676
36679
36674
36671
36681
36672
36674
36679
36682
36681
36679
36671
36681
36673
36666
36669
36674
36673
36663
36667
36667
36648
36654
36660
36659
36659
36650
36655
36658
36659
36659
36657
36661
36667
36671
36660
36657
36662
36658
36660
36669
36665
36669
36671
36663
36669
36673
36669
36669
36664
36671
36671
36667
36667
36663
36664
36669
36665
36662
36659
36655
36660
36662
36665
36659
36657
36659
36651
36651
36655
36649
36653
36652
36657
36654
36655
36657
36653
36659
36654
36669
36667
36663
36659
36664
36667
36665
36663
36666
36668
36669
36663
36663
36667
36661
36659
36658
36661
36655
36660
36662
36665
36661
36657
36661
36659
36654
36655
36664
36661
36657
36649
36650
36655
36649
36649
36654
36663
36662
36662
36657
36655
36661
36663
36655
36663
36671
36679
36671
36663
36669
36671
36671
36665
36666
36663
36658
36663
36665
36661
36659
36658
36655
36655
36657
36659
36655
36645
36644
36647
36647
36643
36645
36640
36643
36649
36653
36655
36657
36669
36665
36662
36661
36658
36663
36668
36675
36668
36677
36679
36674
36680
36679
36673
36666
36673
36667
36671
36670
36669
36665
36670
36665
36665
36671
36667
36655
36661
36655
36658
36655
36664
36658
36663
36655
36660
36659
36658
36662
36657
36659
36657
36663
36661
36658
36661
36673
36670
36661
36665
36664
36668
36656
36666
36665
36663
36659
36660
36659
36656
36662
36661
36661
36665
36656
36647
36655
36655
36655
36653
36652
36656
36663
36663
36664
36661
36655
36666
36657
36658
36657
36662
36670
36667
36665
36673
36679
36683
36670
36673
36667
36677
36675
36670
36679
36677
36673
36673
36665
36667
36671
36667
36662
36651
36656
36655
36657
36650
36651
36653
36651
36654
36654
36650
36654
36649
36647
36651
36656
36664
36654
36652
36655
36647
36657
36665
36663
36663
36658
36664
36657
36668
36663
36664
36667
36668
36661
36659
36664
36668
36663
36658
36659
36663
36655
36656
36658
36655
36653
36650
36663
36659
36653
36655
36651
36652
36651
36655
36653
36648
36653
36655
36659
36663
36665
36665
36665
36663
36665
36661
36667
36665
36669
36668
36661
36663
36665
36662
36665
36663
36660
36661
36664
36654
36659
36653
36657
36651
36651
36657
