41545
42336
42255
42025
42309
42487
42355
42164
42007
41944
42054
41777
41791
42040
41907
42086
42091
42133
42051
42023
41925
42146
41997
42047
41972
42212
41882
41809
41673
42154
41985
41933
41877
41733
41761
41732
41307
41615
41703
41555
41223
41409
41430
41189
41218
41237
41358
41429
41352
41523
41504
41646
41689
41431
41485
41547
41412
41384
41537
41324
41188
41074
41433
41488
41243
41101
41284
41369
41314
41073
41597
41539
41060
41089
41252
41135
41043
41071
41219
41165
41173
40882
40999
41205
41175
41225
41331
41368
41139
41301
41247
41256
40953
40897
41125
41271
40753
40835
40807
40955
40844
41029
40719
41132
40903
40699
40702
40983
42520
41303
41319
41288
41501
41279
41327
41312
41185
41127
40997
41039
41179
41153
41165
41164
41121
41343
41153
41141
41065
41351
41222
41223
41144
41033
41106
41116
41127
41177
40960
40893
40809
40890
40604
40947
40773
40859
40899
40719
40903
40798
40727
40594
40304
40583
40549
40567
40541
40661
40763
40687
40693
40763
40746
40823
40883
40727
40647
40694
40409
40727
40799
40506
40613
40465
40823
40771
40781
40468
40805
40708
40567
40776
40580
40529
40402
40296
40679
40421
40722
40593
40999
40819
40743
40692
40801
40933
40791
40720
40621
40520
40718
40586
40869
40614
40577
40479
40451
40253
40407
40280
40317
40403
40533
40584
40471
40283
40246
40469
40390
40649
40463
40367
40367
40560
40605
40391
40426
40833
40478
40535
40367
40519
40300
40450
40213
40607
40531
40327
40237
40502
40373
40373
40319
40337
40287
40554
40227
40350
40191
40142
40242
40462
40400
40503
40327
40519
40401
40574
40463
40389
40607
40433
40126
40263
40285
40243
40127
40247
40489
40391
40431
40422
40363
40421
40295
40351
40361
40260
40306
40172
40327
40143
40150
40119
40206
40188
40291
40096
40401
40311
40339
40148
40297
40250
40459
40182
40248
40268
40193
40157
40435
40171
40267
40067
40159
40389
40384
40541
40551
40483
40258
40231
40409
40445
40245
40376
40383
40523
40439
40174
40273
40457
40361
40345
40305
40455
40313
40546
40102
40357
40334
40287
40189
40393
40369
40220
40359
40600
40121
40151
40107
40147
40275
40334
40206
40143
40328
40282
40035
39951
40297
39993
39884
39961
40277
40366
40275
40220
40506
40241
40271
40015
40311
40281
40138
39965
40342
40146
40303
40005
40725
40749
40943
40671
40926
40905
40623
40794
40793
40897
40743
40321
40580
40584
40471
40777
40798
40950
40783
40511
40613
40775
40787
40839
40455
40415
40615
40419
40625
40615
40785
40515
40344
40665
40255
40366
40257
40496
40353
40310
40227
40249
40383
40199
40047
40259
40623
40215
40107
40618
40481
40556
40279
40492
40615
40412
40449
40263
40412
40231
40155
40499
40391
40415
40327
40398
40499
40528
40153
40459
40697
40568
40443
40389
40444
40361
40315
40327
40376
40401
40167
40417
40621
40433
40422
40191
40472
40337
40581
40488
40471
40327
40209
40196
40553
40583
40662
40347
40345
40193
40309
40299
40321
40400
40248
40222
40306
40268
40039
40425
40109
40311
40241
40042
40130
40183
40164
40381
40440
40458
40323
40262
40235
40230
40111
40073
40243
40239
40141
40217
40148
40025
40073
40106
40043
40469
40286
40351
40257
40180
40253
40059
40045
40149
40270
40207
40075
40311
40313
40209
40407
40489
40389
40392
40351
40279
40323
40071
40174
40394
40262
40229
40262
40147
40204
40229
39975
39972
40304
40055
40071
40015
39971
39927
39927
40065
40218
39947
39899
39865
40187
40216
40009
39863
40418
40277
40419
40316
40201
40342
40158
39858
40185
40253
40539
40177
40351
40454
40145
40046
40203
40339
40337
39956
40197
40271
40095
40104
40109
40123
40404
40291
40355
40492
40461
40257
40041
40553
40440
40459
40251
40416
40378
40095
40099
40285
40187
40249
40117
40279
40361
40133
40138
40267
40172
40068
40004
40172
40171
40194
40101
40247
40045
40093
39947
40279
40199
40361
40345
40139
40597
40275
40279
40154
40294
40331
40234
40149
40221
40409
40247
40236
40927
41034
40945
40818
41177
40972
40969
40887
40966
40762
40838
40615
40831
40885
40912
40727
41148
41031
41145
40798
41077
41095
40841
40941
40671
40593
40654
40589
40878
41059
40842
40761
40634
40577
40597
40522
40447
40570
40393
40466
40525
40423
40410
40411
40351
40619
40351
40531
40166
40735
40697
40559
40490
40600
40483
40719
40295
40763
40606
40505
40065
40283
40485
40536
40542
40719
40607
40459
40373
40699
40669
40399
40434
40309
40514
40271
40311
40443
40515
40535
40465
40405
40699
40415
40434
40483
40550
40593
40496
40307
40579
40396
40455
40469
40550
40696
40583
40179
40241
40188
40278
39963
40429
40269
40327
40319
40253
40255
40072
39877
40198
40303
40203
39985
40280
40294
40441
40215
40262
40481
40175
40387
40149
40277
40361
40113
40221
40255
40385
40383
40283
40309
40208
40315
39941
40350
40455
40123
40189
40198
40095
40168
40055
40220
40165
40123
40121
40311
40321
40335
40157
40433
40187
40071
40066
40075
40140
40131
40023
40377
40383
40522
40325
40175
40329
40234
40198
40295
40434
40139
40161
40155
40103
39950
40071
39996
40268
40267
39953
40053
40435
40155
40107
40275
40433
40425
40185
40351
40257
40096
39982
40184
40097
40283
40223
39972
40305
40223
40207
40012
40347
40265
40447
40434
40231
40241
40203
40225
40251
40263
40137
40083
40326
40335
40453
40229
40199
40391
40297
40279
40277
40349
40174
40095
40304
40391
39980
40219
40037
40197
40118
40079
39767
40145
40201
39981
39886
40045
39997
39803
39985
40017
40249
40106
39735
40181
40087
40068
40019
40407
40112
40217
40095
40003
40169
40074
39908
39997
40071
40279
40002
40293
40853
40781
40657
40624
40652
40631
40698
40411
40492
40381
40429
40469
40524
40533
40461
40531
40944
40691
40663
40555
40818
40739
40680
40548
40435
40526
40645
40381
40500
40597
40449
40487
40273
40428
40231
40284
40205
40144
40135
40403
40417
40262
40199
40034
40154
40345
40287
40209
40307
40416
40437
40417
40325
40347
40259
40165
40143
40349
40258
40211
40253
40453
40322
40439
40186
40426
40309
40269
40325
40338
40337
40429
40129
40071
40005
40220
40359
40372
40168
40249
40155
40294
40415
40218
40269
40326
40206
40308
40203
40175
40115
40252
39973
40086
40379
40220
40187
40287
40127
40050
40094
40002
40057
40044
40095
40048
39968
40079
39897
39826
40077
39895
40023
40006
40255
40055
40179
40057
40177
40208
40106
39980
40015
39966
40305
40162
40097
40011
40111
40000
39889
40151
40104
39941
40040
39881
40034
39966
40191
40013
39935
39683
39903
39999
40067
39895
40043
40279
40095
39842
40081
40349
40157
40209
40189
40085
40239
40143
40113
40173
39947
39982
40051
40149
39898
40017
39803
39842
39818
39769
39878
39897
39671
39923
39806
40061
40045
39743
39794
39863
40065
39931
40020
40044
40023
40164
39945
39940
39934
39879
39904
40034
39992
39946
39881
39793
40155
39934
39901
39799
40023
40151
39978
39985
40123
40004
40035
39791
39879
39973
39945
39774
40083
40079
39956
40119
40293
40104
40037
39944
39985
39977
40071
39815
39901
40183
39990
39954
40073
40001
40040
39816
39973
40043
40170
40047
39941
40073
39849
39554
39616
39985
40003
39976
39960
40341
40096
40151
39729
40019
40230
40178
39997
40135
39941
39836
40201
40147
39941
40017
39814
41263
41885
41749
41580
41601
41789
41699
41479
41255
41450
41427
41259
41288
41473
41445
41287
41322
41762
41453
41338
41709
41595
41375
41473
41231
41341
41183
41274
41101
41433
41294
41029
41095
41083
40815
40851
40777
40995
40753
41015
40778
40895
40751
40863
40743
40833
40893
40871
40560
40958
40912
40893
40694
40919
41053
40897
40635
40623
40728
40661
40557
40566
40865
40583
40559
40514
40677
40759
40604
40442
40949
40560
40735
40356
40611
40464
40519
40393
40179
40369
40473
40201
40595
40742
40661
40421
40561
40572
40517
40385
40411
40511
40343
40219
40460
40453
40416
40429
40370
40411
40346
40312
40275
40140
40263
40286
40191
40139
40100
39896
39939
40141
40187
39999
40055
40599
40445
40398
40098
40381
40253
40189
40037
39959
39851
39983
39979
40263
39957
40133
39972
40163
40083
39941
39798
40186
40033
39859
40119
40000
39775
39866
39583
39903
40164
39784
39869
40015
40263
39977
39843
40061
40082
40038
40177
39816
39866
39986
39701
39846
40155
40127
40013
39915
39895
39880
39601
39543
39805
40006
39913
39735
39809
39630
39639
39395
39739
39647
39582
39847
39988
39810
39991
39615
40097
39944
39997
39843
39910
39775
39698
39887
39803
40020
39780
39657
39925
40025
39854
39972
39895
39919
39894
40029
39903
39945
40111
39883
39687
39949
39974
39817
39750
39903
39877
39881
40067
40277
40009
40095
39895
40022
40119
39714
39912
39983
40035
39735
39799
39751
39823
39845
39790
39967
39955
39803
39820
39639
39883
39774
39707
39695
39593
39650
39684
39807
39877
39792
39720
39789
39925
39806
39907
39799
39695
39693
39911
39712
39869
39787
39741
39791
40514
40590
40632
40288
40246
40333
40392
40478
40216
40119
40243
40035
40174
40293
40343
40161
40224
40471
40185
39733
40129
40467
40183
40130
40150
40198
40286
40213
39921
40347
40043
40199
40109
39989
39856
40015
39955
40049
39933
39752
39829
40076
39819
39772
39700
39903
40030
39699
39694
40018
40236
40012
39849
39959
40191
40270
40011
40015
39899
39933
39693
39957
39969
40095
40010
39957
39934
39893
39775
39869
39935
40015
40059
39898
39864
39767
39907
39880
40117
39884
39890
39845
40001
39994
40056
39824
40195
40188
39926
39887
40088
40029
39881
39764
40215
40176
39786
39823
40073
39589
39759
39727
39925
39921
39943
39769
39893
39894
39553
39579
39639
39833
39873
39869
39759
39959
40049
39755
39761
39991
39935
39783
39675
39779
39695
39855
39768
39810
39889
39690
39973
39783
39575
39499
39702
39855
39683
39781
39600
39751
39537
39586
39697
39711
39663
39813
39704
39921
39982
39933
39709
39861
40089
39931
39999
40031
39868
39706
39607
39943
39873
39635
39697
39735
39790
39675
39557
39579
39758
39705
39561
39721
39727
39603
39470
39497
39547
39610
39425
39525
39683
39791
39557
39495
39941
39817
39637
39809
39588
39597
39546
39593
39805
39747
39728
39586
39730
40064
39834
39589
39619
39804
39733
39757
39949
39651
39663
39712
39676
39645
39619
39725
39745
39577
39729
39591
39623
39997
39802
39754
39745
39848
39663
39675
39456
39627
39893
39663
39457
39545
39656
39811
39628
39612
39650
39846
39678
39639
39745
39688
39727
39871
39647
39587
39570
39692
39761
39665
39809
39818
39879
39694
39514
39772
39713
39503
39514
39447
39895
39752
39639
39903
40382
40321
40447
40267
40481
40455
40343
40279
40479
40370
40361
40301
40138
40163
40230
40053
40380
40395
40207
40129
40415
40447
40282
40175
40285
40121
40109
40335
40047
40271
40186
39985
40107
40257
40117
39977
40013
40074
40111
40185
39840
39856
39700
39730
39887
40079
40001
39899
39785
40007
40105
40199
40198
40137
40255
40074
39950
39976
40059
39861
39831
40210
40172
40070
39931
39989
40060
39876
39938
39975
40195
40139
40107
40086
39985
39979
39893
39735
40035
39877
39775
40065
40207
40016
39941
39925
40089
40064
40003
39845
39978
39847
39842
39695
40037
39929
39895
39893
39734
39747
39905
39635
39740
39595
39705
39678
39847
39723
39539
39356
39460
39695
39473
39577
39824
39704
39827
39635
39825
39871
40025
39841
39947
39607
39679
39618
39755
39937
39953
39875
39893
39837
39782
39937
39667
39891
40033
39961
39881
39757
39505
39735
39559
40057
40049
39902
39639
40137
39829
40000
39617
40111
39883
39841
39771
39611
39459
39649
39575
39784
39677
39801
39681
39669
39622
39580
39592
39809
39739
39743
39846
39766
39495
39461
39677
39347
39801
39535
39699
39448
39598
39711
39740
39769
39695
39927
39668
39557
39735
39780
39231
39282
39656
39573
39568
39505
39691
39827
39602
39479
39724
39836
39790
39699
39782
39609
39544
39637
39647
39798
39621
39554
39599
39884
39551
39691
39703
39807
39921
39799
39621
39817
39573
39618
39655
39713
39685
39774
39577
39655
39575
39607
39337
39735
39294
39725
39423
39648
39391
39440
39356
39480
39635
39509
39383
39579
39838
39834
39575
39810
39852
39807
39550
39685
39895
39698
39683
39577
39637
39685
39456
39593
40280
40146
39981
40131
40451
40115
40055
39829
40177
40082
39975
39962
40152
39998
39975
39928
40112
40001
40083
39806
40281
40079
40025
39806
39913
39816
39815
39793
40045
40031
39969
39815
40015
39708
39736
39762
39661
39853
39543
39745
39685
39819
39685
39599
39731
39855
39747
39727
39761
40043
39647
39773
39743
40114
39932
39635
39743
39873
39662
39727
39539
39659
39882
39568
39523
39929
39874
39679
39678
39875
39790
39765
39840
39959
39797
39922
39642
39708
39717
39627
39735
39892
40039
39797
39892
39718
39966
39793
39855
39882
39820
39691
39615
39519
39686
39782
39779
39634
39690
39787
39651
39587
39719
39631
39710
39589
39713
39631
39709
39408
39690
39631
39663
39671
39935
39715
39787
39551
39881
39787
39855
39772
39844
39644
39674
39373
39705
39589
39861
39474
39675
39623
39632
39275
39630
39516
39327
39441
39511
39459
39595
39438
39251
39541
39495
39427
39307
39560
39471
39499
39407
39802
39673
39567
39835
39635
39687
39475
39302
39580
39647
39759
39583
39507
39447
39272
39120
39512
39323
39505
39226
39463
39377
39416
39369
39357
39503
39502
39301
39323
39592
39487
39583
39573
39768
39734
39350
39495
39579
39397
39375
39447
39464
39385
39537
39396
39720
39394
39785
39487
39677
39467
39557
39381
39720
39449
39445
39099
39492
39622
39458
39536
39695
39741
39659
39373
39525
39591
39733
39778
39776
39639
39257
39557
39559
39641
39570
39519
39607
39575
39436
39357
39401
39449
39466
39407
39413
39319
39351
39422
39291
39353
39473
39356
39499
39631
39394
39401
39691
39911
39437
39876
39649
39623
39460
39495
39525
39635
39749
39536
39414
40507
40707
40763
40627
40747
40722
40848
40480
40482
40628
40701
40223
40406
40823
40293
40391
40408
40607
40561
40713
40383
40782
40462
40619
40485
40535
40373
40269
40241
40572
40554
40575
40258
40389
40159
40080
40037
40376
40311
40085
40015
40247
40196
40226
40139
40019
39929
40423
40127
40387
40208
40193
40087
40225
39919
40250
40020
39957
40027
39848
39803
39955
39964
40157
39983
39849
40062
40007
40025
39789
39979
39991
39981
39861
40006
39983
39649
39560
40042
39986
39891
39501
39850
39935
39759
39840
40161
39999
39753
39798
39654
39643
39955
39645
39819
39767
39740
39797
39836
39739
39540
39501
39512
39690
39599
39676
39672
39463
39336
39514
39697
39743
39565
39647
39399
39587
39444
39637
39539
39819
39655
39927
39759
39592
39625
39654
39432
39759
39473
39479
39356
39584
39489
39691
39631
39645
39529
39615
39429
39439
39489
39395
39241
39224
39258
39474
39391
39614
39835
39599
39503
39335
39652
39554
39571
39515
39604
39545
39415
39509
39676
39402
39532
39476
39384
39245
39262
39324
39416
39311
39370
39527
39398
39317
39411
39189
39259
39255
39413
39054
39568
39378
39457
39460
39565
39507
39563
39503
39537
39464
39397
39263
39673
39667
39599
39416
39406
39456
39469
39417
39557
39731
39593
39330
39417
39441
39341
39517
39345
39369
39446
39223
39563
39646
39490
39454
39497
39792
39706
39775
39512
39821
39425
39429
39383
39703
39607
39517
39539
39359
39375
39478
39295
39461
39543
39392
39371
39326
39345
39255
39227
39475
39537
39250
39279
39335
39569
39451
39185
39437
39591
39681
39527
39260
39347
39345
39543
39165
39519
39416
39422
39343
40059
40040
39901
39913
39879
39809
40015
39727
39847
39773
39865
39815
39662
39879
39769
39681
39810
40041
39967
39767
39741
40065
39948
39717
39945
39877
39649
39783
39747
40079
39771
39546
39647
39568
39643
39537
39591
39791
39551
39435
39517
39659
39683
39622
39427
39653
39567
39623
39521
39767
39783
39619
39587
39685
39813
39567
39618
39866
39562
39503
39600
39531
39611
39711
39681
39516
39679
39679
39595
39813
39635
39531
39501
39650
39676
39663
39380
39342
39953
39645
39372
39445
39830
39777
39864
39743
39798
39500
39501
39635
39874
39611
39556
39600
39925
39787
39689
39765
39795
39826
39630
39567
39689
39640
39633
39529
39695
39726
39475
39451
39502
39663
39523
39503
39655
39665
39761
39551
39638
39875
39821
39545
39400
39767
39732
39530
39301
39605
39624
39644
39582
39509
39531
39313
39519
39621
39545
39333
39362
39521
39587
39283
39501
39661
39461
39431
39504
39643
39575
39475
39801
39830
39737
39597
39642
39775
39297
39699
39491
39509
39633
39349
39338
39296
39486
39392
39237
39259
39525
39545
39646
39265
39685
39506
39346
39194
39515
39322
39408
39391
39675
39701
39609
39553
39763
39731
39455
39689
39585
39566
39505
39442
39415
39609
39393
39459
39585
39689
39487
39523
39547
39564
39494
39507
39384
39289
39303
39413
39366
39767
39401
39400
39379
39631
39464
39414
39551
39799
39479
39523
39115
39668
39423
39378
39337
39533
39247
39291
39319
39309
39115
39201
39279
39395
39184
39181
39096
39313
39150
39043
38954
39135
39196
39222
39096
39113
39308
39303
39125
39173
39452
39399
39377
39336
39111
39185
39277
39296
39551
39307
39391
39612
40239
39969
39717
39943
40074
39873
40073
39824
40103
39951
39747
39840
39950
39641
39907
39742
40107
40143
39999
39868
40055
39885
39933
39741
39845
39899
39867
39741
39807
39847
39547
39716
39500
39635
39497
39333
39551
39670
39463
39346
39541
39602
39569
39309
39511
39529
39420
39388
39364
39668
39666
39667
39541
39544
39514
39922
39510
39477
39501
39454
39475
39607
39471
39396
39239
39725
39551
39440
39338
39407
39530
39621
39420
39419
39399
39359
39412
39283
39425
39334
39549
39627
39745
39644
39431
39536
39785
39509
39503
39431
39647
39647
39465
39544
39556
39631
39478
39162
39335
39410
39371
39058
39365
39349
39403
39275
39213
39192
39296
39116
39147
39409
39213
39159
39358
39380
39537
39442
39392
39415
39399
39423
39233
39403
39448
39213
39300
39497
39097
39401
39227
39425
39118
39255
39259
39361
39306
39149
39161
39139
38997
39229
39343
39380
39219
39229
39127
39466
39354
39181
39321
39399
39217
39482
39378
39314
39239
39203
39200
39283
39231
38983
38999
39172
39116
39157
38979
38875
39081
39107
39079
39182
38887
39047
39191
38933
39057
39241
39155
38971
39264
39299
39362
39247
39323
39237
39244
39053
39455
39308
39191
39202
39457
39492
39301
39237
39360
39410
39269
39142
39252
39412
39365
39245
38943
39375
39081
39183
39383
39206
39180
39203
39273
39294
39359
39500
39381
39642
39559
39446
39485
39425
39311
39378
39096
39344
39315
39227
39231
39129
39097
39089
39041
39257
39345
39415
38957
39071
39055
38845
38987
39136
39266
39148
39254
39272
39209
39502
39175
39395
39230
39354
39205
39221
39255
39141
39193
39149
39130
39319
39004
39454
39775
39757
39471
39774
40139
39705
39684
39457
39599
39720
39527
39643
39705
39599
39637
39450
39920
39788
39819
39700
40010
39655
39661
39645
39729
39691
39480
39587
39747
39783
39613
39527
39427
39500
39515
39281
39527
39356
39530
39526
39331
39269
39239
39272
39370
39595
39288
39239
39280
39423
39326
39555
39365
39255
39345
39349
39321
39319
39313
39237
39020
39495
39501
39179
39261
39640
39475
39303
39276
39503
39351
39215
39166
39156
39109
39270
39066
39231
39387
39279
39024
39581
39413
39341
39394
39231
39354
39394
39290
39387
39325
39243
39351
39241
39511
39139
39303
39257
39319
39096
39051
39297
39495
39353
39311
39127
39239
39078
39167
39191
39296
39145
39221
39001
39367
39459
39503
39173
39383
39312
39292
39367
39221
39093
39321
39153
39125
39274
39101
39160
39285
39046
39399
39245
39335
39533
39354
39277
38986
39305
39271
39240
39025
39233
39043
39137
39198
39455
39314
39173
38906
39452
39298
39219
39316
39243
39035
38949
38991
39433
39223
39015
39136
39247
38875
39059
39057
39174
39199
39063
39105
39285
39103
38979
38733
38791
38972
38993
39001
39087
39143
39200
39069
39141
39366
39152
39059
39107
39100
38991
39079
38989
39067
39105
39095
39251
39327
39295
39281
39186
39139
39315
39253
39049
39253
39127
39093
39023
39173
39114
39246
39279
39231
39307
39226
39224
39386
39178
39535
39151
39230
39191
39204
38783
39270
39169
39219
39069
39253
38824
39174
38995
39058
39065
39195
39085
38927
39065
38933
39097
39207
39090
39009
39103
38836
39185
39260
39203
38923
39327
39329
39217
39189
38887
39034
39112
39047
39217
39311
39026
39067
40393
40988
40815
40737
40797
40972
40822
40847
40657
40623
40477
40547
40469
40578
40629
40470
40556
40539
40716
40421
40527
40680
40580
40336
40357
40395
40467
40412
40237
40412
40371
40298
40097
40015
40207
39998
39606
40010
39929
40039
40115
39891
40007
39770
39813
39931
39745
39771
39795
39752
40033
39839
39788
40085
40075
39969
39828
39823
39996
39801
39677
39679
39721
39621
39683
39847
39761
39626
39606
39691
39750
39489
39895
39673
39937
39763
39458
39736
39933
39667
39895
39451
39567
39701
39723
39648
39692
39559
39707
39615
39675
39615
39879
39583
39665
39695
39630
39586
39400
39448
39607
39195
39375
39547
39441
39246
39351
39509
39173
39144
39165
39607
39309
38984
39169
39570
39140
39400
39277
39527
39321
39357
39301
39347
39299
39147
39277
39267
39300
39334
39204
39356
39119
39136
39137
39212
39437
39221
39045
39199
39223
39151
39039
39402
39317
39361
39196
39127
39423
39032
39009
39121
39293
39294
39143
39080
39325
39127
39069
39079
39151
39110
39229
38985
39055
38937
38911
39008
39190
39015
39069
39006
38947
38963
39010
38963
39208
38905
39126
38827
39110
39397
38920
39039
39058
39155
39165
39032
38945
38999
38779
38858
38922
39152
38810
38833
38903
39073
38869
38925
38908
39225
39214
39050
39127
39353
39094
39014
38919
39233
38885
38748
38778
39320
39269
39200
38969
39243
39138
39286
39199
39187
39420
39231
38847
39272
39261
39223
39030
39015
39053
38957
39005
38997
39078
38819
39047
39016
39148
38827
38887
38899
39199
39162
38871
38872
39200
39057
38994
38960
39088
38969
39099
38971
38955
39091
38744
38693
39021
38934
38693
38789
39609
39551
39423
39221
39508
39669
39521
39427
39429
39367
39365
39381
39394
39522
39409
39169
39477
39510
39455
39261
39591
39490
39247
39533
39339
39405
39375
39215
39239
39292
39301
39447
39379
39121
39260
39000
38933
39117
39259
39157
39263
39217
38863
38985
38930
39073
39021
39230
38997
39201
39301
39228
38987
39182
39218
39141
39155
39307
38939
39067
38950
39001
39420
39130
39001
39154
39204
39279
39031
39121
39276
39157
39132
39107
39007
39001
39119
38884
39027
39000
39069
39111
39276
39327
39255
39034
39071
39158
39175
39027
39279
38991
39119
38869
38983
39270
39149
39082
39237
39221
39017
38762
39219
39064
39101
38911
38964
38857
38924
38675
39031
39089
38958
38701
39021
38875
39073
38879
38887
39033
38925
38991
38829
39113
39034
38983
39036
39236
39178
38906
38907
39036
38914
39117
39038
39074
38969
39196
39015
39155
39111
38835
39010
39107
39057
38951
38907
39179
39123
39260
38991
39171
39279
39305
39023
39003
38893
38953
38979
38981
39177
39042
38803
38856
38674
38951
38844
38793
38887
38716
38951
38844
38680
39054
38627
38706
38915
38735
38665
38796
39195
38911
39159
38977
39084
38961
38775
38804
38921
38993
38967
38808
38807
39013
38777
38815
39137
38973
38976
38676
38824
38988
39049
38907
38925
38783
38705
38941
38943
38789
39020
38981
39017
39070
39165
39098
38989
39079
39013
38791
38961
39007
38818
38911
38717
39030
38943
38703
38672
39016
39117
38595
38761
38907
38873
38724
38704
38731
38759
38642
38637
38741
38833
38780
38795
38950
38882
39047
38575
38965
39167
39159
38903
38995
38857
38753
38807
38851
39073
38815
39023
39075
39666
39643
39611
39652
39736
39599
39579
39605
39526
39483
39551
39476
39483
39375
39607
39337
39540
39349
39508
39318
39534
39411
39477
39498
39485
39409
39273
39480
39493
39352
39311
39291
39257
39159
39139
39085
39185
39362
39191
39339
39351
39352
39036
38767
38745
39403
39321
39133
39273
39200
39274
39265
39111
39454
39277
39295
39160
39367
39175
39251
39076
39023
39225
39364
39037
39487
39088
39091
39277
39293
39373
39263
39253
39182
39332
38965
39134
39115
39179
39069
39103
39083
39255
39367
39237
39159
39236
39542
39347
39337
39305
39021
39023
39130
39157
39041
39073
38983
39173
38941
39050
38960
39271
39127
39006
38811
39243
38663
38845
38875
39077
39010
39028
38935
39023
38985
38856
39139
39077
39123
38926
38993
39228
39069
38743
38584
38902
39079
38952
38935
38935
38767
38761
38877
38967
39231
38984
38911
38957
38888
38809
38764
38803
38847
38887
38919
38846
39063
38843
39141
38929
39127
38978
39021
38919
38980
38918
38844
38765
39119
38932
39062
38745
38889
38807
38605
38707
38819
38931
38615
38782
38679
38633
38681
38817
38815
38771
38835
38543
38799
38990
38791
38623
38591
38820
39013
38953
38654
38993
38829
38869
38769
38906
38743
38957
38738
39099
38875
38961
38855
39133
38942
39111
38822
38949
38806
38781
38752
38869
38737
38771
38567
39031
39019
39052
39084
38921
39209
38929
38955
38816
38827
39089
38969
38695
38989
38952
38766
39121
38912
38771
38785
38575
38884
38883
38819
38874
38702
38757
38757
38650
39125
38532
38533
38559
38867
38794
38747
39055
38977
39069
39087
38652
38821
38573
38901
38720
38926
39005
38839
38891
38847
39461
39660
39500
39437
39381
39141
39313
39337
39324
39083
39243
39056
39332
39205
39451
39103
39297
39207
39537
39490
39492
39518
39397
39293
39312
39423
39358
38989
39380
39253
39244
39315
39406
39194
39091
39109
39067
39191
39027
38981
39191
39185
39002
38988
38999
38942
38754
39009
38903
39078
39235
39125
39039
39099
39021
38933
39249
39179
38960
38876
38831
39107
38895
39019
38891
39167
39015
39044
39101
39138
39240
39159
39050
39034
39141
39070
38851
39167
39054
39045
38943
39149
39214
39117
39155
39275
39283
39017
39037
39052
39185
39023
38704
39080
39079
39095
38913
39062
38969
39037
38679
38624
38876
39088
38891
38663
38691
38847
38905
38599
39041
38798
38807
38716
38811
38901
38671
38944
39253
38865
39092
38807
39023
38858
39045
38695
39021
39063
38811
38893
38880
39016
38843
38855
39042
39126
38918
38737
38669
38669
38875
38520
38695
38804
38814
38787
38650
38895
38849
38943
38780
38791
38955
38644
38965
38883
39087
38887
38804
38817
38871
38695
38781
38797
38646
38687
38577
38867
38772
38663
38759
38517
38599
38769
38659
38623
38511
38727
38841
38742
38760
38881
38803
38687
38829
38725
38831
38651
38847
38655
38507
38582
38785
38673
38654
38587
39139
38905
38921
38625
38962
38935
38869
38831
38830
38722
38623
38443
38724
39307
38899
38743
39111
38996
38696
38647
39139
39143
38867
38875
39088
38789
38908
38858
38647
38784
38812
38996
38574
38659
38675
38529
38642
38856
38571
38519
38439
38799
38647
38521
38455
38911
38771
38463
38647
39199
38740
38693
38599
38667
38895
39061
38507
38637
38759
38549
38541
38643
38870
38810
38758
40314
40869
40664
40671
40777
40747
40644
40702
40550
40487
40845
40425
40411
40487
40361
40173
40271
40519
40391
40480
40340
40507
40461
40441
40325
40575
40279
39858
40214
40368
40221
40111
39935
40278
40194
39759
39671
39973
39985
39807
39641
39803
39633
39709
39527
39677
39942
39486
39526
39887
39891
39724
39771
39757
39625
39918
39692
39335
39594
39567
39457
39608
39733
39593
39538
39605
39604
39553
39595
39503
39831
39607
39589
39441
39408
39439
39394
39405
39502
39318
39693
39253
39739
39534
39609
39465
39715
39463
39605
39522
39364
39504
39438
39283
39201
39319
39407
39313
39124
39293
39303
39163
39124
39131
38982
39045
39167
39071
39036
38908
38927
39152
39034
39205
38943
39321
39336
39349
39253
39277
39283
39204
39155
39185
39004
38890
38943
39194
39126
39245
38767
38986
38876
39013
38857
38905
38859
38992
38675
38929
38831
38771
38626
38822
38798
38819
38632
38861
38952
38938
38924
38925
39014
38879
39115
38969
39109
38979
38830
38949
38803
39003
38934
38505
38751
38774
38422
38547
38860
38757
38715
38689
38671
38587
38779
38267
38541
38786
38579
38281
38791
38919
38866
38575
38641
38785
38543
38702
38783
38977
38761
38570
38719
38997
38891
38603
38631
38727
38796
38689
38620
38965
38876
38873
38828
38971
38827
38727
38418
38717
38649
38689
38575
38811
38827
38855
38785
38726
38617
39005
38891
38731
38780
38861
38871
38813
38843
38839
38719
38690
38525
38522
38216
38630
38469
38531
38403
38485
38585
38545
38412
38401
38749
38671
38533
38487
38643
38759
38650
38713
38727
38715
38696
38695
38763
38683
38619
38521
38895
38674
38511
38461
39401
39129
39309
39206
39394
39322
39110
38899
38913
39228
39068
38951
39037
38895
38846
38823
39023
39374
39156
38999
39197
39143
39109
39153
39160
39062
39169
39069
38891
39118
38838
38863
39007
38816
38787
38684
38511
39119
38862
38824
38715
38774
38802
38787
38691
38864
38733
38933
38625
39115
38791
38832
38833
39105
39001
38817
38843
38875
39150
38608
38645
38747
38892
38681
38619
38756
39030
38999
38734
39025
39137
38902
38845
38641
38960
38758
38735
38681
38660
38703
38626
38537
39272
38837
38779
38808
39125
39045
38853
38832
38769
38923
38843
38505
38831
38888
38693
38789
38671
38638
38589
38498
39009
38828
38687
38456
38614
38455
38505
38437
38460
38623
38742
38569
38588
38781
39039
38734
38741
38867
38943
38787
38633
38719
38631
38687
38867
39080
38925
38802
38771
38656
38556
38679
38673
38677
38492
38532
38665
38569
38635
38441
38128
38562
38835
38851
38430
38600
38989
38479
38727
38804
38908
38778
38801
38681
38589
38775
38553
38483
38671
38623
38521
38427
38638
38351
38407
38423
38717
38404
38570
38627
38530
38391
38244
38285
38563
38592
38475
38279
38655
38830
38541
38517
38744
38687
38667
38693
38711
38473
38599
38446
38586
38675
38577
38472
38683
38635
38709
38642
38760
38923
38878
38560
38430
38715
38456
38562
38713
38621
38427
38715
38401
38717
38465
38825
38538
38557
38709
38703
38563
38679
38559
38552
38423
38626
38591
38757
38447
38698
38422
38497
38395
38573
38421
38506
38485
38563
38451
38349
38352
38363
38599
38510
38358
38531
38927
38649
38582
38438
38803
38319
38470
38369
38558
38656
38351
38575
38656
38423
38528
38459
39325
39287
39237
39071
39338
39106
39277
39167
39185
39131
39415
39139
39280
39135
38992
38985
39495
39320
38978
39199
39215
39339
39191
39152
39281
39255
39155
38919
39186
39252
39124
38889
38996
39077
39117
38943
38759
39097
39137
39037
38608
38743
38870
38823
38637
38707
38737
39034
38638
38955
39045
39085
38886
38923
38977
39109
38880
39099
38791
38660
38551
38859
38803
38565
38660
39111
38787
38770
38864
38935
38985
38823
38903
38821
38791
38741
38623
38537
38816
38732
38613
38783
38989
39000
38973
38796
39068
38839
38823
38801
38809
38820
38791
38671
39007
38835
38681
38727
38640
38713
38580
38429
38605
38755
38521
38555
38633
38383
38669
38559
38712
38678
38526
38439
38679
38831
38647
38503
38836
38946
38663
38511
38577
38727
38657
38422
38671
38704
38735
38549
38628
38877
38391
38786
38465
38541
38569
38627
38409
38378
38539
38588
38321
38473
38216
38548
38637
38765
38813
38550
38564
38839
38789
38557
38815
38703
38615
38715
38307
38542
38541
38526
38350
38767
38670
38342
38517
38367
38425
38571
38631
38326
38447
38487
38504
38322
38607
38496
38415
38295
38559
38327
38345
38286
38641
38825
38449
38607
38784
38434
38394
38380
38678
38441
38689
38479
38849
38823
38778
38543
38703
38689
38707
38613
38580
38439
38499
38522
38740
38717
38471
38430
38663
38653
38782
38680
38969
38847
38591
38593
38733
38591
38519
38653
38556
38631
38592
38671
38607
38543
38379
38367
38441
38530
38418
38483
38325
38485
38405
38271
38417
38533
38502
38661
38371
38623
38602
38541
38700
38392
38669
38647
38511
38263
38615
38617
38389
38415
38629
38473
38181
38609
39145
39017
39131
38828
38958
39049
39069
38929
38990
39137
38975
38891
39275
38838
38809
39051
39144
38981
39145
38758
39102
39260
39133
38854
39129
38876
38821
38916
38965
39115
38978
38814
38962
38928
38765
38884
39046
38665
38746
38792
38668
38757
38459
38551
38526
38631
38597
38670
38864
38871
39022
38745
38406
38785
38711
38907
38768
38815
38636
38699
38552
38671
38732
38705
38658
38937
38537
38513
38758
38990
38925
38765
38681
38815
38624
38733
38571
38470
38671
38500
38424
38785
38861
38939
38839
38948
38823
38709
38669
38733
38857
38644
38631
38607
38819
38884
38671
38513
38529
38443
38356
38247
38415
38639
38541
38484
38708
38423
38591
38367
38626
38315
38383
38218
38735
38663
38585
38571
38847
38709
38754
38555
38457
38490
38545
38366
38582
38509
38545
38489
38454
38489
38471
38499
38514
38567
38396
38292
38281
38437
38271
38293
38314
38624
38407
38532
38319
38699
38695
38619
38550
38452
38405
38676
38575
38507
38565
38387
38401
38673
38563
38389
38427
38387
38467
38394
38192
38326
38328
38553
38523
38427
38267
38121
37947
38257
38337
38440
38475
38497
38834
38595
38568
38496
38603
38570
38554
38411
38591
38359
38289
38271
38641
38416
38533
38507
38554
38661
38737
38591
38495
38532
38494
38454
38470
38409
38302
38413
38485
38375
38419
38394
38497
38413
38497
38411
38630
38695
38543
38679
38839
38376
38619
38351
38144
38693
38595
38575
38194
38514
38405
38457
38091
38531
38313
38398
38335
38365
38376
38327
38385
38395
38073
38093
38252
38617
38367
38169
38403
38615
38622
38639
38485
38615
38698
38539
38363
38535
38512
38346
38458
39715
40647
40465
40133
40413
40532
40381
40325
40160
40173
40106
39942
40103
40270
40170
39861
39780
40369
40126
39989
39998
40351
40135
40088
39961
39927
40013
39779
39549
39875
39789
39751
39673
39633
39609
39534
39326
39488
39538
39672
39575
39387
39783
39391
39099
39468
39289
39274
39030
39417
39499
39606
39253
39496
39414
39227
39095
39288
39260
39431
39204
39237
39473
39425
39165
39076
39435
39311
39059
39245
39243
39309
39165
38997
38999
38955
39108
38999
39207
39130
39095
38885
39255
38995
39142
38831
39115
38973
39151
39121
38978
39131
38961
38777
38748
38999
38871
38858
38915
39012
38853
38617
38819
38855
38751
38837
38633
38682
38595
38507
38677
38844
38499
38699
38505
38871
38903
38632
38549
38888
38866
39137
38779
38540
38946
38665
38465
38712
38695
38629
38415
38520
38321
38438
38499
38418
38419
38285
38439
38261
38491
38225
38000
38313
38380
38501
38451
38547
38871
38437
38577
38527
38575
38423
38376
38487
38479
38745
38387
38446
38499
38372
38241
38339
38225
38316
38088
38265
38219
38293
38252
38035
38109
38161
38185
38084
38381
38339
38282
38135
38313
38754
38469
38342
38446
38531
38554
38319
38403
38281
38393
38239
38176
38399
38320
38205
38246
38317
38447
38215
38307
38557
38480
38518
38383
38221
38234
38233
38049
38406
38303
38287
38275
38539
38607
38379
38495
38676
38726
38463
38342
38548
38275
38291
38521
38369
38473
38497
38236
38279
38414
38255
38131
38129
38286
38390
38307
38079
38295
38337
38259
38063
38169
38251
38233
38293
38543
38245
38518
38369
38459
38403
38509
38460
38511
38453
38120
38117
38277
38574
38480
38241
38901
38793
39005
39038
39241
38954
38717
38977
38847
38757
38748
38607
38867
38641
38861
38663
38884
38770
38883
38886
38988
38957
38789
38902
38875
38916
38815
38645
38771
38948
38727
38657
38695
38641
38503
38525
38669
38859
38597
38733
38520
38520
38615
38519
38407
38725
38503
38321
38277
38655
38791
38683
38393
38751
38653
38638
38379
38527
38735
38416
38311
38663
38659
38487
38611
38572
38609
38514
38437
38573
38705
38691
38685
38762
38497
38439
38585
38409
38535
38601
38550
38401
38630
38693
38619
38447
38663
38628
38663
38622
38619
38523
38471
38486
38558
38457
38417
38443
38484
38418
38383
38294
38399
38645
38429
38203
38462
38322
38309
38147
38402
38351
38487
38200
38242
38610
38313
38391
38315
38566
38585
38749
38469
38587
38569
38366
38311
38581
38416
38457
38337
38553
38461
38319
38258
38613
38501
38363
38308
38376
38063
38129
38183
38418
38407
38417
38076
38343
38565
38447
38449
38604
38601
38487
38463
38319
38301
38325
38255
38414
38487
38458
38194
38155
38258
38143
38074
38138
38193
38327
38043
38218
38201
38272
38266
38033
38391
38099
38089
37987
38328
38406
38167
38428
38535
38364
38538
38369
38186
38351
38106
38105
38319
38311
38367
38294
38263
38279
38615
38146
38289
38453
38371
38345
38289
38401
38225
38203
38124
38359
38038
38025
38234
38624
38619
38247
38468
38615
38491
38399
38346
38380
38190
38339
38247
38609
38480
38343
38374
38171
38261
38143
38169
38311
38455
38340
38264
38209
38437
38132
37912
38011
38449
38331
38130
38218
38288
38147
38215
38278
38457
38472
38319
38148
38267
38083
38301
38132
38269
38285
37944
38399
38939
38871
38897
38901
39439
39107
38900
38861
39043
38693
38706
38681
38761
38877
38827
38671
38891
39023
38963
38847
39037
39033
39095
39029
38839
38881
38828
38699
38602
38677
38694
38785
38580
38719
38543
38615
38415
38577
38639
38751
38643
38547
38319
38527
38364
38443
38599
38411
38425
38591
38727
38759
38667
38767
38615
38664
38425
38621
38634
38485
38637
38531
38549
38365
38411
38600
38735
38559
38374
38575
38654
38839
38615
38518
38703
38682
38579
38727
38626
38456
38583
38694
38707
38583
38621
38791
38595
38784
38581
38515
38520
38495
38621
38518
38559
38556
38642
38479
38423
38401
38397
38258
38537
38308
38422
38418
38452
38043
38161
38242
38586
38236
38520
38036
38411
38525
38612
38355
38352
38712
38471
38393
38105
38413
38303
38313
38213
38571
38483
38150
38088
38346
38093
