31983
33513
32615
32073
32782
33051
33389
32764
31727
32301
33368
33523
32335
32983
32509
32449
32016
33209
33247
32979
32483
32101
32263
32871
32861
34341
34744
34225
32511
33219
33591
32553
33033
32410
33723
33587
31695
33078
34463
33577
33405
31843
30847
33671
33020
33339
33719
33032
31042
34115
32474
33314
33723
32361
31739
33364
33049
32309
33186
32283
32542
33589
32512
32614
32807
32722
31700
32313
32559
32682
33166
33378
32305
32531
33239
33116
32209
32261
32926
32691
32753
32763
32605
33151
32735
32880
33362
32303
32535
32450
32587
33488
32394
32397
32973
33043
32549
32979
33392
32823
32983
32781
32331
32480
32709
32755
32829
33354
32791
32613
32988
33056
32765
33275
32873
32624
32775
32813
32687
32583
32719
32717
32657
32735
33061
32668
32859
32640
32933
32887
32930
32555
32593
32577
32933
33012
32737
32889
32815
32889
32735
32876
32753
32739
32659
32648
32637
33033
32977
32613
32563
32664
32643
32911
33027
33073
32779
32713
32622
32875
32629
32980
32926
32917
32844
32652
32659
32783
32784
32911
32881
32891
32654
32651
33030
32673
32716
32717
32967
32839
32655
32639
32938
32787
32657
32711
32772
32869
32685
32651
32919
32762
32702
32747
32885
32611
33033
33007
32639
32962
32918
32859
32845
32715
32945
32668
32810
32945
32735
32690
32669
32929
32843
32710
32638
32721
32771
32835
32931
32745
32671
32837
32844
32938
32702
33099
32883
33055
32720
32735
32931
32987
32684
32867
32708
32793
32838
32825
32909
32855
32751
32783
32790
32751
32765
32994
32532
32816
32750
32756
32841
32661
32581
33097
32741
32777
32741
32717
32729
32766
32617
32549
32639
32987
32631
32731
32888
32816
32911
32731
32855
32885
32815
32932
32814
32940
32923
32783
32798
32872
32914
32820
32791
32751
32750
32803
32897
32671
32745
32801
32654
32819
32807
32648
32659
32655
32903
32812
32723
32685
32887
32895
32577
32813
32743
32828
32777
32673
32779
32778
32781
32677
32823
32919
32924
32747
32887
32799
32775
32757
32786
32829
32866
32831
32697
32857
32879
32799
32864
32901
32743
32700
32719
32835
32575
32948
33012
32900
32821
33143
32695
32994
33107
32713
32889
33082
32363
33041
32460
30709
30829
33646
32199
34767
33056
35089
33105
32132
31723
33085
31094
32587
32982
32399
31063
32156
31249
31727
33586
35647
34002
33431
32893
32617
35487
34791
31535
31602
31985
33071
34383
32892
32480
33154
33535
33599
31631
32766
32555
33277
33926
32167
34291
32691
32535
32412
32265
31265
32739
33549
32348
32351
32061
32091
31855
33021
32979
33007
33449
33559
32139
32594
33301
32975
32696
32146
32844
32635
33740
32925
31999
32493
32797
33755
33429
32114
32193
32897
33284
33261
33147
33095
32677
32284
32519
32677
32679
33323
32575
32446
32089
33399
33100
32548
32420
32798
32844
33352
32775
32843
32744
32591
32572
32789
32912
33083
32765
32528
32773
32699
32913
33009
32913
32588
32691
32463
32656
32363
32535
33072
32751
33023
32905
32565
32464
32381
32463
32952
33158
32994
32750
32773
32701
32907
32513
32797
33252
33249
32542
32658
32479
32463
32954
32991
32629
32842
33081
32613
33140
32980
32542
32574
32586
32508
32615
32527
32669
32652
32695
32607
32776
32890
32773
32623
32701
32861
32841
32960
32880
32831
32933
32735
32825
32959
32973
32863
32617
32851
32774
32569
32397
32623
32707
32583
32760
32615
32778
32834
32881
32507
32694
32982
32615
32565
32998
32823
32843
32505
32826
32949
32634
32810
32717
32806
32677
32803
32808
32834
32927
32720
32711
32773
32743
32743
32583
32743
32555
32819
32751
32656
32851
32884
33007
32933
32998
32494
32743
32631
32583
32923
32959
32894
32669
32771
32727
32637
32925
32707
32658
32881
32887
32805
32726
32833
32815
32698
33083
32756
32687
32719
