32547
32501
32454
32463
32471
32465
32471
32439
32449
32467
32471
32469
32482
32505
32497
32475
32474
32501
32491
32480
32494
32473
32480
32499
32458
32483
32485
32487
32487
32485
32473
32463
32471
32485
32501
32491
32492
32494
32507
32494
32463
32478
32493
33087
34453
32583
32496
32499
32490
32467
32465
32485
32491
32492
32495
32485
32491
32474
32455
32476
32490
32478
32496
32502
32489
32480
32461
32479
32520
32503
32487
32491
32497
32493
32507
32517
32465
32501
32499
32530
32531
32531
32511
32519
32543
32513
32513
32501
32511
32532
32503
32509
32511
32522
32551
32533
32541
32533
32503
32514
32519
32525
32535
32521
32531
32519
32526
32543
32523
32515
32542
32517
32511
32520
32529
32503
32517
32537
32537
32540
32561
32553
32519
32506
32558
32557
32561
32551
32561
32549
32531
32531
32579
32565
32550
32541
32562
32580
32561
32535
32535
32545
32558
32578
32559
32539
32551
32550
32562
32569
32555
32557
32556
32579
32575
32551
32532
32549
32559
32575
32575
32567
32548
32541
32565
32537
32571
32577
32546
32551
32599
32579
32568
32569
32565
32547
32519
32527
32531
32517
32535
32527
32527
32547
32538
32545
32552
32541
32539
32542
32525
32543
32551
32537
32529
32540
32531
32523
32518
32505
32545
32536
32540
32543
32533
32521
32503
32519
32561
32537
32565
32546
32543
32536
32533
32553
32549
32546
32543
32573
32539
32570
32551
32541
32557
32551
32533
32569
32575
32583
32551
32556
32577
32567
32576
32569
32543
32558
32545
32523
32550
32541
32557
32559
32563
32532
32549
32558
32561
32541
32541
32579
32567
32533
32543
32543
32541
32550
32551
32544
32537
32525
32543
32579
32552
32547
32585
32568
32584
32565
32541
32542
32543
32549
32564
32595
32571
32555
32553
32559
32577
32563
32555
32567
32574
32549
32558
32543
32551
32551
32567
32547
32564
32556
32533
32563
32578
32567
32545
32556
32575
32575
32572
32579
32581
32567
32551
32528
32531
32526
32540
32508
32490
32508
32527
32519
32511
32495
32503
32521
32527
32536
32568
32567
32539
32515
32529
32525
32498
32510
32525
32552
32535
32541
32541
32507
32529
32530
32551
32556
32545
32563
32548
32535
32521
32537
32527
32551
32561
32537
32513
32529
32511
32524
32551
32560
32568
32572
32542
32551
32519
32530
32524
32535
32545
32537
32549
32556
32549
32556
32538
32535
32545
32543
32517
32553
32540
32535
32527
32543
32543
32536
32534
32529
32520
32535
32541
32544
32562
32548
32542
32543
32598
32539
32521
32527
32547
32562
32559
32538
32526
32544
32563
32544
32548
32559
32562
32575
32575
32539
32565
32553
32583
32579
32548
32551
32561
32562
32555
32541
32528
32571
32532
32564
32603
32585
32543
32543
32525
32570
32577
32589
32575
32563
32566
32552
32543
32544
32517
32509
32530
32511
32515
32535
32525
32524
32523
32534
32535
32529
32475
32497
32527
32535
32530
32519
32549
32561
32543
32549
32531
32531
32553
32515
32541
32575
32541
32518
32535
32559
32569
32564
32547
32551
32535
32545
32541
32552
32558
32579
32577
32570
32549
32525
32548
32552
32592
32591
32567
32547
32551
32567
32573
32563
32557
32551
32567
32571
32561
32544
32535
32540
32545
32525
32526
32527
32547
32529
32532
32521
32533
32546
32568
32545
32552
32505
32523
32525
32528
32535
32543
32545
32541
32515
32495
32527
32543
32535
32567
32559
32548
32551
32550
32550
32503
32521
32553
32556
32565
32530
32535
32533
32553
32537
32551
32547
32561
32553
32527
32513
32552
32559
32547
32566
32553
32547
32539
32555
32537
32534
32545
32560
32583
32565
32555
32573
32554
32541
32510
32483
32481
32487
32479
32489
32493
32493
32489
32479
32473
32493
32511
32489
32482
32488
32494
32475
32493
32483
32485
32465
32457
32467
32479
32503
32495
32509
32503
32496
32468
32477
32510
32519
32510
32520
32549
32509
32482
32505
32502
32480
32483
32499
32511
32521
32515
32487
32476
32507
32517
32533
32516
32507
32479
32500
32495
32509
32521
32507
32500
32526
32513
32495
32506
32519
32512
32503
32520
32498
32470
32495
32487
32487
32475
32464
32490
32495
32503
32485
32480
32509
32517
32527
32516
32533
32505
32497
32493
32511
32551
32558
32525
32523
32503
32480
32493
32477
32495
32536
32543
32545
32533
32528
32539
32505
32510
32519
32527
32531
32531
32534
32536
32517
32501
32535
32537
32535
32537
32522
32528
32541
32527
32537
32522
32540
32525
32525
32515
32514
32519
32517
32502
32505
32487
32487
32514
32544
32524
32527
32521
32526
32535
32507
32527
32495
32519
32530
32487
32485
32508
32501
32503
32498
32489
32487
32528
32529
32526
32503
32500
32501
32501
32533
32544
32519
32535
32551
32541
32558
32551
32550
32553
32563
32527
32519
32510
32512
32518
32535
32531
32544
32556
32548
32554
32533
32535
32549
32541
32549
32574
32565
32574
32572
32551
32529
32518
32523
32527
32536
32539
32548
32541
32508
32513
32530
32531
32539
32511
32511
32517
32521
32522
32525
32522
32503
32489
32522
32519
32519
32539
32537
32521
32522
32513
32513
32511
32490
32507
32531
32503
32543
32527
32527
32525
32542
32510
32516
32519
32520
32529
32524
32515
32534
32557
32558
32551
32527
32513
32511
32529
32541
32535
32535
32532
32519
32537
32509
32529
32523
32519
32542
32527
32507
32525
32523
32484
32478
32482
32495
32499
32487
32488
32493
32474
32499
32501
32505
32503
32534
32539
32536
32515
32494
32493
32495
32502
32516
32529
32541
32505
32493
32509
32493
32513
32525
32542
32527
32545
32529
32521
32549
32533
32553
32537
32527
32513
32533
32535
32533
32531
32523
32533
32527
32512
32541
32537
32544
32555
32547
32525
32505
32527
32537
32533
32547
32548
32551
32540
32519
32547
32545
32547
32556
32537
32545
32551
32523
32539
32532
32525
32523
32521
32493
32506
32523
32532
32545
32533
32506
32511
32539
32541
32527
32559
32559
32524
32530
32537
32547
32567
32551
32544
32543
32552
32550
32539
32552
32553
32542
32569
32561
32528
32533
32532
32546
32528
32527
32563
32546
32559
32533
32529
32545
32543
32583
32566
32543
32547
32537
32535
32543
32522
32514
32513
32508
32493
32460
32479
32475
32502
32506
32520
32522
32531
32531
32512
32519
32523
32509
32506
32505
32526
32505
32506
32546
32519
32510
32519
32519
32519
32494
32499
32503
32519
32503
32531
32537
32551
32541
32542
32537
32540
32535
32546
32517
32529
32552
32525
32533
32565
32554
32545
32539
32535
32545
32527
32519
32575
32569
32534
32535
32551
32548
32537
32535
32531
32546
32529
32505
32529
32562
32543
32512
32499
32506
32530
32553
32556
32529
32531
32543
32535
32511
32556
32533
32539
32523
32532
32514
32502
32519
32537
32545
32541
32559
32565
32535
32521
32555
32518
32531
32525
32538
32522
32548
32539
32548
32567
32579
32570
32563
32549
32563
32529
32551
32533
32527
32557
32560
32568
32536
32519
32556
32540
32545
32530
32525
32549
32560
32543
32546
32533
32511
32468
32431
32455
32444
32448
32439
32468
32471
32437
32431
32465
32471
32467
32462
32471
32474
32477
32487
32469
32499
32462
32455
32457
32475
32471
32487
32484
32499
32481
32472
32467
32477
32480
32504
32505
32509
32499
32479
32501
32511
32505
32529
32515
32512
32508
32499
32523
32542
32526
32514
32521
32535
32539
32516
32526
32534
32518
32531
32519
32523
32533
32508
32513
32521
32509
32506
32509
32519
32540
32514
32493
32500
32511
32517
32522
32511
32519
32521
32511
32515
32536
32542
32544
32562
32558
32540
32554
32534
32529
32545
32543
32557
32558
32553
32565
32547
32533
32553
32545
32553
32559
32567
32561
32529
32547
32561
32559
32567
32567
32580
32551
32561
32560
32537
32551
32551
32561
32595
32559
32571
32571
32537
32551
32577
32559
32554
32557
32559
32550
32565
32571
32542
32515
32535
32547
32535
32561
32580
32551
32531
32531
32545
32563
32543
32546
32520
32539
32549
32525
32525
32541
32566
32559
32537
32525
32535
32565
32569
32559
32533
32550
32541
32540
32551
32577
32544
32531
32556
32573
32571
32565
32567
32556
32548
32561
32551
32538
32552
32547
32555
32535
32547
32567
32560
32560
32562
32557
32567
32575
32533
32559
32593
32569
32558
32554
32559
32546
32555
32563
32571
32559
32542
32558
32556
32566
32569
32563
32583
32577
32585
32576
32567
32574
32549
32557
32593
32592
32564
32577
32583
32563
32567
32551
32548
32579
32567
32576
32581
32589
32571
32553
32559
32569
32565
32568
32571
32585
32573
32611
32617
32587
32583
32570
32560
32583
32577
32568
32591
32555
32538
32553
32553
32553
32572
32580
32567
32569
32552
32593
32592
32587
32557
32543
32553
32547
32557
32556
32538
32533
32555
32545
32552
32565
32539
32527
32539
32551
32565
32588
32556
32549
32549
32539
32533
32537
32536
32551
32564
32582
32561
32559
32571
32551
32547
32551
32572
32595
32579
32557
32574
32535
32559
32562
32548
32574
32592
32587
32583
32565
32567
32579
32548
32567
32556
32568
32582
32580
32578
32569
32571
32582
32577
32570
32579
32579
32571
32572
32555
32559
32557
32569
32555
32543
32535
32551
32578
32603
32577
32569
32587
32584
32583
32577
32591
32579
32570
32589
32573
32559
32563
32582
32559
32571
32581
32565
32568
32543
32558
32551
32559
32562
32593
32610
32573
32580
32601
32585
32572
32561
32570
32577
32561
32561
32580
32567
32548
32576
32587
32590
32581
32561
32579
32559
32563
32596
32597
32568
32570
32560
32567
32563
32567
32536
32539
32567
32563
32556
32566
32534
32541
32545
32547
32566
32578
32551
32557
32582
32553
32582
32567
32562
32552
32566
32553
32583
32613
32565
32569
32563
32573
32581
32543
32550
32554
32551
32581
32569
32564
32565
32530
32543
32560
32539
32539
32551
32559
32547
32575
32582
32559
32551
32553
32584
32549
32549
32559
32551
32559
32543
32579
32548
32537
32566
32572
32554
32581
32551
32560
32555
32542
32553
32551
32552
32555
32564
32542
32562
32569
32582
32556
32561
32552
32543
32546
32563
32537
32525
32554
32564
32563
32539
32553
32555
32574
32557
32571
32574
32583
32556
32574
32591
32562
32591
32579
32579
32567
32563
32554
32579
32585
32582
32583
32599
32570
32580
32561
32549
32532
32557
32548
32556
32569
32560
32563
32559
32547
32573
32572
32582
32574
32549
32565
32569
32534
32537
32529
32520
32507
32526
32535
32551
32531
32505
32516
32521
32517
32538
32521
32535
32527
32539
32547
32550
32531
32535
32535
32544
32549
32525
32533
32549
32571
32545
32518
32519
32525
32529
32525
32532
32557
32517
32531
32540
32547
32547
32563
32561
32559
32551
32563
32565
32557
32563
32565
32565
32564
32576
32550
32565
32559
32563
32559
32560
32583
32559
32540
32583
32555
32566
32559
32552
32557
32566
32581
32576
32551
32551
32575
32563
32552
32561
32551
32561
32572
32565
32591
32595
32575
32574
32565
32571
32558
32563
32558
32581
32587
32568
32560
32553
32551
32561
32597
32569
32589
32600
32567
32580
32588
32586
32575
32576
32585
32582
32566
32547
32573
32579
32559
32580
32583
32599
32587
32607
32603
32615
32603
32577
32589
32603
32597
32582
32585
32575
32593
32575
32549
32567
32585
32561
32562
32580
32575
32565
32557
32565
32553
32555
32551
32568
32539
32553
32582
32570
32577
32561
32551
32547
32539
32559
32553
32573
32581
32565
32563
32538
32569
32569
32549
32567
32574
32579
32563
32552
32543
32531
32556
32545
32559
32563
32565
32555
32551
32557
32568
32546
32554
32557
32567
32553
32539
32562
32565
32553
32567
32558
32562
32549
32543
32562
32567
32544
32523
32545
32543
32559
32555
32551
32561
32565
32565
32526
32513
32543
32527
32555
32527
32547
32543
32571
32560
32549
32561
32565
32548
32551
32545
32551
32561
32563
32575
32569
32538
32557
32569
32568
32564
32554
32531
32543
32561
32567
32584
32562
32565
32555
32547
32565
32557
32565
32587
32571
32583
32576
32565
32554
32577
32567
32569
32571
32583
32554
32571
32574
32567
32562
32541
32535
32579
32547
32526
32527
32501
32527
32528
32552
32545
32541
32550
32545
32537
32547
32543
32541
32543
32566
32549
32533
32542
32561
32551
32539
32564
32585
32557
32535
32564
32577
32543
32533
32551
32575
32568
32552
32551
32555
32539
32555
32563
32561
32566
32561
32562
32569
32553
32560
32557
32538
32551
32573
32559
32551
32547
32555
32573
32575
32577
32535
32538
32548
32570
32573
32567
32551
32551
32560
32563
32551
32541
32561
32563
32570
32583
32553
32543
32541
32567
32570
32559
32553
32561
32573
32582
32557
32567
32580
32586
32567
32548
32554
32553
32557
32579
32567
32542
32555
32567
32577
32574
32555
32569
32549
32551
32547
32561
32591
32579
32579
32571
32572
32572
32602
32580
32595
32605
32601
32593
32565
32583
32574
32563
32567
32567
32590
32570
32559
32571
32538
32557
32573
32567
32527
32562
32558
32581
32574
32555
32576
32589
32567
32554
32580
32587
32575
32575
32583
32583
32567
32579
32589
32572
32581
32575
32562
32577
32585
32574
32554
32552
32566
32569
32575
32562
32561
32525
32524
32529
32538
32563
32553
32531
32563
32581
32567
32539
32518
32522
32535
32545
32529
32521
32526
32511
32536
32548
32567
32556
32549
32571
32570
32581
32530
32534
32546
32549
32527
32535
32549
32563
32545
32522
32546
32541
32530
32529
32524
32519
32549
32551
32531
32562
32556
32565
32573
32558
32528
32548
32523
32511
32519
32530
32519
32534
32549
32532
32545
32563
32584
32583
32550
32554
32574
32580
32572
32539
32566
32581
32568
32549
32546
32549
32556
32535
32567
32575
32541
32545
32562
32531
32509
32549
32562
32558
32551
32578
32543
32542
32530
32499
32476
32490
32503
32489
32455
32492
32514
32516
32495
32465
32480
32471
32473
32464
32475
32511
32518
32521
32509
32488
32483
32485
32485
32509
32515
32497
32494
32486
32487
32489
32480
32466
32509
32531
32503
32498
32493
32503
32494
32483
32515
32531
32521
32517
32501
32503
32495
32496
32495
32505
32487
32484
32514
32531
32529
32516
32543
32509
32505
32526
32517
32503
32511
32522
32524
32516
32506
32525
32534
32527
32519
32527
32543
32537
32533
32538
32539
32527
32518
32519
32526
32525
32504
32507
32523
32526
32511
32534
32520
32545
32541
32523
32526
32535
32535
32522
32543
32547
32544
32548
32573
32581
32585
32574
32566
32572
32571
32567
32554
32543
32542
32565
32580
32543
32569
32584
32578
32573
32589
32579
32555
32595
32590
32590
32586
32583
32592
32583
32581
32579
32572
32551
32548
32560
32563
32544
32555
32553
32568
32566
32574
32593
32555
32545
32541
32546
32535
32569
32561
32557
32549
32538
32565
32577
32573
32570
32555
32551
32567
32551
32562
32563
32571
32543
32547
32568
32581
32559
32584
32589
32583
32567
32577
32575
32609
32593
32569
32596
32599
32595
32619
32570
32571
32568
32563
32569
32583
32591
32571
32563
32571
32585
32575
32575
32573
32561
32577
32571
32583
32543
32545
32579
32569
32575
32587
32588
32575
32569
32539
32551
32557
32563
32567
32572
32607
32589
32575
32563
32560
32578
32577
32591
32581
32551
32555
32571
32541
32551
32568
32567
32555
32560
32561
32577
32573
32575
32569
32559
32563
32576
32571
32585
32591
32579
32592
32593
32607
32615
32603
32599
32598
32567
32586
32603
32620
32617
32603
32599
32583
32583
32566
32544
32541
32551
32549
32547
32535
32564
32561
32558
32551
32575
32561
32558
32559
32541
32551
32552
32570
32554
32557
32548
32556
32537
32542
32539
32512
32540
32541
32549
32558
32551
32565
32538
32543
32577
32613
32591
32582
32573
32579
32570
32577
32568
32575
32564
32567
32569
32578
32563
32586
32583
32569
32575
32544
32565
32567
32566
32570
32565
32587
32576
32588
32574
32581
32550
32561
32569
32579
32579
32577
32573
32560
32581
32591
32585
32565
32547
32531
32552
32543
32560
32559
32541
32579
32557
32570
32567
32550
32546
32559
32550
32572
32584
32559
32544
32536
32559
32555
32549
32573
32593
32580
32573
32579
32587
32579
32581
32585
32569
32587
32551
32559
32583
32579
32586
32581
32587
32581
32592
32591
32577
32569
32596
32591
32570
32570
32576
32569
32551
32541
32541
32528
32546
32547
32543
32551
32557
32531
32527
32535
32533
32555
32547
32519
32528
32551
32538
32529
32537
32571
32564
32525
32534
32529
32519
32544
32549
32517
32540
32533
32552
32555
32521
32558
32573
32559
32535
32535
32556
32551
32529
32551
32546
32538
32557
32556
32551
32580
32551
32537
32534
32539
32555
32559
32549
32567
32559
32537
32540
32551
32569
32565
32544
32557
32551
32551
32575
32557
32568
32587
32575
32535
32522
32547
32571
32570
32575
32559
32548
32543
32542
32551
32529
32550
32535
32529
32553
32555
32547
32560
32560
32575
32575
32556
32571
32566
32554
32568
32553
32587
32567
32569
32563
32532
32555
32568
32569
32543
32563
32567
32589
32544
32559
32557
32551
32568
32563
32571
32595
32591
32563
32569
32570
32540
32546
32600
32585
32559
32537
32540
32529
32518
32501
32525
32499
32503
32493
32513
32506
32481
32502
32501
32517
32519
32512
32511
32517
32509
32529
32519
32495
32519
32486
32499
32489
32497
32507
32516
32507
32527
32495
32497
32517
32525
32533
32535
32541
32537
32521
32503
32517
32544
32533
32551
32555
32536
32522
32535
32529
32531
32542
32548
32537
32535
32561
32559
32534
32527
32543
32535
32537
32545
32519
32532
32517
32526
32532
32524
32542
32527
32532
32529
32523
32515
32527
32537
32533
32543
32542
32545
32519
32544
32532
32529
32512
32540
32535
32537
32528
32542
32543
32537
32551
32553
32547
32537
32515
32519
32539
32549
32583
32592
32575
32577
32561
32536
32557
32546
32539
32546
32535
32535
32523
32536
32547
32553
32555
32562
32541
32541
32545
32535
32530
32536
32547
32557
32565
32581
32564
32556
32575
32561
32527
32527
32554
32545
32527
32515
32541
32515
32537
32551
32561
32543
32529
32527
32519
32513
32507
32533
32562
32551
32524
32538
32540
32527
32546
32557
32569
32552
32550
32553
32547
32550
32526
32553
32575
32553
32572
32551
32541
32533
32534
32566
32576
32551
32550
32536
32555
32531
32487
32553
32544
32566
32567
32519
32511
32527
32515
32553
32557
32569
32540
32535
32537
32551
32559
32554
32533
32551
32545
32521
32524
32542
32540
32525
32542
32553
32522
32555
32547
32532
32516
32537
32535
32535
32544
32519
32523
32537
32545
32555
32545
32531
32525
32532
32526
32495
32513
32531
32523
32535
32531
32519
32517
32521
32496
32523
32521
32533
32531
32523
32535
32522
32516
32515
32537
32545
32557
32539
32543
32531
32535
32525
32551
32559
32543
32536
32557
32535
32547
32547
32539
32525
32523
32536
32519
32494
32513
32525
32519
32511
32521
32528
32515
32524
32535
32527
32531
32544
32536
32529
32513
32508
32532
32522
32506
32512
32530
32533
32544
32538
32521
32527
32557
32537
32563
32557
32551
32539
32531
32532
32547
32547
32548
32553
32553
32553
32519
32570
32574
32538
32561
32541
32536
32539
32528
32546
32551
32549
32537
32534
32542
32527
32511
32532
32567
32551
32549
32533
32536
32545
32568
32548
32533
32528
32556
32557
32551
32534
32545
32530
32515
32523
32519
32521
32531
32553
32546
32534
32537
32551
32551
32543
32535
32547
32566
32567
32553
32553
32530
32541
32556
32580
32572
32561
32533
32508
32532
32539
32524
32559
32580
32573
32579
32550
32540
32551
32590
32567
32555
32573
32563
32576
32531
32551
32575
32607
32594
32582
32575
32583
32583
32569
32545
32537
32541
32520
32507
32528
32543
32526
32573
32546
32560
32550
32564
32569
32561
32567
32559
32567
32559
32552
32516
32536
32533
32542
32531
32531
32522
32535
32551
32524
32540
32531
32528
32514
32540
32548
32534
32521
32539
32526
32533
32535
32535
32538
32525
32530
32553
32535
32525
32516
32539
32504
32519
32536
32527
32524
32531
32540
32553
32550
32537
32512
32522
32543
32561
32558
32545
32517
32506
32531
32528
32508
32499
32508
32529
32539
32547
32545
32513
32519
32524
32548
32538
32535
32530
32522
32524
32535
32529
32523
32527
32549
32541
32553
32535
32543
32547
32543
32568
32573
32574
32551
32531
32538
32547
32543
32566
32557
32544
32542
32559
32540
32550
32567
32535
32531
32563
32567
32550
32575
32562
32543
32558
32583
32570
32557
32557
32565
32579
32543
32549
32512
32481
32478
32469
32463
32467
32458
32469
32486
32478
32473
32495
32476
32497
32495
32449
32501
32521
32537
32517
32475
32463
32492
32494
32497
32519
32485
32465
32459
32471
32483
32465
32497
32499
32516
32503
32494
32490
32477
32491
32495
32503
32508
32478
32499
32515
32510
32529
32519
32483
32501
32510
32499
32519
32515
32501
32530
32528
32535
32501
32542
32522
32517
32551
32531
32525
32511
32544
32540
32509
32527
32539
32522
32509
32531
32527
32510
32519
32557
32533
32509
32539
32535
32517
32532
32536
32501
32520
32529
32527
32551
32553
32543
32551
32529
32547
32576
32564
32557
32567
32567
32557
32564
32552
32551
32558
32579
32545
32557
32570
32547
32553
32559
32535
32529
32527
32543
32561
32565
32521
32526
32541
32545
32537
32544
32559
32575
32559
32538
32564
32583
32525
32532
32556
32558
32561
32538
32558
32554
32537
32538
32539
32555
32565
32563
32555
32547
32542
32551
32539
32542
32556
32540
32542
32554
32569
32559
32557
32526
32531
32539
32549
32556
32580
32583
32590
32577
32581
32561
32569
32597
32611
32588
32589
32591
32580
32550
32557
32553
32578
32580
32567
32564
32592
32585
32583
32601
32559
32571
32583
32568
32574
32579
32572
32573
32593
32583
32602
32587
32584
32575
32567
32566
32597
32581
32557
32591
32583
32579
32561
32565
32563
32572
32575
32567
32585
32600
32602
32599
32581
32603
32583
32584
32578
32593
32567
32553
32575
32583
32597
32591
32583
32577
32582
32599
32583
32601
32583
32575
32583
32582
32571
32558
32587
32583
32578
32600
32591
32603
32562
32576
32590
32600
32571
32577
32580
32596
32573
32585
32597
32568
32564
32558
32564
32567
32564
32546
32545
32561
32573
32566
32557
32570
32551
32562
32553
32559
32577
32595
32599
32551
32565
32568
32555
32551
32551
32549
32575
32581
32591
32575
32564
32575
32564
32589
32597
32581
32590
32597
32579
32581
32581
32606
32598
32599
32602
32609
32620
32599
32554
32573
32573
32542
32560
32560
32575
32547
32553
32585
32607
32583
32587
32595
32609
32562
32565
32575
32574
32551
32564
32569
32580
32562
32571
32581
32567
32575
32589
32587
32596
32551
32556
32581
32603
32569
32604
32593
32567
32569
32563
32549
32591
32586
32585
32591
32581
32584
32587
32596
32590
32577
32595
32597
32579
32581
32581
32574
32600
32586
32599
32583
32583
32572
32584
32660
32585
32576
32599
32567
32583
32576
32557
32558
32595
32586
32590
32597
32591
32575
32551
32554
32569
32570
32559
32569
32564
32559
32551
32563
32559
32546
32569
32557
32543
32543
32567
32581
32592
32576
32579
32607
32594
32577
32575
32579
32570
32539
32581
32564
32567
32577
32586
32579
32544
32561
32563
32589
32573
32567
32568
32565
32559
32573
32576
32545
32564
32585
32591
32555
32548
32571
32568
32590
32585
32588
32553
32592
32570
32583
32583
32605
32591
32600
32582
32599
32599
32591
32592
32597
32567
32588
32567
32575
32602
32586
32598
32547
32560
32580
32590
32606
32623
32601
32602
32599
32582
32582
32593
32605
32568
32569
32591
32573
32542
32543
32561
32576
32594
32583
32586
32609
32607
32580
32598
32575
32597
32608
32612
32589
32590
32597
32589
32599
32593
32601
32605
32632
32607
32575
32587
32603
32611
32571
32602
32610
32577
32586
32575
32589
32593
32588
32599
32585
32559
32549
32542
32554
32551
32521
32535
32532
32525
32539
32551
32535
32533
32557
32559
32581
32547
32561
32536
32543
32555
32512
32515
32511
32511
32547
32535
32537
32539
32539
32551
32513
32545
32555
32561
32532
32551
32559
32549
32571
32554
32567
32573
32581
32583
32583
32556
32575
32605
32576
32567
32579
32566
32579
32569
32571
32567
32541
32540
32567
32578
32569
32575
32573
32566
32551
32531
32542
32561
32543
32534
32571
32569
32570
32575
32560
32541
32582
32557
32559
32544
32546
32559
32545
32538
32523
32537
32545
32567
32556
32548
32548
32541
32546
32557
32555
32548
32542
32576
32555
32532
32560
32575
32571
32574
32562
32567
32575
32595
32593
32574
32548
32573
32555
32565
32584
32591
32561
32583
32566
32571
32567
32583
32593
32557
32579
32575
32549
32563
32595
32581
32575
32562
32563
32591
32549
32527
32563
32569
32567
32559
32558
32563
32571
32564
32551
32575
32575
32563
32557
32543
32572
32577
32575
32559
32551
32561
32565
32553
32573
32575
32551
32563
32582
32583
32567
32573
32566
32552
32566
32553
32559
32573
32569
32572
32573
32587
32569
32551
32573
32590
32577
32568
32561
32568
32591
32582
32591
32603
32607
32582
32577
32578
32568
32582
32592
32647
32587
32597
32599
32583
32566
32588
32565
32549
32585
32567
32579
32583
32567
32566
32557
32557
32565
32598
32611
32591
32590
32587
32600
32586
32551
32563
32561
32591
32581
32585
32587
32597
32581
32547
32564
32599
32568
32565
32562
32560
32580
32569
32563
32564
32565
32555
32547
32556
32559
32561
32569
32571
32579
32564
32548
32559
32559
32565
32545
32553
32571
32562
32575
32581
32600
32572
32541
32564
32570
32573
32537
32536
32529
32541
32527
32544
32535
32543
32550
32533
32534
32535
32547
32527
32529
32576
32556
32517
32549
32544
32519
32524
32530
32535
32554
32543
32533
32549
32549
32539
32561
32577
32536
32551
32580
32548
32562
32578
32574
32573
32587
32574
32559
32546
32550
32561
32552
32563
32568
32541
32537
32541
32546
32575
32559
32539
32539
32558
32548
32549
32542
32525
32553
32551
32537
32535
32523
32540
32532
32559
32536
32525
32565
32543
32553
32557
32571
32567
32597
32583
32554
32560
32565
32547
32566
32581
32573
32569
32549
32551
32547
32540
32549
32547
32571
32572
32558
32557
32559
32530
32536
32557
32559
32543
32580
32574
32577
32567
32565
32556
32551
32549
32583
32537
32538
32553
32560
32567
32582
32570
32569
32567
32583
32589
32569
32552
32550
32569
32553
32559
32563
32581
32572
32567
32568
32555
32551
32569
32551
32541
32561
32567
32583
32579
32593
32579
32563
32552
32539
32532
32549
32576
32558
32566
32545
32559
32564
32551
32543
32582
32543
32563
32565
32565
32586
32569
32551
32568
32583
32606
32565
32553
32559
32565
32576
32562
32583
32583
32589
32603
32575
32551
32553
32572
32604
32575
32585
32598
32567
32563
32566
32551
32543
32547
32559
32549
32557
32570
32556
32546
32550
32566
32549
32553
32550
32529
32553
32571
32566
32558
32565
32579
32583
32578
32584
32583
32561
32567
32561
32600
32573
32551
32567
32535
32536
32533
32581
32573
32555
32542
32547
32533
32539
32575
32565
32541
32549
32552
32557
32539
32555
32568
32555
32562
32564
32544
32545
32561
32567
32547
32541
32551
32561
32559
32573
32565
32568
32542
32525
32491
32514
32487
32475
32485
32493
32520
32497
32517
32518
32503
32508
32495
32496
32493
32497
32523
32501
32521
32509
32513
32503
32488
32517
32509
32515
32507
32517
32519
32545
32549
32538
32527
32521
32533
32531
32520
32527
32535
32521
32533
32542
32566
32543
32539
32533
32521
32529
32528
32545
32540
32535
32541
32544
32513
32517
32528
32530
32551
32548
32551
32545
32536
32566
32551
32555
32583
32573
32563
32539
32551
32566
32545
32535
32577
32548
32573
32592
32586
32551
32566
32553
32582
32567
32573
32572
32545
32565
32567
32563
32572
32582
32576
32597
32581
32543
32553
32574
32591
32565
32547
32565
32564
32583
32577
32601
32589
32586
32579
32571
32559
32542
32590
32604
32583
32593
32595
32570
32575
32595
32586
32569
32561
32571
32594
32578
32578
32535
32576
32593
32543
32535
32563
32544
32555
32579
32574
32575
32585
32551
32549
32577
32563
32551
32572
32561
32556
32597
32596
32561
32547
32564
32583
32576
32608
32614
32611
32593
32599
32575
32603
32598
32637
32600
32595
32595
32603
32606
32602
32595
32609
32643
32615
32616
32623
32619
32615
32613
32615
32613
32607
32599
32592
32609
32631
32613
32616
32605
32609
32598
32607
32620
32613
32602
32608
32633
32619
32619
32647
32613
32609
32599
32615
32621
32615
32598
32617
32600
32601
32613
32611
32625
32631
32627
32629
32640
32609
32588
32603
32615
32608
32627
32634
32623
32631
32633
32631
32626
32637
32635
32621
32614
32616
32611
32617
32618
32608
32648
32633
32636
32647
32619
32631
32647
32635
32635
32626
32644
32647
32637
32641
32648
32639
32645
32647
32647
32642
32611
32618
32618
32601
32603
32619
32615
32602
32625
32613
32599
32613
32605
32620
32625
32587
32575
32602
32636
32627
32613
32621
32630
32598
32583
32608
32619
32645
32625
32626
32611
32612
32627
32607
32607
32629
32637
32629
32653
32641
32644
32627
32629
32651
32651
32620
32642
32635
32601
32623
32623
32629
32637
32643
32645
32614
32607
32627
32635
32644
32643
32632
32638
32636
32643
32617
32637
32659
32610
32613
32647
32657
32656
32641
32627
32615
32624
32633
32641
32644
32629
32627
32627
32608
32641
32639
32641
32637
32625
32637
32615
32603
32615
32624
32631
32609
32637
32659
32638
32667
32647
32648
32642
32635
32648
32634
32641
32647
32651
32649
32679
32659
32647
32646
32639
32637
32639
32647
32641
32670
32643
32630
32627
32625
32634
32629
32653
32645
32625
32628
32619
32613
32609
32609
32626
32615
32625
32627
32610
32614
32621
32596
32618
32617
32614
32602
32603
32615
32631
32633
32639
32614
32623
32615
32621
32629
32628
32619
32607
32619
32604
32611
32604
32603
32594
32589
32613
32629
32615
32607
32614
32591
32608
32607
32613
32625
32601
32636
32659
32613
32605
32585
32597
32617
32646
32620
32593
32617
32621
32621
32631
32623
32607
32635
32627
32608
32627
32639
32619
32615
32615
32634
32613
32605
32599
32599
32608
32597
32607
32635
32629
32618
32587
32610
32618
32625
32629
32603
32612
32628
32612
32604
32631
32637
32637
32641
32658
32633
32639
32629
32593
32603
32614
32615
32631
32655
32633
32621
32617
32603
32615
32601
32626
32631
32623
32621
32623
32603
32599
32626
32637
32610
32610
32589
32589
32599
32618
32617
32607
32625
32608
32625
32625
32607
32627
32591
32545
32579
32601
32564
32575
32575
32591
32575
32572
32559
32552
32571
32574
32552
32552
32566
32583
32565
32569
32567
32581
32592
32583
32561
32580
32586
32562
32551
32583
32595
32575
32578
32591
32585
32597
32584
32574
32585
32599
32609
32622
32600
32599
32588
32565
32609
32596
32609
32623
32607
32587
32582
32605
32622
32621
32572
32591
32610
32609
32605
32595
32595
32599
32579
32599
32618
32589
32599
32600
32587
32597
32585
32561
32583
32597
32600
32591
32605
32602
32595
32619
32598
32587
32592
32599
32578
32594
32594
32588
32611
32623
32622
32583
32583
32613
32616
32610
32612
32599
32589
32600
32615
32591
32590
32601
32626
32629
32608
32624
32625
32617
32607
32609
32619
32613
32609
32607
32597
32585
32588
32603
32624
32607
32603
32607
32609
32596
32587
32605
32589
32584
32597
32605
32603
32592
32581
32591
32599
32580
32589
32587
32607
32574
32559
32575
32560
32597
32595
32591
32585
32589
32601
32589
32611
32617
32591
32597
32599
32617
32607
32604
32589
32576
32593
32601
32620
32613
32612
32610
32608
32637
32633
32611
32605
32609
32587
32608
32597
32607
32581
32583
32594
32607
32618
32588
32586
32579
32615
32615
32614
32625
32611
32608
32599
32602
32610
32593
32627
32606
32609
32603
32623
32607
32605
32601
32612
32631
32635
32639
32600
32605
32583
32616
32613
32609
32580
32592
32605
32615
32607
32587
32608
32598
32613
32613
32597
32594
32627
32606
32619
32627
32615
32607
32602
32588
32615
32639
32629
32623
32615
32612
32588
32590
32595
32619
32617
32593
32613
32588
32605
32606
32608
32615
32630
32605
32620
32643
32607
32628
32618
32618
32599
32603
32605
32591
32577
32581
32591
32613
32604
32609
32607
32583
32573
32588
32593
32597
32612
32597
32591
32581
32567
32584
32603
32608
32590
32581
32574
32593
32568
32567
32571
32581
32581
32593
32583
32578
32593
32584
32568
32581
32609
32597
32606
32603
32595
32588
32591
32591
32566
32575
32587
32593
32607
32612
32595
32563
32577
32601
32599
32593
32589
32574
32602
32616
32590
32597
32561
32581
32590
32561
32579
32559
32557
32567
32561
32547
32551
32576
32557
32556
32571
32601
32580
32593
32566
32565
32573
32566
32581
32551
32566
32585
32563
32569
32553
32561
32541
32561
32561
32599
32611
32578
32555
32591
32583
32579
32573
32567
32583
32599
32589
32572
32579
32584
32581
32583
32569
32558
32542
32547
32570
32567
32583
32589
32597
32605
32591
32540
32533
32581
32578
32581
32573
32557
32575
32559
32566
32555
32556
32587
32573
32558
32547
32548
32563
32555
32571
32556
32567
32564
32555
32551
32561
32564
32557
32555
32550
32580
32555
32576
32549
32529
32551
32563
32577
32597
32579
32552
32547
32569
32584
32601
32583
32579
32585
32605
32599
32591
32596
32604
32597
32563
32574
32583
32581
32581
32583
32551
32569
32585
32558
32574
32561
32575
32573
32560
32562
32568
32555
32546
32558
32544
32558
32582
32599
32573
32557
32556
32545
32544
32559
32569
32568
32581
32562
32560
32565
32560
32558
32542
32551
32575
32573
32589
32584
32570
32555
32541
32539
32567
32556
32577
32565
32581
32565
32530
32554
32546
32584
32587
32589
32566
32575
32586
32571
32595
32581
32569
32567
32555
32573
32583
32572
32557
32573
32591
32578
32565
32587
32595
32587
32552
32515
32505
32535
32504
32511
32503
32488
32517
32509
32535
32507
32478
32500
32503
32511
32503
32511
32507
32511
32517
32508
32490
32491
32503
32514
32507
32481
32522
32519
32533
32535
32525
32535
32521
32535
32518
32505
32523
32525
32527
32546
32541
32555
32541
32543
32547
32565
32533
32533
32555
32583
32591
32567
32551
32535
32551
32535
32553
32537
32545
32559
32564
32535
32535
32555
32536
32554
32567
32562
32553
32544
32542
32573
32549
32549
32561
32557
32569
32557
32555
32589
32581
32571
32599
32579
32583
32583
32590
32603
32584
32582
32574
32549
32568
32591
32575
32576
32571
32574
32555
32568
32581
32580
32576
32620
32607
32571
32575
32599
32603
32616
32612
32614
32607
32623
32619
32624
32599
32600
32631
32613
32587
32613
32589
32600
32607
32587
32575
32589
32611
32599
32600
32603
32591
32584
32589
32583
32596
32595
32585
32596
32591
32588
32579
32589
32589
32604
32594
32584
32586
32580
32587
32575
32582
32597
32595
32595
32600
32614
32612
32607
32605
32591
32625
32617
32593
32625
32615
32603
32599
32625
32631
32607
32592
32597
32600
32612
32609
32611
32598
32601
32615
32614
32634
32628
32603
32553
32572
32585
32597
32604
32614
32611
32596
32622
32611
32625
32618
32607
32621
32613
32610
32572
32597
32594
32583
32599
32627
32586
32597
32597
32600
32619
32594
32606
32622
32585
32607
32603
32621
32624
32607
32594
32626
32626
32586
32597
32615
32621
32625
32617
32647
32647
32614
32617
32622
32621
32631
32627
32622
32645
32656
32624
32624
32643
32640
32619
32638
32645
32603
32604
32605
32614
32669
32653
32630
32632
32636
32626
32608
32593
32596
32588
32605
32606
32590
32592
32597
32592
32605
32605
32625
32599
32599
32623
32591
32621
32639
32634
32608
32616
32619
32616
32644
32615
32615
32649
32619
32615
32621
32631
32592
32611
32620
32637
32613
32605
32633
32627
32626
32623
32624
32631
32645
32647
32649
32627
32645
32633
32635
32627
32622
32624
32608
32639
32642
32621
32642
32647
32623
32644
32639
32645
32651
32621
32629
32639
32648
32642
32632
32645
32626
32623
32637
32623
32633
32641
32638
32629
32613
32616
32585
32603
32599
32613
32643
32619
32604
32598
32606
32604
32599
32610
32623
32634
32629
32619
32620
32625
32609
32634
32631
32625
32623
32609
32637
32627
32619
32635
32653
32662
32633
32636
32645
32627
32612
32617
32631
32611
32636
32605
32614
32608
32619
32613
32612
32617
32663
32633
32621
32610
32616
32610
32619
32631
32625
32655
32622
32616
32631
32623
32613
32631
32613
32616
32611
32615
32637
32641
32638
32623
32632
32609
32615
32610
32605
32610
32603
32607
32611
32620
32617
32627
32637
32615
32613
32614
32639
32625
32611
32617
32613
32626
32637
32646
32641
32635
32623
32621
32637
32648
32631
32647
32649
32635
32647
32636
32633
32637
32645
32645
32632
32643
32641
32653
32628
32620
32617
32623
32609
32596
32610
32623
32631
32613
32608
32615
32657
32649
32627
32635
32616
32594
32648
32625
32637
32648
32634
32639
32646
32649
32627
32650
32634
32637
32637
32635
32622
32631
32641
32609
32621
32641
32631
32629
32632
32605
32637
32647
32629
32614
32640
32621
32612
32625
32625
32587
32587
32590
32605
32607
32612
32602
32607
32612
32619
32622
32622
32611
32642
32627
32619
32599
32599
32624
32616
32595
32594
32585
32587
32603
32610
32589
32603
32608
32586
32581
32585
32569
32591
32590
32585
32580
32575
32568
32563
32581
32585
32594
32600
32584
32565
32582
32561
32581
32593
32587
32595
32613
32623
32609
32591
32565
32584
32616
32615
32620
32605
32583
32619
32613
32581
32587
32601
32605
32610
32580
32579
32603
32608
32614
32598
32621
32607
32618
32618
32616
32597
32576
32573
32603
32599
32591
32560
32583
32586
32574
32571
32595
32624
32616
32613
32611
32634
32620
32628
32607
32618
32592
32593
32607
32626
32605
32613
32615
32642
32618
32581
32613
32599
32601
32609
32611
32610
32599
32618
32621
32612
32617
32622
32623
32619
32605
32594
32595
32607
32604
32589
32581
32571
32575
32583
32603
32593
32600
32615
32598
32590
32587
32587
32591
32613
32578
32605
32577
32567
32599
32583
32576
32570
32565
32577
32573
32606
32588
32563
32581
32595
32607
32588
32590
32570
32583
32599
32575
32561
32570
32587
32575
32584
32579
32564
32574
32581
32585
32567
32591
32597
32583
32583
32609
32598
32585
32587
32593
32580
32603
32623
32601
32600
32597
32609
32581
32613
32629
32591
32607
32586
32593
32568
32581
32587
32599
32611
32615
32624
32615
32611
32613
