33225
33179
33243
33279
33175
33220
33215
33169
33193
33204
33174
33215
33173
33214
33214
33239
33187
33184
33189
33163
33224
33228
33233
33311
33181
33249
33193
33177
33211
33189
33209
33180
33163
33238
33167
33205
33209
33191
33255
33169
33203
33222
33167
33223
33191
33239
33165
33127
33196
33163
33231
33179
33165
33215
33181
33209
33175
33187
33215
33175
33160
33151
33175
33215
33163
33171
33246
33162
33177
33102
33189
33177
33185
33157
33144
33161
33171
33145
33238
33143
33216
33185
33149
33171
33143
33221
33202
33197
33205
33195
33240
33183
33150
33193
33107
33183
33179
33161
33200
33149
33169
33147
33208
33181
33181
33213
33149
33127
33188
33177
33158
33177
33115
33175
33112
33162
33199
33211
33217
33173
33263
33176
33154
33151
33175
33211
33181
33129
33183
33205
33567
33173
33153
33247
33099
33154
33200
33138
33155
33149
33165
33179
33127
33201
33075
33165
33165
33146
33181
33117
33179
33148
33141
33177
33134
33187
33177
33154
33177
33142
33199
33147
33159
33161
33127
33167
33116
33149
33127
33098
33181
33165
33165
33168
33121
33167
33122
33145
33148
33124
33184
33123
33129
33195
33135
33197
33198
33175
33158
33113
33191
33167
33186
33161
33136
33219
33210
33143
33207
33150
33185
33159
33115
33178
33122
33222
33144
33160
33137
33102
33170
33149
33146
33163
33132
33135
33156
33153
33213
33123
33175
33115
33100
33144
33177
33199
33124
33160
33188
33161
33159
33131
33147
33139
33143
33189
33136
33117
33227
33141
33162
33203
33164
33210
33077
33177
33143
33115
33191
33103
33165
33189
33141
33161
33127
33201
33169
33179
33193
33122
33191
33191
33166
33163
33110
33167
33159
33180
33174
33131
33142
33120
33111
33209
33133
33147
33139
33159
33221
33133
33191
33124
33169
33200
33133
33155
33125
33197
33170
33099
33224
33121
33145
33175
33126
33155
33145
33141
33172
33117
33197
33141
33115
33166
33089
33145
33121
33075
33131
33111
33191
33119
33127
33180
33128
33146
33129
33095
33143
33067
33111
33091
33096
33179
33091
33158
33111
33139
33161
33114
33151
33141
33173
33217
33111
33180
33119
33097
33127
33117
33108
33150
33136
33207
33103
33161
33115
33171
33185
33124
33133
33135
33080
33139
33095
33135
33147
33118
33157
33129
33160
33110
33150
33162
33095
33142
33072
33110
33136
33069
33125
33101
33147
33184
33063
33153
33167
33099
33153
33133
33151
33132
33070
33163
33133
33146
33139
33085
33118
33063
33127
33157
33141
33177
33130
33169
33201
33175
33185
33156
33180
33183
33151
33196
33143
33173
33165
33118
33153
33107
33112
33135
33153
33182
33156
33193
33157
33080
33195
33149
33194
33129
33145
33194
33111
33175
33157
33160
33181
33167
33184
33203
33156
33185
33139
33243
33149
33115
33195
33159
33207
33162
33193
33269
33155
33195
33221
33137
33195
33176
33191
33175
33171
33207
33176
33176
33147
33171
33248
33138
33218
33149
33147
33203
33109
33235
33193
33147
33201
33135
33167
33151
33137
33165
33135
33238
33171
33160
33251
33193
33190
33163
33237
33252
33205
33171
33215
33177
33220
33158
33189
33181
33161
33229
33151
33201
33192
33138
33177
33124
33187
33192
33135
33214
33180
33178
33161
33151
33155
33119
33171
33157
33129
33173
33183
33233
33195
33198
33193
33151
33206
33175
33104
33206
33138
33199
33175
33189
33191
33170
33247
33203
33158
33154
33108
33191
33168
33175
33140
33152
33184
33179
33187
33185
33141
33211
33163
33116
33107
33105
33181
33194
33151
33191
33165
33205
33117
33137
33185
33103
33179
33207
33182
33211
33177
33235
33205
33125
33203
33135
33164
33154
33147
33185
33167
33193
33188
33175
33180
33149
33193
33151
33137
33208
33190
33168
33145
33166
33233
33164
33210
33187
33159
33175
33108
33189
33162
33145
33207
33114
33205
33215
33183
33201
33158
33231
33187
33203
33213
33180
33235
33156
33173
33278
33199
33290
33251
33182
33204
33179
33193
33172
33081
33177
33143
33173
33182
33196
33193
33183
33207
33133
33151
33205
33162
33213
33147
33190
33190
33123
33189
33148
33160
33219
33144
33200
33171
33168
33238
33152
33217
33189
33147
33229
33151
33167
33181
33213
33238
33169
33253
33187
33159
33167
33153
33228
33177
33151
33183
33113
33199
33188
33203
33144
33159
33193
33177
33177
33183
33180
33127
33141
33199
33220
33177
33225
33203
33165
33219
33151
33197
33156
33160
33161
33149
33207
33189
33169
33229
33055
33215
33143
33131
33210
33113
33187
33112
33151
33185
33091
33201
33115
33144
33149
33109
33143
33113
33106
33167
33114
33163
33151
33105
33160
33099
33193
33163
33144
33195
33101
33151
33143
33165
33197
33170
33196
33171
33206
33172
33139
33191
33163
33131
33189
33107
33159
33155
33158
33215
33130
33187
33101
33193
33179
33134
33198
33187
33215
33191
33183
33206
33151
33139
33204
33156
33207
33171
33136
33208
33163
33209
33189
33171
33186
33159
33191
33167
33151
33208
33152
33206
33135
33145
33168
33143
33178
33200
33131
33218
33153
33175
33137
33122
33171
33189
33211
33192
33164
33193
33097
33172
33174
33202
33191
33151
33167
33157
33146
33214
33153
33161
33177
33179
33189
33150
33206
33179
33129
33193
33126
33193
33159
33177
33177
33136
33153
33161
33117
33140
33122
33201
33157
33157
33173
33158
33205
33164
33155
33223
33129
33192
33130
33163
33207
33181
33184
33185
33145
33199
33159
33202
33167
33169
33215
33128
33175
33173
33180
33183
33151
33172
33144
33115
33165
33133
33165
33159
33121
33136
33138
33168
33167
33186
33181
33150
33240
33140
33171
33199
33185
33214
33191
33140
33198
33178
33215
33217
33196
33206
33148
33225
33230
33156
33182
33145
33177
33135
33178
33193
33143
33200
33178
33148
33168
33128
33185
33127
33189
33170
33145
33183
33210
33157
33185
33121
33182
33233
33179
33222
33165
33213
33183
33140
33183
33174
33181
33179
33203
33220
33162
33217
33242
33223
33205
33161
33220
33211
33156
33227
33151
33165
33210
33191
33218
33121
33195
33214
33169
33158
33091
33214
33183
33177
33231
33165
33154
33175
33152
33213
33141
33161
33155
33137
33168
33151
33148
33163
33182
33223
33225
33234
33171
33119
33163
33187
33186
33153
33149
33221
33177
33231
33185
33167
33269
33161
33196
33157
33173
33179
33175
33159
33138
33149
33189
33175
33205
33143
33177
33143
33159
33193
33223
33148
33215
33166
33189
33218
33163
33167
33169
33227
33193
33127
33179
33157
33156
33171
33155
33180
33167
33210
33151
33189
33187
33143
33165
33193
33168
33166
33105
33226
33143
33203
33193
33138
33200
33169
33127
33182
33179
33217
33173
33135
33149
33140
33149
33164
33167
33190
33151
33193
33176
33151
33206
33134
33200
33180
33150
33176
33143
33165
33157
33149
33206
33151
33183
33167
33161
33167
33131
33136
33134
33191
33171
33145
33207
33143
33118
33140
33120
33175
33126
33146
33197
33161
33186
33155
33151
33209
33117
33179
33169
33175
33201
33169
33175
33219
33146
33160
33159
33185
33157
33151
33151
33120
33143
33133
33113
33143
33101
33125
33119
33110
33185
33093
33164
33103
33117
33233
33155
33145
33194
33110
33179
33095
33166
33135
33205
33215
33173
33169
33148
33176
33176
33169
33208
33146
33162
33223
33177
33161
33173
33193
33181
33101
33192
33198
33104
33188
33161
33190
33151
33135
33176
33107
33119
33145
33135
33216
33103
33169
33087
33110
33161
33141
33189
33165
33168
33169
33207
33185
33179
33159
33217
33175
33201
33181
33209
33258
33207
33245
33255
33219
33233
33175
33225
33169
33146
33211
33172
33255
33176
33156
33215
33179
33232
33195
33170
33195
33135
33228
33230
33193
33222
33159
33203
33202
33133
33216
33194
33249
33162
33170
33225
33189
33206
33195
33188
33227
33151
33222
33155
33180
33195
33132
33180
33182
33167
33145
33120
33177
33148
33162
33179
33171
33213
33143
33154
33165
33131
33162
33177
33138
33189
33137
33225
33150
33154
33195
33157
33215
33167
33142
33182
33159
33175
33163
33155
33167
33171
33197
33193
33175
33220
33151
33202
33201
33111
33155
33133
33203
33142
33128
33194
33171
33181
33145
33159
33206
33164
33167
33200
33161
33135
33100
33191
33151
33162
33199
33139
33172
33112
33131
33188
33125
33175
33134
33173
33169
33099
33193
33159
33165
33147
33165
33166
33148
33135
33223
33143
33164
33127
33118
33163
33102
33173
33107
33123
33143
33120
33194
33141
33128
33239
33144
33240
33149
33116
33162
33130
33158
33129
33135
33193
33124
33291
33135
33149
33189
33121
33183
33175
33167
33167
33127
33221
33117
33137
33103
33121
33171
33127
33137
33170
33113
33143
33146
33148
33210
33101
33154
33095
33127
33161
33112
33178
33137
33131
33178
33111
33127
33122
33159
33164
33143
33191
33196
33157
33193
33163
33202
33213
33173
33187
33157
33183
33157
33108
33151
33097
33159
33130
33118
33137
33073
33163
33112
33138
33118
33117
33163
33169
33155
33185
33151
33154
33157
33165
33154
33141
33199
33145
33173
33207
33149
33166
33170
33144
33175
33133
33132
33165
33159
33208
33135
33170
33175
33159
33144
33119
33166
33165
33127
33150
33087
33149
33145
33165
33191
33161
33201
33177
33173
33189
33132
33177
33113
33144
33193
33183
33222
33176
33153
33172
33143
33239
33171
33166
33207
33201
33207
33173
33173
33163
33104
33197
33154
33183
33188
33158
33189
33168
33143
33191
33152
33127
33162
33139
33127
33105
33203
33135
33155
33173
33112
33197
33190
33170
33207
33159
33213
33159
33153
33195
33136
33223
33191
33151
33184
33095
33186
33164
33183
33207
33159
33193
33168
33164
33192
33135
33173
33158
33135
33151
33147
33189
33188
33121
33141
33191
33159
33152
33154
33198
33130
33156
33219
33163
33167
33162
33227
33146
33117
33175
33125
33159
33171
33142
33227
33150
33203
33188
33111
33188
33105
33191
33200
33129
33183
33098
33148
33157
33154
33113
33102
33141
33133
33141
33151
33095
33158
33175
33143
33158
33150
33147
33129
33167
33154
33134
33165
33176
33119
33215
33164
33188
33139
33148
33139
33111
33182
33143
33144
33188
33161
33201
33194
33188
33175
33147
33198
33200
33171
33180
33151
33191
33115
33128
33191
33104
33183
33122
33116
33207
33143
33169
33160
33137
33178
33159
33208
33171
33143
33183
33134
33215
33206
33198
33163
33157
33167
33180
33125
33195
33138
33191
33154
33111
33211
33155
33174
33155
33167
33176
33089
33145
33203
33187
33207
33143
33208
33179
33187
33209
33146
33196
33127
33096
33199
33135
33200
33157
33142
33127
33143
33173
33161
33137
33188
33127
33215
33211
33139
33209
33202
33193
33184
33153
33165
33127
33214
33171
33203
33183
33126
33147
33169
33149
33175
33142
33164
33129
33154
33191
33100
33229
33090
33154
33169
33110
33162
33175
33158
33162
33137
33202
33169
33184
33203
33183
33215
33214
33227
33214
33146
33238
33187
33163
33228
33167
33241
33204
33145
33144
33138
33205
33163
33143
33185
33162
33199
33187
33103
33183
33212
33244
33212
33151
33191
33162
33195
33164
33167
33245
33143
33195
33190
33187
33249
33151
33207
33177
33143
33178
33173
33233
33196
33202
33245
33209
33227
33158
33165
33146
33173
33201
33155
33146
33220
33213
33199
33140
33111
33159
33159
33171
33160
33157
33175
33126
33195
33140
33140
33159
33143
33211
33159
33181
33239
33131
33197
33158
33161
33183
33148
33203
33221
33167
33215
33171
33199
33176
33165
33198
33215
33200
33148
33106
33165
33119
33220
33131
33163
33255
33159
33181
33142
33135
33175
33129
33204
33176
33143
33158
33175
33231
33185
33165
33189
33197
33247
33177
33140
33204
33133
33141
33179
33189
33265
33122
33192
33183
33154
33219
33161
33193
33141
33129
33202
33119
33209
33151
33180
33223
33153
33138
33154
33175
33200
33133
33220
33163
33127
33214
33133
33235
33181
33152
33178
33140
33124
33183
33147
33191
33179
33207
33160
33127
33181
33117
33183
33177
33174
33194
33213
33175
33153
33202
33179
33174
33207
33183
33157
33223
33139
33173
33154
33149
33209
33160
33183
33165
33142
33223
33202
33219
33170
33182
33213
33122
33180
33221
33163
33239
33164
33209
33145
33135
33197
33126
33171
33167
33204
33186
33195
33207
33156
33136
33199
33119
33169
33226
33145
33182
33176
33179
33138
33167
33131
33159
33145
33139
33156
33199
33149
33157
33165
33134
33181
33167
33194
33133
33135
33133
33155
33205
33176
33151
33242
33121
33194
33169
33132
33207
33164
33175
33189
33183
33151
33158
33182
33185
33166
33183
33155
33191
33182
33132
33199
33151
33173
33197
33167
33253
33204
33224
33201
33173
33227
33150
33203
33191
33182
33240
33191
33239
33204
33217
33175
33146
33225
33173
33163
33233
33195
33179
33200
33143
33158
33157
33219
33178
33175
33235
33142
33199
33134
33151
33201
33145
33125
33147
33191
33144
33111
33203
33165
33135
33213
33127
33241
33197
33165
33147
33123
33212
33198
33159
33195
33181
33200
33128
33159
33262
33130
33226
33189
33145
33158
33155
33180
33118
33164
33183
33171
33209
33156
33160
33177
33143
33199
33131
33192
33183
33131
33185
33156
33117
33127
33135
33190
33136
33165
33192
33122
33185
33103
33159
33203
33161
33191
33144
33145
33190
33119
33178
33160
33154
33199
33130
33180
33155
33101
33161
33105
33188
33132
33079
33106
33062
33161
33111
33123
33173
33106
33155
33169
33131
33161
33108
33119
33151
33127
33189
33147
33149
33109
33113
33191
33132
33177
33141
33126
33175
33125
33207
33179
33151
33175
33090
33143
33131
33131
33196
33116
33217
33187
33123
33166
33123
33163
33181
33131
33175
33128
33153
33133
33165
33171
33096
33228
33157
33119
33196
33140
33135
33104
33137
33204
33141
33177
33123
33111
33145
33093
33127
33140
33127
33161
33165
33199
33151
33154
33160
33115
33207
33177
33125
33162
33115
33187
33175
33121
33199
33116
33175
33144
33143
33250
33122
33164
33177
33157
33213
33156
33195
33167
33156
33176
33107
33172
33225
33167
33180
33135
33220
33177
33188
33219
33163
33193
33145
33159
33139
33112
33196
33159
33179
33149
33123
33185
33118
33127
33197
33164
33192
33145
33168
33178
33138
33191
33171
33145
33193
33185
33257
33218
33137
33225
33157
33223
33211
33237
33213
33174
33187
33187
33210
33239
33151
33214
33207
33180
33198
33165
33198
33183
33196
33219
33151
33163
33171
33177
33214
33192
33221
33175
33135
33186
33123
33214
33167
33175
33207
33135
33159
33175
33205
33207
33187
33197
33195
33127
33184
33157
33192
33174
33165
33209
33201
33223
33171
33151
33149
33065
33145
33149
33121
33183
33110
33175
33150
33169
33189
33085
33134
33092
33111
33146
33073
33142
33081
33100
33215
33119
33119
33171
33129
33118
33095
33121
33143
33136
33129
33129
33081
33101
33083
33093
33076
33144
33094
33103
33124
33051
33116
33117
33077
33130
33069
33079
33109
33078
33111
33041
33067
33033
33074
33125
33067
33101
33061
33039
33100
33063
33104
33042
33021
33095
33065
33094
33050
33098
33103
33095
33122
33035
33061
33087
33027
33125
33111
33077
33119
33097
33103
33077
33073
33111
33087
33148
33148
33105
33131
33080
33115
33105
33085
33114
33071
33138
33127
33117
33147
33067
33150
33115
33145
33131
33103
33127
33146
33119
33195
33178
33171
33139
33125
33171
33079
33177
33161
33127
33229
33111
33162
33127
33171
33143
33136
33200
33167
33182
33165
33125
33221
33151
33160
33160
33157
33157
33185
33184
33195
33165
33202
33221
33165
33212
33160
33207
33162
33183
33213
33165
33219
33200
33186
33197
33189
33205
33176
33161
33221
33127
33233
33171
33161
33188
33148
33198
33157
33151
33240
33160
33239
33197
33201
33223
33149
33191
33182
33193
33200
33114
33159
33221
33143
33239
33168
33211
33185
33128
33195
33193
33248
33149
33160
33143
33155
33207
33175
33138
33211
33153
33169
33189
33239
33208
33175
33235
33169
33170
33201
33214
33185
33205
33179
33229
33207
33153
33201
33169
33241
33248
33213
33179
33163
33230
33167
33228
33191
33133
33162
33168
33225
33202
33195
33227
33169
33208
33125
33158
33191
33159
33156
33160
33165
33201
33177
33182
33167
33187
33218
33154
33233
33183
33156
33207
33170
33205
33191
33185
33243
33171
33181
33189
33140
33207
33203
33228
33128
33188
33261
33171
33203
33191
33184
33165
33157
33210
33122
33165
33188
33108
33169
33196
33133
33186
33183
33217
33159
33194
33209
33155
33183
33171
33161
33185
33135
33191
33171
33140
33211
33135
33161
33152
33117
33185
33140
33200
33245
33212
33181
33131
33183
33171
33159
33223
33151
33211
33189
33156
33190
33120
33210
33171
33123
33189
33111
33187
33178
33155
33239
33159
33175
33149
33175
33239
33105
33181
33145
33121
33182
33139
33181
33141
33175
33213
33158
33172
33198
33191
33222
33182
33187
33167
33176
33231
33131
33163
33162
33175
33169
33141
33170
33174
33149
33212
33166
33196
33175
33161
33180
33153
33175
33147
33133
33197
33129
33209
33174
33132
33209
33201
33209
33180
33127
33199
33134
33159
33193
33142
33186
33171
33187
33135
33139
33219
33159
33166
33125
33147
33218
33127
33168
33171
33144
33215
33161
33179
33134
33191
33229
33139
33170
33161
33161
33191
33139
33195
33129
33126
33209
33077
33130
33141
33096
33123
33134
33159
33167
33151
33175
33100
33217
33223
33212
33199
33119
33212
33191
33149
33188
33095
33144
33176
33111
33186
33147
33169
33141
33139
33193
33118
33163
33161
33134
33207
33115
33203
33159
33137
33167
33159
33175
33175
33183
33227
33179
33225
33186
33196
33230
33130
33211
33197
33187
33244
33169
33230
33167
33160
33243
33186
33214
33163
33149
33205
33137
33249
33227
33203
33171
33150
33179
33207
33198
33163
33164
33183
33179
33176
33141
33128
33166
33155
33175
33189
33149
33193
33102
33167
33219
33136
33206
33125
33154
33157
33151
33235
33177
33194
33183
33152
33208
33200
33160
33182
33140
33255
33199
33146
33135
33132
33199
33185
33110
33181
33121
33147
33125
33142
33211
33138
33164
33167
33137
33159
33119
33117
33178
33159
33183
33116
33159
33103
33143
33185
33141
33200
33191
33149
33169
33103
33170
33143
33182
33217
33173
33217
33162
33152
33156
33103
33145
33115
33105
33161
33125
33132
33149
33175
33187
33122
33151
33134
33173
33185
33174
33226
33163
33125
33171
33095
33188
33151
33137
33176
33123
33181
33171
33152
33200
33128
33186
33159
33187
33249
33170
33187
33136
33133
33193
33159
33201
33131
33139
33181
33147
33203
33099
33126
33143
33151
33126
33148
33167
33163
33111
33193
33199
33127
33228
33144
33191
33154
33170
33143
33127
33196
33207
33143
33129
33139
33173
33159
33167
33197
33130
33201
33141
33177
33151
33095
33152
33110
33114
33154
33153
33159
33127
33147
33185
33166
33181
33156
33167
33191
33143
33198
33142
33161
33199
33117
33195
33198
33101
33141
33097
33196
33154
33177
33170
33114
33167
33152
33118
33111
33166
33122
33153
33170
33145
33118
33206
33155
33175
33143
33141
33139
33107
33169
33173
33135
33177
33141
33185
33175
33141
33174
33143
33163
33208
33151
33157
33195
33181
33190
33171
33208
33180
33164
33151
33107
33166
33240
33156
33201
33125
33175
33191
33147
33177
33137
33179
33203
33158
33199
33143
33179
33134
33145
33206
33159
33155
33205
33157
33195
33130
33203
33169
33154
33171
33117
33201
33171
33199
33222
33158
33215
33215
33217
33205
33144
33194
33209
33182
33191
33206
33207
33180
33133
33242
33205
33221
33147
33166
33225
33131
33197
33156
33208
33241
33130
33210
33128
33151
33167
33125
33161
33181
33135
33157
33151
33182
33121
33119
33191
33167
33239
33134
33184
33202
33134
33208
33187
33163
33183
33134
33199
33159
33175
33211
33161
33245
33165
33220
33204
33133
33183
33161
33177
33177
33101
33165
33191
33175
33185
33107
33167
33127
33159
33189
33153
33195
33168
33193
33202
33157
33200
33192
33135
33165
33131
33201
33191
33165
33223
33186
33182
33176
33159
33220
33101
33189
33153
33161
33137
33171
33171
33161
33145
33172
33135
33219
33181
33191
33175
33140
33125
33137
33144
33183
33183
33241
33176
33143
33135
33142
33154
33151
33123
33199
33109
33183
33192
33163
33227
33117
33172
33148
33178
33148
33163
33220
33177
33133
33149
33144
33194
33127
33131
33183
33101
33167
33100
33086
33131
33124
33167
33145
33144
33175
33134
33204
33195
33187
33155
33142
33188
33119
33114
33217
33134
33131
33172
33182
33126
33101
33155
33160
33167
33161
33169
33177
33155
33135
33205
33119
33183
33155
33118
33172
33146
33221
33175
33137
33107
33129
33159
33174
33146
33193
33177
33193
33153
33155
33155
33135
33175
33159
33170
33212
33170
33159
33129
33123
33177
33107
33195
33148
33135
33203
33146
33197
33125
33150
33211
33155
33150
33154
33157
33187
33133
33173
33175
33141
33175
33120
33195
33202
33139
33213
33157
33170
33205
33204
33155
33154
33257
33197
33153
33145
33147
33154
33157
33193
33212
33156
33197
33161
33141
33169
33115
33203
33131
33130
33159
33146
33150
33074
33091
33162
33082
33163
33099
33158
33185
33093
33136
33103
33105
33137
33103
33182
33180
33137
33151
33097
33173
33147
33104
33161
33138
33144
33101
33131
33164
33068
33120
33105
33107
33157
33055
33098
33089
33113
33137
33097
33148
33077
33112
33155
33135
33174
33119
33160
33119
33133
33213
33173
33149
33145
33119
33156
33141
33135
33155
33120
33141
33133
33187
33188
33152
33186
33106
33133
33207
33159
33184
33110
33154
33165
33143
33169
33142
33097
33161
33114
33137
33111
33133
33161
33078
33160
33151
33175
33191
33178
33188
33173
33144
33207
33181
33167
33093
33162
33191
33127
33191
33190
33160
33209
33148
33224
33136
33175
33160
33140
33175
33173
33126
33155
33096
33201
33125
33180
33141
33119
33174
33151
33155
33132
33182
33219
33161
33158
33206
33104
33189
33147
33126
33145
33161
33179
33164
33165
33228
33141
33173
33151
33142
33185
33123
33211
33169
33205
33169
33128
33190
33163
33173
33200
33128
33191
33179
33140
33152
33175
33089
33150
33161
33164
33136
33190
33157
33125
33175
33136
33161
33101
33192
33202
33146
33170
33139
33205
33188
33151
33162
33159
33141
33179
33105
33199
33191
33144
33231
33180
33203
33170
33170
33183
33146
33197
33204
33153
33207
33145
33207
33158
33140
33197
33126
33192
33212
33142
33203
33148
33231
33155
33178
33221
33164
33239
33192
33173
33208
33144
33184
33163
33133
33175
33139
33159
33171
33149
33207
33147
33191
33159
33186
33273
33202
33208
33181
33159
33199
33193
33224
33180
33189
33166
33110
33164
33193
33163
33231
33203
33227
33201
33151
33182
33143
33197
33166
33193
33202
33155
33148
33205
33200
33198
33128
33215
33210
33196
33208
33131
33173
33216
33178
33179
33159
33223
33159
33147
33203
33205
33214
33167
33193
33223
33171
33246
33181
33168
33169
33182
33189
33167
33159
33201
33183
33213
33159
33190
33208
33135
33205
33156
33160
33255
33189
33189
33197
33205
33177
33142
33272
33230
33210
33191
33149
33206
33196
33163
33188
33142
33217
33175
33138
33170
33125
33152
33141
33145
33193
33151
33167
33124
33170
33194
33139
33190
33189
33159
33198
33153
33167
33177
33159
33157
33130
33195
33177
33143
33235
33176
33228
33174
33186
33201
33135
33201
33175
33100
33181
33137
33169
33130
33197
33165
33119
33199
33151
33188
33208
33110
33167
33164
33153
33191
33149
33257
33191
33128
33185
33160
33242
33168
33165
33183
33157
33243
33183
33204
33215
33126
33214
33196
33143
33199
33145
33238
33163
33171
33175
33102
33159
33141
33107
33199
33098
33177
33173
33120
33173
33127
33171
33148
33137
33200
33126
33154
33175
33159
33207
33161
33185
33162
33162
33206
33160
33200
33143
33151
33177
33147
33182
33209
33164
33180
33173
33203
33174
33195
33183
33157
33214
33195
33189
33190
33115
33215
33165
33129
33191
33171
33175
33155
33118
33161
33134
33191
33172
33117
33221
33179
33190
33145
33201
33184
33110
33161
33200
33159
33231
33127
33215
33160
33159
33158
33167
33185
33187
33154
33191
33165
33226
33181
33129
33213
33137
33187
33129
33160
33194
33111
33208
33143
33123
33173
33151
33225
33168
33183
33236
33167
33225
33185
33105
33202
33151
33211
33135
33194
33254
33145
33149
33211
33229
33232
33175
33193
33197
33171
33204
33157
33193
33185
33137
33202
33149
33171
33164
33175
33205
33164
33171
33157
33163
33215
33133
33199
33151
33107
33151
33101
33175
33139
33169
33205
33215
33233
33194
33185
33169
33129
33207
33184
33125
33205
33155
33262
33159
33167
33191
33123
33223
33175
33147
33179
33137
33133
33127
33149
33217
33187
33138
33081
33130
33235
33107
33149
33147
33175
33175
33137
33230
33239
33185
33185
33187
33239
33223
33160
33227
33167
33207
33193
33153
33202
33160
33223
33215
33196
33206
33155
33170
33171
33157
33207
33147
33193
33145
33107
33217
33156
33209
33190
33161
33202
33174
33202
33160
33119
33170
33125
33165
33156
33143
33178
33178
33167
33144
33170
33221
33121
33184
33212
33167
33218
33145
33235
33164
33167
33193
33159
33197
33161
33183
33216
33150
33175
33185
33177
33162
33145
33124
33141
33153
33147
33111
33228
33181
33157
33189
33141
33195
33156
33149
33179
33065
33159
33173
33151
33195
33129
33167
33167
33102
33122
33105
33145
33183
33175
33218
33142
33198
33174
33127
33151
33093
33121
33149
33170
33175
33123
33218
33147
33163
33166
33107
33166
33127
33151
33199
33182
33178
33167
33102
33203
33180
33223
33157
33141
33222
33111
33177
33217
33235
33244
33131
33205
33180
33159
33191
33147
33233
33159
33178
33208
33089
33217
33146
33129
33184
33127
33157
33119
33175
33175
33080
33216
33127
33095
33185
33139
33187
33151
33181
33181
33105
33169
33150
33132
33159
33169
33239
33191
33159
33245
33143
33161
33171
33151
33194
33213
33200
33189
33186
33225
33168
33205
33140
33208
33173
33170
33206
33227
33110
33223
33150
33191
33166
33159
33202
33149
33253
33203
33182
33200
33095
33227
33177
33124
33185
33168
33198
33146
33149
33209
33173
33201
33194
33179
33169
33173
33198
33143
33155
33187
33163
33153
33145
33163
33208
33145
33165
33171
33163
33173
33111
33175
33138
33139
33147
33101
33191
33177
33174
33143
33130
33187
33171
33144
33192
33151
33236
33190
33165
33173
33135
33189
33143
33143
33173
33141
33167
33145
33127
33159
33119
33197
33109
33163
33186
33127
33184
33108
33138
33159
33144
33159
33167
33128
33143
33129
33169
33079
33122
33187
33117
33176
33139
33129
33197
33157
33178
33198
33111
33204
33142
33179
33160
33159
33201
33094
33163
33137
33121
33196
33148
33175
33173
33160
33150
33157
33181
33222
33187
33222
33101
33164
33187
33133
33151
33127
33179
33146
33203
33212
33147
33165
33151
33137
33228
33153
33152
33109
33145
33213
33139
33163
33157
33151
33194
33154
33195
33119
33169
33217
33167
33231
33177
33117
33137
33111
33185
33111
33193
33193
33129
33158
33165
33148
33197
33150
33173
33103
33127
33185
33158
33171
33146
33151
33185
33182
33252
33215
33160
33156
33143
33177
33159
33198
33172
33175
33210
33134
33169
33183
33128
33161
33163
33142
33190
33184
33225
33205
33152
33223
33101
33188
33132
33179
33188
33111
33143
33185
33136
33191
33152
33197
33119
33175
33192
33116
33161
33155
33175
33227
33119
33207
33186
33115
33143
33142
33181
33150
33159
33201
33177
33181
33167
33163
33171
33149
33191
33142
33131
33192
33159
33237
33173
33133
33264
33227
33231
33173
33212
33217
33215
33224
33211
33215
33284
33207
33243
33216
33201
33217
33221
33220
33212
33223
33260
33229
33219
33173
33186
33219
33165
33198
33167
33166
33269
33224
33206
33168
33184
33164
33151
33175
33168
33163
33177
33134
33198
33214
33178
33153
33145
33179
33144
33187
33180
33141
33157
33172
33135
33206
33183
33204
33185
33135
33155
33158
33182
33189
33087
33161
33161
33116
33154
33160
33173
33150
33193
33197
33207
33222
33143
33153
33154
33151
33192
33095
33204
33162
33201
33183
33145
33175
33146
33122
33195
33139
33179
33206
33129
33205
33156
33221
33181
33133
33161
33133
33169
33132
33179
33181
33137
33156
33183
33143
33203
33111
33216
33126
33134
33179
33132
33098
33172
33165
33231
33150
33143
33118
33145
33161
33090
33178
33144
33143
33199
33117
33140
33087
33112
33167
33153
33191
33161
33155
33143
33119
33150
33186
33139
33179
33110
33139
33118
33143
33185
33145
33187
33133
33138
33125
33095
33183
33133
33139
33198
33097
33190
33177
33166
33193
33111
33131
33177
33157
33177
33122
33144
33181
33175
33177
33089
33195
33145
33141
33133
33111
33177
33197
33185
33194
33137
33172
33165
33113
33170
33129
33195
33146
33139
33179
33099
33194
33157
33131
33187
33153
33165
33134
33110
33157
33113
33205
33112
33167
33144
33110
33174
33176
33151
33213
33131
33179
33159
33138
33182
33146
33162
33167
33109
33189
33145
33182
33169
33151
33185
33131
33157
33130
33159
33191
33120
33174
33186
33153
33193
33092
33208
33106
33158
33133
33145
33178
33105
33153
33167
33149
33163
33111
33211
33189
33162
33154
33183
33172
33213
33183
33209
33164
33153
33224
33175
33227
33211
33167
33162
33189
33184
33162
33150
33206
33155
33167
33144
33219
33229
33137
33175
33173
33173
33249
33105
33212
33179
33149
33136
33139
33151
33164
33141
33143
33079
33199
33157
33142
33175
33134
33163
33143
33159
33224
33110
33185
33115
33142
33196
33143
33211
33167
33160
33201
33139
33181
33111
33096
33161
33151
33161
33096
33133
33153
33015
33157
33147
33101
33157
33112
33143
33118
33103
33181
33143
33139
33135
33161
33159
33132
33134
33123
33127
33175
33067
33138
33160
33134
33191
33075
33127
33084
33093
33152
33127
33179
33109
33133
33167
33137
33163
33144
33096
33169
33115
33127
33105
33102
33162
33058
33143
33157
33069
33124
33121
33160
33147
33105
33119
33102
33155
33147
33115
33175
33107
33151
33103
33121
33129
33109
33177
33161
33133
33205
33098
33179
33156
33166
33169
33119
33159
33168
33142
33183
33107
33156
33145
33113
33185
33099
33198
33165
33128
33135
33057
33129
33170
33101
33143
33167
33207
33147
33144
33167
33101
33176
33132
33155
33200
33151
33203
33115
33175
33173
33165
33181
33201
33132
33161
33105
33183
33153
33204
33196
33133
33211
33193
33177
33199
33181
33196
33167
33176
33188
33169
33199
33154
33128
33189
33096
33183
33202
33180
33161
33157
33193
33126
33107
33185
33141
33194
33214
33166
33200
33149
33275
33194
33211
33231
33194
33199
33200
33204
33212
33134
33199
33190
33183
33202
33160
33141
33134
33202
33195
33126
33166
33123
33135
33176
33141
33196
33175
33133
33156
33074
33213
33162
33168
33240
33127
33201
33143
33140
33238
33181
33195
33135
33210
33214
33169
33207
33182
33155
33223
33167
33219
33239
33192
33222
33187
33203
33182
33232
33236
33130
33147
33241
33205
33202
33159
33191
33195
33190
33209
33134
33163
33167
33163
33187
33162
33222
33175
33161
33223
33181
33215
33207
33221
33229
33138
33189
33123
33185
33201
33103
33177
33167
33207
33155
33156
33185
33229
33193
33271
33120
33205
33222
33119
33202
33125
33164
33170
33175
33174
33199
33174
33160
33127
33223
33126
33135
33246
33150
33237
33129
33245
33199
33204
33218
33141
33231
33229
33175
33187
33157
33267
33183
33190
33193
33137
33187
33215
33198
33186
33149
33237
33191
33147
33171
33128
33196
33143
33124
33183
33142
33144
33115
33159
33191
33116
33234
33188
33190
33191
33127
33179
33175
33151
33181
33174
33198
33167
33143
33221
33155
33123
33183
33199
33187
33175
33188
33139
33160
33196
33136
33187
33164
33160
33219
33145
33209
33139
33087
33158
33188
33164
33141
33132
33207
33127
33171
33181
33140
33196
33153
33224
33185
33173
33199
33127
33205
33184
33198
33233
33140
33177
33175
33147
33226
33159
33189
33127
33122
33200
33124
33135
33134
33137
33163
33115
33139
33125
33134
33203
33129
33195
33173
33161
33175
33138
33151
33133
33089
33122
33115
33171
33174
33159
33226
33171
33207
33181
33159
33178
33157
33221
33246
33151
33189
33159
33229
33171
33145
33176
33124
33217
33225
33162
33195
33128
33207
33175
33129
33186
33129
33163
33154
33199
33212
33116
33151
33129
33128
33248
33153
33233
33140
33176
33220
33165
33175
33191
33151
33219
33192
33171
33177
33143
33180
33137
33231
33180
33191
33211
33183
33205
33159
33157
33147
33113
33198
33171
33127
33211
33145
33213
33173
33133
33151
33156
33225
33159
33124
33215
33208
33207
33169
33167
33255
33193
33231
33231
33223
33244
33177
33228
33183
33211
33217
33154
33187
33187
33181
33219
33161
33196
33175
33121
33203
33129
33207
33191
33135
33189
33151
33186
33198
33118
33175
33089
33173
33136
33129
33150
33142
33185
33158
33126
33189
33151
33141
33101
33161
33233
33191
33270
33162
33160
33209
33168
33199
33198
33154
33175
33119
33186
33131
33166
33205
33112
33151
33188
33185
33153
33173
33191
33171
33129
33193
33131
33167
33177
33147
33157
33156
33175
33155
33143
33175
33159
33227
33190
33143
33175
33130
33178
33138
33150
33161
33152
33205
33180
33190
33124
33140
33156
33130
33146
33251
33131
33198
33169
33171
33154
33108
33141
33168
33185
33159
33142
33165
33171
33127
33154
33137
33207
33183
33135
33197
33117
33191
33167
33140
33181
33123
33225
33169
33199
33147
33111
33180
33176
33185
33173
33133
33160
33157
33185
33183
33157
33185
33149
33152
33223
33159
33164
33145
33134
33150
33092
33176
33179
33126
33217
33140
33135
33112
33142
33151
33155
33199
33124
33165
33210
33120
33205
33149
33155
33199
33194
33181
33185
33177
33210
33151
33200
33159
33115
33153
33176
33167
33115
33119
33169
33105
33163
33122
33159
33170
33133
33171
33177
33161
33182
33124
33149
33159
33159
33221
33117
33213
33151
33159
33219
33129
33213
33189
33147
33257
33150
33229
33199
33199
33227
33169
33238
33198
33188
33196
33155
33158
33180
33159
33135
33116
33202
33137
33178
33179
33181
33157
33171
33149
33221
33115
33183
33157
33123
33137
33097
33165
33191
33126
33198
33127
33252
33223
33214
33245
33193
33250
33213
33239
33240
33175
33233
33215
33202
33219
33204
33202
33189
33205
33199
33222
33239
33217
33191
33227
33143
33207
33182
33124
33159
33150
33225
33177
33153
33196
33177
33173
33160
33135
33170
33176
33198
33247
33182
33203
33153
33211
33194
33195
33185
33176
33227
33207
33223
33206
33190
33217
33227
33187
33211
33150
33168
33137
33185
33181
33160
33178
33155
33159
33196
33133
33167
33136
33123
33225
33143
33143
33175
33209
33207
33156
33191
33188
33152
33223
33147
33167
33181
33186
33235
33124
33203
33155
33201
33175
33145
33180
33139
33161
33175
33098
33141
33137
33112
33173
33087
33122
33134
33115
33181
33121
33135
33135
33134
33162
33117
33226
33135
33151
33151
33108
33145
33158
33140
33169
33135
33157
33133
33169
33193
33122
33155
33119
33137
33159
33132
33163
33129
33165
33203
33131
33189
33145
33165
33187
33137
33181
33161
33145
33197
33140
33133
33176
33161
33154
33098
33154
33139
33127
33178
33081
33191
33167
33181
33197
33157
33209
33119
33153
33187
33129
33179
33199
33119
33248
33144
33151
33110
33151
33200
33123
33167
33161
33140
33191
33082
33144
33181
33129
33167
33138
33175
33122
33128
33176
33152
33129
33166
33167
33211
33128
33193
33191
33112
33175
33097
33178
33163
33163
33227
33154
33197
33154
33097
33177
33095
33173
33175
33159
33180
33127
33214
33167
33139
33163
33113
33177
33168
33107
33164
33142
33179
33159
33148
33155
33119
33159
33125
33139
33157
33133
33175
33147
33132
33189
33169
33175
33176
33167
33175
33155
33199
33191
33153
33207
33166
33149
33207
33120
33205
33151
33182
33157
33159
33191
33164
33199
33227
33185
33203
33159
33201
33150
33117
33191
33140
33193
33159
33140
33183
33127
33197
33173
33176
33213
33129
33184
33189
33149
33210
33147
33179
33199
33163
33202
33163
33232
33221
33189
33185
33171
33222
33181
33149
33204
33159
33191
33175
33169
33227
33199
33157
33158
33159
33141
33116
33181
33191
33152
33135
33154
33175
33169
33144
33193
33162
33139
33148
33140
33152
33177
33221
33191
33152
33191
33178
33193
33177
33149
33163
33116
33192
33159
33116
33175
33174
33186
33186
33141
33223
33130
33191
33141
33109
33163
33159
33165
33165
33189
33171
33137
33183
33151
33158
33207
33175
33190
33124
33147
33198
33150
33223
33177
33175
33168
33094
33159
33157
33164
33223
33145
33194
33193
33183
33211
33099
33204
33136
33137
33175
33141
33170
33136
33113
33155
33139
33132
33135
33144
33175
33158
33155
33177
33165
33193
33132
33227
33186
33202
33211
33167
33178
33175
33190
33159
33146
33177
33150
33167
33169
33169
33220
33182
33124
33185
33147
33201
33138
33127
33176
33127
33204
33155
33161
33204
33149
33150
33172
33137
33218
33109
33125
33203
33156
33147
33079
33175
33141
33175
33207
33119
33198
33175
33137
33207
33156
33157
33151
33117
33203
33191
33141
33193
33173
33211
33155
33213
33139
33124
33207
33147
33159
33143
33159
33205
33135
33162
33153
33173
33175
33159
33192
33169
33127
33202
33188
33205
33183
33133
33199
33139
33174
33154
33195
33215
33139
33219
33179
33154
33189
33124
33167
33140
33141
33158
33124
33210
33125
33181
33175
33099
33158
33167
33132
33181
33159
33191
33135
33163
33196
33127
33159
33199
33197
33191
33139
33224
33197
33187
33217
33153
33182
33159
33205
33218
33171
33213
33183
33115
33192
33143
33183
33143
33165
33217
33183
33197
33149
33185
33195
33147
33231
33143
33188
33221
33130
33187
33164
33113
33139
33070
33191
33199
33138
33167
33087
33199
33110
33097
33205
33155
33167
33163
33189
33261
33125
33183
33149
33159
33225
33165
33139
33155
33110
33163
33115
33141
33140
33141
33172
33167
33191
33170
33176
33168
33101
33166
33157
33147
33167
33085
33187
33147
33180
33154
33095
33149
33142
33189
33219
33133
33183
33197
33172
33227
33185
33190
33176
33124
33173
33157
33171
33177
33151
33168
33139
33187
33167
33186
33216
33149
33211
33146
33087
33146
33135
