34599
34598
34606
34608
34619
34616
34621
34623
34635
34647
34641
34627
34620
34608
34618
34788
34666
34585
34575
34569
34564
34561
34585
34555
34541
34545
34537
34530
34535
34525
34523
34529
34521
34533
34541
34565
34569
34555
34563
34580
34593
34589
34605
34603
34603
34614
34630
34611
34609
34638
34652
34684
34631
34628
34602
34623
34619
34629
34608
34623
34623
34604
34583
34583
34563
34560
34545
34539
34546
34534
34535
34557
34573
34556
34563
34583
34581
34563
34572
34592
34628
34617
34611
34603
34633
34629
34643
34635
34641
34627
34657
34663
34650
34654
34645
34641
34621
34623
34601
34593
34593
34572
34583
34574
34569
34547
34569
34555
34555
34567
34547
34558
34537
34534
34561
34567
34575
34564
34580
34612
34589
34606
34632
34633
34625
34646
34657
34634
34662
34669
34661
34643
34662
34631
34633
34639
34649
34648
34626
34638
34619
34615
34625
34613
34602
34593
34591
34569
34569
34583
34562
34547
34575
34591
34593
34599
34583
34589
34579
34586
34577
34596
34611
34611
34631
34611
34611
34649
34666
34645
34654
34669
34647
34641
34627
34635
34641
34635
34651
34633
34629
34621
34625
34625
34603
34595
34584
34587
34588
34593
34595
34561
34575
34577
34587
34569
34567
34575
34551
34582
34599
34621
34617
34616
34625
34614
34623
34640
34680
34697
34677
34683
34655
34675
34654
34659
34647
34623
34625
34625
34641
34626
34612
34609
34623
34625
34609
34600
34573
34563
34582
34581
34573
34545
34576
34582
34568
34570
34578
34597
34610
34584
34571
34599
34620
34610
34607
34619
34627
34635
34648
34641
34641
34655
34687
34679
34664
34655
34633
34645
34641
34617
34605
34601
34615
34612
34594
34567
34567
34579
34576
34579
34580
34557
34557
34539
34572
34551
34538
34562
34564
34582
34578
34565
34585
34599
34623
34603
34592
34619
34636
34637
34637
34639
34635
34621
34640
34639
34612
34601
34581
34601
34604
34593
34611
34585
34561
34583
34583
34576
34577
34565
34545
34566
34577
34585
34568
34565
34549
34551
34573
34587
34570
34583
34620
34632
34611
34607
34634
34603
34619
34605
34615
34634
34641
34647
34658
34666
34651
34630
34631
34631
34623
34640
34611
34591
34580
34575
34577
34559
34570
34559
34543
34544
34561
34563
34578
34567
34569
34559
34567
34561
34564
34572
34597
34579
34599
34626
34622
34633
34621
34631
34626
34655
34658
34663
34657
34663
34647
34611
34632
34631
34619
34625
34603
34607
34613
34578
34593
34585
34545
34568
34563
34559
34567
34554
34557
34553
34561
34560
34574
34551
34571
34615
34612
34593
34597
34609
34644
34631
34631
34649
34668
34651
34656
34647
34664
34632
34639
34661
34647
34634
34637
34619
34623
34613
34612
34613
34607
34591
34576
34585
34566
34563
34578
34598
34583
34577
34583
34571
34590
34551
34577
34615
34599
34591
34593
34575
34604
34621
34638
34675
34679
34675
34652
34657
34652
34663
34667
34655
34649
34655
34668
34647
34639
34613
34621
34611
34617
34595
34591
34576
34610
34580
34565
34548
34551
34579
34563
34569
34575
34602
34583
34556
34576
34593
34599
34623
34630
34637
34632
34645
34631
34636
34656
34647
34643
34653
34640
34647
34618
34635
34625
34639
34631
34623
34671
34631
34623
34602
34609
34583
34599
34581
34587
34580
34595
34615
34599
34561
34556
34551
34575
34562
34575
34565
34606
34587
34591
34607
34614
34635
34615
34637
34649
34637
34656
34663
34636
34613
34615
34639
34594
34601
34615
34609
34599
34591
34572
34569
34571
34561
34566
34539
34564
34563
34541
34560
34546
34537
34527
34536
34544
34537
34527
34551
34556
34565
34565
34569
34582
34592
34591
34625
34631
34623
34631
34619
34627
34605
34606
34624
34629
34619
34635
34642
34631
34607
34593
34599
34571
34555
34564
34565
34576
34564
34555
34541
34558
34543
34537
34535
34548
34551
34573
34560
34560
34581
34565
34587
34569
34586
34612
34609
34635
34639
34652
34629
34633
34623
34636
34651
34660
34636
34613
34631
34665
34636
34601
34606
34583
34561
34583
34597
34575
34551
34562
34576
34597
34575
34574
34590
34559
34567
34568
34582
34600
34609
34619
34611
34592
34601
34605
34621
34617
34619
34619
34625
34618
34637
34637
34631
34627
34627
34650
34662
34643
34629
34617
34609
34611
34600
34573
34588
34596
34584
34595
34572
34578
34568
34575
34582
34571
34562
34573
34583
34579
34571
34583
34593
34597
34589
34583
34612
34644
34631
34623
34641
34670
34635
34643
34632
34645
34647
34668
34659
34667
34655
34630
34629
34675
34635
34645
34612
34607
34600
34599
34571
34600
34591
34578
34558
34585
34598
34579
34593
34586
34585
34591
34602
34615
34600
34591
34597
34598
34622
34631
34609
34631
34639
34641
34627
34635
34651
34653
34663
34647
34653
34630
34640
34647
34626
34618
34631
34611
34605
34574
34553
34578
34586
34563
34566
34551
34567
34579
34589
34587
34580
34552
34589
34591
34610
34615
34599
34609
34612
34620
34620
34641
34642
34661
34638
34666
34663
34651
34641
34625
34619
34647
34638
34633
34639
34615
34590
34602
34587
34591
34589
34589
34593
34597
34576
34565
34552
34561
34539
34539
34552
34563
34572
34556
34575
34568
34568
34587
34615
34596
34601
34605
34622
34655
34633
34628
34649
34654
34627
34625
34629
34625
34619
34628
34625
34613
34609
34593
34593
34588
34583
34583
34585
34589
34554
34547
34562
34567
34583
34579
34575
34573
34571
34568
34579
34592
34605
34587
34598
34599
34611
34619
34639
34651
34618
34619
34631
34649
34647
34638
34621
34607
34640
34623
34593
34595
34601
34609
34581
34585
34587
34588
34582
34559
34574
34559
34566
34561
34558
34563
34552
34569
34575
34568
34575
34577
34586
34599
34589
34595
34611
34621
34619
34613
34631
34648
34619
34628
34629
34643
34647
34661
34628
34628
34629
34619
34625
34640
34619
34598
34589
34597
34597
34573
34541
34585
34579
34573
34575
34578
34564
34559
34588
34563
34584
34589
34591
34599
34604
34612
34613
34613
34615
34643
34637
34648
34634
34651
34643
34643
34647
34638
34646
34623
34644
34651
34634
34633
34637
34627
34615
34619
34600
34593
34575
34573
34571
34568
34597
34585
34579
34590
34585
34599
34611
34611
34570
34582
34612
34609
34588
34599
34631
34628
34646
34639
34605
34629
34642
34625
34634
34639
34651
34641
34630
34641
34636
34617
34605
34623
34613
34609
34613
34589
34595
34598
34582
34578
34594
34583
34568
34580
34573
34582
34572
34579
34582
34557
34595
34583
34585
34581
34597
34628
34637
34634
34623
34631
34635
34622
34639
34649
34645
34632
34619
34637
34631
34615
34614
34630
34627
34624
34616
34609
34607
34591
34589
34588
34570
34573
34560
34578
34559
34566
34565
34564
34570
34599
34593
34575
34575
34585
34584
34605
34615
34620
34580
34543
34552
34561
34556
34543
34560
34549
34571
34581
34570
34587
34557
34555
34552
34546
34543
34539
34503
34523
34512
34489
34495
34508
34503
34519
34501
34505
34520
34511
34511
34513
34520
34527
34547
34542
34527
34567
34532
34543
34576
34575
34585
34595
34599
34602
34592
34601
34599
34575
34569
34587
34567
34571
34583
34575
34571
34569
34559
34563
34557
34545
34555
34535
34513
34520
34503
34539
34536
34529
34527
34543
34558
34571
34576
34559
34655
34583
34580
34575
34587
34586
34577
34580
34591
34591
34604
34598
34594
34610
34594
34595
34581
34567
34601
34588
34591
34569
34578
34575
34569
34576
34583
34570
34557
34550
34553
34549
34535
34553
34547
34553
34569
34564
34565
34546
34555
34588
34586
34599
34588
34577
34597
34595
34594
34623
34641
34638
34624
34636
34637
34607
34622
34625
34613
34596
34596
34609
34596
34589
34596
34588
34590
34581
34583
34559
34565
34560
34577
34563
34559
34565
34585
34581
34569
34578
34583
34583
34603
34602
34605
34599
34600
34620
34615
34616
34634
34631
34655
34655
34628
34637
34629
34618
34631
34638
34633
34615
34628
34637
34599
34583
34572
34564
34567
34571
34597
34587
34580
34583
34567
34573
34596
34607
34591
34595
34582
34612
34607
34605
34612
34601
34603
34611
34618
34623
34639
34638
34639
34637
34647
34648
34627
34603
34614
34623
34629
34619
34609
34622
34609
34590
34595
34593
34616
34574
34576
34551
34585
34594
34603
34582
34585
34597
34587
34574
34594
34615
34631
34633
34621
34639
34655
34648
34655
34673
34657
34619
34647
34657
34645
34645
34639
34650
34660
34635
34622
34642
34639
34641
34631
34619
34578
34561
34583
34593
34566
34564
34549
34569
34583
34569
34566
34565
34559
34577
34591
34596
34609
34602
34591
34599
34601
34608
34606
34601
34609
34623
34639
34636
34651
34638
34642
34629
34645
34621
34635
34607
34615
34617
34610
34603
34600
34621
34602
34575
34583
34574
34567
34609
34599
34569
34584
34556
34553
34567
34576
34596
34609
34577
34585
34606
34601
34608
34625
34642
34639
34649
34634
34643
34635
34623
34649
34633
34627
34641
34643
34644
34655
34663
34640
34631
34615
34597
34576
34601
34596
34580
34571
34599
34569
34573
34581
34559
34581
34588
34566
34605
34621
34596
34605
34588
34610
34620
34609
34629
34596
34615
34647
34619
34620
34633
34637
34638
34645
34656
34639
34659
34630
34639
34651
34630
34599
34615
34628
34637
34555
34613
34609
34592
34585
34611
34594
34567
34597
34591
34567
34582
34595
34585
34606
34610
34613
34625
34627
34595
34595
34622
34653
34640
34647
34645
34639
34631
34639
34653
34631
34640
34633
34621
34637
34639
34619
34617
34612
34613
34629
34615
34579
34581
34595
34585
34609
34607
34587
34597
34602
34591
34615
34627
34621
34602
34594
34611
34615
34615
34615
34629
34650
34665
34641
34629
34638
34641
34613
34647
34645
34653
34643
34634
34628
34628
34621
34623
34617
34611
34634
34623
34607
34612
34590
34629
34607
34583
34580
34575
34573
34569
34592
34573
34571
34587
34615
34622
34614
34609
34600
34581
34625
34629
34625
34629
34631
34634
34639
34673
34667
34648
34647
34634
34626
34637
34628
34639
34631
34615
34606
34600
34601
34614
34603
34611
34609
34585
34582
34570
34589
34600
34599
34585
34587
34606
34597
34586
34573
34575
34579
34579
34566
34585
34592
34609
34629
34633
34631
34638
34615
34631
34635
34611
34632
34625
34598
34603
34601
34583
34561
34595
34589
34595
34567
34589
34581
34581
34582
34567
34559
34587
34589
34615
34599
34577
34561
34611
34621
34588
34585
34612
34631
34627
34617
34619
34639
34638
34635
34631
34645
34621
34631
34627
34637
34625
34635
34637
34621
34633
34633
34613
34625
34594
34601
34596
34559
34546
34554
34559
34552
34569
34585
34577
34572
34577
34589
34585
34598
34576
34632
34601
34593
34623
34599
34629
34617
34612
34638
34608
34616
34644
34628
34616
34618
34639
34628
34634
34604
34629
34613
34633
34599
34608
34615
34597
34616
34608
34622
34593
34583
34595
34583
34579
34583
34589
34608
34588
34588
34577
34567
34611
34622
34613
34598
34608
34603
34629
34619
34613
34625
34617
34618
34647
34655
34641
34647
34622
34631
34623
34638
34624
34597
34621
34621
34584
34579
34579
34594
34589
34584
34583
34593
34575
34594
34585
34602
34591
34594
34588
34625
34618
34617
34618
34634
34625
34631
34630
34634
34646
34644
34647
34636
34659
34654
34659
34638
34645
34631
34628
34626
34616
34602
34609
34614
34609
34626
34599
34601
34599
34599
34612
34610
34600
34595
34583
34591
34585
34592
34590
34603
34587
34597
34605
34629
34617
34618
34635
34643
34652
34649
34645
34643
34640
34650
34633
34620
34623
34620
34635
34621
34606
34629
34617
34618
34600
34619
34618
34629
34601
34619
34615
34607
34598
34596
34589
34618
34612
34601
34612
34613
34613
34607
34617
34614
34620
34614
34613
34632
34625
34637
34642
34616
34645
34629
34647
34638
34625
34639
34641
34610
34614
34616
34618
34609
34593
34608
34583
34567
34595
34569
34591
34594
34602
34577
34561
34593
34593
34566
34559
34567
34575
34580
34601
34589
34597
34603
34625
34628
34629
34625
34615
34619
34635
34629
34622
34639
34661
34631
34621
34615
34599
34609
34652
34637
34621
34623
34609
34603
34607
34599
34591
34591
34592
34591
34596
34611
34599
34580
34590
34580
34596
34590
34611
34583
34589
34596
34621
34615
34599
34625
34623
34636
34646
34661
34655
34669
34640
34647
34635
34628
34631
34641
34617
34598
34590
34623
34611
34615
34607
34599
34602
34598
34615
34617
34581
34573
34581
34583
34578
34584
34599
34595
34625
34601
34603
34598
34623
34614
34607
34627
34630
34639
34639
34652
34629
34631
34651
34653
34626
34646
34623
34607
34627
34626
34630
34615
34607
34614
34611
34610
34613
34608
34597
34589
34618
34591
34599
34619
34596
34586
34593
34617
34599
34603
34602
34613
34613
34620
34621
34623
34625
34649
34642
34647
34636
34635
34625
34636
34641
34653
34646
34647
34640
34628
34647
34629
34645
34639
34643
34617
34585
34583
34606
34615
34612
34604
34583
34593
34577
34599
34613
34608
34602
34589
34583
34617
34596
34615
34618
34635
34612
34603
34622
34623
34625
34621
34647
34641
34617
34615
34629
34633
34621
34631
34636
34631
34636
34623
34634
34625
34623
34608
34616
34598
34609
34594
34597
34607
34593
34589
34607
34623
34590
34601
34600
34611
34615
34599
34583
34589
34625
34610
34642
34645
34625
34639
34636
34649
34634
34645
34647
34631
34629
34626
34637
34615
34621
34636
34633
34611
34621
34605
34599
34608
34591
34601
34569
34578
34584
34577
34551
34538
34545
34545
34539
34555
34575
34580
34567
34556
34559
34551
34582
34571
34579
34597
34599
34603
34571
34593
34590
34594
34601
34583
34603
34597
34599
34593
34585
34589
34593
34564
34551
34558
34585
34570
34569
34559
34573
34563
34541
34549
34561
34559
34574
34581
34567
34565
34565
34557
34583
34590
34588
34597
34611
34615
34594
34607
34603
34620
34605
34593
34603
34618
34622
34624
34591
34601
34591
34587
34615
34602
34600
34573
34581
34592
34581
34572
34566
34573
34565
34568
34556
34582
34589
34589
34567
34564
34573
34585
34586
34591
34611
34608
34590
34598
34608
34611
34613
34623
34626
34646
34615
34614
34611
34615
34609
34607
34609
34611
34623
34636
34621
34593
34574
34561
34583
34581
34589
34581
34573
34607
34583
34575
34590
34599
34595
34587
34598
34587
34606
34597
34607
34617
34639
34633
34621
34607
34635
34629
34609
34631
34635
34646
34656
34665
34672
34639
34612
34605
34621
34636
34607
34599
34601
34591
34602
34598
34597
34601
34579
34581
34567
34600
34600
34603
34603
34607
34593
34617
34617
34609
34617
34615
34615
34645
34661
34661
34656
34656
34633
34633
34641
34635
34661
34650
34635
34653
34661
34622
34629
34623
34631
34607
34603
34614
34611
34602
34611
34588
34583
34587
34593
34610
34609
34593
34599
34595
34612
34611
34645
34647
34617
34615
34615
34632
34643
34637
34619
34614
34640
34637
34606
34626
34639
34644
34647
34648
34646
34627
34631
34621
34625
34623
34606
34607
34613
34617
34600
34590
34602
34618
34595
34602
34615
34607
34603
34601
34587
34598
34615
34591
34601
34614
34623
34623
34631
34636
34631
34635
34631
34609
34625
34634
34626
34646
34630
34619
34608
34630
34627
34613
34623
34619
34599
34564
34581
34595
34583
34581
34597
34593
34588
34593
34572
34577
34567
34562
34551
34587
34579
34562
34584
34615
34598
34579
34599
34617
34618
34647
34622
34617
34639
34636
34616
34630
34637
34621
34637
34627
34629
34615
34630
34621
34616
34625
34589
34589
34583
34610
34606
34581
34578
34579
34591
34565
34596
34606
34567
34579
34583
34566
34592
34616
34618
34602
34621
34616
34621
34599
34622
34631
34630
34645
34657
34651
34621
34609
34615
34625
34617
34637
34641
34627
34640
34617
34615
34615
34605
34603
34603
34609
34595
34591
34609
34631
34539
34590
34610
34611
34632
34612
34627
34626
34622
34605
34610
34599
34613
34621
34615
34626
34614
34625
34613
34623
34631
34622
34627
34598
34626
34639
34655
34627
34622
34631
34633
34616
34595
34606
34617
34608
34590
34592
34613
34608
34599
34623
34625
34621
34589
34601
34612
34599
34595
34629
34610
34633
34618
34623
34629
34635
34639
34624
34638
34614
34637
34653
34660
34653
34634
34634
34626
34637
34633
34628
34617
34645
34631
34609
34613
34629
34608
34608
34597
34616
34593
34579
34603
34623
34614
34578
34616
34626
34631
34618
34641
34631
34629
34641
34643
34629
34631
34626
34657
34649
34654
34647
34655
34649
34643
34647
34658
34635
34657
34617
34631
34640
34636
34607
34611
34620
34627
34599
34606
34607
34588
34607
34599
34605
34621
34600
34608
34605
34615
34623
34615
34610
34617
34603
34606
34631
34660
34649
34633
34666
34657
34649
34631
34645
34626
34630
34626
34635
34647
34644
34632
34633
34647
34615
34597
34609
34629
34616
34605
34579
34561
34555
34564
34575
34580
34581
34575
34584
34590
34613
34567
34576
34586
34606
34596
34602
34595
34597
34585
34605
34617
34613
34616
34627
34613
34616
34615
34617
34617
34599
34619
34611
34599
34592
34579
34603
34591
34563
34574
34590
34592
34595
34591
34589
34595
34578
34565
34573
34595
34600
34599
34584
34580
34593
34601
34591
34607
34607
34645
34613
34627
34620
34639
34620
34627
34633
34625
34609
34603
34639
34653
34621
34626
34607
34613
34622
34613
34631
34607
34602
34589
34601
34606
34613
34581
34589
34574
34584
34615
34609
34603
34581
34602
34601
34607
34613
34632
34638
34621
34643
34641
34627
34636
34622
34635
34663
34662
34632
34641
34642
34630
34661
34619
34617
34615
34628
34606
34591
34585
34610
34599
34599
34589
34611
34599
34585
34608
34596
34590
34594
34597
34595
34630
34589
34653
34595
34628
34651
34627
34629
34608
34613
34629
34642
34667
34647
34634
34645
34628
34605
34619
34615
34639
34625
34618
34624
34630
34618
34613
34621
34604
34612
34623
34610
34593
34595
34607
34609
34592
34608
34608
34596
34599
34601
34617
34632
34620
34643
34626
34625
34617
34640
34633
34617
34639
34627
34631
34633
34641
34647
34620
34645
34644
34658
34627
34615
34638
34628
34627
34612
34597
34604
34602
34599
34580
34590
34594
34598
34599
34597
34623
34618
34621
34661
34623
34617
34602
34585
34607
34619
34621
34639
34640
34639
34648
34647
34642
34633
34633
34647
34637
34636
34639
34620
34623
34628
34634
34617
34633
34595
34593
34615
34623
34597
34589
34603
34615
34595
34598
34564
34589
34608
34621
34615
34615
34612
34583
34631
34627
34631
34607
34639
34617
34650
34645
34622
34627
34629
34610
34613
34628
34634
34620
34591
34615
34610
34599
34609
34615
34597
34606
34603
34599
34599
34577
34595
34583
34559
34565
34584
34583
34577
34593
34581
34599
34601
34625
34640
34623
34631
34635
34616
34641
34648
34647
34625
34627
34639
34641
34639
34611
34620
34651
34635
34641
34604
34620
34608
34620
34603
34595
34612
34621
34606
34606
34579
34563
34575
34596
34589
34605
34595
34587
34597
34605
34609
34615
34613
34607
34623
34616
34647
34625
34634
34626
34625
34630
34645
34644
34631
34609
34646
34647
34624
34615
34621
34635
34607
34593
34616
34613
34628
34595
34579
34600
34604
34582
34587
34598
34605
34601
34615
34595
34590
34600
34604
34615
34616
34617
34622
34616
34634
34625
34619
34606
34642
34631
34635
34635
34632
34633
34637
34631
34621
34625
34637
34636
34643
34616
34605
34624
34620
34625
34611
34605
34629
34607
34597
34599
34601
34597
34590
34587
34601
34615
34623
34628
34623
34619
34613
34627
34621
34611
34641
34637
34647
34631
34637
34599
34630
34649
34654
34642
34636
34651
34663
34633
34655
34652
34648
34625
34623
34628
34628
34623
34621
34613
34598
34599
34625
34613
34592
34583
34599
34614
34616
34613
34601
34600
34633
34619
34615
34625
34640
34617
34600
34617
34634
34619
34655
34643
34631
34643
34671
34653
34642
34630
34639
34615
34619
34622
34623
34635
34617
34599
34612
34591
34599
34591
34624
34626
34616
34609
34599
34607
34607
34623
34610
34637
34621
34633
34631
34626
34627
34628
34647
34639
34654
34664
34672
34660
34615
34633
34649
34643
34654
34648
34609
34639
34635
34625
34597
34548
34541
34554
34535
34531
34515
34513
34519
34545
34544
34549
34541
34539
34537
34539
34538
34527
34541
34545
34545
34546
34545
34542
34591
34597
34580
34585
34585
34551
34568
34567
34572
34589
34584
34599
34593
34589
34579
34581
34579
34573
34565
34577
34596
34576
34576
34562
34564
34566
34573
34565
34551
34567
34547
34538
34549
34572
34561
34549
34573
34571
34564
34577
34595
34600
34589
34586
34591
34579
34589
34589
34583
34589
34581
34601
34583
34590
34590
34599
34569
34567
34570
34564
34551
34573
34583
34587
34570
34572
34580
34570
34547
34549
34559
34555
34548
34575
34587
34571
34577
34579
34593
34577
34589
34603
34594
34585
34609
34615
34613
34615
34613
34639
34629
34607
34602
34611
34611
34607
34613
34605
34613
34693
34623
34608
34616
34625
34593
34572
34595
34591
34607
34607
34600
34605
34589
34603
34599
34607
34590
34609
34599
34605
34623
34609
34598
34619
34615
34627
34639
34642
34619
34622
34639
34634
34607
34617
34607
34629
34592
34590
34619
34625
34621
34609
34618
34617
34611
34613
34609
34597
34602
34617
34611
34593
34599
34591
34613
34621
34619
34615
34610
34611
34627
34623
34601
34606
34623
34637
34634
34634
34627
34633
34615
34628
34640
34634
34619
34628
34625
34599
34633
34623
34616
34608
34613
34615
34631
34594
34593
34609
34633
34597
34612
34591
34611
34607
34608
34603
34617
34599
34603
34623
34628
34607
34591
34610
34621
34607
34636
34625
34637
34639
34621
34617
34639
34650
34634
34623
34634
34629
34610
34615
34625
34623
34616
34623
34644
34645
34639
34625
34605
34613
34605
34599
34617
34613
34627
34607
34625
34614
34593
34604
34617
34596
34610
34606
34631
34599
34620
34623
34634
34658
34641
34647
34635
34635
34639
34607
34625
34629
34631
34622
34613
34615
34625
34604
34618
34615
34587
34595
34591
34607
34616
34620
34603
34591
34589
34587
34613
34613
34604
34609
34626
34641
34649
34640
34632
34629
34631
34645
34640
34616
34625
34649
34651
34633
34629
34601
34607
34636
34632
34626
34597
34615
34619
34646
34616
34618
34607
34622
34623
34617
34600
34602
34607
34602
34600
34598
34611
34631
34603
34621
34629
34612
34604
34625
34615
34620
34599
34631
34637
34647
34639
34651
34631
34621
34633
34653
34648
34642
34647
34640
34631
34626
34634
34644
34633
34641
34649
34645
34639
34615
34646
34626
34609
34603
34611
34628
34647
34631
34625
34619
34632
34649
34644
34641
34633
34633
34636
34640
34651
34634
34637
34659
34649
34641
34641
34647
34665
34661
34658
34641
34655
34637
34631
34629
34639
34625
34610
34611
34647
34637
34619
34631
34612
34628
34628
34609
34653
34631
34628
34637
34633
34636
34624
34621
34621
34629
34631
34638
34631
34647
34643
34635
34658
34668
34663
34646
34645
34655
34660
34652
34665
34647
34622
34659
34637
34645
34615
34617
34639
34647
34634
34603
34607
34643
34627
34644
34627
34608
34609
34613
34612
34622
34620
34608
34633
34645
34661
34647
34654
34650
34643
34634
34644
34652
34664
34646
34625
34639
34636
34647
34618
34627
34639
34630
34639
34617
34638
34646
34636
34631
34649
34625
34621
34623
34622
34625
34603
34623
34626
34637
34623
34625
34642
34632
34613
34612
34612
34615
34622
34623
34640
34637
34691
34659
34649
34652
34638
34638
34659
34631
34607
34619
34597
34604
34611
34577
34575
34593
34599
34611
34607
34599
34588
34583
34603
34585
34615
34613
34615
34599
34601
34580
34578
34603
34621
34600
34609
34610
34621
34614
34619
34611
34615
34608
34608
34613
34628
34627
34607
34632
34635
34622
34610
34623
34615
34622
34645
34636
34629
34632
34624
34604
34604
34598
34600
34617
34601
34583
34582
34604
34610
34590
34585
34593
34596
34604
34599
34603
34609
34602
34599
34602
34616
34597
34623
34643
34630
34622
34621
34637
34636
34639
34645
34605
34626
34618
34623
34600
34588
34607
34605
34617
34623
34615
34581
34585
34596
34619
34605
34611
34606
34615
34608
34599
34589
34599
34611
34627
34619
34612
34603
34637
34612
34643
34649
34620
34616
34615
34618
34631
34650
34638
34632
34615
34634
34654
34627
34621
34615
34612
34597
34594
34623
34615
34616
34611
34640
34637
34615
34579
34606
34614
34623
34632
34628
34612
34629
34599
34614
34635
34652
34627
34613
34616
34617
34627
34628
34622
34641
34650
34646
34641
34631
34637
34615
34632
34644
34611
34595
34601
34623
34611
34643
34647
34623
34611
34638
34631
34618
34610
34591
34593
34617
34615
34617
34608
34612
34611
34632
34641
34652
34639
34630
34637
34639
34636
34609
34612
34638
34639
34615
34626
34635
34647
34639
34627
34650
34637
34631
34633
34626
34618
34639
34631
34623
34611
34604
34611
34592
34615
34631
34625
34635
34620
34621
34612
34605
34630
34597
34606
34615
34605
34610
34631
34662
34650
34630
34655
34625
34649
34632
34647
34654
34633
34637
34633
34636
34625
34640
34625
34599
34608
34628
34613
34626
34622
34610
34615
34610
34611
34635
34628
34597
34585
34595
34599
34611
34596
34575
34588
34609
34623
34617
34621
34602
34613
34637
34649
34615
34613
34616
34625
34618
34619
34605
34599
34630
34621
34643
34609
34620
34583
34583
34612
34618
34632
34603
34596
34599
34609
34604
34610
34624
34615
34601
34584
34589
34601
34623
34599
34631
34626
34615
34621
34624
34621
34623
34627
34631
34621
34636
34642
34635
34630
34623
34613
34622
34626
34641
34633
34633
34629
34615
34599
34621
34599
34591
34615
34589
34607
34600
34612
34621
34598
34581
34587
34620
34619
34589
34615
34606
34613
34608
34624
34609
34634
34629
34617
34618
34627
34623
34635
34635
34631
34641
34630
34651
34655
34631
34613
34649
34621
34638
34649
34618
34639
34631
34609
34607
34610
34607
34597
34606
34614
34605
34615
34633
34629
34600
34602
34611
34621
34645
34633
34621
34651
34625
34636
34640
34643
34643
34621
34633
34649
34648
34652
34646
34648
34637
34633
34632
34623
34620
34599
34605
34623
34607
34631
34653
34629
34629
34619
34618
34605
34606
34621
34602
34619
34637
34623
34614
34593
34615
34619
34622
34616
34615
34636
34627
34652
34651
34646
34649
34628
34635
34653
34641
34650
34628
34609
34615
34621
34646
34629
34623
34611
34601
34630
34607
34614
34619
34610
34585
34574
34591
34612
34611
34600
34639
34609
34611
34615
34593
34618
34637
34637
34627
34622
34589
34598
34641
34628
34632
34645
34639
34654
34646
34640
34629
34633
34652
34647
34638
34650
34638
34644
34635
34625
34621
34619
34617
34625
34623
34615
34621
34624
34614
34627
34619
34633
34604
34599
34627
34631
34627
34628
34645
34622
34622
34615
34639
34639
34651
34598
34557
34542
34543
34558
34556
34535
34551
34564
34549
34550
34578
34542
34542
34565
34551
34536
34511
34531
34556
34551
34543
34551
34554
34545
34563
34536
34559
34556
34550
34532
34540
34557
34555
34570
34553
34571
34579
34585
34585
34576
34587
34585
34606
34576
34571
34587
34604
34602
34591
34567
34565
34575
34576
34549
34554
34559
34557
34575
34584
34567
34571
34555
34563
34580
34572
34565
34564
34575
34593
34586
34583
34566
34553
34561
34581
34600
34602
34599
34615
34607
34592
34589
34584
34583
34585
34612
34591
34586
34584
34583
34581
34591
34593
34575
34593
34591
34564
34569
34583
34590
34587
34590
34599
34599
34599
34605
34614
34597
34572
34606
34615
34597
34610
34608
34613
34581
34587
34594
34599
34611
34623
34636
34629
34623
34635
34627
34600
34590
34612
34593
34630
34619
34607
34606
34618
34610
34611
34595
34596
34597
34605
34601
34607
34604
34595
34583
34590
34597
34609
34602
34598
34577
34595
34608
34603
34594
34614
34614
34625
34626
34623
34617
34621
34618
34585
34615
34641
34627
34607
34621
34614
34615
34622
34607
34633
34636
34600
34629
34625
34608
34595
34605
34608
34609
34596
34606
34605
34588
34591
34584
34591
34602
34591
34593
34603
34615
34607
34602
34579
34605
34623
34603
34612
34623
34623
34623
34639
34639
34618
34609
34634
34623
34613
34627
34602
34601
34595
34591
34591
34593
34605
34611
34587
34577
34608
34601
34599
34605
34603
34584
34595
34594
34591
34591
34571
34593
34610
34609
34615
34615
34635
34631
34638
34649
34653
34629
34621
34549
34623
34619
34620
34629
34616
34595
34615
34621
34625
34607
34587
34600
34609
34599
34583
34582
34588
34565
34584
34574
34585
34591
34610
34606
34598
34608
34584
34604
34625
34647
34638
34619
34635
34643
34663
34651
34651
34657
34630
34685
34664
34647
34627
34601
34657
34649
34639
34616
34639
34636
34617
34641
34647
34622
34611
34610
34615
34616
34619
34616
34616
34626
34629
34621
34625
34638
34634
34624
34631
34661
34631
34625
34651
34664
34671
34639
34643
34646
34650
34632
34629
34627
34637
34648
34649
34617
34619
34623
34641
34654
34615
34636
34624
34635
34632
34610
34619
34599
34599
34610
34607
34607
34639
34623
34614
34619
34632
34601
34616
34644
34636
34633
34623
34617
34633
34641
34631
34626
34671
34665
34663
34651
34658
34653
34665
34646
34640
34645
34630
34646
34637
34625
34647
34629
34631
34647
34635
34631
34621
34622
34602
34599
34628
34623
34627
34603
34613
34639
34631
34660
34639
34637
34635
34678
34677
34661
34679
34670
34679
34666
34662
34634
34642
34664
34665
34657
34673
34657
34645
34638
34653
34634
34632
34633
34613
34607
34623
34623
34627
34622
34622
34599
34621
34630
34636
34644
34628
34629
34647
34668
34655
34645
34651
34653
34657
34664
34676
34684
34663
34645
34657
34661
34655
34663
34669
34658
34647
34651
34657
34651
34641
34616
34615
34633
34611
34623
34606
34607
34609
34606
34625
34621
34615
34630
34624
34619
34615
34635
34624
34622
34627
34629
34658
34653
34647
34651
34656
34671
34655
34620
34671
34677
34648
34679
34654
34635
34671
34657
34641
34644
34661
34652
34644
34628
34621
34655
34641
34647
34659
34631
34617
34624
34631
34631
34617
34614
34622
34623
34615
34623
34647
34647
34639
34645
34650
34640
34623
34611
34623
34648
34620
34626
34625
34628
34641
34641
34627
34646
34640
34629
34623
34623
34611
34604
34606
34614
34609
34599
34601
34594
34583
34583
34607
34618
34602
34595
34604
34586
34576
34601
34615
34637
34613
34625
34641
34633
34641
34667
34649
34639
34630
34618
34656
34669
34641
34645
34643
34647
34663
34639
34654
34631
34627
34635
34630
34622
34642
34635
34640
34626
34626
34607
34583
34583
34599
34596
34596
34605
34589
34613
34602
34633
34611
34589
34625
34621
34622
34612
34631
34625
34632
34636
34643
34659
34635
34642
34647
34643
34649
34653
34632
34638
34653
34628
34621
34645
34611
34608
34591
34598
34614
34622
34605
34626
34616
34616
34611
34615
34599
34611
34606
34623
34620
34624
34619
34623
34623
34641
34647
34645
34645
34631
34639
34647
34639
34634
34623
34642
34615
34627
34667
34659
34643
34647
34623
34632
34649
34640
34648
34631
34631
34598
34621
34623
34613
34603
34615
34615
34635
34600
34600
34622
34617
34631
34623
34611
34629
34635
34653
34642
34663
34661
34648
34667
34659
34655
34645
34646
34662
34663
34675
34650
34637
34659
34646
34636
34632
34632
34624
34633
34629
34611
34615
34625
34587
34601
34622
34599
34614
34631
34627
34625
34621
34635
34628
34632
34646
34639
34613
34633
34639
34625
34623
34630
34651
34631
34639
34665
34645
34645
34629
34638
34636
34631
34640
34637
34634
34649
34628
34610
34613
34627
34626
34599
34607
34617
34583
34605
34619
34617
34594
34616
34625
34631
34634
34643
34613
34631
34642
34643
34635
34631
34654
34647
34641
34642
34636
34641
34615
34647
34658
34639
34659
34659
34644
34641
34633
34601
34610
34606
34623
34592
34590
34591
34606
34599
34594
34598
34585
34571
34583
34591
34621
34603
34614
34597
34620
34629
34627
34619
34618
34600
34603
34616
34620
34657
34612
34637
34646
34629
34634
34677
34662
34644
34637
34639
34631
34630
34628
34619
34612
34626
34635
34621
34605
34631
34616
34595
34613
34615
34599
34610
34592
34583
34603
34621
34619
34608
34615
34642
34631
34623
34629
34631
34620
34623
34611
34651
34647
34637
34639
34637
34620
34644
34649
34643
34638
34625
34628
34615
34640
34623
34619
34611
34606
34579
34608
34613
34601
34603
34627
34613
34608
34616
34624
34623
34625
34624
34631
34648
34630
34635
34631
34655
34629
34635
34656
34655
34658
34661
34667
34637
34642
34655
34632
34623
34605
34625
34642
34650
34605
34616
34615
34617
34606
34637
34636
34612
34645
34631
34621
34628
34625
34610
34625
34631
34632
34623
34621
34642
34656
34655
34652
34667
34633
34633
34643
34648
34647
34648
34661
34646
34663
34651
34649
34662
34652
34629
34646
34639
34641
34647
34643
34637
34628
34647
34645
34637
34635
34631
34629
34637
34643
34621
34628
34659
34635
34633
34632
34630
34647
34641
34626
34640
34654
34658
34667
34661
34670
34659
34634
34640
34651
34659
34649
34631
34632
34645
34643
34623
34642
34639
34631
34631
34635
34622
34624
34631
34629
34621
34634
34611
34595
34615
34622
34601
34587
34598
34616
34617
34601
34621
34633
34642
34621
34654
34649
34641
34625
34649
34657
34641
34651
34637
34639
34629
34639
34639
34637
34647
34635
34652
34637
34607
34607
34617
34622
34629
34634
34603
34615
34611
34599
34615
34606
34589
34593
34616
34601
34561
34559
34543
34525
34536
34539
34530
34556
34553
34569
34573
34578
34587
34594
34555
34581
34569
34572
34559
34547
34537
34560
34559
34565
34575
34561
34547
34561
34549
34568
34567
34547
34540
34550
34561
34570
34557
34583
34581
34559
34566
34551
34559
34579
34589
34577
34587
34587
34601
34598
34584
34596
34597
34579
34587
34569
34599
34598
34582
34611
34599
34579
34567
34576
34567
34584
34579
34587
34588
34599
34599
34577
34583
34586
34565
34570
34580
34573
34561
34598
34601
34583
34561
34581
34576
34603
34595
34583
34615
34620
34604
34614
34606
34595
34585
34575
34601
34610
34621
34603
34595
34607
34621
34629
34623
34602
34620
34613
34601
34594
34604
34609
34584
34596
34574
34573
34586
34607
34610
34589
34589
34591
34591
34599
34603
34615
34623
34641
34633
34622
34626
34634
34623
34635
34641
34677
34645
34631
34639
34641
34641
34649
34641
34637
34643
34637
34633
34632
34590
34614
34611
34607
34605
34597
34609
34637
34608
34599
34638
34614
34615
34611
34619
34604
34615
34610
34626
34621
34623
34644
34635
34647
34633
34631
34654
34659
34663
34673
34662
34658
34637
34647
34638
34643
34629
34627
34631
34650
34646
34624
34645
34633
34633
34623
34627
34622
34622
34617
34629
34631
34623
34617
34604
34620
34617
34646
34639
34623
34635
34627
34639
34645
34623
34639
34664
34659
34659
34611
34633
34647
34623
34651
34654
34642
34645
34647
34655
34627
34636
34634
34637
34643
34623
34620
34630
34625
34625
34630
34647
34618
34635
34626
34617
34641
34631
34624
34633
34636
34644
34651
34636
34651
34639
34651
34642
34645
34649
34655
34659
34664
34658
34645
34639
34627
34643
34647
34623
34615
34613
34610
34626
34611
34613
34621
34607
34591
34615
34644
34613
34611
34606
34593
34575
34592
34595
34609
34593
34611
34621
34617
34632
34640
34643
34638
34620
34644
34649
34656
34633
34641
34631
34651
34639
34639
34653
34637
34638
34637
34619
34651
34647
34623
34629
34617
34623
34605
34621
34607
34623
34607
34618
34625
34630
34612
34615
34623
34626
34627
34624
34629
34635
34629
34663
34641
34637
34630
34636
34653
34646
34643
34644
34637
34645
34637
34650
34657
34637
34640
34631
34629
34625
34639
34635
34621
34617
34625
34637
34603
34623
34622
34627
34615
34631
34634
34601
34610
34639
34629
34619
34627
34653
34654
34651
34627
34646
34663
34652
34653
34631
34632
34629
34641
34659
34645
34631
34636
34653
34663
34652
34637
34634
34640
34654
34639
34627
34625
34635
34630
34603
34625
34648
34641
34687
34703
34717
34699
34712
34705
34711
34695
34717
34708
34715
34695
34705
34687
34703
34713
34720
34713
34703
34719
34702
34693
34687
34696
34722
34704
34695
34696
34687
34703
34724
34709
34683
34690
34682
34703
34675
34673
34681
34695
34691
34684
34689
34685
34679
34682
34681
34695
34663
34699
34711
34698
34711
34680
34698
34685
34681
34696
34674
34687
34689
34685
34681
34691
34691
34692
34707
34695
34682
34665
34675
34695
34675
34688
34685
34708
34668
34649
34659
34673
34665
34683
34680
34675
34655
34679
34661
34666
34675
34673
34664
34691
34689
34695
34701
34707
34673
34682
34679
34682
34690
34688
34679
34695
34701
34687
34679
34667
34664
34665
34633
34658
34686
34645
34665
34669
34670
34648
34659
34671
34685
34641
34626
34639
34631
34633
34609
34607
34623
34638
34637
34633
34644
34640
34642
34655
34633
34639
34645
34639
34630
34646
34628
34645
34653
34639
34642
34663
34661
34654
34649
34631
34634
34623
34623
34631
34623
34626
34631
34623
34609
34614
34631
34639
34623
34634
34655
34612
34597
34633
34635
34641
34621
34643
34633
34639
34663
34638
34647
34640
34668
34635
34639
34668
34667
34651
34641
34648
34630
34646
34627
34627
34645
34645
34617
34633
34621
34647
34624
34614
34637
34632
34616
34627
34603
34603
34619
34604
34612
34641
34631
34652
34643
34596
34627
34631
34636
34674
34660
34652
34652
34622
34637
34664
34631
34647
34647
34633
34624
34643
34635
34631
34643
34631
34622
34621
34611
34606
34599
34614
34622
34599
34599
34615
34620
34613
34621
34621
34647
34621
34618
34599
34609
34644
34631
34610
34629
34637
34638
34630
34660
34663
34637
34653
34663
34649
34643
34649
34660
34641
34631
34649
34631
34631
34636
34641
34630
34616
34624
34619
34640
34623
34620
34630
34631
34623
34609
34632
34633
34613
34637
34609
34612
34631
34631
34627
34631
34654
34646
34641
34658
34663
34650
34646
34663
34642
34663
34638
34622
34647
34636
34653
34615
34625
34634
34633
34650
34650
34621
34603
34619
34616
34598
34615
34635
34627
34602
34631
34622
34631
34629
34625
34627
34628
34617
34613
34613
34630
34639
34638
34642
34647
34611
34631
34639
34653
