33077
33069
33052
33018
33045
33053
33047
33074
33061
33054
33064
33069
33056
33086
33060
33052
33058
33056
33079
33084
33098
33084
33075
33058
33063
33069
33053
33095
33079
33070
33090
33091
33079
33083
33092
33041
33071
33065
33074
33083
33075
33061
33095
33096
33064
33058
33065
33070
33064
33053
33057
33040
33076
33054
33052
33068
33071
33087
33087
33081
33053
33063
33091
33059
33078
33103
33100
33087
33094
33120
33081
33077
33093
33080
33063
33089
33095
33068
33091
33136
33104
33079
33096
33073
33072
33081
33091
33120
33092
33097
33077
33109
33102
33096
33099
33091
33135
33105
33087
33087
33089
33075
33115
33100
33125
33095
33111
33120
33102
33089
33086
33116
33111
33103
33115
33101
33105
33109
33121
33100
33105
33110
33127
33105
33083
33093
33104
33134
33143
33127
33159
33161
33130
33121
33113
33149
33157
33163
33167
33162
33130
33115
33183
33178
33193
33205
33161
33162
33172
33188
33175
33204
33201
33209
33183
33163
33179
33161
33175
33201
33208
33200
33183
33173
33167
33177
33198
33198
33207
33219
33223
33190
33175
33209
33181
33192
33187
33179
33195
33183
33161
33173
33183
33175
33144
33151
33119
33118
33141
33140
33157
33151
33127
33110
33119
33106
33130
33119
33077
33100
33109
33094
33109
33111
33111
33132
33121
33130
33134
33123
33122
33117
33119
33124
33135
33141
33127
33117
33109
33131
33107
33111
33115
33077
33091
33121
33089
33079
33077
33067
33082
33056
33095
33068
33063
33062
33066
33059
33065
33044
33033
33045
33067
33046
33035
33065
33063
33051
33050
33056
33065
33088
33107
33093
33089
33079
33096
33106
33103
33105
33101
33078
33111
33111
33093
33108
33073
33051
33066
33065
33093
33070
33044
33072
33074
33073
33068
33082
33067
33055
33047
33061
33069
33084
33099
33075
33101
33084
33074
33065
33077
33071
33081
33101
33093
33127
33101
33085
33082
33118
33127
33108
33123
33103
33128
33087
33106
33093
33100
33069
33057
33063
33087
33079
33087
33097
33064
33075
33107
33079
33084
33082
33120
33102
33095
33097
33112
33089
33102
33120
33143
33131
33097
33079
33084
33117
33121
33117
33116
33127
33103
33115
33091
33121
33127
33131
33122
33124
33102
33111
33099
33087
33089
33119
33109
33089
33096
33080
33105
33115
33099
33063
33051
33079
33102
33107
33110
33119
33122
33119
33125
33087
33111
33130
33127
33123
33155
33138
33113
33127
33149
33127
33136
33151
33176
33161
33153
33151
33149
33163
33159
33127
33131
33149
33127
33110
33124
33132
33143
33127
33114
33117
33122
33110
33099
33127
33144
33131
33159
33139
33151
33120
33150
33151
33179
33173
33169
33164
33161
33171
33186
33173
33186
33161
33156
33130
33150
33153
33172
33162
33143
33143
33143
33105
33113
33124
33115
33103
33105
33089
33077
33099
33110
33087
33083
33084
33065
33059
33087
33066
33057
33105
33092
33134
33133
33127
33107
33117
33120
33106
33119
33135
33119
33076
33085
33107
33107
33106
33105
33090
33107
33103
33080
33075
33072
33090
33043
33045
33043
33031
33055
33061
33055
33025
33025
33047
33064
33066
33086
33063
33075
33075
33073
33073
33097
33100
33115
33120
33119
33127
33129
33135
33114
33121
33089
33079
33101
33100
33101
33092
33089
33073
33085
33097
33087
33083
33049
33067
33045
33070
33050
33062
33056
33056
33083
33070
33063
33060
33066
33069
33068
33061
33036
33059
33063
33092
33103
33113
33107
33122
33112
33087
33095
33123
33103
33107
33095
33129
33130
33107
33096
33100
33107
33092
33080
33079
33077
33054
33023
33050
33057
33066
33053
33029
33071
33074
33067
33063
33019
33023
33047
33036
33063
33071
33071
33047
33077
33040
33031
33060
33057
33083
33101
33099
33095
33084
33085
33075
33068
33076
33069
33051
33063
33062
33047
33031
33054
33054
33061
33017
33013
33015
33031
33009
33041
33039
33025
33029
33052
33038
33041
33020
33035
33049
33072
33085
33085
33095
33095
33103
33111
33115
33081
33085
33101
33105
33077
33079
33115
33123
33098
33063
33061
33064
33053
33061
33056
33037
33067
33057
33053
33047
33031
33043
33051
33030
33049
33053
33030
33029
33051
33065
33058
33069
33063
33088
33065
33078
33079
33071
33060
33069
33105
33099
33101
33099
33101
33119
33103
33126
33111
33101
33081
33079
33081
33092
33095
33046
33059
33061
33049
33053
33077
33074
33035
33031
33044
33049
33050
33039
33037
33055
33055
33051
33047
33055
33051
33050
33068
33070
33089
33063
33056
33065
33079
33079
33069
33077
33063
33077
33064
33073
33043
33011
33023
33055
33058
33026
33001
33018
33034
32997
33006
32999
33003
33004
33005
33034
33011
33003
32983
32997
33007
33027
33042
33048
33043
33061
33049
33047
33052
33108
33113
33097
33085
33072
33085
33087
33059
33065
33071
33063
33053
33046
33047
33034
33021
33041
33042
33023
33029
33028
33013
32999
32999
33015
32993
32983
33011
33026
33047
33031
33028
33045
33036
33031
33051
33063
33053
33041
33062
33065
33055
33058
33069
33047
33045
33045
33077
33077
33079
33060
33055
33045
33046
33056
33033
33050
33053
33041
33060
33077
33047
33045
33029
33028
33031
33002
33014
33029
33029
33043
33050
33036
33059
33049
33057
33055
33027
33053
33040
33047
33059
33081
33049
33041
33071
33059
33059
33079
33045
33055
33038
33045
33043
33048
33053
33047
33052
33025
33009
32983
32983
32986
32988
33011
32990
32977
32991
33019
33005
33021
33017
33014
33034
33023
33053
33057
33035
33052
33061
33071
33073
33104
33109
33124
33124
33094
33099
33107
33100
33101
33111
33091
33105
33102
33077
33071
33098
33105
33107
33087
33087
33058
33052
33040
33095
33087
33086
33085
33067
33080
33093
33079
33076
33075
33096
33085
33089
33082
33100
33096
33073
33100
33088
33093
33089
33097
33106
33111
33103
33111
33121
33128
33074
33076
33084
33051
33055
33031
33033
33027
33037
33042
33025
33025
33044
33031
33043
33036
33047
33060
33047
33031
33048
33055
33054
33070
33071
33089
33070
33057
33072
33069
33097
33100
33106
33107
33091
33089
33087
33098
33094
33056
33058
33087
33065
33021
33035
33046
33022
33018
33012
33015
32995
32984
32985
32995
33004
32982
33001
32995
33007
33009
32986
32987
33015
33049
33037
33043
33030
33041
33043
33057
33061
33077
33040
33039
33066
33083
33072
33059
33048
33044
33062
33047
33041
33041
33038
33037
33020
33017
33009
33007
33000
33004
33015
32998
32984
32994
33017
33018
33011
33045
33044
33049
33023
33013
33033
33040
33047
33031
33055
33061
33049
33058
33068
33055
33050
33031
33051
33037
33040
33028
33014
32990
33021
33027
33034
33002
32982
33013
32995
32986
33014
33017
33005
32991
32985
33019
32993
32987
32992
33003
32989
33015
33008
32984
33014
33019
33051
33023
33019
33041
33061
33087
33087
33086
33074
33067
33079
33063
33063
33057
33054
33057
33057
33026
33013
33015
33029
33009
33017
32993
33005
32986
32981
32994
32995
32993
32992
33026
33001
32999
32999
33005
33003
33011
33013
33007
33043
33044
33038
33057
33054
33048
33031
33061
33084
33067
33048
33064
33063
33079
33049
33055
33061
33032
33047
33060
33048
33008
33015
33025
33009
33017
33037
33009
33005
33013
33037
33026
33021
33038
33048
33015
33003
33045
33062
33049
33083
33089
33083
33106
33108
33094
33086
33095
33121
33123
33113
33088
33091
33095
33092
33077
33086
33080
33073
33071
33054
33058
33033
33023
33030
33027
33008
33024
33034
33044
33043
33047
33035
33025
33059
33084
33081
33047
33031
33071
33073
33069
33063
33086
33103
33085
33089
33071
33107
33116
33133
33123
33108
33093
33078
33097
33104
33099
33079
33047
33043
33069
33076
33079
33046
33039
33087
33065
33079
33080
33047
33071
33060
33047
33075
33055
33079
33085
33077
33071
33109
33107
33106
33131
33108
33094
33105
33117
33119
33143
33133
33113
33111
33105
33103
33131
33106
33102
33105
33113
33115
33119
33107
33105
33089
33079
33059
33059
33056
33076
33063
33076
33069
33094
33104
33096
33087
33087
33111
33138
33124
33128
33143
33143
33129
33127
33145
33167
33153
33151
33158
33153
33156
33137
33137
33147
33152
33147
33141
33130
33151
33128
33097
33107
33107
33115
33125
33111
33078
33075
33113
33109
33101
33109
33091
33095
33093
33111
33115
33135
33129
33151
33148
33135
33144
33158
33143
33137
33176
33155
33162
33151
33171
33175
33149
33119
33134
33151
33155
33137
33136
33121
33118
33081
33084
33095
33116
33103
33096
33102
33119
33097
33082
33111
33104
33108
33117
33128
33115
33142
33123
33111
33147
33171
33181
33151
33169
33185
33159
33183
33167
33169
33166
33179
33153
33154
33152
33158
33155
33139
33116
33126
33107
33120
33106
33115
33090
33082
33083
33117
33117
33081
33099
33112
33124
33093
33100
33117
33124
33131
33133
33118
33151
33166
33131
33138
33171
33175
33183
33163
33151
33166
33157
33148
33182
33159
33144
33159
33176
33172
33148
33131
33141
33119
33099
33105
33118
33111
33087
33125
33135
33104
33122
33106
33117
33119
33137
33126
33115
33149
33111
33142
33130
33134
33138
33158
33161
33165
33153
33155
33153
33141
33145
33155
33171
33170
33147
33153
33145
33206
33150
33141
33124
33119
33121
33128
33135
33126
33119
33118
33108
33103
33099
33104
33099
33132
33131
33106
33129
33124
33129
33144
33137
33171
33155
33165
33169
33164
33173
33173
33175
33195
33213
33211
33190
33196
33175
33160
33151
33147
33146
33147
33143
33145
33155
33128
33125
33127
33108
33127
33121
33127
33114
33094
33110
33106
33119
33137
33108
33099
33129
33145
33162
33152
33157
33159
33179
33155
33175
33199
33194
33183
33207
33203
33182
33162
33157
33171
33165
33167
33137
33113
33137
33123
33135
33126
33110
33127
33105
33113
33091
33098
33093
33127
33115
33119
33102
33107
33103
33115
33127
33129
33134
33143
33144
33140
33151
33163
33157
33169
33150
33135
33127
33141
33161
33157
33143
33139
33145
33127
33121
33129
33125
33105
33099
33089
33107
33119
33108
33081
33080
33087
33079
33071
33094
33092
33073
33080
33103
33105
33101
33113
33124
33125
33125
33137
33135
33143
33139
33148
33156
33135
33159
33158
33160
33155
33122
33119
33149
33142
33141
33133
33133
33146
33101
33114
33142
33106
33063
33062
33076
33065
33076
33086
33085
33080
33057
33070
33061
33093
33101
33084
33095
33063
33079
33074
33125
33137
33139
33135
33127
33139
33153
33117
33126
33123
33126
33129
33093
33123
33098
33092
33095
33107
33098
33067
33071
33063
33093
33100
33071
33051
33087
33070
33090
33095
33111
33079
33173
33067
33116
33093
33107
33100
33123
33121
33142
33138
33132
33144
33139
33131
33140
33125
33127
33133
33154
33164
33129
33154
33135
33151
33113
33093
33127
33121
33090
33099
33104
33069
33066
33093
33116
33135
33082
33077
33090
33109
33086
33061
33080
33114
33147
33117
33109
33112
33107
33135
33115
33110
33128
33109
33113
33143
33159
33162
33132
33149
33159
33133
33127
33116
33112
33110
33110
33116
33116
33102
33077
33103
33097
33085
33077
33091
33090
33082
33095
33103
33094
33077
33114
33102
33095
33134
33140
33119
33109
33120
33116
33109
33127
33129
33109
33140
33123
33107
33107
33101
33108
33121
33124
33113
33107
33099
33099
33069
33077
33068
33077
33073
33063
33079
33075
33069
33099
33096
33093
33105
33098
33082
33098
33090
33091
33094
33109
33115
33113
33124
33112
33093
33093
33092
33092
33127
33115
33135
33117
33135
33125
33093
33104
33119
33103
33079
33076
33069
33090
33076
33083
33059
33075
33071
33073
33060
33019
33062
33065
33054
33071
33097
33112
33067
33050
33087
33100
33083
33077
33097
33117
33123
33128
33101
33101
33103
33113
33101
33097
33090
33147
33087
33103
33094
33077
33066
33073
33072
33071
33050
33066
33055
33069
33064
33065
33050
33061
33035
33039
33054
33093
33074
33049
33062
33063
33103
33073
33063
33091
33098
33095
33098
33119
33113
33121
33123
33113
33106
33108
33110
33077
33091
33115
33090
33067
33090
33072
33053
33043
33059
33046
33074
33069
33035
33041
33048
33060
33058
33043
33057
33062
33043
33070
33065
33083
33098
33054
33071
33085
33091
33099
33113
33121
33122
33134
33129
33138
33125
33109
33096
33083
33105
33109
33113
33109
33119
33101
33078
33086
33079
33068
33066
33083
33075
33074
33070
33080
33068
33050
33077
33055
33043
33053
33086
33073
33046
33075
33081
33091
33095
33101
33121
33125
33109
33117
33125
33127
33122
33107
33109
33117
33114
33105
33075
33091
33093
33075
33071
33053
33034
33038
33047
33069
33064
33054
33053
33034
33034
33087
33085
33092
33071
33086
33087
33079
33081
33065
33085
33085
33093
33091
33111
33090
33115
33124
33130
33143
33120
33130
33124
33135
33117
33105
33096
33099
33138
33104
33093
33089
33089
33083
33083
33093
33089
33081
33073
33086
33041
33017
33027
33055
33083
33076
33083
33088
33089
33095
33081
33082
33122
33113
33105
33096
33111
33109
33091
33097
33106
33103
33117
33111
33087
33095
33111
33094
33072
33084
33095
33123
33073
33047
33073
33087
33091
33077
33057
33039
33007
33038
33040
33047
33042
33055
33060
33079
33083
33076
33063
33074
33087
33073
33085
33087
33075
33061
33081
33069
33058
33080
33101
33087
33094
33052
33053
33094
33101
33073
33043
33054
33051
33029
33047
33076
33036
33035
33047
33025
33023
33025
33031
33041
33031
33015
33038
33071
33053
33079
33077
33082
33101
33071
33049
33073
33073
33101
33095
33109
33089
33099
33106
33080
33087
33092
33099
33139
33138
33073
33051
33075
33094
33056
33055
33050
33081
33053
33049
33015
33039
33066
33017
33054
33040
33047
33023
33043
33043
33031
33059
33079
33074
33059
33055
33067
33065
33076
33079
33077
33099
33100
33075
33080
33092
33081
33079
33061
33106
33062
33077
33074
33079
33068
33030
33057
33079
33068
33055
33065
33055
33049
33043
33065
33053
33047
33073
33081
33091
33081
33095
33085
33101
33099
33106
33113
33105
33115
33126
33121
33128
33130
33127
33109
33155
33147
33084
33119
33107
33116
33103
33097
33079
33052
33072
33069
33069
33063
33068
33063
33057
33071
33063
33068
33053
33044
33052
33083
33078
33072
33093
33075
33070
33093
33121
33115
33138
33124
33111
33111
33104
33103
33128
33116
33124
33119
33123
33124
33151
33133
33104
33111
33106
33082
33093
33077
33089
33105
33081
33073
33079
33095
33083
33104
33096
33096
33106
33097
33087
33103
33111
33116
33127
33095
33116
33117
33101
33119
33091
33095
33109
33111
33107
33100
33095
33075
33099
33074
33074
33077
33100
33079
33063
33083
33084
33095
33067
33065
33077
33079
33105
33095
33068
33102
33101
33077
33083
33086
33086
33091
33102
33089
33085
33099
33109
33121
33131
33113
33099
33145
33121
33109
33130
33136
33118
33139
33141
33115
33084
33104
33081
33087
33103
33095
33115
33097
33083
33094
33103
33093
33093
33090
33063
33050
33061
33078
33063
33074
33061
33051
33103
33085
33067
33062
33061
33076
33124
33115
33110
33127
33107
33089
33112
33103
33092
33117
33141
33119
33120
33095
33099
33097
33088
33091
33099
33100
33087
33075
33090
33066
33083
33115
33103
33107
33063
33083
33089
33087
33085
33123
33119
33113
33081
33111
33135
33136
33113
33140
33110
33117
33103
33111
33115
33098
33104
33113
33110
33111
33101
33072
33123
33097
33111
33091
33086
33068
33080
33071
33071
33059
33061
33053
33059
33063
33074
33065
33056
33076
33082
33095
33087
33089
33133
33107
33101
33104
33117
33103
33114
33134
33141
33131
33135
33131
33133
33147
33138
33119
33116
33143
33157
33113
33131
33093
33115
33135
33117
33104
33111
33085
33098
33098
33098
33095
33101
33123
33131
33128
33143
33135
33105
33103
33093
33120
33142
33121
33136
33138
33141
33169
33148
33161
33133
33127
33135
33127
33157
33172
33185
33129
33116
33157
33143
33135
33171
33155
33137
33136
33111
33115
33096
33116
33117
33103
33103
33122
33109
33116
33123
33125
33087
33108
33137
33140
33122
33134
33153
33143
33155
33165
33175
33193
33202
33215
33206
33208
33162
33169
33175
33170
33181
33182
33177
33171
33170
33138
33111
33109
33132
33127
33101
33089
33077
33065
33083
33075
33081
33068
33102
33087
33101
33097
33091
33135
33118
33135
33116
33128
33136
33151
33134
33141
33136
33145
33127
33139
33143
33152
33127
33133
33122
33117
33105
33094
33086
33082
33105
33107
33077
33085
33037
33059
33058
33057
33058
33049
33053
33023
33014
33050
33048
33049
33039
33051
33068
33063
33089
33109
33122
33127
33111
33094
33078
33113
33121
33133
33137
33130
33132
33151
33148
33157
33151
33130
33156
33157
33136
33131
33143
33165
33142
33173
33159
33147
33167
33170
33165
33152
33163
33176
33179
33191
33316
33221
33262
33269
33268
33308
33295
33324
33328
33364
33375
33381
33383
33395
33422
33431
33436
33422
33425
33409
33423
33428
33438
33420
33391
33437
33453
33422
33391
33357
33377
33394
33381
33399
33394
33407
33386
33392
33415
33437
33429
33432
33446
33465
33441
33463
33477
33523
33525
33535
33537
33523
33522
33558
33543
33532
33550
33479
33456
33501
33527
33514
33484
33479
33478
33445
33408
33391
33421
33391
33379
33367
33352
33374
33375
33397
33391
33351
33365
33375
33367
33364
33374
33392
33415
33424
33415
33421
33409
33412
33439
33429
33353
33318
33348
33337
33349
33369
33330
33293
33275
33256
33245
33251
33239
33195
33170
33143
33123
33127
33166
33176
33093
33073
33053
33051
33023
33023
33049
33031
33051
33031
33045
33021
33039
33038
33040
33027
32999
33019
33020
33033
33040
33096
33111
33097
33081
33046
33064
33092
33081
33071
33061
33037
33035
33037
33047
33058
33073
33067
33039
32998
32996
32969
32950
32989
33000
32968
32937
32959
32972
32947
32944
32919
32908
32910
32885
32887
32890
32915
32957
32954
32921
32943
32973
32959
32975
32997
32975
32975
33007
33031
33035
33033
33027
33063
33065
33055
33026
33015
32994
33007
33013
32984
32983
32951
32977
32944
32945
32935
32894
32866
32867
32904
32900
32889
32906
32919
32869
32893
32955
32955
32947
32943
32981
33000
32984
32994
33033
33054
33055
33051
33029
33016
33029
33015
33042
33031
33006
33031
33033
33017
32990
32979
32999
32942
32929
32918
32886
32873
32872
32897
32869
32833
32846
32871
32843
32863
32866
32857
32882
32905
32931
32929
32970
32963
32995
32988
33000
32981
33006
33015
32981
32984
32999
33048
33040
33023
33042
33031
33017
32992
32995
32985
32967
32971
32949
32946
32903
32898
32914
32901
32878
32899
32873
32871
32887
32875
32871
32922
32905
32923
32961
32959
33011
32997
32989
33008
33001
32986
32988
33027
32997
33007
33026
33043
33025
33025
33035
33014
33010
33001
32999
32987
32977
32972
32961
32959
32969
32933
32921
32928
32917
32909
32903
32871
32915
32901
32925
32925
32935
32955
32951
32951
32976
32990
32977
32995
33021
33036
33037
33029
33020
33039
33022
33031
33033
33039
33067
33054
33037
33036
33027
33010
33017
32994
32995
32975
32995
33001
32973
32929
32935
32933
32953
32949
32953
32972
32971
32969
32930
32951
32976
33017
33023
33000
32997
33011
33025
33049
33073
33077
33048
33060
33084
33067
33064
33085
33081
33067
33069
33065
33061
33063
33047
33041
33036
33002
33014
32987
32979
32963
32954
32983
32981
32985
32981
32967
32969
32983
32973
32991
33001
33029
33027
33058
33032
33048
33058
33071
33062
33051
33054
33087
33095
33085
33073
33073
33087
33064
33067
33063
33066
33051
33046
33043
32996
32998
32973
32992
32998
32993
32963
32961
32960
32959
32942
32959
32957
32961
32971
32986
32986
33007
32997
32999
33010
33017
33005
33005
33040
33063
33054
33071
33078
33105
33069
33055
33076
33059
33038
33040
33027
33021
33001
33001
33013
32998
33003
32967
32949
32953
32967
32968
32952
32959
32970
32939
32950
32979
32989
32965
32971
32959
32975
32985
32983
32993
33035
33017
33019
33027
33049
33058
33041
33007
33027
33012
33019
33007
33030
33053
33027
33003
32975
32959
32962
32968
32950
32941
32921
32927
32919
32889
32907
32919
32915
32918
32924
32943
32936
32948
32974
33003
32998
32985
32994
33017
33035
33031
33043
33034
33049
33049
33050
33065
33057
33067
33053
33040
33012
33021
33027
33036
33053
33007
32967
32979
33037
33039
33015
32999
33025
32990
32996
32998
32973
33009
33010
33015
33007
33048
33039
33043
33039
33036
33065
33065
33086
33055
33066
33075
33099
33103
33122
33111
33110
33105
33110
33107
33111
33081
33103
33115
33113
33103
33094
33095
33070
33063
33072
33067
33051
33082
33062
33025
33039
33045
33047
33043
33021
33073
33077
33087
33054
33063
33098
33085
33089
33083
33091
33114
33115
33119
33143
33136
33159
33159
33159
33138
33119
33142
33135
33137
33125
33084
33098
33089
33066
33069
33071
33053
33048
33052
33057
33043
33030
33047
33053
33031
33035
33052
33047
33057
33049
33058
33067
33081
33085
33085
33095
33096
33085
33112
33099
33115
33147
33103
33109
33119
33109
33129
33104
33127
33133
33143
33121
33119
33101
33105
33070
33069
33060
33066
33059
33062
33042
33063
33069
33021
33035
33057
33048
33061
33046
33063
33067
33096
33109
33124
33117
33106
33105
33135
33138
33119
33151
33151
33136
33152
33132
33130
33127
33125
33125
33119
33109
33095
33083
33055
33052
33087
33107
33061
33039
33069
33059
33061
33037
33047
33057
33078
33060
33057
33063
33072
33062
33083
33078
33087
33095
33109
33113
33137
33123
33137
33121
33119
33122
33123
33096
33139
33128
33097
33108
33107
33095
33093
33095
33091
33103
33067
33063
33031
33046
33034
33049
33076
33070
33075
33068
33040
33054
33053
33072
33080
33076
33083
33086
33099
33096
33099
33127
33100
33111
33119
33105
33087
33099
33111
33104
33141
33135
33113
33089
33099
33095
33090
33071
33057
33083
33055
33053
33063
33077
33067
33075
33068
33102
33090
33049
33063
33093
33078
33068
33081
33095
33097
33095
33091
33107
33109
33111
33101
33103
33105
33103
33108
33123
33128
33116
33097
33099
33111
33099
33081
33087
33105
33108
33125
33087
33100
33107
33073
33063
33057
33031
33051
33046
33073
33079
33065
33047
33053
33083
33085
33079
33071
33088
33088
33099
33117
33124
33137
33129
33136
33127
33135
33127
33119
33125
33155
33146
33162
33164
33148
33155
33131
33125
33117
33129
33133
33127
33101
33074
33069
33079
33050
33079
33086
33073
33059
33075
33059
33046
33055
33082
33094
33095
33093
33095
33068
33119
33143
33125
33140
33120
33117
33132
33127
33157
33173
33172
33154
33145
33143
33137
33124
33105
33107
33111
33113
33127
33117
33104
33088
33086
33071
33071
33042
33049
33052
33040
33042
33084
33074
33095
33107
33100
33113
33119
33128
33122
33143
33171
33152
33159
33155
33148
33146
33143
33126
33135
33121
33118
33149
33125
33102
33084
33095
33091
33076
33043
33081
33089
33103
33079
33090
33093
33079
33105
33087
33070
33077
33097
33081
33085
33107
33091
33103
33114
33094
33100
33125
33136
33133
33144
33145
33155
33156
33155
33143
33134
33167
33154
33141
33139
33129
33119
33108
33113
33114
33114
33097
33104
33075
33053
33084
33079
33079
33085
33045
33061
33097
33073
33089
33092
33081
33083
33100
33117
33097
33094
33108
33122
33121
33092
33098
33132
33151
33123
33133
33135
33114
33105
33105
33111
33127
33099
33096
33071
33084
33078
33076
33070
33063
33073
33059
33069
33053
33063
33058
33101
33061
33023
33034
33057
33069
33075
33097
33075
33054
33055
33075
33115
33130
33125
33145
33132
33109
33131
33133
33111
33140
33143
33113
33097
33111
33124
33114
33099
33079
33085
33081
33094
33070
33061
33089
33079
33047
33055
33039
33034
33065
33051
33071
33061
33054
33063
33071
33071
33072
33090
33073
33063
33094
33073
33078
33075
33100
33113
33128
33155
33115
33095
33107
33132
33103
33111
33108
33136
33121
33109
33091
33071
33059
33067
33113
33087
33083
33070
33056
33067
33066
33062
33072
33113
33109
33078
33086
33099
33125
33125
33147
33121
33114
33139
33149
33131
33107
33115
33127
33141
33117
33123
33125
33147
33143
33119
33115
33143
33119
33082
33082
33111
33095
33112
33119
33105
33071
33079
33037
33056
33051
33058
33025
33059
33080
33065
33059
33071
33097
33115
33125
33133
33134
33142
33127
33118
33127
33151
33129
33137
33133
33151
33132
33127
33141
33119
33120
33110
33124
33113
33130
33053
33058
33062
33063
33067
33048
33063
33072
33064
33063
33062
33058
33056
33046
33042
33079
33084
33066
33092
33101
33099
33100
33099
33109
33116
33113
33116
33103
33109
33107
33119
33143
33145
33113
33132
33095
33095
33117
33100
33073
33047
33052
33053
33050
33033
33044
33027
33047
33023
33027
33033
33029
33071
33061
33084
33090
33072
33064
33087
33081
33102
33101
33118
33127
33111
33103
33133
33136
33119
33117
33111
33095
33133
33145
33097
33082
33083
33063
33063
33064
33077
33056
33055
33055
33053
33069
33048
33061
33051
33054
33059
33053
33043
33042
33050
33049
33054
33071
33079
33079
33078
33089
33092
33094
33113
33124
33095
33101
33121
33121
33090
33097
33077
33075
33113
33093
33123
33087
33098
33089
33075
33069
33076
33042
33047
33055
33043
33035
33043
33058
33059
33058
33059
33062
33048
33073
33105
33105
33095
33092
33113
33078
33098
33103
33120
33097
33076
33095
33104
33101
33101
33118
33125
33110
33095
33111
33107
33079
33080
33099
33083
33101
33084
33071
33077
33059
33045
33057
33075
33084
33083
33047
33063
33060
33064
33071
33071
33109
33078
33086
33105
33099
33121
33130
33134
33137
33139
33107
33133
33133
33135
33142
33131
33155
33133
33145
33131
33131
33117
33087
33072
33111
33085
33109
33087
33095
33058
33042
33056
33055
33055
33051
33055
33043
33047
33039
33045
33060
33077
33073
33091
33099
33093
33099
33122
33095
33129
33133
33112
33104
33111
33129
33110
33121
33138
33122
33101
33102
33099
33074
33086
33080
33079
33143
33074
33059
33075
33071
33071
33049
33040
33065
33064
33059
33079
33089
33089
33097
33083
33103
33100
33115
33104
33119
33098
33119
33097
33148
33134
33115
33118
33094
33067
33065
33079
33102
33087
33087
33076
33085
33065
33055
33033
33039
33045
33046
33059
33057
33055
33063
33059
33040
33062
33065
33057
33046
33051
33061
33055
33053
33069
33058
33063
33062
33085
33106
33087
33102
33113
33103
33087
33107
33079
33111
33121
33087
33087
33101
33095
33067
33075
33113
33096
33097
33083
33079
33080
33070
33087
33090
33074
33061
33055
33043
33033
33055
33063
33068
33067
33042
33082
33073
33053
33071
33058
33060
33055
33084
33093
33114
33085
33109
33109
33120
33103
33091
33077
33098
33103
33079
33083
33080
33079
33064
33039
33051
33047
33031
33026
33044
33060
33052
33023
33015
33047
33059
33050
33050
33039
33055
33063
33084
33101
33065
33062
33093
33089
33096
33097
33102
33093
33081
33081
33069
33036
33076
33071
33046
33083
33082
33031
33041
33087
33066
33068
33047
33047
33011
33039
33057
33033
33027
33031
33012
33039
33033
33052
33035
33045
33066
33075
33043
33068
33079
33100
33087
33071
33106
33109
33137
33133
33129
33115
33109
33113
33135
33139
33145
33163
33141
33113
33111
33125
33123
33117
33139
33106
33116
33112
33108
33117
33096
33105
33089
33119
33099
33081
33091
33136
33119
33121
33130
33143
33138
33155
33191
33169
33191
33163
33167
33198
33207
33194
33190
33181
33177
33209
33214
33172
33156
33145
33141
33105
33147
33151
33139
33145
33151
33151
33133
33138
33135
33125
33105
33103
33124
33130
33117
33104
33133
33131
33155
33188
33173
33164
33151
33183
33183
33191
33220
33178
33191
33212
33179
33197
33183
33188
33207
33185
33171
33145
33167
33131
33141
33151
33149
33141
33133
33125
33104
33101
33116
33107
33044
33095
33096
33113
33130
33120
33105
33105
33117
33155
33165
33155
33167
33145
33158
33165
33199
33193
33185
33221
33219
33214
33198
33191
33201
33199
33183
33211
33212
33176
33176
33183
33183
33167
33163
33163
33158
33159
33155
33154
33143
33144
33144
33179
33169
33158
33162
33156
33162
33169
33164
33190
33187
33175
33186
33217
33207
33211
33225
33217
33237
33249
33227
33229
33199
33203
33224
33195
33185
33170
33183
33176
33159
33166
33155
33144
33149
33138
33138
33133
33101
33111
33131
33128
33115
33123
33138
33115
33103
33091
33137
33133
33147
33169
33175
33189
33175
33175
33185
33223
33217
33181
33209
33225
33224
33221
33232
33200
33209
33187
33200
33199
33189
33169
33173
33173
33149
33124
33134
33119
33119
33123
33112
33120
33108
33110
33115
33112
33136
33126
33131
33145
33119
33152
33143
33134
33162
33174
33177
33185
33181
33187
33199
33201
33184
33174
33203
33194
33157
33188
33181
33180
33195
33179
33141
33143
33147
33150
33130
33128
33118
33133
33109
33093
33106
33116
33140
33111
33087
33139
33125
33172
33163
33137
33166
33193
33198
33207
33218
33229
33235
33230
33219
33253
33266
33233
33213
33227
33245
33238
33207
33181
33181
33185
33175
33179
33181
33161
33125
33127
33141
33143
33114
33138
33123
33108
33131
33172
33142
33140
33157
33177
33181
33177
33183
33189
33187
33222
33216
33237
33234
33255
33266
33266
33260
33275
33280
33266
33261
33273
33287
33260
33236
33255
33241
33242
33239
33247
33215
33189
33189
33211
33181
33199
33198
33201
33181
33189
33217
33207
33200
33206
33219
33233
33218
33245
33256
33246
33251
33285
33296
33271
33286
33273
33296
33302
33287
33278
33282
33289
33305
33283
33255
33239
33259
33239
33237
33232
33223
33206
33177
33178
33171
33159
33174
33155
33159
33188
33183
33149
33167
33151
33158
33151
33175
33191
33188
33197
33199
33223
33251
33223
33241
33245
33226
33227
33238
33235
33260
33240
33243
33253
33229
33207
33222
33207
33225
33180
33161
33161
33151
33138
33146
33163
33122
33095
33079
33082
33104
33067
33079
33059
33073
33082
33088
33089
33127
33125
33130
33128
33165
33173
33177
33184
33223
33218
33209
33194
33195
33208
33217
33215
33219
33218
33207
33220
33208
33215
33179
33129
33133
33135
33119
33111
33095
33083
33084
33083
33047
33063
33072
33056
33066
33091
33085
33105
33076
33103
33115
33121
33135
33142
33159
33165
33187
33177
33201
33201
33213
33225
33222
33189
33222
33196
33173
33175
33149
33150
33151
33120
33120
33111
33099
33079
33086
33079
33020
33018
33025
33053
33025
33022
32996
33038
33065
33055
33053
33083
33122
33136
33140
33149
33145
33139
33166
33169
33181
33212
33226
33223
33193
33203
33185
33203
33215
33177
33195
33169
33151
33149
33127
33127
33112
33111
33074
33087
33087
33047
33064
33078
33049
33057
33059
33062
33086
33080
33113
33118
33123
33128
33147
33141
33148
33181
33180
33167
33193
33198
33215
33182
33204
33204
33191
33191
33204
33191
33172
33147
33123
33101
33111
33117
33116
33117
33129
33095
33083
33081
33073
33065
33075
33096
33101
33103
33115
33104
33096
33098
33141
33148
33163
33171
33175
33185
33173
33197
33200
33237
33229
33221
33215
33225
33219
33193
33191
33207
33224
33191
33179
33191
33166
33151
33121
33125
33137
33133
33112
33111
33099
33090
33087
33079
33092
33099
33089
33095
33123
33135
33123
33125
33146
33143
33167
33171
33167
33198
33199
33188
33205
33213
33212
33219
33196
33178
33183
33171
33174
33175
33177
33182
33174
33162
33137
33115
33127
33128
33106
33087
33085
33084
33092
33095
33081
33099
33111
33118
33092
33097
33101
33125
33129
33127
33151
33177
33197
33175
33187
33201
33199
33205
33183
33195
33191
33191
33171
33168
33183
33167
33152
33141
33141
33131
33170
33134
33087
33110
33114
33127
33111
33083
33055
33071
33106
33099
33081
33065
33092
33109
33103
33136
33121
33143
33173
33175
33181
33199
33177
33196
33201
33190
33206
33206
33229
33229
33248
33222
33205
33185
33197
33193
33191
33164
33126
33111
33114
33117
33099
33109
33121
33099
33109
33106
33109
33098
33100
33095
33120
33143
33151
33127
33129
33151
33151
33159
33175
33182
33205
33222
33201
33179
33207
33246
33261
33222
33191
33193
33202
33183
33201
33177
33177
33159
33155
33155
33129
33117
33124
33117
33113
33115
33075
33105
33149
33119
33095
33101
33134
33128
33127
33137
33124
33122
33167
33152
33183
33189
33199
33175
33180
33205
33193
33215
33220
33191
33193
33207
33210
33171
33143
33131
33151
33141
33145
33139
33114
33128
33123
33094
33063
33077
33065
33067
33058
33047
33074
33055
33061
33071
33065
33067
33075
33087
33109
33115
33098
33105
33097
33111
33136
33161
33143
33129
33166
33160
33143
33149
33161
33139
33125
33156
33169
33149
33127
33109
33098
33103
33090
33079
33081
33079
33071
33055
33067
33069
33068
33081
33063
33087
33061
33067
33063
33066
33049
33059
33091
33103
33083
33127
33117
33131
33119
33111
33124
33139
33156
33167
33173
33156
33134
33138
33127
33105
33105
33094
33081
33093
33099
33123
33086
33055
33052
33044
33044
33029
33031
33021
33029
33029
33046
33027
33061
33060
33077
33093
33075
33093
33080
33093
33104
33122
33115
33132
33126
33128
33143
33141
33135
33123
33148
33142
33111
33115
33114
33110
33095
33091
33074
33078
33060
33050
33036
33032
33039
33027
33007
33019
33036
33042
33051
33044
33029
33070
33063
33063
33071
33100
33083
33103
33121
33105
33134
33139
33157
33118
33139
33131
33137
33135
33139
33175
33149
33133
33111
33087
33099
33120
33063
33067
33059
33055
33039
33041
33050
33037
33014
33039
33031
33023
33043
33065
33057
33079
33075
33062
33083
33070
33091
33107
33119
33121
33142
33126
33160
33152
33131
33159
33151
33139
33141
33117
33127
33122
33076
33080
33079
33057
33067
33025
33046
33047
33053
33045
33031
33051
33039
33021
33046
33049
33055
33063
33079
33085
33087
33087
33126
33119
33125
33097
33093
33139
33141
33145
33179
33162
33183
33168
33143
33196
33175
33151
33133
33151
33143
33124
33124
33136
33121
33110
33071
33077
33087
33081
33063
33085
33117
33104
33093
33081
33097
33119
33102
33123
33112
33127
33128
33138
33155
33135
33124
33145
33182
33176
33179
33191
33196
33191
33193
33196
33213
33186
33201
33200
33170
33157
33149
33155
33143
33133
33143
33131
33133
33067
33078
33082
33113
33085
33080
33111
33123
33085
33085
33135
33103
33111
33143
33133
33153
33169
33162
33147
33167
33178
33201
33207
33199
33186
33174
33200
33241
33233
33237
33216
33183
33187
33170
33177
33138
33151
33167
33165
33146
33132
33148
33120
33121
33095
33106
33119
33117
33149
33123
33136
33147
33145
33139
33174
33161
33163
33183
33202
33201
33181
33212
33207
33198
33225
33211
33215
33221
33224
33237
33219
33212
33227
33223
33200
33159
33173
33189
33162
33196
33171
33164
33124
33133
33137
33145
33133
33150
33131
33145
33147
33161
33161
33161
33182
33200
33189
33192
33208
33210
33222
33209
33223
33221
33237
33249
33237
33223
33223
33224
33230
33231
33214
33219
33203
33218
33187
33195
33180
33169
33183
33180
33157
33153
33163
33142
33151
33136
33145
33192
33223
33196
33170
33176
33174
33211
33212
33229
33241
33244
33253
33251
33239
33251
33269
33269
33279
33276
33258
33222
33233
33255
33231
33239
33218
33202
33197
33199
33207
33175
33159
33169
33188
33185
33170
33164
33184
33195
33211
33196
33207
33221
33239
33223
33210
33201
33232
33268
33238
33232
33246
33237
33246
33257
33248
33273
33285
33263
33242
33244
33221
33222
33220
33237
33199
33221
33223
33183
33188
33171
33212
33213
33186
33177
33171
33182
33160
33200
33187
33215
33190
33197
33189
33189
33199
33186
33219
33229
33169
33197
33220
33219
33219
33219
33217
33241
33217
33225
33240
33222
33235
33193
33208
33190
33165
33170
33183
33167
33151
33162
33125
33126
33125
33131
33159
33155
33147
33117
33129
33148
33151
33153
33160
33139
33168
33185
33187
33189
33188
33180
33180
33190
33226
33206
33202
33215
33207
33223
33229
33237
33211
33191
33175
33209
33174
33168
33162
33157
33175
33154
33142
33151
33127
33127
33151
33121
33141
33150
33145
33151
33143
33115
33106
33137
33157
33154
33165
33161
33190
33207
33191
33179
33196
33223
33226
33205
33211
33213
33228
33199
33215
33213
33217
33186
33167
33189
33190
33203
33192
33168
33136
33130
33143
33148
33111
33117
33127
33111
33122
33117
33101
33148
33146
33159
33160
33146
33167
33167
33178
33185
33177
33185
33175
33200
33207
33205
33207
33209
33206
33191
33173
33191
33190
33183
33175
33159
33148
33129
33130
33147
33117
33123
33114
33105
33079
33079
33092
33075
33087
33101
33116
33143
33137
33146
33130
33151
33157
33149
33172
33190
33193
33214
33183
33193
33197
33187
33187
33205
33183
33187
33198
33221
33175
33172
33141
33149
33135
33122
33127
33135
33121
33118
33120
33106
33083
33122
33097
33110
33115
33102
33101
33091
33097
33123
33116
33138
33151
33157
33169
33180
33169
33170
33167
33170
33193
33204
33193
33173
33169
33189
33170
33181
33179
33156
33160
33133
33130
33167
33117
33119
33111
33150
33116
33095
33107
33124
33119
33103
33114
33115
33108
33112
33096
33109
33151
33147
33151
33165
33178
33191
33175
33165
33162
33188
33183
33177
33183
33192
33169
33171
33167
33171
33182
33191
33175
33175
33175
33185
33165
33145
33129
33158
33145
33151
33123
33113
33120
33123
33151
33144
33139
33115
33127
33122
33126
33135
33111
33127
33142
33144
33179
33198
33190
33215
33231
33207
33207
33215
33208
33209
33215
33207
33207
33212
33196
33178
33170
33160
33164
33160
33159
33161
33143
33148
33109
33105
33096
33092
33100
33122
33133
33145
33158
33153
33151
33169
33157
33140
33140
33165
33173
33201
33195
33209
33212
33228
33212
33204
33208
33215
33215
33216
33196
33191
33213
33212
33202
33175
33159
33143
33156
33141
33148
33141
33149
33129
33140
33149
33132
33117
33127
33119
33105
33121
33113
33145
33147
33159
33177
33178
33183
33197
33205
33187
33211
33201
33227
33198
33183
33193
33203
33192
33199
33189
33190
33195
33182
33201
33175
33151
33134
33149
33129
33118
33135
33143
33111
33141
33131
33139
33150
33127
33111
33151
33148
33143
33159
33178
33177
33184
33195
33191
33194
33185
33183
