31230
31263
31295
31262
31256
31251
31271
31281
31239
31262
31251
31288
31257
31263
31280
31266
31259
31247
31224
31273
31259
31239
31256
31275
31231
31223
31233
31280
31281
31235
31211
31231
31268
31220
31215
31288
32738
31919
31233
31271
31273
31279
31261
31257
31261
31253
31214
31251
31279
31267
31230
31198
31254
31263
31251
31186
31175
31161
31231
31255
31257
31227
31240
31235
31227
31252
31293
31268
31205
31159
31209
31221
31204
31181
31247
31283
31223
31237
31214
31175
31249
31247
31267
31284
31237
31247
31285
31239
31237
31282
31279
31259
31269
31281
31242
31221
31219
31286
31284
31287
31263
31303
31304
31245
31225
31219
31178
31191
31210
31259
31227
31208
31231
31194
31203
31219
31221
31223
31218
31231
31255
31201
31205
31242
31180
31194
31208
31231
31179
31204
31229
31200
31197
31228
31161
31168
31187
31205
31185
31092
31159
31133
31145
31205
31179
31193
31215
31227
31205
31177
31169
31185
31191
31177
31227
31234
31184
31206
31242
31255
31220
31189
31198
31203
31219
31223
31244
31208
31204
31209
31190
31181
31193
31211
31167
31188
31213
31223
31223
31212
31215
31240
31259
31214
31212
31249
31255
31266
31256
31303
31249
31249
31224
31251
31247
31240
31256
31241
31192
31217
31245
31263
31271
31282
31319
31346
31315
31279
31281
31297
31252
31287
31289
31267
31261
31247
31265
31225
31245
31243
31268
31286
31307
31292
31255
31281
31281
31285
31289
31280
31287
31270
31287
31277
31250
31300
31304
31274
31272
31317
31309
31309
31313
31291
31283
31284
31277
31291
31226
31246
31290
31263
31284
31283
31272
31231
31272
31251
31250
31220
31231
31230
31197
31214
31277
31259
31228
31231
31265
31268
31267
31288
31245
31265
31289
31294
31281
31252
31295
31268
31251
31267
31281
31278
31287
31317
31268
31265
31258
31245
31269
31260
31279
31255
31278
31225
31252
31256
31265
31234
31250
31221
31239
31239
31278
31260
31247
31239
31223
31282
31303
31303
31301
31292
31273
31281
31297
31238
31250
31248
31220
31271
31299
31307
31303
31278
31288
31233
31263
31271
31289
31255
31273
31255
31255
31257
31284
31289
31249
31292
31263
31241
31221
31261
31239
31268
31249
31277
31292
31243
31257
31248
31232
31229
31276
31273
31290
31305
31286
31279
31263
31237
31243
31244
31251
31251
31231
31247
31245
31248
31269
31213
31279
31252
31244
31277
31275
31243
31242
31246
31232
31215
31221
31245
31236
31188
31193
31226
31211
31265
31228
31287
31295
31257
31247
31237
31209
31231
31237
31239
31201
31233
31239
31253
31233
31248
31279
31242
31258
31219
31208
31199
31255
31205
31241
31223
31243
31247
31239
31168
31177
31263
31307
31245
31251
31233
31275
31231
31257
31255
31252
31255
31275
31237
31247
31243
31273
31263
31253
31265
31267
31299
31259
31265
31317
31323
31306
31270
31243
31253
31207
31229
31235
31270
31255
31227
31225
31249
31268
31255
31230
31285
31264
31231
31245
31223
31247
31241
31230
31286
31284
31283
31261
31256
31297
31311
31307
31268
31280
31241
31272
31257
31265
31328
31351
31289
31257
31276
31299
31310
31237
31251
31267
31294
31242
31229
31231
31241
31227
31234
31193
31219
31227
31260
31265
31209
31258
31277
31226
31222
31231
31231
31218
31275
31287
31294
31249
31224
31252
31279
31283
31279
31287
31272
31281
31298
31291
31271
31251
31231
31226
31311
31252
31303
31267
31253
31234
31255
31282
31239
31257
31263
31246
31241
31307
31295
31235
31237
31252
31262
31221
31255
31303
31263
31283
31288
31297
31335
31319
31271
31315
31305
31247
31279
31249
31275
31271
31297
31264
31215
31259
31263
31267
31261
31263
31183
31204
31206
31166
31183
31187
31231
31254
31246
31250
31229
31209
31250
31269
31291
31236
31242
31235
31226
31193
31253
31250
31266
31284
31249
31265
31261
31197
31224
31255
31258
31253
31227
31251
31277
31289
31219
31183
31287
31271
31231
31255
31263
31252
31241
31295
31279
31229
31239
31247
31243
31213
31269
31274
31241
31283
31275
31231
31229
31241
31271
31319
31291
31305
31319
31271
31271
31295
31299
31272
31246
31275
31255
31239
31248
31248
31268
31261
31287
31269
31259
31247
31247
31241
31228
31243
31207
31291
31287
31248
31211
31200
31211
31183
31225
31204
31228
31239
31191
31235
31251
31268
31246
31239
31230
31248
31272
31293
31252
31242
31271
31268
31287
31267
31250
31259
31255
31262
31207
31237
31249
31223
31257
31271
31235
31229
31239
31225
31273
31291
31234
31269
31273
31255
31203
31254
31279
31270
31327
31291
31230
31249
31266
31257
31235
31312
31306
31285
31253
31271
31276
31319
31279
31271
31265
31231
31231
31249
31281
31245
31256
31241
31231
31224
31173
31199
31277
31261
31261
31243
31257
31265
31277
31277
31291
31277
31261
31241
31266
31269
31292
31270
31306
31268
31250
31271
31283
31297
31283
31252
31262
31234
31289
31311
31286
31246
31279
31249
31235
31231
31224
31209
31215
31273
31252
31256
31263
31258
31272
31235
31267
31292
31241
31236
31260
31275
31244
31227
31231
31234
31273
31259
31260
31279
31243
31235
31287
31282
31300
31303
31265
31269
31271
31315
31304
31261
31235
31223
31261
31281
31276
31245
31277
31266
31291
31253
31237
31221
31248
31261
31236
31240
31269
31259
31243
31275
31301
31263
31257
31263
31212
31199
31217
31238
31315
31320
31271
31265
31239
31233
31277
31254
31257
31243
31260
31226
31241
31223
31219
31241
31235
31190
31228
31237
31244
31215
31239
31221
31229
31200
31200
31213
31210
31226
31207
31259
31249
31231
31204
31245
31242
31215
31279
31285
31309
31279
31213
31208
31263
31267
31211
31243
31262
31243
31215
31231
31284
31270
31254
31225
31261
31258
31223
31229
31205
31209
31246
31257
31199
31244
31223
31259
31295
31237
31243
31210
31222
31256
31253
31249
31249
31261
31234
31216
31246
31231
31247
31227
31223
31236
31277
31255
31273
31332
31311
31293
31263
31225
31244
31261
31267
31281
31260
31273
31291
31255
31235
31231
31218
31200
31247
31259
31206
31241
31267
31260
31233
31223
31231
31239
31246
31239
31295
31281
31233
31239
31279
31295
31287
31288
31315
31295
31309
31319
31307
31291
31273
31285
31305
31329
31330
31273
31252
31247
31251
31310
31281
31209
31299
31281
31241
31245
31254
31252
31289
31281
31283
31287
31251
31239
31286
31263
31254
31269
31283
31255
31269
31267
31269
31311
31275
31259
31265
31282
31295
31299
31291
31271
31285
31295
31330
31305
31257
31234
31233
31263
31254
31306
31321
31253
31273
31238
31213
31229
31190
31183
31225
31247
31253
31221
31165
31219
31249
31251
31283
31243
31289
31302
31277
31238
31264
31283
31268
31273
31256
31258
31267
31247
31247
31298
31262
31231
31249
31247
31253
31261
31255
31289
31220
31229
31233
31263
31233
31243
31216
31279
31285
31265
31238
31225
31182
31251
31257
31251
31260
31283
31296
31305
31304
31329
31333
31285
31239
31241
31274
31271
31265
31239
31241
31259
31231
31224
31223
31237
31231
31214
31259
31235
31242
31269
31227
31215
31237
31241
31208
31247
31243
31231
31231
31223
31201
31247
31233
31219
31244
31272
31261
31219
31221
31240
31247
31283
31288
31247
31254
31291
31284
31239
31221
31257
31245
31174
31211
31243
31263
31265
31223
31199
31221
31228
31223
31201
31199
31196
31197
31254
31184
31210
31235
31211
31244
31280
31225
31198
31251
31237
31218
31224
31281
31247
31286
31271
31282
31257
31253
31258
31257
31260
31257
31204
31245
31257
31233
31239
31223
31253
31248
31251
31215
31230
31231
31195
31231
31241
31198
31223
31248
31227
31251
31235
31237
31275
31298
31255
31243
31215
31260
31279
31262
31251
31231
31271
31276
31253
31262
31255
31282
31247
31245
31294
31237
31275
31255
31244
31234
31263
31291
31253
31253
31252
31273
31242
31255
31229
31241
31207
31239
31251
31243
31221
31267
31250
31236
31245
31265
31275
31226
31250
31272
31270
31255
31237
31251
31275
31276
31301
31281
31271
31269
31262
31304
31279
31225
31235
31255
31228
31275
31314
31271
31239
31245
31261
31260
31292
31253
31269
31261
31196
31245
31230
31244
31228
31248
31266
31233
31213
31222
31276
31267
31261
31270
31285
31247
31247
31247
31249
31239
31237
31267
31271
31263
31291
31272
31270
31249
31203
31235
31267
31230
31214
31267
31269
31260
31212
31257
31266
31247
31231
31241
31274
31223
31224
31217
31250
31282
31273
31255
31239
31245
31253
31254
31284
31285
31315
31343
31307
31297
31290
31246
31253
31271
31304
31254
31266
31261
31279
31262
31271
31297
31223
31281
31262
31229
31271
31239
31225
31191
31223
31279
31268
31237
31262
31256
31271
31271
31271
31257
31262
31274
31292
31249
31252
31251
31208
31255
31243
31228
31227
31221
31251
31251
31249
31278
31205
31225
31235
31228
31237
31221
31189
31283
31275
31244
31215
31205
31239
31231
31185
31217
31287
31259
31261
31320
31253
31263
31277
31294
31265
31250
31295
31279
31263
31255
31234
31247
31282
31321
31297
31297
31328
31280
31267
31267
31298
31239
31247
31288
31321
31255
31211
31234
31197
31217
31271
31268
31243
31220
31239
31239
31253
31215
31295
31263
31250
31271
31255
31269
31254
31238
31249
31255
31208
31263
31259
31264
31263
31282
31258
31289
31250
31250
31286
31249
31244
31213
31193
31223
31258
31250
31207
31215
31239
31246
31246
31254
31226
31243
31271
31237
31241
31245
31231
31281
31255
31233
31205
31187
31229
31207
31235
31287
31284
31295
31252
31258
31265
31226
31241
31249
31283
31319
31303
31283
31261
31235
31247
31193
31215
31241
31275
31285
31263
31254
31233
31183
31213
31254
31242
31225
31244
31268
31251
31300
31259
31260
31265
31249
31239
31248
31223
31239
31259
31259
31301
31271
31255
31231
31261
31302
31249
31239
31231
31285
31303
31292
31215
31204
31264
31271
31241
31223
31229
31217
31209
31230
31271
31258
31251
31241
31279
31275
31249
31247
31263
31263
31241
31249
31255
31242
31283
31251
31270
31240
31209
31231
31255
31277
31295
31246
31276
31286
31257
31253
31285
31231
31243
31251
31244
31219
31208
31247
31253
31215
31248
31277
31254
31219
31231
31247
31221
31222
31214
31239
31225
31252
31282
31259
31234
31201
31217
31269
31294
31295
31269
31307
31289
31313
31323
31281
31259
31223
31251
31277
31289
31261
31237
31248
31287
31257
31257
31259
31231
31215
31243
31243
31245
31225
31224
31231
31244
31235
31215
31217
31241
31227
31248
31232
31227
31239
31247
31219
31241
31253
31284
31216
31227
31282
31297
31290
31245
31237
31277
31298
31279
31280
31331
31279
31302
31264
31209
31239
31265
31251
31249
31227
31219
31212
31209
31245
31219
31247
31263
31289
31263
31262
31243
31255
31244
31214
31235
31227
31179
31223
31219
31223
31255
31223
31240
31259
31285
31287
31271
31300
31266
31289
31297
31234
31270
31287
31270
31269
31249
31217
31231
31223
31253
31191
31229
31262
31255
31258
31279
31275
31253
31252
31259
31234
31233
31231
31288
31285
31274
31275
31258
31261
31235
31265
31263
31247
31287
31269
31303
31271
31239
31244
31281
31272
31249
31274
31259
31237
31279
31243
31249
31244
31235
31253
31271
31265
31265
31263
31266
31263
31293
31273
31298
31286
31244
31229
31255
31258
31265
31268
31237
31236
31269
31301
31293
31247
31223
31278
31281
31286
31279
31246
31231
31247
31231
31271
31257
31252
31261
31267
31266
31282
31270
31253
31288
31240
31251
31279
31281
31269
31303
31327
31286
31321
31315
31299
31321
31303
31283
31279
31287
31333
31301
31268
31269
31288
31308
31306
31322
31316
31287
31273
31247
31223
31281
31285
31255
31251
31287
31266
31278
31254
31215
31226
31265
31279
31247
31251
31265
31231
31267
31239
31253
31247
31269
31287
31285
31299
31291
31271
31245
31289
31261
31250
31251
31253
31265
31275
31318
31237
31217
31245
31271
31284
31260
31283
31239
31274
31248
31207
31223
31243
31266
31299
31320
31249
31225
31275
31257
31273
31257
31263
31315
31287
31293
31311
31256
31281
31268
31273
31249
31246
31249
31237
31244
31283
31259
31245
31269
31301
31285
31267
31263
31281
31242
31251
31261
31255
31294
31271
31223
31221
31254
31249
31231
31209
31261
31229
31254
31258
31255
31231
31265
31265
31197
31276
31271
31255
31241
31247
31239
31265
31254
31270
31265
31231
31255
31281
31323
31321
31273
31249
31249
31281
31258
31279
31279
31261
31271
31240
31264
31273
31293
31237
31234
31246
31241
31211
31204
31240
31272
31255
31239
31234
31240
31229
31241
31212
31267
31305
31239
31249
31263
31247
31249
31255
31239
31247
31240
31274
31244
31251
31235
31234
31265
31283
31253
31234
31267
31226
31247
31272
31239
31231
31229
31262
31263
31285
31285
31221
31233
31234
31271
31247
31235
31223
31239
31243
31255
31282
31262
31259
31277
31293
31249
31230
31255
31298
31264
31259
31259
31209
31223
31253
31285
31241
31253
31250
31244
31262
31231
31268
31279
31234
31227
31235
31235
31188
31220
31231
31242
31264
31272
31249
31200
31226
31196
31252
31291
31225
31207
31204
31271
31299
31309
31299
31261
31228
31234
31237
31272
31246
31230
31251
31236
31239
31256
31246
31249
31278
31279
31261
31272
31249
31241
31291
31283
31288
31247
31235
31243
31220
31235
31245
31239
31214
31205
31248
31245
31231
31255
31267
31257
31270
31319
31254
31271
31233
31294
31301
31267
31218
31239
31253
31277
31255
31232
31265
31280
31257
31245
31255
31257
31227
31229
31265
31269
31247
31285
31281
31271
31231
31181
31267
31288
31297
31303
31296
31280
31261
31237
31237
31255
31308
31347
31325
31269
31287
31251
31250
31308
31263
31234
31279
31261
31236
31228
31259
31240
31273
31250
31258
31302
31235
31262
31263
31235
31230
31227
31256
31206
31209
31235
31223
31237
31193
31211
31229
31220
31271
31245
31319
31311
31240
31218
31229
31252
31358
31295
31323
31303
31306
31276
31268
31298
31263
31272
31267
31263
31252
31197
31224
31231
31245
31269
31275
31237
31247
31234
31285
31275
31267
31245
31272
31297
31302
31220
31255
31259
31249
31254
31191
31207
31207
31270
31308
31250
31205
31261
31259
31265
31276
31281
31252
31215
31254
31271
31263
31253
31204
31231
31273
31282
31212
31225
31244
31287
31250
31275
31221
31198
31225
31275
31268
31282
31251
31269
31265
31251
31253
31258
31289
31225
31243
31281
31253
31265
31293
31277
31280
31291
31278
31285
31259
31266
31237
31267
31259
31276
31240
31270
31237
31233
31265
31270
31276
31259
31251
31263
31245
31195
31247
31275
31269
31263
31236
31207
31258
31301
31271
31261
31245
31223
31198
31231
31307
31251
31246
31269
31295
31247
31203
31255
31287
31221
31281
31269
31275
31294
31293
31299
31273
31238
31233
31254
31254
31266
31323
31279
31254
31195
31160
31233
31287
31285
31317
31307
31312
31223
31293
31281
31292
31307
31319
31303
31263
31275
31235
31237
31262
31283
31250
31263
31303
31260
31247
31287
31271
31281
31254
31297
31263
31229
31234
31237
31267
31239
31254
31282
31239
31230
31271
31276
31239
31229
31227
31243
31223
31168
31239
31279
31259
31256
31231
31237
31277
31271
31263
31275
31250
31279
31249
31259
31271
31245
31260
31249
31256
31281
31229
31231
31229
31254
31269
31230
31256
31272
31255
31255
31235
31208
31212
31235
31231
31243
31242
31264
31265
31234
31274
31310
31309
31282
31256
31262
31254
31289
31303
31291
31288
31260
31256
31275
31256
31264
31230
31212
31267
31300
31263
31307
31300
31255
31255
31255
31253
31253
31284
31253
31246
31269
31267
31229
31211
31220
31215
31224
31238
31255
31264
31253
31267
31249
31229
31217
31226
31239
31297
31277
31221
31239
31247
31245
31268
31223
31239
31280
31271
31216
31224
31253
31213
31234
31248
31191
31164
31209
31255
31230
31206
31161
31256
31222
31223
31195
31186
31229
31235
31261
31227
31226
31250
31254
31263
31241
31266
31245
31259
31272
31223
31219
31231
31263
31231
31248
31237
31237
31253
31276
31269
31241
31219
31194
31219
31209
31201
31224
31261
31280
31217
31212
31196
31217
31252
31231
31205
31243
31251
31241
31250
31207
31223
31244
31246
31257
31268
31245
31287
31305
31308
31308
31265
31268
31267
31287
31264
31254
31271
31317
31263
31279
31221
31223
31245
31225
31251
31223
31267
31309
31328
31277
31258
31228
31257
31287
31274
31240
31273
31304
31302
31301
31305
31327
31303
31284
31290
31279
31301
31319
31323
31311
31312
31325
31338
31277
31255
31321
31333
31303
31246
31238
31255
31234
31254
31279
31248
31216
31251
31231
31214
31201
31218
31209
31175
31153
31175
31206
31204
31167
31084
31103
31155
31119
31125
31142
31119
31073
31139
31143
31128
31127
31122
31136
31137
31138
31132
31131
31107
31118
31101
31018
31086
31098
31086
31133
31127
31101
31075
31099
31049
31087
31079
31039
31039
31059
31041
31085
31031
31010
31001
31019
31021
30991
30958
30998
31043
31021
31049
31073
31109
31113
31099
31069
31063
31048
31047
30978
31011
31054
31107
31141
31129
31109
31061
31061
31045
31097
31094
31065
31035
31056
31076
31077
31134
31109
31111
31113
31097
31095
31079
31085
31110
31120
31138
31137
31185
31187
31181
31257
31248
31206
31219
31149
31173
31224
31227
31166
31158
31197
31229
31269
31257
31261
31220
31182
31187
31207
31204
31245
31209
31217
31224
31251
31255
31277
31246
31225
31195
31161
31217
31235
31267
31329
31332
31368
31334
31319
31367
31322
31339
31353
31335
31340
31349
31397
31429
31377
31375
31401
31327
31327
31359
31363
31321
31303
31338
31377
31427
31413
31397
31369
31363
31328
31326
31323
31321
31303
31281
31298
31325
31327
31366
31356
31344
31289
31295
31283
31311
31329
31343
31415
31335
31351
31349
31371
31340
31262
31319
31304
31333
31361
31374
31338
31374
31383
31411
31358
31404
31374
31287
31335
31342
31347
31395
31399
31342
31343
31319
31307
31341
31303
31281
31266
31261
31310
31300
31309
31305
31319
31371
31377
31335
31339
31349
31337
31289
31321
31337
31343
31342
31325
31346
31431
31431
31391
31377
31299
31357
31371
31319
31354
31323
31355
31337
31315
31277
31308
31305
31287
31259
31267
31271
31282
31326
31317
31293
31271
31287
31291
31285
31317
31261
31255
31272
31335
31367
31372
31406
31363
31359
31399
31371
31337
31333
31333
31360
31332
31341
31354
31359
31368
31418
31353
31364
31297
31255
31257
31267
31291
31295
31268
31285
31288
31295
31228
31214
31255
31251
31283
31265
31246
31330
31320
31322
31343
31345
31306
31301
31287
31260
31261
31305
31315
31281
31332
31311
31349
31361
31350
31373
31283
31279
31329
31306
31277
31269
31299
31328
31324
31311
31303
31254
31225
31254
31255
31215
31227
31302
31292
31321
31319
31272
31268
31319
31297
31266
31317
31335
31288
31300
31259
31349
31359
31371
31311
31351
31353
31321
31339
31322
31305
31289
31273
31276
31294
31290
31272
31255
31295
31291
31251
31221
31179
31275
31236
31221
31263
31279
31274
31295
31295
31293
31293
31251
31245
31237
31273
31293
31272
31289
31305
31315
31277
31281
31307
31305
31325
31335
31305
31261
31282
31237
31239
31252
31279
31235
31241
31239
31180
31137
31175
31208
31217
31203
31203
31223
31194
31218
31179
31199
31217
31239
31247
31221
31301
31248
31257
31285
31303
31273
31269
31267
31229
31218
31247
31277
31305
31295
31301
31290
31273
31293
31242
31246
31293
31279
31233
31251
31247
31234
31248
31241
31281
31262
31243
31241
31211
31209
31253
31275
31239
31254
31275
31271
31271
31264
31255
31238
31303
31312
31321
31323
31315
31288
31297
31293
31299
31271
31271
31312
31286
31271
31279
31263
31295
31285
31299
31311
31231
31218
31224
31231
31223
31235
31191
31236
31225
31237
31233
31246
31287
31238
31249
31263
31305
31315
31305
31298
31329
31339
31303
31263
31299
31300
31303
31303
31319
31300
31283
31279
31257
31247
31262
31297
31299
31303
31236
31238
31239
31232
31245
31229
31276
31303
31312
31280
31268
31242
31220
31256
31265
31276
31276
31267
31321
31311
31305
31311
31295
31271
31279
31287
31287
31308
31295
31295
31277
31289
31283
31333
31323
31261
31242
31244
31257
31263
31172
31185
31227
31199
31229
31237
31281
31263
31245
31201
31205
31256
31248
31241
31271
31287
31299
31284
31253
31277
31271
31249
31250
31259
31301
31259
31284
31249
31243
31263
31239
31229
31221
31225
31279
31280
31271
31223
31203
31271
31285
31270
31213
31214
31239
31236
31197
31217
31194
31229
31221
31229
31262
31261
31226
31180
31191
31199
31215
31207
31200
31240
31242
31261
31293
31255
31232
31241
31271
31223
31182
31207
31227
31272
31257
31235
31260
31270
31207
31233
31257
31271
31253
31226
31227
31246
31239
31235
31222
31201
31212
31233
31247
31215
31215
31219
31225
31196
31241
31234
31235
31221
31220
31233
31230
31297
31273
31234
31263
31295
31287
31243
31235
31242
31295
31244
31263
31279
31257
31217
31264
31262
31267
31227
31239
31319
31310
31290
31280
31245
31247
31241
31235
31246
31245
31229
31261
31273
31287
31277
31251
31282
31273
31268
31273
31253
31269
31242
31317
31338
31300
31284
31255
31259
31280
31265
31239
31221
31249
31231
31193
31229
31251
31245
31263
31257
31212
31189
31173
31212
31223
31218
31220
31253
31282
31242
31197
31181
31207
31187
31221
31255
31216
31255
31287
31241
31253
31275
31267
31261
31264
31276
31268
31221
31255
31272
31288
31304
31316
31291
31273
31233
31271
31274
31237
31241
31247
31212
31269
31239
31193
31243
31284
31234
31228
31256
31267
31242
31261
31248
31231
31255
31257
31269
31260
31293
31277
31299
31264
31288
31255
31269
31313
31327
31273
31275
31265
31242
31227
31241
31244
31252
31280
31235
31235
31223
31287
31258
31186
31230
31250
31275
31240
31213
31251
31259
31269
31273
31261
31267
31270
31271
31263
31266
31265
31295
31280
31267
31282
31273
31269
31293
31275
31283
31275
31295
31309
31269
31285
31272
31311
31285
31285
31260
31277
31269
31260
31276
31263
31223
31239
31262
31246
31227
31269
31242
31233
31191
31237
31283
31236
31263
31295
31291
31261
31198
31260
31285
31271
31291
31295
31297
31311
31304
31301
31256
31227
31231
31251
31243
31234
31282
31241
31255
31287
31274
31187
31194
31255
31282
31279
31277
31233
31261
31305
31310
31252
31252
31244
31265
31323
31272
31261
31265
31282
31220
31230
31235
31267
31257
31231
31265
31315
31328
31275
31269
31287
31230
31281
31280
31290
31251
31226
31284
31255
31274
31289
31271
31265
31299
31254
31223
31233
31229
31249
31281
31285
31259
31244
31240
31271
31263
31270
31292
31265
31267
31325
31277
31254
31291
31277
31295
31299
31277
31249
31279
31274
31268
31287
31299
31271
31279
31281
31254
31249
31234
31249
31242
31233
31260
31287
31253
31261
31254
31211
31206
31266
31285
31235
31233
31214
31235
31257
31265
31247
31248
31248
31243
31235
31255
31295
31289
31319
31302
31291
31261
31255
31247
31262
31273
31278
31273
31287
31279
31263
31259
31265
31275
31259
31245
31224
31205
31218
31243
31219
31266
31271
31233
31233
31213
31254
31239
31275
31231
31211
31309
31277
31247
31264
31303
31307
31288
31305
31312
31255
31281
31267
31259
31243
31219
31231
31227
31220
31246
31273
31299
31260
31194
31197
31253
31259
31261
31267
31233
31235
31249
31255
31282
31276
31273
31256
31285
31281
31317
31286
31262
31263
31233
31271
31272
31249
31285
31275
31267
31275
31239
31249
31303
31249
31263
31249
31195
31239
31287
31251
31253
31227
31217
31241
31231
31224
31201
31267
31263
31271
31264
31265
31221
31253
31265
31309
31303
31258
31231
31225
31285
31295
31263
31256
31250
31209
31261
31257
31278
31269
31281
31299
31281
31287
31317
31279
31267
31285
31278
31245
31245
31237
31265
31278
31254
31208
31225
31263
31229
31271
31282
31262
31213
31247
31285
31292
31274
31273
31276
31319
31315
31247
31241
31239
31297
31295
31253
31263
31251
31262
31275
31275
31269
31243
31263
31303
31307
31274
31193
31267
31265
31231
31233
31255
31231
31205
31247
31241
31261
31251
31220
31233
31252
31229
31240
31310
31257
31245
31263
31240
31261
31279
31287
31259
31239
31273
31261
31306
31326
31306
31303
31288
31295
31254
31248
31292
31295
31255
31205
31275
31287
31288
31268
31277
31285
31201
31214
31215
31201
31231
31253
31231
31221
31239
31271
31239
31229
31263
31267
31269
31264
31275
31274
31255
31303
31243
31282
31317
31302
31293
31269
31235
31261
31270
31274
31273
31307
31286
31247
31242
31268
31243
31230
31246
31237
31193
31255
31287
31253
31247
31224
31229
31249
31249
31224
31285
31277
31233
31245
31271
31258
31271
31255
31251
31272
31255
31249
31273
31271
31307
31271
31291
31286
31303
31283
31281
31310
31323
31277
31270
31280
31307
31260
31274
31305
31269
31270
31283
31270
31227
31245
31245
31239
31255
31255
31226
31247
31273
31271
31258
31261
31263
31287
31277
31285
31266
31243
31301
31247
31265
31333
31283
31316
31332
31284
31263
31293
31273
31263
31297
31294
31285
31292
31271
31234
31243
31301
31307
31294
31299
31279
31271
31273
31276
31287
31290
31215
31250
31283
31265
31275
31300
31299
31281
31318
31327
31325
31277
31285
31307
31319
31268
31297
31313
31269
31243
31300
31293
31303
31308
31276
31264
31233
31237
31267
31271
31269
31285
31260
31251
31277
31327
31309
31277
31273
31311
31294
31292
31289
31257
31221
31233
31293
31261
31293
31285
31235
31303
31285
31290
31273
31226
31259
31270
31237
31271
31326
31277
31287
31281
31278
31281
31293
31239
31264
31237
31209
31262
31269
31236
31284
31258
31262
31233
31215
31245
31243
31267
31267
31281
31221
31234
31273
31262
31249
31303
31281
31280
31295
31279
31297
31288
31243
31268
31268
31297
31295
31230
31255
31226
31277
31280
31277
31258
31251
31271
31271
31259
31217
31231
31283
31301
31269
31266
31233
31264
31246
31227
31259
31273
31233
31235
31275
31275
31295
31291
31302
31281
31277
31275
31273
31244
31293
31283
31309
31275
31253
31259
31256
31255
31237
31192
31227
31263
31253
31264
31250
31235
31260
31318
31303
31239
31239
31264
31258
31254
31247
31239
31239
31277
31256
31219
31303
31306
31247
31247
31268
31265
31287
31271
31303
31337
31271
31276
31346
31291
31268
31248
31217
31253
31277
31265
31245
31254
31287
31276
31235
31284
31229
31276
31263
31294
31325
31298
31254
31276
31270
31259
31267
31266
31235
31271
31261
31272
31231
31275
31273
31287
31265
31221
31255
31269
31247
31250
31270
31271
31265
31217
31243
31287
31264
31281
31309
31285
31273
31317
31267
31299
31287
31256
31261
31255
31265
31253
31241
31245
31259
31289
31229
31230
31234
31272
31285
31235
31262
31291
31296
31289
31243
31246
31219
31271
31277
31252
31273
31283
31277
31249
31248
31279
31298
31251
31306
31284
31279
31255
31266
31269
31253
31273
31275
31247
31237
31242
31225
31255
31348
31334
31293
31281
31253
31244
31220
31283
31303
31269
31218
31238
31271
31271
31249
31283
31276
31260
31220
31242
31250
31263
31284
31223
31219
31245
31214
31253
31216
31245
31242
31262
31203
31196
31221
31207
31199
31199
31154
31189
31293
31277
31221
31175
31191
31197
31201
31247
31259
31227
31247
31224
31203
31199
31208
31209
31254
31249
31251
31229
31245
31284
31237
31227
31235
31219
31186
31191
31229
31255
31204
31208
31163
31181
31187
31235
31223
31220
31223
31237
31246
31261
31227
31197
31245
31249
31200
31197
31167
31209
31241
31227
31281
31272
31254
31226
31205
31215
31253
31249
31237
31224
31237
31207
31227
31225
31239
31257
31231
31195
31223
31208
31201
31236
31259
31231
31247
31228
31271
31223
31197
31201
31237
31215
31225
31249
31245
31215
31231
31244
31291
31227
31240
31257
31253
31234
31254
31273
31291
31287
31245
31262
31285
31331
31304
31251
31239
31235
31271
31285
31311
31255
31239
31239
31216
31222
31270
31255
31218
31239
31241
31245
31271
31252
31247
31233
31223
31273
31300
31327
31282
31255
31308
31319
31275
31251
31252
31293
31331
31293
31259
31259
31250
31253
31296
31277
31271
31281
31245
31279
31293
31253
31273
31238
31247
31250
31274
31277
31235
31231
31269
31266
31275
31285
31237
31241
31257
31247
31276
31207
31223
31263
31244
31299
31285
31256
31259
31249
31290
31270
31276
31261
31272
31295
31327
31281
31243
31275
31255
31265
31287
31271
31270
31221
31246
31255
31249
31253
31256
31279
31295
31241
31266
31265
31265
31290
31242
31192
31277
31294
31297
31293
31239
31264
31311
31311
31308
31277
31301
31291
31298
31329
31287
31261
31279
31351
31353
31286
31271
31282
31287
31281
31288
31235
31255
31252
31239
31274
31257
31259
31239
31259
31269
31227
31234
31257
31235
31238
31251
31277
31297
31283
31293
31281
31271
31291
31301
31260
31236
31271
31266
31263
31287
31253
31243
31267
31289
31315
31263
31279
31313
31335
31340
31329
31231
31251
31299
31289
31283
31247
31249
31241
31270
31240
31263
31273
31257
31271
31239
31240
31251
31217
31261
31240
31241
31267
31329
31281
31275
31295
31303
31285
31279
31269
31277
31259
31251
31303
31247
31217
31237
31231
31274
31299
31235
31221
31265
31229
31186
31173
31184
31218
31261
31261
31269
31219
31228
31221
31218
31233
31255
31224
31228
31198
31178
31199
31229
31248
31267
31256
31251
31283
31279
31248
31215
31245
31251
31271
31235
31198
31254
31287
31239
31258
31261
31239
31263
31235
31221
31272
31238
31231
31189
31268
31264
31245
31222
31249
31250
31217
31247
31215
31231
31270
31259
31253
31299
31323
31277
31298
31251
31253
31293
31312
31301
31282
31311
31286
31265
31286
31274
31312
31288
31310
31289
31312
31308
31279
31266
31266
31189
31227
31245
31261
31266
31274
31276
31269
31256
31258
31278
31249
31253
31250
31244
31284
31295
31254
31231
31289
31268
31293
31312
31310
31315
31314
31377
31325
31277
31303
31278
31273
31271
31328
31299
31278
31297
31279
31303
31237
31240
31279
31287
31269
31263
31308
31265
31253
31267
31239
31225
31243
31273
31259
31263
31236
31233
31224
31265
31287
31295
31261
31271
31245
31289
31300
31280
31291
31325
31287
31256
31336
31311
31313
31308
31259
31260
31245
31276
31231
31245
31257
31282
31270
31287
31277
31269
31276
31273
31257
31253
31215
31234
31221
31235
31217
31255
31252
31267
31287
31285
31287
31268
31263
31289
31310
31286
31300
31293
31257
31277
31285
31256
31262
31255
31269
31279
31270
31265
31271
31270
31241
31254
31191
31231
31227
31238
31198
31192
31243
31224
31217
31215
31219
31271
31253
31201
31206
31279
31281
31271
31259
31275
31317
31309
31292
31302
31289
31295
31286
31271
31285
31298
31245
31263
31273
31270
31229
31227
31205
31195
31216
31238
31204
31231
31229
31269
31207
31200
31220
31211
31218
31226
31224
31279
31253
31254
31280
31283
31275
31323
31316
31307
31289
31307
31307
31271
31299
31295
31275
31295
31305
31302
31297
31281
31309
31269
31228
31223
31283
31251
31215
31238
31255
31292
31279
31254
31252
31230
31251
31271
31263
31269
31292
31303
31287
31280
31244
31266
31281
31270
31251
31273
31299
31311
31320
31305
31336
31332
31305
31307
31293
31267
31264
31257
31319
31283
31319
31311
31318
31291
31302
31300
31291
31297
31273
31322
31311
31277
31247
31228
31212
31252
31243
31283
31270
31263
31255
31235
31225
31262
31274
31239
31233
31276
31290
31342
31346
31302
31319
31377
31313
31276
31282
31299
31311
31278
31289
31280
31229
31224
31260
31249
31284
31261
31213
31227
31249
31231
31218
31245
31242
31241
31209
31209
31287
31248
31236
31281
31310
31262
31303
31327
31287
31275
31313
31287
31325
31295
31333
31293
31269
31280
31321
31303
31285
31263
31243
31245
31201
31215
31260
31244
31210
31208
31213
31237
31270
31261
31216
31236
31247
31234
31222
31239
31221
31212
31192
31255
31253
31234
31217
31241
31223
31271
31287
31347
31337
31291
31247
31267
31283
31288
31303
31265
31236
31257
31283
31245
31243
31223
31239
31231
31233
31221
31201
31240
31205
31229
31209
31219
31216
31243
31251
31247
31221
31245
31207
31202
31221
31262
31305
31277
31279
31289
31290
31306
31297
31323
31277
31275
31275
31297
31243
31222
31270
31269
31288
31309
31274
31265
31254
31257
31260
31253
31225
31255
31243
31245
31235
31225
31221
31217
31211
31237
31255
31308
31235
31239
31220
31254
31231
31255
31277
31237
31231
31239
31261
31270
31288
31302
31294
31287
31322
31293
31231
31245
31213
31226
31225
31213
31233
31226
31237
31235
31205
31233
31205
31217
31233
31278
31275
31281
31241
31228
31211
31267
31259
31269
31264
31237
31271
31300
31294
31277
31317
31308
31301
31287
31263
31315
31291
31294
31290
31261
31248
31282
31275
31309
31287
31301
31303
31287
31298
31272
31283
31327
31282
31269
31281
31253
31309
31225
31199
31251
31298
31309
31260
31243
31282
31315
31273
31254
31241
31245
31255
31280
31263
31273
31317
31321
31317
31317
31313
31313
31311
31317
31327
31280
31269
31278
31281
31280
31258
31203
31239
31261
31255
31297
31294
31248
31255
31235
31241
31277
31269
31242
31268
31250
31284
31267
31255
31285
31273
31317
31303
31292
31310
31313
31275
31261
31293
31303
31319
31303
31281
31310
31249
31253
31295
31261
31265
31305
31326
31280
31311
31281
31241
31276
31275
31275
31279
31273
31233
31255
31273
31279
31287
31271
31259
31247
31281
31278
31278
31277
31267
31279
31291
31335
31303
31292
31305
31341
31287
31258
31310
31290
31323
31301
31270
31303
31307
31281
31293
31309
31259
31253
31291
31309
31277
31215
31255
31245
31225
31227
31239
31222
31221
31259
31281
31253
31269
31279
31282
31273
31253
31248
31248
31272
31310
31305
31312
31297
31272
31263
31235
31272
31286
31281
31275
31245
31271
31267
31236
31250
31237
31247
31255
31195
31215
31273
31218
31256
31269
31263
31262
31263
31247
31256
31263
31242
31249
31271
31211
31223
31251
31295
31263
31259
31271
31263
31254
31237
31239
31262
31277
31253
31275
31262
31223
31263
31253
31231
31277
31258
31220
31242
31243
31249
31251
31223
31201
31235
31210
31263
31259
31239
31273
31239
31235
31251
31244
31267
31223
31218
31247
31226
31206
31223
31237
31250
31286
31307
31256
31257
31249
31242
31247
31309
31242
31277
31234
31227
31253
31271
31256
31269
31223
31287
31243
31177
31174
31203
31234
31239
31229
31233
31247
31279
31255
31264
31255
31218
31238
31257
31247
31243
31260
31266
31294
31319
31275
31289
31303
31286
31290
31297
31269
31223
31240
31249
31261
31295
31319
31251
31247
31251
31283
31259
31267
31287
31288
31232
31239
31237
31247
31263
31249
31289
31218
31233
31253
31239
31240
31243
31195
31247
31308
31280
31273
31303
31281
31267
31289
31265
31295
31278
31268
31298
31255
31260
31285
31293
31295
31297
31271
31245
31247
31241
31266
31226
31221
31247
31283
31238
31235
31259
31249
31229
31217
31265
31253
31240
31277
31295
31267
31244
31247
31247
31295
31249
31279
31290
31282
31243
31287
31240
31260
31257
31252
31215
31208
31227
31219
31191
31169
31223
31239
31235
31179
31181
31209
31274
31235
31212
31211
31177
31186
31203
31233
31237
31262
31273
31243
31227
31239
31275
31261
31249
31248
31285
31300
31302
31283
31247
31281
31298
31321
31285
31273
31250
31260
31287
31255
31227
31280
31323
31294
31303
31280
31268
31253
31246
31249
31274
31241
31275
31253
31253
31235
31247
31268
31293
31269
31294
31271
31273
31277
31297
31293
31343
31287
31255
31307
31279
31257
31287
31295
31299
31309
31287
31273
31271
31276
31255
31253
31240
31279
31242
31229
31227
31224
31253
31274
31248
31289
31295
31255
31267
31238
31262
31273
31271
31263
31259
31277
31255
31264
31305
31284
31317
31267
31267
31294
31285
31263
31274
31277
31327
31359
31303
31269
31287
31302
31257
31313
31273
31271
31233
31283
31299
31260
31265
31315
31261
31213
31254
31214
31235
31289
31309
31243
31212
31223
31287
31274
31257
31264
31313
31248
31206
31245
31300
31306
31297
31314
31275
31270
31231
31240
31313
31298
31286
31255
31337
31295
31281
31289
31277
31245
31231
31259
31251
31241
31225
31275
31309
31301
31260
31251
31295
31264
31271
31295
31307
31297
31278
31281
31309
31292
31274
31260
31252
31279
31335
31313
31233
31271
31292
31261
31275
31287
31272
31271
31255
31273
31265
31197
31271
31252
31243
31285
31271
31287
31242
31237
31223
31241
31248
31227
31242
31228
31281
31305
31280
31255
31286
31302
31282
31253
31298
31299
31321
31337
31276
31263
31255
31311
31285
31325
31338
31343
31302
31268
31307
31292
31219
31231
31251
31300
31215
31227
31282
31288
31288
31258
31271
31247
31231
31231
31225
31255
31290
31281
31279
31265
31279
31287
31303
31268
31291
31290
31277
31282
31271
31311
31308
31285
31290
31296
31277
31278
31317
31272
31282
31279
31283
31271
31313
31288
31312
31314
31285
31281
31281
31295
31303
31251
31234
31305
31247
31240
31235
31285
31301
31303
31297
31274
31294
31281
31275
31259
31234
31273
31245
31256
31305
31281
31309
31304
31253
31317
31271
31260
31264
31247
31247
31241
31259
31258
31257
31271
31295
31253
31272
31304
31305
31251
31251
31237
31211
31269
31266
31271
31278
31251
31241
31255
31279
31270
31313
31285
31264
31284
31287
31269
31277
31291
31304
31264
31275
31288
31278
31239
31269
31319
31295
31293
31321
31306
31259
31237
31261
31239
31265
31262
31230
31236
31263
31255
31239
31254
31257
31244
31271
31262
31271
31256
31223
31268
31239
31230
31273
31285
31284
31306
31248
31281
31299
31273
31247
31247
31301
31301
31271
31262
31260
31264
31254
31281
31310
31291
31303
31215
31223
31254
31234
31269
31276
31259
31251
31249
31217
31263
31299
31311
31293
31285
31299
31308
31310
31275
31271
31279
31319
31275
31301
31286
31290
31240
31201
31212
31279
31282
31280
31265
31215
31231
31229
31213
31239
31301
31251
31235
31267
31265
31251
31277
31275
31277
31253
31239
31219
31261
31237
31235
31294
31283
31247
31231
31291
31311
31283
31302
31265
31275
31301
31307
31253
31254
31279
31303
31277
31283
31299
31310
31255
31215
31275
31245
31237
31263
31278
31291
31287
