44273
44262
44329
44306
44215
44225
44217
44197
44240
44231
44253
44233
44231
44209
44253
44245
44267
44271
44215
44267
44192
44298
44297
44394
44350
44335
44295
44290
44313
44355
44331
44375
44365
44415
44291
44303
44272
44314
44275
44262
44245
44235
44271
44194
44221
44205
44195
44223
44246
44251
44212
44207
44197
44247
44286
44250
44260
44196
44250
44185
44286
44331
44347
44335
44345
44302
44283
44282
44324
44325
44358
44365
44366
44300
44351
44333
44355
44301
44294
44291
44252
44299
44251
44225
44251
44311
44227
44238
44165
44226
44170
44211
44231
44207
44240
44555
44197
44251
44209
44263
44272
44265
44287
44273
44297
44253
44393
44375
44307
44374
44334
44322
44305
44292
44299
44329
44363
44299
44269
44270
44330
44266
44253
44247
44229
44228
44171
44224
44221
44195
44259
44258
44250
44271
44243
44227
44273
44638
44280
44255
44324
44292
44325
44345
44278
44382
44352
44389
44383
44305
44315
44305
44271
44299
44349
44291
44286
44274
44262
44327
44233
44219
44258
44217
44179
44173
44191
44253
44323
44256
44247
44283
44255
44254
44201
44240
44230
44271
44330
44405
44299
44305
44351
44311
44397
44390
44328
44353
44318
44323
44300
44333
44281
44330
44321
44266
44269
44272
44343
44311
44226
44239
44165
44197
44133
44177
44269
44243
44247
44231
44247
44245
44210
44150
44268
44195
44311
44315
44269
44297
44317
44310
44268
44359
44342
44275
44314
44313
44289
44363
44407
44319
44345
44285
44299
44295
44273
44343
44270
44229
44565
44239
44246
44253
44229
44265
44231
44243
44227
44179
44146
44235
44211
44251
44199
44277
44263
44271
44259
44268
44347
44312
44350
44362
44289
44343
44323
44305
44317
44355
44367
44387
44286
44285
44275
44295
44283
44278
44277
44247
44221
44197
44447
44195
44255
44212
44235
44207
44217
44202
44235
44245
44343
44285
44239
44254
44256
44277
44327
44339
44288
44357
44339
44267
44331
44359
44353
44331
44337
44335
44355
44284
44301
44315
44288
44337
44271
44252
44249
44249
44218
44265
44267
44308
44174
44195
44184
44211
44227
44264
44221
44252
44221
44283
44244
44249
44286
44304
44329
44281
44303
44301
44255
44836
44376
44329
44357
44312
44343
44327
44307
44319
44273
44319
44331
44268
44247
44215
44227
44251
44211
44249
44294
44263
44262
44212
44269
44210
44233
44251
44215
44223
44257
44248
44349
44301
44287
44282
44220
44304
44296
44251
44313
44367
44365
44317
44345
44311
44291
44315
44310
44327
44335
44279
44270
44291
44254
44251
44255
44199
44231
44254
44231
44237
44236
44324
44257
44268
44213
44223
44193
44233
44271
44270
44275
44301
44263
44230
44288
44315
44289
44303
44395
44311
44350
44341
44303
44331
44337
44310
44313
44257
44316
44243
44237
44279
44315
44238
44261
44231
44263
44217
44263
44243
44271
44232
44450
44193
44209
44195
44250
44271
44277
44295
44273
44253
44236
44344
44322
44284
44318
44348
44305
44319
44333
44317
44343
44366
44333
44253
44287
44303
44276
44278
44277
44253
44277
44223
44280
44271
44216
44279
44224
44263
44142
44217
44199
44215
44639
44257
44251
44271
44245
44255
44245
44213
44295
44303
44253
44374
44367
44304
44349
44318
44367
44367
44332
44343
44314
44327
44354
44305
44319
44299
44301
44234
44231
44217
44260
44283
44274
44225
44283
44202
44199
44194
44167
44234
44211
44303
44371
44245
44251
44275
44249
44305
44311
44259
44298
44309
44282
44269
44278
44345
44358
44348
44311
44343
44292
44386
44363
44309
44290
44255
44257
44263
44231
44307
44278
44309
44239
44285
44202
44209
44225
44198
44247
44263
44269
44254
44273
44291
44289
44225
44281
44309
44241
44303
44273
44269
44327
44375
44368
44343
44320
44373
44348
44335
44325
44293
44311
44408
44253
44235
44229
44227
44289
44224
44281
44220
44227
44203
44259
44211
44233
44217
44249
44222
44239
44247
44259
44285
44280
44301
44277
44253
44311
44304
44293
44380
44308
44361
44302
44367
44321
44351
44358
44367
44329
44297
44285
44266
44281
44792
44262
44314
44241
44268
44202
44237
44198
44151
44213
44183
44211
44191
44199
44219
44231
44255
44258
44185
44262
44261
44233
44291
44309
44273
44361
44304
44367
44314
44356
44312
44401
44309
44355
44321
44297
44284
44285
44283
44315
44297
44366
44437
44319
44251
44279
44233
44263
44255
44251
44197
44237
44231
44210
44231
44241
44265
44253
44261
44297
44250
44340
44327
44259
44296
44238
44295
44255
44343
44371
44337
44338
44291
44333
44267
44271
44291
44311
44287
44289
44313
44247
44269
44260
44279
44249
44195
44275
44182
44245
44229
44209
44269
44253
44272
44277
44177
44257
44277
44209
44337
44327
44287
44368
44295
44305
44303
44327
44343
44431
44349
44387
44275
44276
44311
44275
44277
44268
44271
44343
44225
44253
44219
44264
44268
44196
44235
44206
44199
44223
44240
44251
44247
44272
44215
44239
44267
44275
44233
44325
44308
44270
44328
44287
44342
44736
44340
44335
44334
44290
44347
44308
44353
44314
44297
44359
44277
44262
44300
44261
44295
44260
44283
44223
44223
44255
44159
44223
44257
44226
44233
44277
44231
44215
44199
44251
44344
44229
44308
44332
44237
44283
44261
44317
44304
44338
44405
44291
44334
44318
44342
44371
44347
44319
44299
44268
44315
44286
44253
44290
44263
44307
44249
44191
44235
44197
44523
44203
44187
44232
44206
44200
44237
44231
44248
44281
44209
44375
44321
44229
44304
44248
44359
44284
44316
44339
44293
44324
44335
44347
44369
44358
44322
44320
44319
44295
44283
44310
44301
44266
44306
44239
44228
44258
44213
44240
44182
44225
44302
44208
44201
44229
44209
44251
44261
44242
44259
44265
44271
44337
44257
44309
44274
44336
44308
44316
44334
44305
44365
44291
44308
44264
44261
44249
44272
44359
44279
44320
44295
44258
44232
44232
44251
44217
44247
44225
44232
44228
44251
44236
44256
44268
44276
44264
44229
44267
44259
44245
44335
44314
44376
44281
44341
44333
44265
44294
44285
44325
44313
44647
44287
44294
44320
44322
44394
44301
44367
44231
44267
44244
44261
44296
44238
44277
44224
44230
44178
44171
44217
44243
44221
44237
44218
44191
44249
44267
44230
44301
44245
44335
44282
44311
44328
44371
44407
44311
44325
44311
44298
44279
44311
44327
44313
44361
44299
44336
44227
44314
44230
44241
44283
44311
44291
44207
44202
44233
44177
44228
44243
44262
44277
44249
44216
44235
44279
44283
44308
44290
44319
44255
44356
44373
44359
44350
44330
44364
44308
44323
44323
44329
44323
44321
44327
44250
44302
44235
44295
44239
44242
44275
44213
44248
44239
44233
44229
44239
44249
44251
44171
44215
44213
44157
44762
44279
44272
44319
44228
44295
44254
44265
44304
44344
44436
44353
44375
44353
44329
44327
44321
44333
44320
44309
44281
44308
44267
44316
44249
44238
44325
44199
44262
44201
44204
44299
44266
44239
44241
44215
44235
44200
44159
44247
44245
44259
44262
44219
44276
44247
44287
44317
44325
44371
44305
44327
44355
44308
44362
44309
44307
44337
44317
44286
44314
44287
44383
44248
44272
44275
44219
44260
44177
44219
44263
44191
44260
44247
44236
44221
44235
44249
44267
44290
44247
44256
44238
44297
44258
44311
44328
44326
44333
44270
44315
44334
44329
44417
44335
44329
44275
44278
44255
44275
44265
44321
44286
44451
44316
44234
44277
44231
44229
44255
44231
44215
44223
44234
44235
44248
44221
44255
44281
44184
44280
44240
44295
44254
44369
44333
44307
44312
44263
44311
44359
44349
44350
44337
44285
44315
44320
44305
44344
44291
44305
44262
44223
44287
44262
44686
44254
44215
44225
44189
44207
44231
44231
44242
44234
44300
44255
44232
44186
44262
44231
44293
44256
44295
44326
44356
44309
44271
44365
44358
44342
44316
44299
44312
44333
44336
44346
44321
44290
44320
44237
44239
44324
44261
44312
44292
44266
44216
44225
44151
44222
44279
44231
44240
44208
44181
44277
44269
44269
44269
44282
44207
44309
44291
44327
44317
44802
44386
44320
44327
44309
44265
44331
44305
44347
44291
44343
44279
44331
44272
44261
44294
44253
44297
44213
44229
44218
44217
44233
44237
44230
44221
44217
44237
44244
44239
44213
44327
44245
44282
44263
44283
44317
44313
44318
44295
44335
44436
44319
44333
44279
44311
44311
44351
44305
44363
44265
44291
44239
44236
44325
44251
44312
44251
44217
44211
44208
44401
44236
44221
44262
44228
44229
44231
44251
44220
44269
44251
44349
44245
44272
44287
44317
44356
44279
44376
44289
44347
44336
44334
44347
44323
44346
44308
44311
44286
44301
44287
44265
44354
44257
44293
44174
44183
44176
44199
44253
44209
44277
44575
44190
44202
44161
44231
44239
44257
44262
44259
44197
44305
44282
44304
44307
44269
44344
44317
44369
44338
44347
44452
44380
44385
44373
44321
44310
44321
44299
44293
44343
44276
44349
44230
44233
44221
44248
44242
44213
44254
44169
44166
44247
44219
44234
44225
44240
44183
44222
44190
44250
44293
44290
44375
44277
44283
44288
44327
44331
44351
44331
44324
44331
44343
44303
44304
44347
44329
44301
44353
44285
44337
44270
44233
44291
44266
44241
44244
44234
44217
44207
44231
44231
44264
44317
44203
44178
44253
44190
44286
44309
44298
44315
44261
44277
44359
44314
44351
44349
44379
44339
44303
44286
44306
44278
44393
44289
44285
44299
44239
44269
44242
44262
44230
44255
44273
44219
44239
44190
44185
44207
44207
44243
44226
44200
44225
44226
44251
44281
44295
44306
44296
44241
44305
44310
44407
44455
44330
44375
44314
44309
44339
44315
44321
44358
44358
44551
44335
44269
44340
44266
44249
44236
44243
44187
44200
44247
44222
44217
44229
44217
44197
44191
44188
44166
44201
44193
44291
44255
44246
44267
44213
44281
44328
44330
44345
44343
44321
44347
44313
44341
44359
44358
44369
44367
44319
44350
44316
44868
44295
44273
44276
44222
44223
44216
44271
44243
44247
44303
44229
44207
44225
44216
44206
44247
44227
44261
44257
44265
44267
44206
44291
44295
44293
44319
44317
44324
44309
44294
44409
44323
44349
44340
44321
44321
44325
44300
44337
44294
44319
44487
44219
44190
44198
44266
44258
44229
44260
44222
44244
44263
44224
44212
44241
44243
44255
44230
44230
44260
44215
44341
44318
44320
44326
44293
44293
44343
44305
44357
44322
44397
44388
44279
44295
44275
44299
44363
44287
44285
44267
44256
44238
44470
44302
44225
44225
44229
44219
44183
44196
44181
44212
44281
44181
44215
44227
44234
44247
44220
44294
44342
44311
44323
44297
44329
44320
44322
44366
44319
44291
44292
44357
44294
44405
44355
44376
44325
44281
44270
44264
44267
44252
44318
44336
44190
44247
44202
44203
44239
44249
44211
44208
44179
44209
44243
44239
44259
44232
44292
44307
44302
44291
44301
44328
44413
44288
44305
44304
44347
44319
44331
44357
44360
44339
44357
44326
44266
44257
44255
44278
44263
44317
44229
44219
44257
44255
44282
44249
44187
44257
44199
44183
44195
44199
44247
44247
44271
44258
44253
44257
44263
44272
44303
44305
44299
44340
44306
44313
44294
44305
44310
44327
44311
44278
44287
44275
44270
44365
44271
44243
44316
44224
44239
44279
44209
44253
44271
44245
44421
44193
44238
44238
44275
44291
44275
44261
44252
44269
44298
44264
44301
44301
44321
44251
44287
44240
44293
44287
44391
44349
44346
44297
44324
44287
44272
44266
44271
44276
44265
44323
44233
44184
44237
44227
44197
44253
44207
44217
44237
44250
44257
44249
44259
44279
44199
44245
44263
44281
44299
44327
44345
44354
44257
44327
44300
44361
44355
44321
44369
44370
44337
44311
44287
44329
44301
44295
44311
44257
44322
44237
44249
44283
44215
44242
44254
44199
44208
44204
44231
44233
44273
44275
44218
44179
44245
44245
44269
44271
44281
44293
44276
44282
44311
44246
44323
44319
44337
44395
44322
44327
44341
44665
44309
44299
44318
44271
44276
44294
44258
44259
44318
44243
44308
44253
44197
44225
44185
44235
44241
44258
44249
44229
44255
44249
44283
44292
44305
44330
44316
44325
44265
44342
44294
44410
44283
44289
44281
44257
44269
44281
44306
44303
44333
44725
44281
44269
44328
44283
44263
44293
44255
44245
44255
44182
44251
44241
44225
44202
44220
44197
44206
44181
44258
44311
44325
44289
44269
44279
44297
44260
44371
44285
44377
44315
44315
44309
44328
44331
44315
44332
44311
44309
44269
44269
44280
44747
44247
44223
44313
44205
44213
44269
44224
44271
44242
44308
44207
44181
44185
44202
44197
44253
44261
44272
44287
44297
44299
44311
44264
44297
44285
44308
44277
44303
44375
44302
44393
44332
44294
44323
44314
44268
44297
44296
44381
44311
44327
44487
44253
44219
44269
44267
44275
44194
44243
44178
44227
44279
44263
44251
44261
44253
44277
44247
44251
44263
44319
44294
44304
44270
44305
44263
44287
44320
44320
44345
44365
44306
44302
44303
44285
44286
44275
44317
44278
44257
44268
44227
44238
44277
44228
44273
44249
44245
44260
44209
44217
44263
44199
44295
44298
44255
44249
44281
44285
44330
44270
44306
44309
44345
44284
44343
44382
44319
44311
44319
44292
44316
44293
44279
44355
44296
44305
44261
44221
44277
44229
44208
44320
44277
44344
44243
44255
44209
44205
44218
44209
44207
44225
44239
44263
44271
44263
44287
44294
44237
44295
44241
44285
44259
44473
44369
44287
44331
44304
44319
44341
44332
44345
44291
44295
44386
44267
44262
44311
44224
44238
44291
44256
44293
44209
44269
44213
44227
44255
44257
44255
44240
44235
44209
44243
44267
44338
44285
44255
44278
44219
44296
44246
44339
44331
44300
44660
44307
44375
44379
44361
44325
44289
44318
44269
44271
44262
44364
44263
44251
44278
44253
44255
44242
44269
44243
44205
44311
44234
44231
44223
44239
44231
44279
44283
44286
44297
44243
44325
44243
44270
44267
44292
44361
44296
44287
44268
44310
44807
44351
44320
44333
44296
44324
44273
44252
44306
44248
44234
44333
44211
44259
44209
44252
44234
44227
44234
44253
44247
44236
44221
44256
44253
44265
44275
44255
44213
44268
44250
44343
44258
44375
44375
44294
44311
44295
44315
44315
44301
44379
44573
44291
44328
44275
44271
44302
44254
44271
44275
44241
44317
44228
44278
44203
44225
44217
44147
44199
44178
44224
44297
44272
44273
44239
44253
44183
44286
44239
44297
44245
44321
44355
44267
44292
44274
44375
44349
44335
44323
44313
44295
44313
44372
44307
44301
44281
44253
44306
44232
44305
44235
44307
44312
44251
44229
44223
44261
44220
44247
44248
44251
44281
44277
44236
44180
44287
44203
44285
44271
44291
44270
44257
44308
44373
44367
44397
44385
44330
44340
44278
44279
44295
44266
44423
44266
44255
44295
44251
44303
44231
44299
44236
44203
44231
44263
44262
44277
44249
44239
44232
44223
44225
44243
44253
44338
44241
44303
44228
44261
44285
44259
44354
44287
44328
44375
44329
44330
44315
44283
44333
44333
44321
44309
44255
44277
44316
44263
44307
44244
44277
44167
44189
44209
44172
44205
44263
44282
44239
44219
44231
44231
44253
44247
44291
44243
44343
44243
44290
44310
44273
44354
44286
44301
44309
44299
44319
44416
44406
44385
44309
44316
44329
44271
44245
44353
44255
44349
44275
44258
44228
44208
44176
44227
44251
44245
44205
44186
44207
44183
44242
44266
44220
44274
44253
44264
44199
44270
44759
44269
44336
44289
44327
44316
44319
44317
44342
44327
44351
44398
44327
44311
44277
44272
44332
44294
44389
44276
44279
44273
44231
44227
44215
44254
44209
44168
44199
44167
44179
44175
44299
44257
44263
44191
44247
44221
44270
44305
44278
44315
44577
44355
44359
44426
44394
44348
44303
44349
44281
44286
44311
44326
44314
44307
44283
44351
44213
44323
44236
44244
44289
44317
44287
44220
44232
44192
44204
44219
44222
44245
44175
44230
44255
44263
44213
44265
44277
44268
44327
44251
44311
44292
44832
44365
44377
44403
44321
44287
44288
44292
44297
44285
44307
44319
44311
44233
44313
44219
44245
44241
44228
44255
44219
44216
44178
44243
44251
44236
44271
44197
44243
44193
44283
44318
44295
44296
44275
44299
44231
44319
44334
44353
44375
44407
44605
44368
44352
44295
44311
44324
44297
44355
44263
44281
44297
44280
44227
44231
44231
44217
44247
44184
44198
44243
44257
44223
44241
44216
44205
44216
44172
44266
44214
44311
44291
44273
44273
44218
44281
44352
44375
44330
44314
44345
44293
44369
44346
44359
44296
44315
44302
44281
44341
44264
44315
44322
44263
44263
44219
44270
44199
44231
44265
44247
44223
44356
44247
44198
44217
44194
44244
44195
44275
44267
44250
44266
44285
44327
44358
44355
44363
44280
44293
44280
44346
44334
44383
44342
44264
44277
44273
44289
44281
44346
44248
44259
44215
44255
44285
44211
44200
44227
44246
44265
44218
44213
44197
44725
44224
44250
44223
44237
44261
44211
44294
44293
44311
44318
44336
44315
44345
44323
44315
44317
44313
44369
44341
44354
44344
44281
44297
44290
44320
44292
44239
44245
44217
44267
44267
44218
44231
44258
44222
44225
44239
44207
44219
44215
44277
44597
44247
44263
44253
44290
44254
44305
44321
44270
44299
44327
44374
44360
44415
44367
44346
44277
44317
44323
44291
44322
44326
44326
44239
44249
44249
44253
44331
44222
44220
44240
44239
44207
44219
44215
44230
44244
44254
44232
44187
44200
44245
44442
44271
44239
44315
44298
44257
44269
44257
44335
44285
44401
44408
44342
44359
44315
44289
44319
44333
44294
44316
44296
44260
44268
44274
44323
44219
44208
44152
44204
44204
44251
44239
44253
44251
44223
44206
44195
44244
44241
44239
44319
44293
44295
44298
44297
44327
44312
44319
44287
44368
44315
44320
44307
44313
44373
44307
44287
44311
44321
44275
44274
44387
44297
44312
44245
44223
44215
44223
44235
44255
44263
44259
44295
44186
44215
44215
44238
44270
44225
44296
44246
44279
44295
44317
44312
44317
44348
44287
44292
44311
44287
44323
44362
44390
44349
44375
44309
44322
44279
44271
44267
44253
44316
44407
44192
44201
44199
44221
44213
44199
44243
44209
44205
44223
44279
44269
44270
44262
44287
44194
44266
44278
44308
44317
44361
44329
44255
44327
44302
44273
44321
44326
44326
44334
44316
44364
44369
44297
44291
44292
44295
44342
44259
44235
44216
44390
44281
44195
44218
44235
44194
44223
44222
44250
44215
44242
44278
44245
44229
44255
44277
44305
44304
44338
44348
44253
44309
44309
44309
44307
44339
44361
44339
44295
44297
44316
44294
44363
44274
44281
44268
44219
44220
44239
44231
44218
44235
44469
44239
44186
44199
44236
44233
44237
44234
44183
44262
44230
44305
44289
44283
44286
44320
44269
44249
44303
44324
44297
44406
44363
44329
44391
44404
44343
44317
44304
44292
44299
44252
44315
44256
44250
44226
44225
44219
44195
44158
44231
44189
44665
44228
44247
44273
44240
44227
44247
44222
44270
44296
44305
44389
44301
44273
44243
44300
44366
44275
44331
44304
44286
44355
44302
44371
44409
44336
44318
44271
44280
44305
44273
44275
44345
44281
44256
44221
44228
44247
44204
44275
44245
44247
44539
44215
44235
44242
44235
44273
44278
44309
44293
44318
44308
44294
44308
44312
44268
44330
44317
44286
44293
44327
44377
44405
44385
44338
44300
44269
44291
44293
44284
44283
44263
44240
44264
44235
44257
44366
44294
44240
44207
44253
44252
44242
44345
44314
44277
44286
44235
44284
44279
44213
44332
44337
44285
44375
44262
44313
44261
44279
44297
44302
44313
44315
44304
44289
44287
44277
44273
44263
44283
44265
44231
44247
44214
44261
44217
44210
44285
44199
44219
44231
44237
44277
44273
44276
44310
44217
44291
44287
44250
44300
44311
44279
44361
44300
44345
44313
44327
44349
44319
44284
44279
44299
44317
44263
44279
44280
44285
44237
44267
44231
44270
44199
44271
44183
44228
44257
44282
44223
44222
44200
44234
44271
44267
44247
44217
44258
44524
44268
44320
44373
44265
44321
44258
44329
44292
44329
44349
44466
44327
44278
44291
44295
44311
44316
44310
44299
44246
44314
44237
44306
44265
44289
44222
44173
44207
44171
44206
44223
44297
44215
44215
44217
44235
44219
44235
44272
44255
44274
44543
44224
44329
44262
44327
44289
44309
44334
44343
44365
44342
44365
44315
44304
44298
44319
44267
44248
44263
44239
44319
44277
44313
44234
44240
44268
44252
44275
44223
44207
44211
44195
44255
44231
44196
44289
44288
44237
44290
44264
44231
44289
44792
44359
44285
44323
44279
44306
44307
44315
44347
44291
44308
44332
44291
44270
44251
44295
44267
44321
44247
44283
44240
44243
44251
44212
44229
44220
44242
44234
44231
44239
44234
44254
44265
44283
44255
44271
44278
44235
44301
44301
44371
44343
44540
44337
44307
44317
44314
44365
44357
44320
44281
44278
44307
44253
44340
44265
44325
44254
44292
44198
44215
44252
44265
44247
44196
44195
44199
44215
44204
44247
44208
44259
44273
44262
44266
44262
44224
44325
44276
44323
44280
44343
44356
44383
44367
44321
44345
44347
44321
44303
44297
44284
44319
44352
44349
44353
44227
44287
44218
44207
44286
44231
44275
44241
44258
44215
44223
44247
44238
44198
44246
44219
44203
44249
44271
44296
44332
44265
44321
44263
44314
44315
44317
44349
44346
44387
44298
44303
44302
44313
44318
44311
44341
44293
44298
44256
44283
44213
44221
44275
44235
44284
44215
44210
44223
44352
44283
44243
44258
44242
44245
44215
44263
44311
44273
44321
44334
44267
44258
44303
44317
44383
44370
44321
44343
44297
44295
44285
44289
44295
44295
44303
44265
44297
44236
44269
44239
44282
44271
44207
44233
44199
44170
44175
44241
44239
44258
44325
44244
44240
44191
44282
44292
44253
44322
44235
44324
44269
44347
44347
44335
44353
44319
44286
44279
44315
44324
44357
44370
44325
44337
44295
44343
44268
44303
44261
44253
44307
44169
44301
44185
44207
44198
44166
44243
44239
44201
44209
44189
44518
44260
44269
44216
44288
44236
44301
44243
44365
44398
44336
44439
44290
44360
44345
44295
44344
44311
44349
44320
44308
44331
44342
44295
44345
44291
44281
44275
44191
44241
44225
44208
44297
44207
44257
44215
44220
44213
44213
44253
44247
44261
44635
44259
44247
44293
44266
44322
44355
44329
44317
44279
44323
44348
44335
44337
44315
44325
44309
44300
44279
44301
44313
44384
44276
44233
44291
44237
44279
44253
44247
44241
44227
44212
44213
44195
44220
44230
44193
44273
44256
44200
44236
44209
44670
44239
44291
44319
44317
44306
44282
44313
44331
44359
44363
44360
44299
44297
44337
44275
44381
44293
44358
44303
44289
44327
44243
44304
44229
44266
44239
44218
44201
44185
44219
44263
44241
44207
44235
44233
44175
44239
44187
44290
44241
44323
44529
44308
44328
44276
44358
44344
44349
44369
44342
44277
44324
44303
44314
44351
44291
44326
44265
44237
44322
44231
44345
44267
44243
44208
44183
44215
44207
44219
44223
44244
44215
44284
44239
44207
44260
44261
44287
44260
44349
44263
44299
44332
44404
44363
44349
44347
44271
44307
44309
44335
44319
44309
44415
44288
44325
44246
44249
44279
44244
44291
44243
44207
44225
44235
44212
44233
44255
44239
44272
44239
44211
44219
44198
44349
44247
44280
44245
44281
44289
44297
44324
44287
44317
44415
44359
44353
44325
44328
44351
44377
44331
44369
44279
44297
44300
44259
44360
44262
44317
44250
44234
44213
44187
44183
44267
44256
44247
44196
44223
44211
44229
44202
44279
44229
44325
44243
44292
44289
44290
44326
44288
44351
44375
44315
44320
44298
44639
44370
44367
44344
44319
44308
44330
44280
44287
44335
44313
44329
44239
44231
44239
44223
44207
44214
44231
44227
44223
44227
44221
44247
44239
44239
44212
44225
44189
44254
44277
44358
44307
44259
44327
44295
44301
44318
44325
44351
44354
44383
44533
44344
44307
44336
44306
44311
44335
44295
44309
44269
44289
44239
44247
44245
44247
44272
44215
44219
44239
44225
44289
44267
44263
44213
44267
44221
44288
44305
44304
44306
44271
44330
44287
44289
44328
44343
44335
44350
44314
44321
44337
44319
44601
44289
44295
44335
44238
44285
44240
44225
44219
44249
44291
44229
44257
44227
44221
44222
44225
44251
44263
44271
44246
44223
44188
44282
44294
44298
44305
44265
44308
44296
44343
44389
44393
44367
44309
44316
44283
44332
44319
44317
44302
44367
44315
44253
44295
44233
44271
44245
44236
44247
44204
44247
44248
44200
44263
44232
44267
44241
44215
44221
44259
44233
44335
44312
44314
44297
44235
44305
44310
44318
44340
44307
44345
44364
44309
44335
44292
44351
44353
44335
44341
44327
44263
44327
44260
44255
44229
44226
44199
44187
44258
44214
44247
44245
44265
44251
44181
44205
44204
44224
44229
44247
44269
44291
44289
44207
44305
44301
44305
44305
44327
44311
44329
44280
44355
44328
44352
44327
44315
44294
44319
44277
44306
44290
44327
44316
44250
44239
44228
44281
44229
44255
44277
44255
44203
44209
44221
44179
44243
44213
44277
44269
44270
44290
44236
44506
44359
44307
44367
44279
44341
44288
44289
44311
44299
44331
44382
44293
44271
44328
44295
44361
44297
44282
44287
44213
44241
44227
44263
44254
44187
44272
44187
44221
44205
44224
44243
44316
44278
44271
44256
44264
44261
44223
44304
44299
44331
44729
44312
44339
44327
44351
44355
44323
44321
44299
44299
44275
44325
44301
44341
44274
44283
44235
44231
44221
44209
44303
44253
44211
44213
44185
44183
44199
44228
44238
44244
44232
44255
44233
44245
44256
44223
44287
44316
44319
44329
44327
44359
44641
44317
44358
44335
44309
44326
44311
44307
44330
44337
44408
44290
44251
44250
44228
44215
44243
44309
44255
44235
44257
44200
44198
44235
44188
44187
44221
44167
44209
44215
44235
44349
44246
44295
44311
44277
44288
44291
44295
44337
44279
44405
44295
44319
44298
44307
44339
44335
44330
44339
44298
44281
44309
44264
44263
44256
44305
44224
44197
44254
44226
44239
44306
44229
44247
44199
44197
44219
44241
44289
44301
44232
44307
44294
44301
44290
44299
44302
44307
44280
44315
44281
44343
44339
44347
44337
44345
44327
44318
44287
44279
44266
44281
44301
44258
44328
44239
44188
44249
44215
44219
44255
44209
44246
44254
44218
44223
44267
44271
44303
44295
44296
44287
44298
44343
44301
44327
44327
44299
44345
44279
44335
44310
44334
44379
44377
44263
44322
44283
44295
44313
44293
44285
44265
44294
44245
44201
44265
44221
44205
44236
44205
44214
44210
44206
44538
44248
44247
44276
44232
44261
44266
44283
44283
44292
44291
44392
44260
44283
44262
44344
44343
44363
44339
44295
44323
44389
44308
44313
44313
44296
44285
44255
44296
44227
44246
44283
44292
44220
44269
44205
44249
44239
44221
44225
44247
44276
44652
44187
44231
44242
44283
44287
44299
44309
44312
44276
44287
44296
44383
44327
44358
44345
44315
44302
44267
44288
44355
44357
44293
44259
44251
44311
44235
44262
44298
44255
44261
44265
44187
44245
44201
44223
44263
44252
44234
44219
44195
44263
44649
44281
44277
44304
44287
44311
44244
44303
44282
44335
44389
44327
44338
44327
44346
44281
44317
44295
44323
44310
44307
44283
44340
44265
44265
44313
44236
44230
44249
44177
44245
44260
44260
44256
44269
44234
44217
44207
44241
44269
44297
44329
44629
44285
44289
44247
44332
44277
44356
44306
44285
44321
44370
44343
44375
44349
44328
44321
44301
44295
44275
44343
44314
44295
44295
44199
44200
44239
44189
44256
44215
44210
44213
44249
44209
44231
44181
44284
44270
44284
44287
44265
44286
44309
44527
44317
44267
44337
44263
44322
44283
44303
44367
44315
44402
44264
44263
44270
44259
44247
44319
44248
44271
44299
44247
44234
44267
44239
44293
44223
44249
44188
44193
44159
44202
44270
44231
44267
44283
44253
44270
44289
44289
44273
44323
44323
44558
44285
44302
44317
44343
44358
44332
44337
44301
44285
44329
44271
44277
44326
44269
44255
44293
44213
44237
44280
44279
44276
44231
44237
44183
44192
44185
44229
44208
44247
44250
44269
44254
44268
44285
44318
44247
44332
44279
44314
44255
44354
44333
44308
44331
44319
44299
44301
44312
44306
44327
44295
44419
44311
44267
44327
44249
44263
44301
44223
44282
44213
44277
44195
44192
44217
44223
44215
44251
44235
44225
44249
44243
44323
44298
44232
44305
44241
44276
44261
44327
44312
44312
44389
44264
44358
44295
44301
44357
44325
44330
44340
44281
44283
44297
44242
44261
44304
44239
44289
44191
44251
44229
44220
44278
44217
44239
44201
44217
44217
44231
44243
44269
44281
44257
44272
44235
44304
44265
44375
44349
44309
44338
44299
44338
44357
44340
44307
44341
44324
44287
44257
44266
44295
44255
44315
44309
44232
44255
44223
44257
44241
44253
44225
44237
44376
44226
44234
44241
44247
44278
44267
44286
44198
44273
44218
44332
44271
44345
44331
44293
44305
44298
44295
44308
44321
44373
44325
44296
44333
44262
44272
44322
44290
44247
44345
44252
44322
44235
44251
44209
44199
44222
44225
44182
44205
44232
44698
44241
44279
44299
44265
44218
44278
44234
44331
44253
44327
44388
44271
44319
44301
44259
44320
44343
44343
44305
44323
44345
44295
44331
44363
44287
44283
44305
44229
44251
44180
44285
44265
44246
44237
44161
44215
44202
44193
44203
44212
44304
44487
44239
44191
44259
44235
44329
44251
44335
44327
44280
44380
44299
44322
44363
44333
44327
44291
44290
44332
44287
44342
44369
44322
44270
44327
44254
44295
44223
44279
44248
44249
44237
44205
44230
44224
44232
44233
44262
44255
44239
44224
44256
44268
44254
44292
44241
44271
44277
44247
44346
44317
44347
44383
44341
44314
44325
44293
44279
44300
44296
44337
44297
44279
44290
44248
44328
44253
44293
44257
44241
44215
44195
44208
44253
44238
44254
44248
44222
44235
44247
44221
44298
44271
44359
44243
44305
44293
44270
44349
44303
44343
44347
44307
44315
44290
44295
44326
44303
44312
44327
44279
44263
44322
44368
44359
44222
44299
44197
44189
44186
44189
44245
44209
44229
44315
44215
44233
44229
44243
44227
44286
44245
44308
44229
44304
44286
44263
44317
44279
44329
44332
44341
44339
44337
44362
44417
44343
44333
44335
44295
44277
44323
44281
44351
44265
44573
44192
44194
44201
44214
44261
44229
44238
44201
44223
44210
44255
44260
44219
44269
44229
44271
44210
44295
44291
44256
44349
44259
44284
44300
44313
44329
44358
44364
44342
44332
44287
44343
44299
44283
44312
44283
44327
44264
44300
44215
44222
44707
44258
44271
44247
44223
44242
44229
44230
44251
44243
44221
44319
44210
44246
44202
44271
44311
44249
44313
44283
44308
44336
44307
44351
44348
44336
44346
44325
44309
44324
44287
44293
44369
44293
44307
44241
44275
44231
44220
44227
44202
44299
44630
44210
44215
44227
44257
44262
44268
44246
44241
44207
44247
44210
44296
44305
44237
44323
44249
44305
44308
44308
44375
44388
44345
44328
44335
44321
44352
44327
44307
44331
44287
44314
44240
44289
44229
44233
44228
44225
44280
44189
44197
44223
44572
44241
44243
44257
44225
44250
44215
44253
44229
44291
44357
44222
44282
44229
44312
44303
44327
44327
44361
44360
44326
44319
44326
44340
44345
44327
44391
44287
44314
44245
44305
44344
44255
44249
44241
44248
44195
44193
44185
44235
44217
44258
44425
44218
44214
44207
44239
44223
44266
44274
44210
44279
44270
44311
44348
44355
44356
44337
44311
44287
44303
44312
44369
44319
44315
44321
44279
44323
44272
44355
44271
44269
44271
44274
44282
44229
44206
44223
44235
44225
44228
44193
44177
44261
44226
44259
44235
44293
44265
44219
44284
44251
44328
44339
44439
44379
44343
44328
44289
44323
44334
44341
44301
44318
44335
44273
44313
44293
44351
44278
44287
44230
44229
44275
44188
44266
44240
44243
44245
44203
44203
44193
44208
44201
44257
44263
44238
44254
44215
44279
44245
44297
44327
44334
44328
44338
44334
44302
44335
44324
44315
44320
44296
44303
44296
44343
44344
44353
44291
44244
44222
44227
44274
44251
44230
44244
44303
44191
44200
44203
44206
44223
44215
44235
44213
44229
44263
44208
44279
44234
44295
44309
44292
44292
44309
44328
44322
44434
44365
44327
44295
44291
44291
44291
44331
44305
44333
44631
44265
44237
44235
44304
44211
44208
44237
44217
44208
44219
44257
44269
44258
44249
44251
44200
44232
44227
44195
44311
44283
44309
44282
44298
44299
44309
44328
44297
44340
44355
44329
44314
44313
44299
44295
44330
44294
44335
44272
44270
44278
44629
44322
44233
44220
44183
44203
44214
44216
44225
44239
44291
44223
44210
44195
44230
44260
44227
44291
44243
44333
44310
44279
44295
44331
44335
44287
44346
44311
44301
44316
44308
44396
44357
44347
44327
44333
44278
44265
44263
44263
44333
44281
44198
44191
44196
44208
44238
44239
44252
44233
44202
44245
44199
44212
44241
44211
44277
44233
44283
44276
44277
44566
44321
44311
44277
44306
44316
44315
44347
44373
44357
44337
44419
44294
44289
44264
44263
44282
44273
44317
44265
44233
44261
44225
44209
44205
44209
44247
44208
44211
44233
44199
44243
44269
44225
44259
44201
44269
44291
44279
44316
44338
44343
44551
44301
44279
44276
44313
44360
44299
44374
44279
44306
44359
44279
44295
44279
44284
44324
44251
44239
44234
44219
44315
44205
44232
44238
44187
44222
44229
44234
44219
44259
44181
44261
44224
44267
44294
44303
44351
44317
44325
44261
44317
44367
44300
44319
44314
44333
44351
44357
44282
44317
44290
44334
44278
44277
44319
44247
44239
44223
44268
44230
44209
44461
44231
44183
44199
44252
44257
44219
44244
44207
44235
44187
44303
44299
44315
44287
44327
44295
44239
44332
44281
44308
44403
44366
44337
44274
44327
44292
44395
44299
44327
44314
44295
44299
44245
44222
44215
44244
44244
44247
44205
44266
44209
44631
44217
44227
44225
44251
44209
44207
44209
44249
44280
44382
44304
44301
44283
44250
44335
44347
44287
44337
44365
44365
44346
44315
44319
44344
44320
44311
44282
44285
44359
44263
44346
44299
44255
44263
44223
44241
44255
44202
44258
44215
44319
44159
44193
44180
44225
44203
44241
44264
44276
44265
44279
44310
44255
44296
44327
44291
44346
44311
44263
44347
44311
44362
44307
44349
44280
44298
44279
44333
44288
44284
44268
44299
44207
44208
44201
44248
44199
44248
44228
44252
44199
44231
44216
44253
44209
44239
44265
44263
44269
44276
44275
44271
44387
44315
44290
44336
44300
44316
44328
44338
44280
44317
44711
44287
44269
44268
44329
44279
44278
44259
44212
44207
44178
44240
44279
44214
44247
44248
44209
44167
44199
44210
44257
44219
44240
44225
44247
44267
44294
44323
44283
44327
44345
44315
44313
44331
44287
44375
44299
44359
44391
44347
44313
44301
44607
44354
44298
44291
44266
44255
44241
44245
44254
44321
44333
44283
44219
44244
44186
44228
44244
44227
44211
44236
44219
44219
44263
44299
44299
44235
44311
44313
44242
44279
44295
44352
44290
44301
44397
44327
44277
44326
44341
44327
44318
44363
44271
44281
44269
44269
44263
44261
44311
44265
44245
44132
44228
44247
44227
44211
44230
44227
44232
44217
44238
44296
44318
44267
44224
44269
44273
44225
44305
44331
44289
44333
44367
44296
44295
44303
44287
44325
44318
44367
44329
44293
44287
44243
44253
44248
44220
44316
44215
44273
44201
44252
44217
44315
44279
44247
44187
44207
44235
44249
44283
44284
44292
44641
44279
44275
44251
44303
44321
44298
44375
44309
44273
44280
44335
44295
44333
44331
44347
44272
44292
44268
44259
44288
44263
44269
44280
44231
44271
44207
44251
44211
44159
44245
44268
44199
44236
44225
44262
44254
44261
44284
44193
44283
44306
44259
44335
44334
44279
44277
44272
44317
44278
44327
44332
44399
44369
44324
44315
44314
44284
44291
44260
44261
44264
44325
44243
44280
44254
44260
44189
44217
44194
44197
44187
44216
44241
44241
44259
44258
44253
44218
44257
44284
44269
44330
44339
44250
44319
44256
44307
44295
44321
44329
44333
44297
44341
44297
44291
44303
44299
44281
44278
44254
44312
44247
44441
44221
44277
44232
44272
44248
44218
44264
44224
44256
44216
44319
44261
44264
44229
44267
44287
44249
44281
44301
44245
44322
44267
44326
44345
44404
44313
44287
44295
44341
44295
44305
44327
44304
44303
44253
44252
44301
44223
44321
44263
44317
44647
44185
44242
44204
44243
44208
44193
44257
44219
44229
44246
44221
44287
44298
44239
44337
44307
44247
44285
44260
44405
44351
44349
44311
44350
44335
44332
44300
44337
44325
44311
44320
44253
44253
44329
44272
44307
44255
44300
44205
44206
44273
44217
44210
44194
44215
44218
44201
44226
44238
44258
44270
44353
44265
44274
44266
44219
44291
44248
44302
44278
44381
44379
44334
44349
44311
44358
44322
44310
44300
44284
44279
44256
44371
44277
44293
44253
44280
44228
44226
44255
44225
44291
44279
44215
44197
44239
44238
44254
44215
44263
44257
44215
44295
44261
44215
44318
44277
44336
44301
44354
44358
44333
44647
44322
44315
44375
44294
44305
44300
44283
44293
44347
44280
44392
44265
44317
44237
44243
44287
44220
44245
44192
44175
44229
44199
44216
44231
44203
44272
44255
44231
44286
44320
44251
44387
44301
44318
44255
44342
44329
44309
44315
44301
44365
44743
44309
44294
44278
44310
44317
44376
44298
44305
44246
44295
44205
44237
44271
44234
44271
44211
44211
44204
44209
44269
44261
44214
44231
44246
44197
44267
44304
44253
44281
44245
44307
44232
44295
44323
44369
44338
44319
44359
44294
44327
44367
44329
44301
44319
44340
44263
44307
44215
44283
44209
44241
44308
44249
44254
44189
44189
44207
44227
44264
44262
44370
44229
44227
44178
44259
44260
44243
44329
44220
44313
44242
44325
44377
44361
44342
44332
44360
44289
44345
44321
44322
44371
44319
44266
44256
44299
44235
44333
44258
44269
44303
44236
44311
44221
44169
44223
44232
44261
44213
44214
44193
44244
44757
44279
44293
44259
44305
44238
44285
44251
44333
44315
44391
44335
44283
44289
44325
44302
44347
44311
44297
44305
44363
44295
44360
44279
44337
44280
44269
44286
44217
44249
44207
44282
44223
44224
44201
44181
44190
44231
44251
44263
44287
44339
44501
44281
44258
44316
44260
44359
44317
44329
44302
44302
44351
44363
44341
44331
44347
44341
44332
44349
44286
44311
44300
44327
44245
44210
44279
44194
44245
44248
44218
44204
44218
44233
44213
44237
44225
44243
44179
44238
44250
44195
44239
44208
44418
44248
44347
44350
44328
44311
44287
44348
44400
44368
44421
44353
44285
44281
44306
44272
44327
44252
44326
44275
44272
44292
44235
44329
44246
44255
44263
44254
44208
44173
44186
44279
44215
44215
44235
44223
44193
44248
44200
44313
44255
44361
44399
44310
44325
44290
44365
44317
44347
44299
44285
44285
44346
44333
44343
44342
44319
44332
44288
44275
44315
44249
44347
44217
44222
44194
44201
44191
44175
44199
44199
44247
44252
44314
44283
44255
44290
44263
44319
44252
44313
44263
44263
44305
44327
44316
44372
44346
44325
44305
44334
44295
44338
44333
44459
44322
44325
44242
44220
44268
44248
44266
44261
44245
44223
44202
44199
44239
44238
44245
44241
44249
44218
44219
44202
44332
44199
44275
44219
44253
44289
44310
44353
44309
44355
44407
44373
44362
44369
44333
44327
44327
44306
44311
44252
44299
44277
44245
44327
44239
44321
44256
44215
44199
44215
44212
44261
44244
44217
44185
44183
44193
44214
44229
44258
44232
44292
44252
44313
44311
44296
44315
44279
44321
44332
44300
44337
44386
44385
44349
44363
44321
44349
44317
44343
44311
44313
44340
44348
44328
44239
44247
44227
44208
44171
44221
44222
44249
44219
44229
44207
44228
44243
44247
44214
44250
44213
44259
44262
44343
44325
44269
44358
44303
44315
44290
44297
44363
44369
44409
44306
44297
44291
44312
44283
44293
44306
44257
44283
44201
44239
44225
44229
44251
44245
44268
44204
44218
44239
44253
44304
44237
44263
44182
44250
44215
44278
44291
44287
44310
44285
44302
44316
44330
44322
44349
44331
44361
44341
44320
44343
44343
44410
44303
44261
44286
44251
44268
44243
44227
44227
44271
44231
44273
44223
44224
44196
44187
44238
44220
44241
44375
44205
44247
44220
44290
44319
44337
44309
44238
44299
44283
44359
44332
44366
44311
44339
44295
44282
44284
44281
44380
44347
44363
44325
44263
44316
44263
44280
44271
44237
44208
44221
44288
44206
44228
44231
44222
44233
44219
44222
44215
44243
44395
44309
44285
44309
44291
44219
44281
44277
44297
44320
44335
44415
44324
44301
44315
44308
44339
44347
44331
44332
44349
44282
44319
44276
44258
44234
44245
44199
44183
44235
44185
44239
44341
44231
44246
44218
44232
44219
44260
44237
44287
44291
44470
44263
44213
44273
44308
44311
44314
44330
44295
44305
44284
44357
44331
44349
44354
44343
44311
44333
44281
44319
44276
44295
44269
44220
44229
44215
44252
44231
44235
44282
44247
44227
44271
44233
44224
44259
44214
44267
44269
44243
44273
44223
44434
44342
44305
44351
44311
44324
44366
44303
44346
44339
44325
44415
44292
44277
44319
44277
44327
44294
44268
44267
44227
44239
44221
44261
44191
44205
44221
44212
44189
44244
44188
44259
44312
44263
44265
44247
44240
44255
44173
44312
44313
44317
44775
44277
44334
44345
44295
44287
44321
44341
44327
44305
44303
44310
44341
44354
44291
44293
44250
44225
44234
44210
44300
44275
44231
44259
44226
44199
44196
44243
44241
44239
44194
44225
44219
44235
44235
44219
44270
44289
44279
44285
44315
44361
44872
44320
44333
44303
44319
44295
44305
44303
44335
44292
44325
44324
44266
44233
44249
44264
44285
44325
44245
44263
44289
44224
44197
44228
44219
44211
44194
44190
44202
44214
44231
44348
44256
44313
44304
44305
44292
44316
44329
44337
44293
44355
44529
44326
44283
44286
44317
44327
44313
44349
44274
44302
44335
44293
44288
44247
44314
44222
44227
44237
44210
44194
44283
44232
44219
44215
44215
44252
44246
44285
44285
44231
44271
44295
44303
44299
44311
44297
44319
44295
44343
44305
44360
44356
44331
44328
44308
44309
44309
44289
44263
44259
44257
44266
44265
44315
44215
44203
44258
44204
44263
44259
44236
44226
44257
44234
44215
44249
44243
44238
44214
44257
44277
44289
44311
44331
44367
44378
44287
44293
44265
44332
44253
44345
44361
44366
44316
44337
44275
44274
44317
44299
44291
44273
44321
44299
44233
44278
44239
44221
44255
44215
44249
44197
44215
44359
44272
44261
44270
44192
44255
44263
44299
44302
44325
44326
44353
44233
44313
44247
44304
44283
44357
44366
44313
44302
44304
44339
44341
44323
44312
44295
44271
44285
44234
44226
44320
44305
44243
44281
44213
44229
44177
44223
44244
44239
44238
44469
44213
44240
44253
44283
44294
44324
44340
44281
44260
44316
44327
44367
44323
44336
44317
44304
44313
44325
44307
44304
44343
44293
44239
44246
44308
44235
44235
44290
44193
44232
44233
44247
44238
44215
44227
44203
44223
44243
44231
44226
44257
44749
44295
44306
44325
44271
44291
44237
44309
44270
44337
44311
44394
44339
44327
44325
44350
44367
44340
44353
44315
44279
44281
44295
44238
44230
44271
44243
44202
44251
44192
44241
44271
44249
44270
44240
44204
44183
44174
44209
44249
44275
44309
44483
44284
44292
44243
44305
44271
44336
44312
44337
44357
44365
44287
44357
44328
44349
44317
44271
44255
44274
44257
44321
44271
44358
44250
44252
44295
44239
44276
44228
44247
44255
44259
44220
44213
44219
44233
44252
44252
44256
44248
44291
44303
44251
44309
44271
44326
44263
44301
44341
44323
44308
44351
44349
44369
44298
44311
44274
44273
44324
44276
44289
44347
44260
44244
44279
44234
44291
44225
44264
44225
44226
44237
44209
44275
44263
44240
44269
44254
44241
44274
44270
44249
44361
44343
44313
44277
44326
44328
44338
44310
44311
44319
44263
44323
44276
44303
44293
44321
44280
44295
44327
44239
44223
44444
44255
44253
44217
44201
44171
44164
44207
44252
44199
44252
44319
44233
44260
44259
44263
44305
44241
44328
44279
44317
44269
44291
44339
44315
44347
44349
44309
44303
44308
44292
44300
44382
44401
44323
44284
44316
44271
44226
44294
44187
44251
44590
44215
44193
44208
44235
44268
44247
44239
44211
44256
44247
44240
44257
44271
44203
44289
44219
44293
44236
44309
44356
44314
44335
44308
44375
44331
44358
44350
44352
44329
44329
44317
44244
44272
44228
44244
44284
44251
44297
44231
44279
44223
44434
44259
44258
44275
44222
44205
44198
44203
44238
44248
44337
44237
44271
44231
44313
44263
44349
44353
44325
44334
44337
44312
44291
44294
44323
44323
44318
44299
44241
44251
44261
44313
44260
44321
44239
44281
44262
44256
44221
44255
44247
44269
44218
44188
44232
44221
44268
44261
44254
44275
44194
44279
44235
44305
44279
44329
44352
44344
44374
44295
44327
44377
44343
44300
44335
44306
44323
44286
44280
44334
44271
44303
44391
44241
44302
44215
44269
44227
44205
44187
44207
44187
44172
44198
44209
44255
44247
44283
44241
44213
44279
44224
44327
44340
44343
44302
44252
44337
44302
44313
44357
44363
44324
44614
44306
44362
44307
44312
44374
44293
44309
44313
44261
44301
44274
44301
44202
44231
44207
44182
44204
44181
44198
44237
44287
44236
44217
44239
44191
44247
44218
44298
44231
44306
44281
44257
44278
44245
44324
44327
44323
44324
44306
44302
44297
44671
44318
44333
44303
44262
44291
44235
44282
44248
44279
44241
44293
44199
44196
44234
44215
44226
44227
44247
44256
44237
44249
44226
44279
44232
44293
44265
44295
44293
44241
44301
44301
44410
44322
44330
44309
44319
44311
44302
44319
44303
44346
44479
44257
44285
44231
44308
44247
44312
44241
44221
44198
44211
44276
44230
44231
44237
44238
44225
44226
44239
44207
44263
44268
44292
44223
44292
44284
44249
44334
44301
44330
44347
44305
44377
44327
44331
44331
44333
44320
44343
44272
44272
44302
44586
44307
44243
44298
44194
44215
44186
44198
44261
44195
44230
44329
44225
44201
44245
44224
44231
44267
44231
44262
44182
44309
44260
44241
44312
44269
44379
44325
44373
44323
44303
44375
44431
44335
44370
44295
44269
44278
44279
44271
44326
44286
44765
44208
44231
44217
44234
44245
44261
44238
44209
44220
44174
44249
44207
44199
44227
44159
44222
44183
44247
44287
44273
44373
44261
44305
44301
44337
44296
44361
44319
44337
44312
44287
44325
44277
44272
44346
44291
44325
44287
44295
44261
44261
44685
44261
44278
44261
44189
44219
44187
44219
44218
44250
44254
44226
44204
44239
44223
44263
44325
44263
44328
44287
44347
44340
44332
44306
44323
44349
44317
44287
44264
44349
44266
44387
44296
44301
44350
44249
44272
44233
44202
44251
44227
44333
44199
44160
44226
44198
44247
44212
44213
44219
44225
44193
44259
44219
44283
44291
44239
44343
44246
44313
44316
44360
44440
44315
44357
44307
44373
44286
44313
44309
44303
44356
44294
44315
44257
44295
44211
44258
44247
44241
44276
44161
44247
44246
44231
44212
44210
44255
44203
44230
44183
44231
44205
44290
44307
44243
44289
44200
44283
44283
44335
44355
44347
44368
44323
44325
44345
44341
44367
44314
44296
44269
44332
44258
44327
44267
44267
44270
44259
44294
44231
44265
44264
44273
44297
44291
44181
44223
44234
44222
44269
44237
44280
44276
44228
44309
44218
44293
44302
44297
44343
44317
44295
44313
44301
44471
44338
44295
44290
44281
44273
44335
44285
44345
44301
44303
44354
44228
44258
44198
44196
44219
44199
44212
44213
44157
44164
44193
44247
44282
44237
44307
44293
44256
44309
44274
44332
44415
44350
44279
44293
44311
44303
44356
44300
44361
44340
44538
44372
44294
44365
44301
44353
44286
44279
44231
44219
44254
44222
44244
44196
44227
44191
44166
44220
44201
44246
44233
44308
44320
44254
44265
44201
44274
44253
44315
44291
44356
44292
44327
44303
44281
44369
44369
44375
44352
44352
44344
44323
44419
44363
44367
44313
44273
44263
44247
44295
44246
44232
44234
44297
44153
44187
44195
44234
44235
44229
44237
44219
44221
44246
44201
44281
44237
44297
44326
44287
44268
44255
44263
44278
44401
44328
44295
44313
44327
44361
44315
44310
44332
44356
44566
44243
44227
44225
44295
44267
44236
44271
44220
44192
44215
44258
44247
44253
44235
44249
44237
44223
44231
44215
44280
44331
44303
44293
44271
44299
44277
44325
44280
44312
44318
44290
44388
44350
44367
44294
44318
44301
44331
44272
44263
44241
44762
44311
44222
44229
44175
44203
44243
44197
44253
44233
44231
44283
44243
44199
44203
44227
44213
44283
44247
44300
44329
44305
44295
44354
44369
44326
44402
44307
44293
44309
44319
44367
44305
44373
44327
44306
44255
44249
44247
44257
44301
44301
44523
44220
44215
44242
44240
44249
44247
44207
44193
44191
44221
44176
44230
44200
44257
44225
44259
44299
44297
44332
44357
44363
44278
44295
44332
44268
44325
44357
44301
44329
44338
44346
44367
44305
44274
44310
44283
44351
44273
44263
44263
44279
44254
44231
44226
44267
44219
44212
44196
44186
44244
44224
44326
44269
44227
44281
44285
44268
44295
44322
44307
44285
44313
44242
44249
44343
44334
44333
44343
44312
44264
44300
44269
44333
44305
44290
44329
44257
44249
44245
44207
44227
44265
44250
44221
44221
44215
44199
44223
44234
44249
44221
44240
44233
44264
44286
44303
44296
44321
44327
44261
44301
44316
44317
44377
44337
44340
44357
44326
44320
44312
44314
44311
44325
44355
44307
44262
44251
44237
44271
44223
44209
44202
44225
44194
44229
44195
44220
44221
44235
44200
44234
44209
44245
44295
44327
44309
44311
44273
44204
44294
44287
44285
44313
44354
44321
44336
44270
44282
44331
44333
44315
44329
44301
44366
44287
44262
44329
44279
44257
44232
44181
44252
44195
44205
44207
44229
44253
44180
44161
44217
44207
44263
44281
44291
44305
44279
44291
44247
44309
44303
44270
44323
44323
44249
44291
44303
44341
44375
44348
44346
44336
44327
44356
44309
44304
44291
44265
44295
44213
44200
44251
44199
44264
44217
44257
44209
44199
44236
44259
44239
44266
44271
44288
44255
44253
44254
44213
44299
44333
44237
44305
44298
44265
44311
44299
44351
44329
44365
44366
44351
44307
44335
44310
44295
44247
44250
44197
44203
44207
44273
44259
44305
44243
44275
44237
44224
44240
44257
44268
44287
44319
44257
44261
44282
44290
44264
44313
44321
44283
44313
44336
44336
44348
44337
44337
44350
44348
44311
44286
44289
44321
44331
44266
44266
44199
44208
44194
44192
44262
44218
44260
44277
44245
44222
44233
44219
44245
44204
44249
44255
44246
44271
44268
44295
44241
44289
44317
44249
44297
44303
44280
44351
44366
44347
44348
44317
44323
44315
44320
44363
44331
44297
44519
44261
44232
44238
44236
44303
44217
44298
44169
44235
44174
44231
44234
44233
44238
44236
44228
44221
44241
44246
44259
44270
44305
44281
44243
44301
44303
44295
44321
44300
44330
44296
44338
44347
44321
44353
44329
44339
44319
44279
44259
44257
44800
44259
44319
44253
44269
44196
44227
44161
44197
44200
44271
44281
44256
44255
44245
44243
44260
44253
44223
44267
44278
44231
44283
44319
44279
44327
44306
44306
44277
44286
44305
44402
44337
44383
44375
44307
44281
44248
44237
44238
44253
44350
44487
44280
44247
44257
44223
44218
44219
44209
44186
44209
44271
44241
44271
44271
44279
44249
44262
44263
44221
44279
44359
44295
44319
44275
44344
44311
44333
44326
44327
44321
44326
44327
44263
44269
44271
44289
44265
44284
44325
44271
44289
44243
44531
44235
44234
44265
44194
44198
44203
44211
44225
44233
44308
44253
44209
44259
44269
44223
44337
44336
44278
44337
44266
44313
44259
44314
44331
44330
44348
44319
44297
44294
44285
44383
44298
44317
44281
44339
44237
44285
44205
44295
44226
44266
44431
44150
44263
44185
44254
44252
44263
44263
44259
44207
44285
44243
44225
44285
44327
44263
44311
44248
44286
44263
44329
44341
44308
44321
44287
44309
44294
44349
44293
44331
44300
44313
44286
44251
44293
44246
44300
44279
44269
44279
44203
44253
44190
44224
44232
44256
44225
44224
44182
44242
44263
44224
44351
44313
44230
44317
44272
44327
44316
44367
44349
44386
44310
44273
44286
44319
44315
44322
44324
44259
44250
44313
44238
44397
44277
44289
44239
44171
44221
44136
44189
44191
44218
44241
44206
44204
44229
44247
44280
44253
44207
44265
44279
44223
44342
44257
44342
44270
44365
44295
44275
44325
44314
44345
44412
44341
44347
44318
44327
44305
44344
44249
44299
44227
44271
44205
44180
44236
44194
44257
44226
44231
44224
44206
44249
44255
44239
44265
44279
44233
44272
44264
44204
44274
44247
44327
44263
44327
44311
44287
44307
44284
44343
44351
44387
44400
44367
44325
44301
44342
44271
44305
44231
44251
44201
44223
44303
44246
44283
44217
44209
44193
44209
44201
44253
44255
44309
44307
44216
44252
44261
44207
44295
44247
44311
44256
44307
44347
44313
44327
44311
44342
44341
44335
44304
44329
44302
44619
44337
44263
44329
44221
44301
44231
44251
44312
44255
44261
44297
44189
44189
44202
44216
44242
44227
44260
44270
44195
44304
44297
44287
44303
44273
44294
44257
44305
44327
44309
44351
44327
44364
44338
44283
44345
44331
44308
44315
44343
44281
44705
44239
44271
44219
44227
44309
44242
44279
44165
44197
44183
44198
44231
44237
44230
44241
44270
44209
44273
44259
44213
44317
44243
44261
44229
44300
44266
44312
44285
44320
44354
44366
44347
44357
44343
44346
44327
44360
44314
44313
44247
44329
44802
44268
44303
44238
44264
44204
44209
44180
44237
44205
44249
44215
44184
44193
44207
44257
44273
44201
44284
44255
44292
44264
44319
44290
44311
44305
44300
44303
44290
44293
44294
44355
44357
44316
44367
44275
44324
44279
44279
44275
44262
44328
44558
44271
44207
44202
44223
44237
44200
44216
44183
44190
44224
44175
44296
44300
44271
44323
44252
44285
44222
44299
44319
44346
44338
44259
44293
44311
44277
44348
44334
44377
44327
44319
44301
44350
44308
44373
44278
44303
44337
44262
44283
44226
44727
44212
44211
44225
44191
44185
44187
44233
44288
44281
44295
44312
44284
44239
44268
44209
44319
44303
44327
44311
44274
44339
44304
44305
44337
44335
44292
44305
44311
44255
44342
44311
44435
44317
44272
44307
44222
44291
44230
44217
44229
44208
44510
44205
44218
44221
44227
44227
44247
44251
44205
44260
44225
44308
44245
44301
44291
44282
44277
44249
44301
44259
44345
44347
44355
44296
44298
44359
44327
44362
44315
44316
44283
44273
44325
44253
44309
44260
44257
44249
44237
44218
44183
44217
44200
44242
44211
44237
44241
44211
44263
44219
44271
44239
44279
44331
44278
44291
44245
44309
44347
44336
44323
44289
44274
44286
44334
44328
44327
44311
44353
44284
44285
44302
44281
44313
44272
44255
44256
44271
44190
44247
44227
44233
44215
44268
44248
44217
44206
44247
44271
44284
44261
44312
44327
44300
44306
44263
44340
44313
44375
44337
44277
44297
44309
44275
44321
44303
44314
44235
44269
44259
44340
44299
44321
44276
44266
44231
44234
44197
44218
44253
44215
44223
44231
44177
44199
44215
44258
44279
44292
44240
44279
44304
44291
44313
44286
44353
44380
44382
44340
44309
44305
44293
44331
44313
44350
44282
44309
44282
44290
44340
44271
44343
44266
44250
44229
44216
44211
44233
44300
44238
44235
44195
44191
44183
44179
44229
44189
44245
44193
44255
44253
44267
44314
44283
44353
44369
44344
44336
44327
44333
44381
44342
44351
44336
44314
44330
44288
44269
44319
44267
44367
44269
44263
44259
44258
44283
44258
44290
44247
44218
44255
44233
44230
44239
44227
44217
44237
44191
44215
44228
44277
44343
44252
44331
44321
44325
44330
44349
44355
44326
44321
44327
44346
44302
44345
44282
44311
44334
44279
44316
44221
44203
44233
44289
44227
44257
44307
44250
44241
44280
44242
44245
44223
44311
44240
44223
44213
44247
44247
44279
44263
44225
44289
44290
44313
44316
44365
44364
44385
44334
44323
44327
44295
44305
44358
44294
44321
44277
44279
44236
44191
44226
44246
44258
44267
44534
44212
44195
44203
44208
44225
44231
44255
44177
44191
44170
44212
44247
44253
44287
44261
44307
44334
44335
44325
44379
44392
44375
44312
44344
44334
44358
44363
44367
44305
44333
44301
44284
44244
44239
44276
44263
44254
44243
44277
44215
44244
44583
44215
44211
44243
44179
44200
44168
44173
44235
44263
44344
44305
44236
44291
44305
44298
44339
44346
44361
44358
44311
44332
44295
44320
44325
44317
44317
44327
44298
44339
44302
44382
44284
44249
44244
44229
44259
44209
44195
44278
44219
44299
44233
44213
44254
44243
44245
44269
44278
44290
44259
44206
44247
44257
44268
44273
44300
44278
44291
44279
44327
44347
44422
44343
44335
44333
44314
44300
44311
44289
44296
44259
44245
44211
44238
44245
44185
44204
44261
44263
44263
44266
44238
44293
44239
44227
44239
44277
44234
44263
44207
44257
44267
44307
44295
44332
44299
44278
44267
44331
44313
44340
44303
44382
44343
44375
44327
44353
44302
44310
44275
44229
44229
44228
44305
44215
44227
44277
44228
44179
44217
44192
44197
44220
44224
44240
44211
44240
44252
44205
44269
44290
44311
44345
44331
44335
44295
44247
44345
44303
44343
44327
44298
44311
44308
44614
44352
44287
44287
44245
44239
44239
44239
44331
44262
44239
44367
44190
44221
44229
44198
44225
44231
44237
44243
44229
44267
44216
44229
44270
44274
44281
44249
44258
44274
44306
44255
44362
44263
44327
44299
44307
44306
44327
44311
44316
44295
44559
44269
44263
44274
44276
44285
44252
44231
44257
44193
44226
44316
44279
44279
44272
44273
44241
44243
44254
44247
44228
44289
44305
44219
44246
44280
44294
44307
44291
44351
44333
44371
44344
44287
44311
44339
44376
44367
44305
44271
44263
44253
44239
44311
44291
44277
44189
44263
44162
44194
44261
44283
44253
44239
44228
44223
44225
44231
44213
44182
44224
44231
44231
44273
44301
44301
44349
44276
44333
44239
44309
44289
44328
44383
44360
44371
44327
44284
44300
44256
44249
44247
44263
44319
44296
44271
44269
44197
44233
44257
44189
44267
44177
44229
44217
44234
44317
44257
44241
44289
44263
44261
44268
44271
44335
44316
44309
44290
44244
44261
44254
44340
44361
44322
44347
44281
44270
44312
44299
44321
44279
44289
44294
44241
44218
44259
44231
44268
44251
44239
44257
44178
44202
44209
44223
44243
44273
44270
44269
44247
44233
44281
44273
44284
44285
44281
44311
44279
44362
44354
44355
44299
44323
44375
44348
44319
44329
44314
44286
44356
44277
44297
44239
44240
44293
44263
44257
44307
44225
44227
44224
44214
44219
44261
44263
44227
44230
44228
44242
44264
44379
44300
44321
44347
44275
44334
44266
44311
44278
44339
44370
44455
44294
44308
44265
44275
44297
44283
44327
44285
44335
44299
44258
44283
44247
44279
44315
44225
44235
44223
44210
44305
44166
44247
44173
44207
44205
44253
44295
44279
44309
44278
44340
44221
44294
44261
44295
44279
44349
44345
44257
44333
44319
44329
44312
44383
44353
44287
44305
44307
44271
44293
44332
44338
44289
44311
44232
44257
44209
44273
44179
44211
44229
44261
44228
44234
44239
44249
44263
44295
44283
44271
44220
44262
44308
44320
44269
44351
44260
44291
44310
44323
44339
44383
44402
44286
44276
44284
44283
44274
44285
44327
44285
44226
44290
44233
44284
44252
44283
44263
44242
44226
44193
44217
44231
44314
44249
44251
44250
44237
44243
44179
44310
44266
44328
44328
44319
44341
44302
44339
44333
44320
44350
44335
44300
44315
44336
44383
44314
44277
44315
44226
44242
44264
44198
44299
44249
44257
44223
44236
44211
44223
44219
44237
44227
44275
44395
44255
44255
44251
44239
44295
44231
44331
44229
44283
44281
44319
44339
44329
44395
44407
44354
44343
44309
44323
44359
44351
44301
44321
44199
44210
44229
44215
44253
44195
44256
44191
44215
44207
44220
44260
44267
44265
44263
44246
44249
44258
44646
44229
44271
44246
44249
44191
44263
44281
44252
44338
44282
44407
44332
44296
44340
44327
44361
44348
44372
44343
44344
44323
44241
44326
44240
44314
44243
44293
44197
44203
44208
44209
44307
44242
44228
44179
44205
44205
44234
44248
44237
44305
44637
44291
44239
44303
44335
44273
44332
44263
44313
44294
44295
44305
44330
44305
44320
44310
44288
44316
44278
44302
44383
44366
44345
44262
44296
44217
44215
44227
44235
44242
44234
44212
44195
44216
44231
44260
44279
44240
44309
44256
44293
44255
44785
44327
44293
44347
44287
44306
44321
44323
44350
44315
44342
44387
44336
44304
44327
44287
44294
44329
44245
44272
44197
44273
44219
44234
44245
44247
44280
44234
44215
44215
44229
44243
44285
44255
44220
44244
44205
44289
44219
44297
44306
44264
44754
44266
44317
44325
44339
44351
44336
44325
44317
44295
44303
44343
44311
44303
44345
44276
44285
44233
44263
44224
44221
44257
44217
44237
44191
44186
44214
44217
44255
44229
44265
44215
44265
44215
44287
44235
44309
44344
44263
44287
44237
44319
44667
44340
44323
44346
44320
44310
44311
44333
44350
44327
44391
44327
44283
44311
44284
44317
44254
44247
44246
44238
44247
44207
44192
44226
44201
44245
44234
44207
44193
44235
44206
44340
44250
44275
44314
44231
44301
44254
44332
44341
44331
44418
44303
44312
44304
44297
44339
44333
44315
44282
44304
44244
44354
44247
44344
44251
44282
44263
44229
44263
44215
44242
44280
44210
44223
44191
44188
44196
44227
44195
44272
44223
44315
44303
44258
44303
44268
44346
44330
44347
44323
44339
44309
44336
44318
44337
44321
44321
44282
44323
44265
44348
44273
44333
44283
44251
44187
44180
44245
44175
44222
44237
44215
44209
44215
44169
44192
44230
44202
44267
44241
44283
44298
44239
44313
44325
44345
44317
44327
44327
44310
44337
44305
44333
44341
44384
44269
44264
44295
44269
44317
44269
44327
44293
44271
44277
44276
44299
44258
44215
44247
44211
44199
44199
44185
44215
44249
44165
44219
44148
44222
44239
44249
44295
44265
44359
44391
44331
44358
44391
44369
44334
44341
44349
44319
44320
44291
44339
44297
44391
44279
44338
44271
44233
44246
44181
44299
44264
44189
44182
44175
44258
44227
44248
44233
44262
44243
44380
44188
44261
44255
44274
44319
44265
44327
44267
44324
44301
44367
44324
44277
44341
44329
44297
44301
44327
44345
44335
44407
44319
44349
44253
44260
44241
44251
44271
44191
44183
44192
44222
44231
44189
44247
44247
44229
44219
44226
44206
44228
44675
44207
44277
44248
44289
44358
44341
44360
44319
44366
44268
44383
44337
44311
44354
44339
44341
44303
44310
44283
44304
44291
44243
44263
44257
44317
44233
44226
44214
44199
44189
44220
44267
44265
44278
44243
44251
44195
44240
44244
44221
44255
44655
44295
44308
44343
44337
44347
44309
44283
44305
44317
44265
44317
44343
44306
44304
44333
44286
44305
44251
44245
44266
44312
44293
44196
44222
44211
44237
44263
44257
44253
44204
44171
44207
44226
44219
44256
44265
44231
44302
44215
44288
44311
44733
44386
44322
44360
44269
44287
44334
44312
44309
44361
44343
44325
44304
44296
44293
44268
44289
44280
44283
44324
44273
44268
44222
44227
44235
44243
44191
44213
44153
44187
44229
44304
44228
44251
44211
44261
44221
44283
44297
44327
44358
44385
44535
44279
44323
44296
44301
44339
44319
44286
44287
44325
44354
44351
44287
44287
44266
44270
44306
44193
44217
44239
44305
44242
44251
44219
44251
44231
44233
44231
44217
44247
44253
44223
44255
44228
44259
44287
44302
44311
44281
44341
44235
44325
44355
44322
44338
44307
44285
44327
44326
44323
44351
44277
44367
44301
44232
44299
44237
44235
44261
44266
44227
44257
44226
44238
44241
44261
44287
44260
44243
44220
44207
44250
44216
44295
44279
44299
44299
44245
44244
44222
44319
44336
44354
44403
44298
44308
44319
44352
44307
44359
44296
44297
44277
44320
44356
44269
44296
44267
44286
44269
44222
44185
44216
44405
44247
44237
44262
44240
44255
44207
44257
