51561
51777
51963
51958
51841
51711
51846
51989
51740
51845
51819
51618
51732
51839
51807
51795
51762
51669
51737
51635
51779
51743
51761
51671
51741
51663
51569
51501
51612
51657
51572
51682
51658
51661
51615
51680
51671
51598
51523
51671
51625
51600
51646
51614
51698
51645
51604
51773
51718
51616
51653
51777
51829
51605
51589
51548
51519
51583
51608
51611
51535
51565
51517
51596
51614
51667
51543
51705
51751
51823
51867
51802
51553
51490
51419
51507
51521
51437
51411
51585
51637
51503
51545
51599
51665
51612
51619
51458
51446
51593
51469
51519
51527
51461
51315
51421
51419
51479
51535
51464
51480
51334
51591
51544
51427
51631
51682
51726
51661
51797
51699
51595
51497
51386
51559
51830
51675
51549
51553
51635
51655
51523
51450
51529
51502
51599
51341
51382
51289
51344
51551
51571
51281
51359
51487
51571
51431
51279
51280
51301
51449
51340
51225
51321
51368
51306
51353
51361
51196
51223
51271
51247
51289
51326
51308
51291
51417
51438
51475
51438
51296
51287
51226
51114
51233
51488
51442
51425
51319
51138
51185
51270
51326
51175
51146
51305
51303
51211
51152
51329
51202
51242
51361
51237
51379
51450
51295
51171
51287
51310
51197
51223
51365
51271
51199
51267
51285
51310
51256
51215
51218
50949
51093
51136
50979
51055
51075
51077
51198
51399
51223
50903
51133
51107
51045
51207
51272
51319
51266
51185
51207
51125
51207
51177
51239
51067
51069
51174
51178
51183
51103
51023
51110
51128
51244
51085
51063
51173
51187
51107
51089
51145
51110
51098
51120
51219
51319
51259
51045
51015
51127
50982
51239
51142
51209
51248
51093
51261
51362
51250
51164
51119
51042
51213
51135
51161
51261
51238
50941
51091
51141
51069
51143
51017
51131
50985
50960
51067
51011
51168
51107
51135
51077
50977
51021
51031
51207
51216
51095
50919
51097
51139
50939
50943
51057
50993
51031
51087
50890
50975
51168
51050
50884
51046
50893
50827
50758
50995
51019
50891
51120
51131
50931
50925
50962
51039
51017
50901
50941
50891
50879
50943
51172
51037
50975
50846
50852
51057
50961
51045
51096
50968
50831
50953
51011
50903
50863
50936
50787
50986
51020
50873
50834
50755
50838
50951
50925
50928
50966
51016
51038
51119
51009
50833
50803
50831
51008
50956
50759
50671
50959
50935
50947
51023
51072
51129
51015
50975
50965
51133
51189
51002
51047
50867
51040
51047
50923
51031
51036
50985
50950
51070
51034
50951
50944
50993
50855
50930
51002
50955
50859
51013
50986
50881
50881
50878
51033
51046
51103
50907
50845
50865
50899
50911
50953
50855
50918
50780
50737
50891
50921
50835
50943
50922
50879
50873
50979
50805
50835
50883
50907
50865
50829
50791
50952
51021
50933
50958
50984
50964
50907
50872
50780
50885
51059
50991
50959
50820
50817
50963
51014
51022
50968
50999
50920
50899
50974
50986
50937
50885
50914
50985
50879
50707
50799
50710
50707
50941
50911
50811
50821
50750
50747
50962
50891
50839
50834
50794
50737
50777
50698
50791
50750
50737
50827
50799
50734
50618
50668
50883
50776
50687
50674
50723
50653
50770
50759
50743
50777
50750
50777
50738
50723
50620
50615
50784
50939
50837
50821
50789
50776
50810
50766
50859
50881
50909
50725
50819
50738
50710
50645
50713
50752
50729
50645
50789
50836
50812
50767
50757
50761
50775
50793
50755
50774
50708
50602
50668
50598
50446
50453
50540
50838
50719
50525
50561
50669
50561
50676
50650
50481
50643
50733
50562
50551
50661
50636
50689
50774
50931
50763
50800
50748
50736
50675
50639
50539
50583
50735
50807
50743
50669
50583
50581
50654
50687
50612
50559
50647
50711
50673
50621
50580
50727
50668
50558
50577
50733
50521
50494
50576
50775
50675
50634
50665
50605
50626
50682
50649
50686
50660
50751
50703
50728
50465
50497
50643
50510
50513
50554
50499
50444
50495
50391
50535
50639
50656
50551
50501
50537
50521
50395
50412
50507
50693
50545
50549
50554
50693
50600
50630
50429
50466
50570
50515
50606
50733
50799
50775
50829
50873
50719
50654
50725
50654
50760
50619
50639
50680
50709
50793
50663
50742
50834
50760
50826
50817
50646
50675
50680
50584
50547
50655
50421
50593
50641
50740
50541
50481
50495
50556
50455
50553
50643
50695
50753
50619
50615
50437
50659
50599
50647
50533
50748
50559
50525
50545
50643
50731
50717
50567
50733
50655
50684
50591
50663
50689
50735
50615
50619
50623
50551
50423
50439
50616
50324
50447
50625
50599
50668
50659
50633
50515
50523
50483
50418
50626
50437
50583
50536
50598
50739
50862
50709
50731
50688
50418
50450
50413
50551
50621
50718
50753
50605
50528
50588
50527
50445
50475
50493
50607
50515
50490
50402
50495
50523
50423
50587
50554
50524
50492
50537
50445
50425
50443
50389
50365
50409
50449
50321
50408
50315
50431
50509
50411
50242
50462
50589
50639
50507
50495
50559
50685
50647
50297
50257
50361
50352
50333
50391
50306
50230
50267
50369
50594
50635
50451
50311
50347
50607
50499
50337
50433
50480
50545
50477
50313
50349
50383
50476
50311
50107
50169
50367
50395
50439
50417
50184
50363
50411
50357
50427
50402
50318
50388
50411
50388
50263
50115
50335
50409
50292
50263
50253
50275
50179
50190
50169
50249
50402
50446
50324
50255
50207
50249
50398
50462
50455
50417
50507
50463
50301
50298
50279
50336
50387
50499
50468
50395
50353
50484
50471
50379
50417
50467
50548
50470
50597
50259
50212
50347
50465
50311
50321
50447
50422
50435
50489
50423
50360
50336
50274
50221
50328
50247
50357
50396
50325
50197
50162
50064
50267
50339
50477
50327
50278
50344
50253
50402
50299
50327
50195
50228
50339
50430
50384
50191
50164
50334
50289
50343
50355
50273
50401
50318
50433
50535
50604
50526
50425
50375
50316
50377
50505
50461
50328
50518
50623
50421
50406
50473
50409
50399
50233
50254
50303
50417
50371
50394
50407
50425
50375
50413
50335
50271
50507
50479
50319
50315
50309
50194
50167
50231
50331
50351
50268
50239
50467
50535
50277
50263
50437
50356
50273
50378
50151
50263
50369
50433
50376
50291
50367
50345
50478
50374
50390
50285
50372
50375
50341
50336
50360
50305
50425
50338
50293
50211
50263
50391
50325
50335
50295
50326
50508
50355
50351
50287
50321
50288
50448
50251
50185
50321
50406
50196
50075
50123
50019
50172
50153
50198
50309
50458
50208
50111
50118
50192
50199
50139
50195
50215
50154
50289
50195
50320
50415
50339
50354
50230
50279
50331
50297
50249
50243
50332
50320
50398
50233
50045
50062
50131
50255
50227
50329
50248
50189
50322
50191
50277
50187
50016
50041
50195
50225
50057
50166
50119
50213
50209
50111
49975
50070
50098
50136
50229
50077
50147
50039
50053
50197
50233
50199
50078
50083
50028
50127
50239
50283
50005
50009
50060
50220
50207
50028
50303
50211
50195
50159
50189
50229
50085
50148
50183
50199
50104
50095
50177
50085
50045
49996
50083
50220
50150
49973
50066
50143
50180
49987
49927
50124
50107
50109
50042
49937
49980
50067
50167
50312
50133
50141
50069
49967
50087
50151
50190
50043
50014
49946
50037
50181
50171
50045
50004
50116
50042
49961
49906
50123
50019
49919
50064
50099
49889
49900
49848
49859
49893
50034
49837
49831
49851
49977
49919
50009
50114
50125
49997
50109
50065
49910
49866
49771
49943
49890
49985
50079
49930
49919
50063
50271
50488
50503
50311
50557
50606
50683
50569
50477
50595
50458
50363
50407
50463
50409
50415
50345
50431
50448
50341
50367
50333
50329
50310
50259
50233
50243
50300
50322
50369
50477
50341
50365
50245
50312
50238
50327
50470
50360
50431
50246
50263
50251
50371
50280
50255
50099
50171
50281
50307
50307
50262
50223
50274
50273
50246
50280
50357
50390
50241
50309
50407
50371
50242
50337
50276
50191
50297
50331
50173
50328
50323
50169
50113
50053
50056
50142
50176
50160
50183
50246
50327
50335
50346
50317
50352
50353
50303
50321
50395
50180
50073
50178
50239
50364
50283
50287
50343
50175
50233
50343
50234
50098
50174
50082
50046
49965
50137
50065
50043
49995
50083
50193
50063
50114
50319
50163
50087
49830
50105
50233
50246
50187
50252
50197
50153
50180
50207
50140
49961
50151
50116
50199
50063
49985
50070
50133
49983
49949
49822
49903
50047
50219
50059
49919
49965
50190
50281
50191
50172
50093
50117
50185
50250
50202
50120
50279
50016
49972
50085
50284
50056
50020
49907
49974
50108
49948
49800
50183
49943
49933
49965
49911
49953
49943
49847
49945
49997
49849
49865
49793
50107
50091
49975
49960
49915
50073
50137
49951
49791
49881
49881
49758
49989
49990
49958
50028
49799
49871
49923
50023
50018
49986
50000
49923
49964
49832
49808
49878
49954
49999
49944
49900
49853
49793
50039
50086
50064
50071
50028
50045
50045
50044
50039
49845
49931
50046
50089
49977
50015
49956
49833
49899
49976
50008
49964
49961
49862
49832
49867
49895
49701
49879
49857
49772
49827
50015
49992
49989
49878
49947
49895
49834
49839
49837
49848
49807
49738
49861
49793
49815
49857
49981
49932
49982
50009
49873
49974
49949
49885
49986
49853
49893
49945
49809
49861
49973
49889
49902
50011
50015
49977
50037
50106
50015
50007
50018
49965
49862
49805
49909
49849
49853
49723
49810
49815
49845
49837
49841
49767
49778
49827
49855
49845
49787
49821
49755
49709
49688
49777
49769
49813
49754
49717
49734
49845
49986
50073
49771
49604
49762
49850
49881
49973
49809
49788
49835
49934
50058
49991
49795
49881
49973
49907
49771
49706
49839
49983
49817
49767
49852
49727
49745
49816
49719
49640
49605
49704
49931
49955
49969
49799
49667
49749
49871
49917
49860
49709
49672
49673
49803
49956
49669
49599
49619
49563
49575
49551
49617
49611
49817
49923
49788
49751
49851
49744
49669
49660
49569
49756
49727
49741
49672
49707
49603
49700
49585
49589
49703
49727
49751
49690
49711
49867
49706
49494
49558
49677
49622
49644
49580
49570
49685
49653
49513
49620
49707
49622
49561
49479
49501
49473
49655
49879
49820
49803
49745
49718
49787
49711
49545
49592
49695
49681
49705
49623
49610
49516
49520
49656
49865
49895
49582
49535
49608
49565
49407
49445
49556
49627
49674
49572
49639
49650
49591
49790
49719
49695
49555
49590
49541
49673
49797
49741
49585
49722
49601
49627
49629
49679
49627
49614
49679
49615
49535
49715
49650
49635
49560
49759
49731
49678
49593
49489
49739
49779
49573
49643
49554
49727
49773
49793
49788
49617
49720
49765
49485
49621
49617
49685
49724
49751
49577
49505
49552
49668
49636
49535
49611
49623
49709
49591
49453
49473
49492
49406
49456
49531
49629
49385
49533
49703
49697
49815
49546
49479
49661
49504
49626
49575
49593
49664
49583
49572
49621
49663
49455
49479
49681
49627
49746
49827
49598
49779
49673
49675
49687
49815
49936
49699
49569
49815
49775
49734
49659
49570
49772
49747
49757
49906
49783
49879
49657
49667
49671
49645
49965
49729
49521
49535
49591
49701
49599
49529
49657
49636
49513
49524
49693
49599
49629
49589
49532
49568
49609
49689
49620
49695
49525
49555
49627
49656
49542
49538
49547
49633
49657
49520
49467
49541
49880
49653
49470
49503
49493
49637
49643
49675
49671
49495
49507
49528
49628
49583
49639
49692
49894
49847
49737
49582
49715
49689
49611
49630
49405
49487
49511
49456
49513
49521
49513
49527
49512
49315
49365
49409
49504
49408
49384
49255
49378
49385
49277
49369
49491
49399
49412
49340
49573
49694
49441
49570
49487
49441
49483
49479
49497
49450
49423
49439
49417
49543
49498
49543
49525
49511
49437
49487
49415
49278
49484
49532
49248
49483
49284
49266
49431
49358
49615
49481
49393
49633
49391
49529
49500
49543
49736
49553
49443
49400
49409
49432
49427
49480
49419
49407
49536
49472
49450
49366
49309
49519
49368
49298
49261
49191
49174
49289
49483
49264
49227
49403
49485
49409
49279
49438
49433
49473
49527
49507
49315
49289
49355
49363
49422
49407
49502
49427
49203
49190
49247
49134
49095
49211
49158
49179
49391
49248
49187
49391
49423
49386
49263
49437
49210
49163
49325
49290
49365
49456
49405
49425
49315
49441
49324
49261
49339
49151
49143
49239
49211
49277
49238
49233
49262
49303
49138
49188
49270
49287
49378
49327
49221
49062
49063
49235
49133
49181
49247
49365
49320
49155
49323
49183
49272
49223
49343
49272
49175
49197
49219
49231
49263
49153
49036
49243
49371
49397
49303
49211
49380
49513
49450
49471
49435
49287
49225
49361
49365
49320
49429
49467
49356
49217
49364
49367
49515
49530
49399
49497
49315
49310
49368
49279
49351
49370
49403
49295
49314
49213
49371
49303
49245
49485
49325
49336
49271
49193
49379
49345
49282
49409
49391
49339
49351
49293
49306
49275
49283
49415
49495
49255
49151
49327
49367
49331
49359
49263
49151
49121
49105
49199
49267
49206
49329
49480
49488
49383
49317
49367
49307
49310
49247
49170
49333
49159
49195
49191
49112
49195
49196
49214
49147
49211
49371
49411
49433
49274
49137
49115
49227
49370
49361
49187
49286
49347
49330
49299
49200
49272
49220
49222
49297
49077
49071
49164
49151
49237
49211
49127
49197
49119
48991
48995
49191
49174
49207
49257
49135
49106
49099
49187
49319
49154
49151
49019
49305
49399
49287
49221
49141
49149
49267
49288
49217
49151
49051
49128
49129
49223
49103
48966
48956
49129
49235
49151
49239
49191
49141
49090
49209
49182
49184
49161
49068
49223
49239
49285
49169
49088
49105
48981
49164
49093
49031
49171
49011
49013
48997
48909
49160
48945
48856
49067
49213
49177
49133
49095
49195
49145
49092
49079
49137
49159
49268
49135
49092
48951
49154
49066
49063
49277
48963
49051
49164
49234
49136
49077
49095
49123
49227
49113
49009
49204
48967
48993
49010
49049
49273
49207
49304
49145
49102
49121
49001
49170
48999
49069
49172
48985
49132
49059
48979
49020
48955
49163
49142
48972
48870
48903
48935
49059
48927
48921
48934
49081
49108
49077
48846
48907
49101
49155
49075
49003
48898
49026
49137
49150
49131
49114
49209
49045
49034
49150
49227
49031
48974
49351
49467
49495
49457
49373
49396
49277
49365
49501
49247
49238
49399
49374
49351
49374
49495
49317
49367
49329
49258
49217
49323
49269
49273
49185
49224
49287
49218
49179
49240
49277
49445
49303
49123
49105
49325
49235
49289
49120
49165
49317
49214
49219
49157
49094
49244
49279
49156
49231
49234
49199
49164
49127
49273
49328
49116
49233
49241
49181
49181
49312
49293
49255
49299
49221
49250
49465
49191
49253
49140
49271
49257
49335
49272
49251
49190
49175
49138
49063
49087
49175
49231
49161
49107
49030
48961
49212
49176
49297
49225
49170
49177
49287
49331
49111
49125
48889
49085
48982
49097
49083
48960
48965
49023
48913
48905
48899
49169
49207
49114
49027
49091
49225
49143
49285
49279
49143
48990
48810
49021
49071
48999
49038
49035
49044
49025
49093
49151
49097
48991
48963
49023
49051
48783
49009
49136
49032
49114
49103
48954
48965
49057
49038
48905
49197
49071
49033
48991
49116
49159
49153
48986
49095
49007
48969
49007
49072
49061
49062
49120
49189
49015
48994
49015
49079
49069
49147
49069
49123
48981
48988
48997
49116
49069
48905
48945
48892
48826
48906
48807
48937
49039
49034
49151
49081
48937
48975
48889
48903
48919
48950
48921
48881
48986
48795
48978
48948
49006
48946
48999
48993
49053
49141
48927
49013
49169
48911
48931
48961
49009
48967
48784
48952
49011
49149
49127
49079
48867
48937
48904
48911
48998
48916
48873
48943
49031
49135
48868
48860
48954
48783
48941
48871
48846
48936
48835
48842
48724
48710
48851
48850
48955
48929
48883
48909
48860
48837
48919
48804
48844
48934
48959
48823
48847
48790
48757
48651
48755
48721
48743
48843
48724
48923
49059
49049
48919
48943
48991
49084
48907
48833
48933
49095
49077
48911
49033
49100
48983
48931
48927
49099
49014
49019
48967
49027
48937
49018
49044
48879
48817
48772
48901
48991
48959
48961
48952
48928
49029
48933
48963
48921
48857
48830
48858
48977
48949
48825
48816
48794
48917
48825
48919
48811
48843
48999
49068
48979
48911
48923
48922
48963
48792
48824
48935
48830
48840
48924
48650
48835
48929
48987
48979
48959
49087
49090
48973
48939
48897
48914
48893
48996
49018
48975
49023
49143
48765
48719
48703
48803
48941
48902
48864
48747
48877
48921
48823
48836
48881
48821
48770
48672
48670
48753
48839
48771
48935
48817
48781
48716
48693
48766
48718
48721
48879
48977
48784
48736
48879
48809
48937
48868
48935
48818
48783
48849
48813
48930
48906
48800
48748
48780
48740
48699
48820
48709
48683
48779
48765
48746
48687
48700
48863
48743
48768
48700
48740
48774
48796
48756
48675
48743
48590
48686
48690
48671
48727
48726
48690
48851
48662
48835
48805
48659
48661
48835
48649
48588
48447
48438
48577
48619
48819
48927
48623
48596
48677
48549
48518
48607
48679
48614
48629
48577
48617
48719
48819
48721
48750
48708
48629
48508
48648
48657
48625
48597
48518
48535
48639
48738
48656
48602
48689
48736
48549
48553
48533
48601
48604
48715
48467
48436
48593
48592
48599
48605
48653
48677
48547
48537
48568
48510
48612
48476
48537
48666
48686
48580
48559
48751
48577
48573
48508
48505
48544
48494
48393
48513
48695
48491
48410
48460
48537
48523
48557
48594
48516
48529
48597
48717
48629
48601
48519
48597
48587
48700
48664
48566
48455
48456
48450
48555
48585
48475
48420
48671
48785
48785
48773
48871
48853
48743
48739
48949
48872
48886
48679
48599
48796
48815
48801
48819
48734
48632
48751
48759
48727
48861
48896
48647
48653
48569
48487
48571
48695
48727
48691
48664
48606
48746
48747
48588
48572
48461
48549
48591
48769
48716
48555
48692
48766
48569
48502
48585
48591
48651
48561
48729
48855
48772
48755
48727
48683
48797
48727
48454
48564
48657
48823
48701
48639
48713
48714
48704
48770
48737
48578
48597
48684
48776
48775
48503
48514
48600
48623
48704
48647
48480
48509
48457
48631
48728
48630
48602
48689
48772
48644
48595
48575
48527
48695
48715
48657
48511
48581
48435
48407
48620
48645
48679
48714
48579
48513
48537
48656
48697
48631
48471
48439
48575
48645
48604
48486
48588
48509
48819
48681
48555
48639
48503
48444
48534
48649
48535
48587
48639
48653
48616
48461
48471
48497
48578
48591
48634
48725
48739
48573
48431
48561
48597
48499
48469
48595
48589
48418
48341
48588
48562
48545
48623
48483
48656
48621
48423
48434
48569
48666
48698
48700
48547
48570
48549
48456
48607
48529
48664
48583
48621
48485
48511
48420
48439
48441
48433
48428
48557
48567
48661
48712
48669
48527
48391
48594
48706
48567
48595
48439
48425
48428
48569
48570
48534
48511
48472
48535
48491
48501
48479
48559
48509
48361
48473
48447
48465
48488
48224
48191
48418
48557
48448
48631
48635
48599
48397
48419
48347
48445
48542
48490
48385
48487
48247
48306
48439
48403
48417
48401
48363
48364
48394
48427
48341
48302
48318
48168
48232
48295
48321
48303
48353
48321
48465
48515
48250
48327
48409
48464
48521
48524
48393
48265
48456
48205
48269
48423
48403
48461
48521
48581
48568
48678
48702
48581
48639
48725
48658
48593
48463
48555
48608
48643
48543
48577
48593
48388
48459
48516
48477
48367
48560
48443
48440
48463
48361
48461
48444
48363
48319
48381
48492
48425
48226
48177
48359
48419
48397
48373
48429
48537
48357
48409
48188
48201
48357
48418
48457
48465
48548
48570
48458
48489
48565
48595
48449
48555
48533
48354
48429
48690
48618
48485
48388
48436
48305
48378
48324
48230
48319
48362
48499
48463
48285
48294
48219
48235
48420
48317
48263
48260
48463
48581
48533
48497
48557
48597
48522
48578
48413
48265
48303
48431
48233
48366
48451
48390
48503
48425
48349
48520
48462
48390
48434
48455
48441
48481
48427
48407
48464
48477
48492
48398
48310
48275
48203
48227
48364
48354
48382
48259
48397
48452
48383
48281
48355
48367
48393
48378
48244
48299
48279
48075
48259
48425
48263
48219
48365
48384
48447
48411
48281
48343
48313
48258
48357
48591
48433
48325
48234
48330
48334
48139
48246
48231
48216
48301
48212
48275
48345
48211
48301
48431
48343
48228
48277
48366
48272
48234
48255
48351
48240
48205
48318
48238
48263
48323
48205
48163
48222
48317
48331
48253
48432
48367
48218
48214
48170
48323
48271
48187
48235
48311
48235
48247
48309
48360
48247
48241
48449
48386
48466
48363
48091
48081
48202
48208
48185
48317
48275
48177
48255
48206
48159
48285
48399
48351
48431
48231
48273
48328
48347
48260
48238
48275
48233
48197
48301
48292
48213
48219
48155
48175
48140
48151
48155
48154
48384
48328
48125
48221
48171
48275
48251
48126
48143
48188
48097
48233
48366
48126
48006
48287
48218
48202
48263
48239
48186
48285
48355
48591
48677
48721
48549
48512
48603
48591
48473
48545
48692
48705
48560
48508
48711
48682
48537
48503
48531
48575
48575
48485
48615
48626
48474
48463
48502
48451
48625
48544
48626
48605
48506
48567
48575
48621
48633
48402
48425
48536
48631
48562
48585
48663
48554
48565
48605
48542
48574
48531
48495
48446
48479
48526
48533
48419
48510
48411
48384
48444
48357
48310
48297
48534
48485
48480
48370
48461
48451
48471
48464
48543
48490
48397
48494
48489
48365
48410
48489
48490
48392
48316
48287
48411
48329
48337
48385
48463
48451
48380
48251
48351
48397
48337
48419
48345
48493
48445
48332
48422
48439
48316
48435
48377
48504
48425
48277
48237
48405
48471
48276
48321
48464
48401
48391
48236
48311
48353
48572
48161
48047
48191
48259
48233
48286
48179
48375
48324
48295
48228
48223
48306
48365
48401
48261
48078
48205
48262
48229
48335
48407
48295
48298
48339
48546
48399
48131
48111
48157
48241
48147
48107
48251
48407
48194
48186
48219
48285
48451
48284
48351
48265
48299
48291
48029
48094
48187
48189
48300
48331
48362
48187
48170
48160
48103
48178
48193
48231
48239
48215
48079
48132
48213
48127
48434
48397
48373
48381
48278
48207
48221
48183
48107
48112
48255
48176
48218
48195
48214
48058
48029
48013
48083
48112
48175
48231
48301
48029
48107
48281
48351
48287
48253
48199
48051
48119
48123
48215
48298
48164
48122
48263
48251
48177
48232
48150
48326
48326
48279
48237
48199
48199
48245
48147
48201
48292
48123
48125
48204
48247
48247
48316
48131
48143
48179
48087
48006
48095
47969
48213
48296
48100
48147
48197
48177
48114
48175
48125
48099
48207
48151
48147
48176
48181
48351
48406
48439
48351
48361
48311
48333
48318
48328
48310
48249
48204
48280
48252
48087
47965
48167
48151
48145
48077
48138
48257
48242
48116
48115
48165
48318
48385
48377
48223
48206
48244
48401
48399
48342
48233
48125
48086
48276
48206
48369
48309
48123
48269
48322
48207
48209
48313
48165
48095
48224
48198
48253
48139
48088
48206
48151
48155
48055
48097
48239
48281
47973
47873
48087
48085
48328
48096
48100
48161
48173
48168
48231
48337
48111
47938
48003
48194
48172
48125
48020
48059
47884
47972
48229
48099
48087
48057
48101
48225
48138
47859
47833
48037
48108
48331
48235
47940
48008
48092
48037
48089
48037
48048
48109
48054
47966
47829
47783
47933
48016
48131
48219
48159
48155
48062
47909
47936
48057
48119
48007
48147
48140
48077
48167
48169
48143
48025
47933
47944
47981
48124
48096
48121
48151
48145
48001
47908
48107
48196
48049
47982
47943
47964
47848
48005
48245
48216
47947
47952
48077
48119
48008
48065
47909
47849
48001
47916
47818
47719
47882
47905
47739
47758
47886
47861
47837
47969
47779
47767
47929
47912
47914
47912
47845
47823
47965
47989
47962
47864
47895
48112
48039
47949
47914
48005
47919
47811
47860
47978
47961
47958
47893
47960
47981
47863
47923
47766
47829
47906
47888
47865
47805
47854
48001
48063
47931
47899
47812
47830
47695
47637
47737
47874
47815
47845
47825
47910
47872
47838
47929
47913
47934
48043
47959
47825
47855
47855
47849
47933
47875
47853
47847
47767
47863
47810
47911
47765
47767
47850
47645
47734
47906
47841
47789
47871
47837
47811
47795
47784
47890
47902
47975
47811
47895
47846
47855
48003
47803
47837
48005
47999
47985
48001
48170
48303
48239
48275
48120
48127
48084
48327
48229
48245
48217
48282
48247
48197
48059
48223
48208
48217
48047
48096
47996
47960
48115
47995
47975
48108
48065
48039
47935
48043
47946
47919
47878
47909
48059
47991
47971
48010
48129
48085
47883
47895
48025
47956
47923
47901
48163
48050
47887
47940
47953
47984
48129
48097
48048
48065
47990
48055
48178
48175
47895
47878
47957
47916
47899
47968
47849
47806
47931
47955
47991
47991
48127
47887
47943
48063
48095
47884
47877
47854
47847
47959
47807
47985
47988
47943
48065
48015
47883
47911
47926
47943
47951
47999
47829
47855
47928
47935
47971
48067
47981
47988
47914
47901
47849
47848
47797
47896
47832
47843
47945
48040
47936
47747
47780
47812
48005
47934
48020
47931
47869
47893
47770
47923
47924
47886
47689
47629
47751
47801
47817
47803
47829
47789
47573
47666
47664
47797
47820
47654
47681
47823
47738
47810
47729
47701
47921
47874
47829
47899
47927
47992
47912
47855
47799
47938
47840
47799
47918
47825
47799
47754
47622
47695
47748
47839
47844
47869
47789
47801
47610
47699
47911
47797
47755
47693
47794
47917
47939
47863
47649
47695
47576
47623
47727
47687
47723
47791
47815
47788
47837
47771
47815
47709
47802
47855
47703
47765
47792
47688
47608
47707
47584
47723
47769
47809
47821
47726
47647
47684
47559
47663
47669
47708
47679
47799
47745
47809
47768
47572
47722
47687
47653
47762
47787
47739
47688
47530
47664
47667
47847
47843
47663
47647
47631
47737
47731
47627
47562
47627
47648
47603
47565
47647
47635
47716
47863
47632
47668
47700
47659
47703
47710
47673
47630
47739
47612
47419
47607
47782
47728
47827
47828
47951
47827
47780
47831
47767
47825
47770
47728
47872
47841
47923
47837
47703
47850
47804
47946
48011
47763
47756
47872
47930
47780
47895
47852
47833
47905
47802
47609
47717
47884
47790
47825
47824
47801
47733
47629
47589
47748
47676
47681
47703
47660
47813
47727
47796
47782
47719
47795
47829
47944
47959
47873
47756
47697
47657
47757
47887
47830
47621
47585
47687
47664
47606
47699
47798
47911
47857
47670
47727
47701
47751
47663
47615
47819
47793
47690
47778
47739
47791
47607
47609
47719
47758
47752
47868
47767
47673
47765
47763
47783
47681
47814
47803
47683
47715
47603
47598
47543
47644
47455
47455
47644
47651
47778
47760
47768
47761
47693
47657
47559
47635
47535
47643
47571
47723
47756
47757
47634
47741
47700
47679
47705
47752
47631
47587
47707
47644
47807
47690
47735
47757
47747
47525
47528
47527
47857
47888
47707
47570
47629
47591
47635
47679
47663
47544
47623
47601
47671
47498
47575
47599
47555
47468
47370
47645
47526
47351
47603
47610
47367
47682
47575
47405
47579
47501
47555
47675
47661
47691
47521
47378
47477
47536
47581
47515
47487
47593
47582
47522
47535
47431
47455
47559
47615
47451
47595
47543
47469
47582
47523
47489
47511
47422
47321
47372
47527
47421
47399
47393
47495
47615
47601
47433
47349
47307
47466
47510
47468
47503
47515
47465
47586
47458
47556
47588
47604
47603
47573
47458
47630
47501
47653
47795
47649
47409
47385
47237
47307
47423
47535
47475
47465
47523
47638
47575
47375
47438
47351
47363
47388
47387
47555
47519
47418
47370
47352
47404
47514
47486
47545
47539
47595
47476
47349
47539
47487
47522
47747
48049
47911
47939
47984
47941
47925
48039
48068
48053
48025
47927
48051
47979
48041
48059
48013
47983
47955
47933
47939
48102
48003
47964
48029
47999
47995
48059
47944
47737
47826
47889
48041
47958
47906
47941
47837
47844
47901
47681
47879
47850
47753
47703
47751
47839
47795
47695
47747
47791
47841
47814
47711
47830
47928
47900
47983
47967
47769
47810
47761
47628
47643
47551
47739
47835
47804
47923
47719
47647
47735
47799
47761
47793
47761
47767
47727
47765
47753
47775
47726
47623
47839
47751
47757
47847
47795
47663
47879
47870
47859
47865
47785
47822
47761
47775
47705
47721
47535
47632
47626
47639
47631
47599
47585
47658
47699
47620
47752
47641
47576
47641
47608
47629
47559
47628
47599
47595
47482
47594
47601
47575
47677
47806
47756
47320
47351
47633
47777
47658
47486
47527
47679
47638
47583
47558
47549
47343
47351
47403
47462
47518
47539
47538
47546
47487
47557
47460
47515
47569
47631
47735
47645
47479
47542
47614
47615
47616
47477
47425
47566
47589
47401
47420
47391
47497
47516
47411
47537
47506
47430
47605
47649
47525
47428
47477
47508
47533
47524
47573
47593
47593
47479
47423
47590
47589
47657
47572
47461
47636
47696
47535
47543
47562
47599
47427
47559
47615
47565
47575
47611
47503
47505
47521
47465
47439
47415
47326
47362
47498
47311
47273
47479
47757
47617
47539
47495
47395
47487
47427
47440
47517
47461
47544
47579
47553
47491
47506
47339
47535
47431
47158
47257
47505
47576
47493
47378
47509
47509
47575
47463
47349
47367
47332
47349
47249
47401
47433
47326
47415
47343
47513
47409
47229
47339
47445
47365
47339
47387
47283
47307
47352
47495
47533
47521
47343
47578
47675
47476
47559
47464
47371
47453
47372
47372
47513
47609
47454
47541
47732
47591
47627
47629
47663
47577
47591
47616
47613
47639
47521
47504
47447
47526
47597
47625
47492
47329
47349
47360
47507
47417
47499
47399
47237
47299
47449
47494
47508
47500
47405
47405
47485
47510
47444
47343
47409
47459
47479
47380
47317
47537
47451
47255
47392
47672
47502
47359
47391
47435
47591
47607
47519
47287
47447
47429
47378
47469
47492
47348
47399
47510
47511
47487
47403
47417
47433
47464
47521
47618
47559
47297
47386
47510
47371
47279
47353
47383
47343
47433
47308
47363
47341
47308
47332
47288
47252
47285
47463
47287
47221
47379
47277
47399
47437
47521
47399
47294
47336
47311
47205
47361
47479
47365
47368
47371
47452
47415
47474
47412
47244
47357
47390
47375
47231
47281
47250
47295
47222
47142
47307
47245
47221
47375
47317
47409
47461
47451
47343
47335
47382
47272
47135
47107
47319
47421
47425
47215
47111
47199
47127
47101
47241
47437
47333
47177
47014
47169
47261
47249
47148
47229
47263
47221
47182
47239
47119
47178
47134
47201
47297
47243
47153
47124
47143
47216
47059
47183
47296
47241
47191
47086
46934
47049
47149
47228
47181
47061
47037
47053
46952
47047
47182
47228
47183
47267
47366
47047
47134
47413
47436
47203
47121
47131
47124
47273
47185
47101
47257
47270
47105
47034
47151
47186
47327
47191
47109
47103
47135
47095
47161
47281
47327
47103
47247
47223
47299
47231
47210
47093
47159
47188
47279
47278
47270
47211
47169
47109
47143
47189
47129
47103
47088
47215
47167
47252
47245
47229
47194
47159
47070
47268
47337
47227
47174
47316
47505
47383
47287
47483
47413
47315
47395
47237
47277
47417
47443
47406
47402
47356
47389
47584
47580
47412
47327
47236
47266
47335
47425
47284
47199
47334
47288
47279
47383
47303
47271
47147
47071
47223
47269
47173
47305
47231
47236
47158
47127
47165
47215
47191
47517
47441
47291
47372
47285
47285
47285
47385
47482
47445
47334
47253
47273
47229
47213
47195
47349
47284
47468
47549
47353
47368
47417
47331
47179
47350
47439
47287
47197
47207
47287
47263
47475
47411
47229
47319
47265
47359
47281
47196
47337
47284
47363
47228
47244
47475
47369
47263
47297
47389
47307
47283
47314
47327
47151
47079
47058
47106
47196
47169
47185
47098
47085
46988
47178
47193
47119
47250
47313
47351
47317
47174
47263
47251
47255
47292
47275
47198
47155
47231
47238
47169
47375
47393
47288
47265
47077
47111
47127
47105
47102
47103
47103
47155
46987
47079
47150
47235
47247
47055
46869
46996
47159
47113
46994
47103
47053
47073
47255
47204
47050
47035
47041
47130
47106
47330
47259
47109
47123
47189
47228
47125
47170
47160
47231
47140
47174
47081
46944
47042
47225
47084
47069
47025
47166
47218
47036
46860
46859
47091
47126
46988
47043
47105
47059
46923
47079
47207
47125
47125
47089
47074
47180
47124
47159
47067
47199
47221
47005
46902
46965
46990
47103
47139
47028
46969
47029
46884
47120
47103
47040
47029
47049
47101
47007
46973
47017
46984
46863
46894
47082
46972
47092
47153
47116
46912
46846
46904
47033
47011
46920
47095
46891
46863
46871
46822
46967
47023
46980
46877
46941
46911
46908
47172
47064
46968
46825
46791
47009
47025
46908
46953
47041
47174
46933
47000
46999
47161
47217
47331
47227
47318
47267
47151
47114
47101
47205
47195
47054
47006
47191
47079
47032
47087
47140
47255
47103
47159
47265
47157
47116
47079
47236
47275
47231
47259
47299
47080
47141
47161
47105
47169
47173
47223
47333
47277
47000
46910
46894
46948
47016
46955
47146
47121
47163
47152
47189
47144
47093
47131
47074
47102
47077
47047
47011
46967
47101
47031
47001
47015
46973
46889
46911
47120
47267
47248
47225
47269
47247
47261
47130
47034
47185
47095
47052
47026
47031
47039
47054
47165
47135
46977
47057
47044
47143
47203
47083
46999
46873
46801
46905
46980
47113
47110
47107
47075
46926
46847
47039
47002
46919
47142
47095
46959
47035
47038
46900
47031
46983
47088
47149
47011
46921
46836
46871
46915
47062
47181
47051
46852
46883
46997
46961
46944
47079
47010
47028
47054
46969
46908
46924
47045
47064
47133
46985
46917
46846
46899
46897
46969
47127
47211
47097
47127
46977
46971
47088
47041
47022
47000
47053
47166
47061
46823
46951
47037
47210
47263
46981
46849
46987
47031
46969
47037
46888
46967
46855
46778
46852
46801
46653
46661
47077
47029
46844
46945
47001
46989
47011
46825
46888
47003
46962
46890
46919
46905
46893
47030
46801
46761
46725
46799
46811
46791
46871
46923
46967
47073
47071
47068
46950
46872
47002
47054
46765
46873
47184
47099
46947
46891
46925
47115
47007
46952
46807
46948
47034
47046
46945
46863
47009
47017
46897
46843
46735
46834
46803
46833
47063
46785
46871
46919
46825
46819
46739
46719
46815
46703
46899
46862
46873
46911
46872
46846
46911
46865
46926
46779
46887
46794
46870
46873
46903
46762
46757
46854
46864
46737
47243
47363
47414
47259
47295
47535
47498
47447
47331
47219
47199
47224
47431
47565
47395
47379
47317
47309
47283
47379
47564
47601
47239
47391
47359
47323
47241
47269
47314
47331
47220
47263
47311
47183
47130
47181
47213
47226
47373
47280
47140
47199
47288
47188
47370
47271
47356
47189
47049
47186
47393
47256
47111
47204
47544
47436
47037
47167
47232
47155
47136
47328
47219
47133
47145
47119
47203
47191
47200
47241
47219
47113
47109
47147
47176
47115
47018
47139
47135
47169
47123
46999
47017
46951
47093
47103
47122
47032
47027
47043
47044
46907
47093
47008
47054
47074
47042
47220
47117
46929
46815
46979
47009
47141
47061
46992
47121
47025
47016
46915
46991
47107
47103
47014
47015
47083
47015
47084
47052
46990
47039
46959
46847
46903
47054
47023
46945
47059
47016
47101
46996
46986
47097
47039
47014
47031
46990
46920
46890
46847
46816
46914
47115
46911
46975
46911
46937
46925
47071
47071
46844
46829
46902
46945
46861
46792
47003
46927
46847
46909
46914
46968
46909
46805
46953
46833
46889
46943
46810
46949
46959
46924
46941
46882
46825
46799
46823
46903
46937
46735
46699
46854
46931
46789
46859
46799
46950
46913
46758
46755
46746
46855
46824
46857
46903
46856
46719
46758
46712
46727
46732
46917
46909
46983
46917
46884
46683
46657
46766
46722
46752
46855
46649
46750
46680
46713
46735
46626
46821
46815
46759
46799
46810
46773
46709
46750
46839
46750
46651
46807
46814
46883
46907
46757
46692
46757
46616
46580
46755
46895
46824
46783
46869
46905
46794
46897
46911
46910
46941
46789
46835
46847
46807
46563
46783
46908
46898
46789
46830
46775
46859
46975
46945
46919
46786
46882
46915
47029
47079
46967
46977
47006
47063
46847
46965
46875
46947
46843
46846
46895
46984
47007
46993
47024
47034
46923
46846
46825
46871
46951
47007
47071
46945
46875
46863
46938
47051
46891
47035
46915
46813
46987
46951
46830
46768
46676
46903
46957
46939
46822
46885
46818
46859
46897
46712
46952
46881
46986
47019
46826
46798
46786
46771
46875
46811
46690
46663
46772
46819
46692
46778
46887
46959
46882
46891
46879
46959
46999
46907
46971
46875
46886
46777
46759
46731
46640
46741
46739
46794
46661
46598
46804
46698
46772
46805
46807
46812
46973
47022
46813
46663
46816
46828
46703
46709
46666
46726
46563
46628
46731
46769
46639
46633
46797
46621
46751
46665
46806
46653
46595
46533
46672
46885
46874
46859
46683
46727
46889
46791
46823
47000
46764
46673
46770
46868
46699
46643
46735
46637
46704
46827
46841
46802
46663
46587
46630
46583
46710
46717
46679
46623
46699
46786
46796
46745
46715
46738
46928
46880
46836
46633
46648
46721
46687
46679
46557
46531
46734
46768
46579
46590
46709
46823
46755
46531
46594
46735
46697
46600
46621
46679
46706
46639
46651
46650
46617
46617
46785
46715
46589
46553
46762
46647
46495
46753
46752
46765
46705
46723
46637
46721
46551
46587
46754
46513
46645
46669
46580
46669
46639
46726
46695
46645
46703
46570
46699
46864
46541
46597
46698
46522
46682
46550
46659
46722
46591
46541
46509
46646
46648
46641
46655
46527
46615
46599
46567
46591
46471
46519
46522
46545
46515
46623
46607
46495
46530
46481
46641
46809
46487
46633
46513
46462
46535
46675
46711
46514
46699
46711
46574
46573
46612
46727
46850
46807
46742
46703
46735
46791
46780
46737
46911
46919
46713
46605
46639
46653
46681
46665
46707
46762
46753
46684
46640
46921
46993
46951
46937
46821
46823
46841
46827
46789
46652
46843
46929
46769
46853
46825
47041
46842
46911
46850
46545
46665
46823
46819
46717
46631
46816
46679
46600
46692
46752
46728
46686
46687
46729
46821
46922
46659
46779
46808
46695
46584
46660
46844
46805
46743
46711
46668
46521
46591
46661
46697
46711
46765
46702
46667
46609
46716
46663
46833
46647
46530
46855
46805
46839
46827
46680
46591
46693
46763
46687
46693
46659
46689
46574
46627
46734
46720
46649
46707
46721
46599
46585
46707
46709
46696
46631
46607
46476
46483
46513
46557
46761
46705
46526
46570
46609
46398
46545
46625
46657
46724
46599
46730
46715
46710
46718
46641
46671
46583
46447
46409
46663
46504
46433
46599
46657
46487
46711
46745
