32279
32339
32347
32350
32380
32383
32398
32357
32335
32347
32326
32318
32327
32272
32322
32349
32323
32341
32325
32307
32324
32321
32343
32335
32318
32352
32326
32339
32354
32297
32327
32344
32325
32343
32359
32343
32338
32318
32317
32315
32353
32343
32360
32321
32326
32278
32303
32302
32323
32329
32311
32269
32291
32314
32279
32317
32345
32311
32283
32299
32326
32306
32281
32263
32286
32292
32328
32335
32313
32297
32303
32328
32317
32301
32287
32287
32293
32293
32265
32299
32289
32327
32305
32301
32298
32291
32259
32304
32313
32274
32331
32333
32319
32281
32291
32304
32299
32289
32268
32308
32311
32263
32271
32309
32325
32271
32253
32285
32277
32271
32266
32274
32303
32244
32265
32244
32298
32325
32326
32343
32327
32322
32314
32311
32289
32311
32272
32289
32324
32309
32301
32255
32287
32265
32303
32347
32328
32319
32312
32293
32295
32314
32251
32260
32295
32261
32263
32250
32284
32312
32306
32291
32287
32245
32286
32281
32247
32271
32281
32268
32282
32321
32281
32277
32278
32332
32334
32322
32299
32311
32304
32335
32351
32313
32311
32313
32263
32295
32328
32319
32299
32253
32255
32279
32298
32283
32339
32324
32302
32279
32294
32299
32314
32285
32299
32275
32297
32279
32316
32317
32314
32284
32309
32345
32319
32313
32326
32332
32330
32295
32278
32296
32290
32276
32250
32221
32279
32275
32282
32308
32271
32257
32281
32277
32229
32276
32291
32255
32273
32241
32247
32240
32273
32310
32307
32261
32255
32225
32279
32292
32309
32262
32291
32273
32251
32227
32299
32315
32308
32276
32227
32277
32307
32280
32270
32244
32267
32303
32310
32307
32268
32247
32219
32295
32291
32261
32304
32311
32316
32288
32278
32310
32305
32308
32263
32294
32327
32326
32329
32305
32273
32275
32299
32286
32280
32279
32289
32265
32269
32263
32263
32279
32259
32263
32268
32263
32241
32267
32337
32309
32307
32275
32255
32279
32310
32268
32263
32273
32304
32309
32285
32307
32311
32271
32292
32310
32340
32315
32306
32301
32287
32256
32251
32249
32289
32299
32285
32273
32279
32259
32272
32299
32305
32324
32327
32285
32264
32269
32279
32299
32311
32291
32270
32282
32314
32296
32324
32308
32270
32282
32290
32275
32285
32285
32264
32273
32278
32272
32306
32316
32273
32238
32309
32309
32265
32253
32277
32271
32356
32326
32300
32276
32272
32258
32293
32313
32319
32314
32306
32306
32267
32307
32353
32275
32305
32357
32311
32312
32313
32317
32324
32357
32335
32351
32332
32345
32333
32305
32292
32357
32312
32260
32344
32287
32297
32282
32279
32297
32275
32288
32278
32305
32355
32344
32295
32262
32315
32313
32357
32372
32311
32303
32276
32283
32261
32291
32341
32319
32263
32283
32306
32339
32305
32339
32345
32370
32321
32270
32289
32296
32307
32309
32301
32311
32300
32333
32335
32340
32328
32321
32277
32290
32318
32322
32327
32291
32331
32313
32293
32311
32325
32327
32289
32283
32315
32316
32311
32331
32335
32327
32306
32285
32271
32270
32289
32301
32290
32316
32331
32295
32277
32265
32269
32329
32335
32345
32329
32319
32321
32321
32341
32317
32272
32274
32297
32285
32326
32327
32315
32312
32277
32304
32278
32281
32313
32319
32300
32309
32281
32304
32287
32329
32346
32307
32316
32253
32293
32335
32319
32301
32293
32307
32315
32317
32249
32262
32307
32289
32300
32319
32309
32316
32323
32327
32315
32301
32297
32325
32287
32269
32289
32315
32276
32264
32265
32323
32304
32301
32263
32313
32316
32300
32301
32307
32293
32247
32285
32267
32302
32311
32319
32313
32297
32292
32293
32329
32343
32299
32316
32295
32319
32289
32277
32308
32333
32334
32287
32303
32337
32289
32303
32287
32268
32324
32299
32308
32267
32277
32327
32333
32351
32335
32301
32297
32311
32315
32321
32343
32384
32367
32375
32313
32347
32361
32313
32330
32321
32308
32305
32327
32308
32295
32282
32304
32351
32341
32309
32323
32279
32277
32309
32313
32289
32305
32289
32293
32290
32300
32303
32282
32293
32302
32325
32300
32311
32293
32321
32341
32311
32330
32279
32346
32318
32341
32345
32334
32336
32351
32347
32299
32333
32307
32279
32304
32285
32339
32391
32311
32295
32323
32310
32321
32343
32332
32345
32355
32311
32339
32370
32340
32357
32344
32332
32343
32329
32300
32325
32307
32269
32273
32312
32353
32307
32267
32293
32297
32297
32257
32280
32295
32306
32360
32351
32335
32324
32317
32325
32335
32335
32338
32343
32315
32330
32333
32277
32298
32323
32292
32294
32330
32333
32318
32290
32315
32303
32321
32326
32322
32292
32351
32340
32348
32311
32307
32289
32329
32305
32301
32304
32308
32355
32311
32319
32319
32326
32344
32290
32310
32303
32263
32301
32321
32304
32309
32329
32349
32341
32312
32275
32299
32305
32295
32299
32325
32347
32291
32299
32337
32328
32307
32295
32309
32323
32299
32339
32311
32296
32306
32253
32290
32322
32273
32285
32296
32351
32313
32280
32283
32287
32273
32301
32283
32306
32284
32272
32311
32275
32286
32324
32345
32300
32286
32293
32261
32287
32285
32311
32295
32265
32255
32281
32284
32281
32284
32324
32343
32271
32275
32263
32311
32302
32317
32310
32285
32247
32225
32234
32272
32287
32273
32276
32270
32263
32304
32293
32281
32327
32299
32290
32281
32297
32287
32303
32338
32308
32280
32280
32306
32271
32283
32317
32309
32295
32300
32263
32298
32308
32285
32294
32299
32270
32262
32279
32233
32274
32287
32279
32312
32295
32283
32286
32311
32315
32295
32290
32305
32304
32300
32335
32316
32312
32308
32301
32243
32269
32285
32279
32342
32285
32344
32369
32313
32319
32303
32261
32287
32281
32280
32255
32270
32263
32319
32313
32334
32323
32321
32327
32311
32308
32293
32309
32336
32300
32297
32297
32339
32371
32364
32285
32303
32323
32343
32309
32295
32305
32279
32327
32331
32276
32280
32300
32304
32279
32319
32301
32307
32313
32355
32339
32337
32343
32350
32366
32333
32347
32352
32359
32329
32338
32303
32271
32276
32313
32281
32289
32287
32331
32292
32313
32361
32373
32327
32302
32346
32324
32266
32248
32299
32289
32307
32319
32311
32303
32305
32307
32284
32279
32273
32311
32328
32310
32293
32282
32301
32306
32307
32272
32282
32266
32286
32321
32285
32284
32319
32295
32277
32277
32323
32343
32304
32333
32331
32343
32349
32311
32308
32314
32311
32328
32279
32295
32310
32307
32296
32303
32273
32277
32307
32305
32251
32301
32283
32299
32323
32293
32302
32322
32304
32308
32361
32327
32274
32289
32289
32316
32305
32315
32287
32255
32259
32267
32297
32321
32295
32311
32273
32290
32287
32282
32301
32355
32340
32302
32295
32313
32301
32293
32303
32307
32307
32317
32358
32345
32369
32327
32282
32325
32325
32306
32335
32339
32304
32285
32333
32321
32331
32359
32301
32300
32287
32321
32342
32341
32320
32311
32306
32289
32289
32305
32258
32320
32312
32281
32278
32267
32279
32317
32349
32321
32337
32311
32337
32365
32329
32324
32305
32326
32327
32301
32292
32300
32308
32294
32312
32302
32295
32309
32311
32335
32327
32321
32302
32344
32355
32375
32291
32289
32331
32345
32291
32272
32280
32255
32277
32344
32319
32287
32286
32293
32299
32291
32283
32299
32284
32313
32277
32311
32273
32231
32257
32247
32273
32269
32239
32251
32282
32273
32319
32339
32299
32282
32317
32289
32307
32307
32285
32287
32295
32312
32294
32296
32316
32265
32277
32296
32319
32303
32410
32433
32399
32383
32433
32396
32389
32371
32339
32355
32363
32381
32415
32394
32390
32351
32354
32375
32349
32330
32360
32343
32354
32376
32311
32334
32361
32341
32341
32395
32389
32359
32364
32365
32373
32355
32364
32425
32402
32375
32342
32349
32357
32331
32345
32327
32336
32355
32334
32326
32323
32287
32317
32363
32372
32333
32309
32331
32365
32365
32351
32354
32303
32311
32301
32285
32340
32337
32339
32362
32370
32339
32321
32297
32309
32335
32303
32327
32314
32269
32323
32311
32331
32322
32307
32324
32340
32336
32317
32303
32311
32283
32283
32263
32298
32330
32293
32307
32286
32261
32259
32273
32281
32263
32255
32301
32273
32253
32271
32277
32279
32280
32310
32307
32284
32354
32362
32287
32296
32287
32311
32301
32323
32354
32305
32313
32300
32309
32313
32309
32301
32313
32284
32367
32321
32329
32324
32295
32284
32306
32290
32285
32274
32255
32243
32259
32291
32294
32308
32307
32287
32297
32310
32314
32332
32349
32323
32303
32319
32286
32295
32302
32303
32313
32329
32278
32257
32287
32292
32307
32291
32282
32275
32290
32292
32293
32335
32305
32290
32289
32275
32291
32288
32276
32295
32328
32335
32313
32269
32299
32299
32293
32315
32338
32366
32357
32364
32359
32358
32395
32411
32390
32363
32421
32391
32373
32375
32355
32328
32325
32372
32403
32362
32427
32355
32358
32384
32350
32347
32400
32375
32349
32345
32325
32360
32327
32354
32338
32317
32289
32300
32315
32328
32311
32370
32375
32328
32327
32287
32313
32329
32339
32289
32336
32307
32281
32313
32344
32328
32333
32335
32324
32328
32295
32323
32331
32314
32305
32281
32314
32319
32359
32383
32366
32361
32406
32371
32369
32405
32385
32369
32347
32345
32342
32363
32389
32339
32339
32361
32362
32340
32313
32313
32331
32321
32322
32317
32314
32343
32367
32351
32359
32361
32327
32309
32275
32278
32253
32282
32292
32296
32293
32315
32307
32311
32320
32269
32293
32279
32294
32310
32324
32335
32275
32319
32331
32303
32327
32327
32300
32297
32311
32327
32341
32337
32303
32293
32367
32319
32296
32300
32361
32359
32275
32255
32276
32260
32241
32236
32287
32284
32240
32211
32258
32257
32261
32217
32281
32334
32279
32244
32272
32287
32282
32318
32338
32339
32272
32281
32271
32270
32300
32247
32246
32263
32279
32335
32325
32303
32325
32322
32311
32335
32289
32291
32305
32323
32272
32295
32281
32293
32292
32275
32233
32282
32309
32297
32263
32315
32279
32333
32277
32309
32341
32306
32296
32299
32302
32303
32322
32288
32277
32321
32311
32346
32328
32325
32321
32341
32337
32291
32311
32351
32311
32282
32276
32259
32316
32315
32275
32252
32295
32305
32331
32295
32317
32319
32308
32295
32295
32303
32321
32309
32296
32259
32251
32272
32278
32335
32327
32331
32343
32354
32305
32271
32319
32341
32367
32333
32286
32328
32339
32325
32301
32343
32335
32339
32364
32319
32307
32336
32316
32295
32319
32319
32325
32311
32330
32327
32270
32307
32327
32345
32337
32363
32368
32392
32391
32402
32443
32423
32421
32398
32455
32448
32416
32431
32435
32399
32459
32438
32404
32423
32415
32412
32458
32430
32390
32388
32371
32389
32423
32443
32459
32413
32404
32407
32423
32410
32431
32435
32406
32380
32362
32377
32414
32473
32426
32392
32331
32351
32391
32419
32461
32465
32433
32444
32470
32451
32495
32515
32492
32417
32407
32452
32449
32453
32485
32509
32481
32468
32457
32471
32487
32479
32464
32481
32449
32431
32437
32497
32498
32453
32415
32385
32361
32359
32394
32405
32409
32447
32439
32395
32331
32310
32311
32379
32373
32397
32379
32375
32339
32337
32319
32323
32345
32363
32327
32279
32323
32327
32299
32301
32305
32313
32336
32327
32346
32307
32320
32329
32341
32333
32340
32327
32291
32287
32315
32304
32279
32265
32273
32271
32270
32299
32295
32289
32289
32276
32240
32162
32199
32252
32293
32266
32225
32209
32182
32232
32217
32247
32295
32291
32273
32179
32151
32189
32227
32258
32324
32337
32259
32201
32141
32191
32211
32294
32341
32292
32255
32231
32243
32210
32270
32331
32351
32296
32274
32261
32201
32207
32230
32281
32240
32254
32227
32204
32210
32181
32220
32181
32165
32182
32189
32209
32244
32263
32233
32177
32174
32251
32253
32283
32261
32259
32293
32306
32239
32272
32255
32303
32289
32279
32322
32297
32319
32273
32238
32289
32313
32294
32356
32291
32282
32286
32255
32231
32249
32250
32249
32177
32198
32212
32224
32249
32197
32206
32245
32310
32297
32305
32266
32217
32208
32225
32313
32283
32255
32269
32299
32285
32239
32283
32259
32263
32266
32257
32215
32234
32267
32293
32253
32231
32239
32203
32243
32257
32259
32287
32247
32239
32232
32227
32239
32215
32199
32247
32269
32249
32213
32223
32271
32255
32275
32281
32293
32261
32229
32274
32302
32255
32245
32261
32309
32321
32339
32329
32307
32293
32287
32266
32258
32255
32233
32224
32252
32242
32322
32251
32229
32241
32244
32227
32276
32237
32236
32223
32275
32236
32230
32277
32249
32285
32315
32294
32269
32249
32293
32259
32297
32365
32315
32341
32323
32340
32326
32365
32331
32333
32308
32314
32325
32324
32341
32343
32321
32300
32282
32243
32265
32251
32276
32268
32221
32263
32262
32268
32245
32246
32248
32277
32301
32267
32232
32290
32295
32287
32277
32285
32288
32287
32277
32282
32305
32330
32314
32305
32258
32271
32303
32289
32342
32304
32301
32343
32299
32311
32303
32293
32273
32279
32283
32285
32268
32244
32241
32261
32273
32296
32223
32237
32263
32285
32307
32247
32295
32324
32282
32327
32345
32358
32319
32309
32294
32301
32291
32260
32250
32271
32372
32345
32357
32335
32338
32313
32319
32337
32303
32319
32325
32292
32284
32285
32254
32295
32322
32348
32343
32271
32264
32262
32255
32295
32322
32327
32261
32266
32312
32311
32329
32267
32302
32345
32319
32329
32330
32326
32327
32347
32324
32319
32314
32307
32327
32315
32323
32319
32291
32359
32342
32301
32294
32287
32309
32303
32314
32303
32277
32287
32301
32301
32297
32279
32301
32308
32265
32239
32268
32303
32258
32300
32360
32316
32324
32273
32275
32319
32315
32371
32368
32311
32329
32319
32347
32349
32367
32317
32318
32334
32370
32276
32272
32321
32325
32329
32318
32274
32282
32265
32317
32306
32289
32271
32307
32324
32333
32302
32293
32272
32281
32310
32279
32291
32286
32306
32309
32351
32351
32346
32317
32344
32347
32321
32283
32321
32292
32306
32309
32297
32338
32325
32332
32312
32329
32295
32234
32244
32274
32255
32263
32263
32300
32261
32282
32281
32254
32311
32316
32284
32289
32289
32293
32275
32325
32313
32280
32318
32395
32347
32355
32355
32386
32365
32377
32345
32339
32362
32340
32346
32406
32371
32375
32351
32322
32333
32315
32301
32334
32319
32355
32351
32346
32314
32303
32267
32299
32335
32317
32287
32309
32292
32344
32339
32299
32287
32291
32265
32304
32371
32328
32304
32314
32327
32321
32304
32325
32359
32369
32361
32328
32322
32313
32315
32322
32298
32274
32310
32259
32276
32295
32328
32317
32319
32290
32279
32293
32295
32341
32325
32257
32286
32329
32307
32303
32343
32380
32361
32421
32380
32330
32309
32347
32371
32370
32355
32423
32350
32317
32338
32329
32298
32312
32329
32330
32343
32292
32290
32293
32289
32281
32278
32295
32262
32267
32285
32293
32281
32255
32267
32294
32287
32283
32279
32277
32319
32297
32309
32295
32296
32317
32345
32293
32270
32278
32282
32299
32307
32303
32285
32304
32318
32278
32264
32313
32319
32266
32331
32309
32283
32273
32255
32283
32302
32273
32260
32317
32294
32275
32319
32304
32291
32279
32279
32316
32283
32290
32339
32305
32321
32330
32321
32327
32311
32296
32322
32343
32347
32321
32303
32274
32279
32316
32334
32343
32293
32321
32319
32311
32311
32261
32275
32273
32298
32278
32285
32296
32279
32301
32334
32332
32297
32313
32302
32271
32333
32334
32263
32298
32340
32345
32282
32291
32319
32322
32311
32273
32277
32304
32339
32318
32314
32327
32319
32311
32297
32346
32347
32297
32295
32260
32283
32267
32247
32229
32247
32300
32288
32271
32295
32289
32321
32295
32329
32325
32297
32347
32302
32325
32371
32361
32347
32309
32318
32343
32342
32270
32289
32312
32283
32304
32261
32315
32327
32319
32367
32349
32333
32307
32333
32373
32332
32285
32325
32359
32323
32289
32294
32323
32297
32242
32299
32333
32319
32317
32288
32321
32319
32287
32255
32343
32369
32345
32363
32345
32339
32301
32343
32352
32346
32355
32361
32343
32311
32298
32316
32311
32277
32263
32247
32271
32307
32329
32310
32305
32313
32318
32285
32312
32366
32342
32284
32251
32301
32305
32297
32301
32328
32321
32272
32317
32321
32318
32312
32306
32307
32295
32307
32329
32343
32331
32325
32308
32297
32247
32254
32300
32313
32296
32317
32294
32271
32243
32269
32267
32323
32307
32323
32328
32328
32286
32306
32297
32305
32286
32275
32300
32319
32335
32331
32352
32351
32354
32296
32267
32283
32323
32343
32313
32278
32381
32300
32276
32319
32343
32294
32255
32311
32342
32297
32279
32280
32339
32357
32301
32293
32249
32273
32323
32301
32293
32324
32312
32251
32281
32297
32311
32285
32283
32340
32287
32274
32345
32361
32357
32371
32369
32347
32367
32322
32330
32297
32319
32349
32323
32329
32311
32279
32325
32311
32315
32296
32289
32293
32309
32283
32313
32314
32288
32311
32318
32302
32276
32273
32281
32309
32335
32326
32285
32309
32317
32311
32297
32280
32301
32319
32317
32348
32387
32338
32274
32262
32303
32342
32351
32292
32317
32323
32344
32363
32319
32315
32319
32335
32362
32345
32301
32293
32314
32327
32329
32341
32303
32286
32297
32313
32313
32307
32316
32308
32318
32351
32355
32335
32303
32327
32335
32335
32311
32279
32297
32341
32343
32313
32340
32335
32299
32319
32316
32318
32305
32273
32269
32317
32319
32263
32247
32305
32323
32319
32312
32302
32319
32255
32282
32321
32309
32312
32262
32255
32307
32335
32351
32358
32333
32323
32304
32314
32351
32370
32347
32349
32353
32321
32337
32321
32327
32311
32333
32339
32308
32301
32325
32279
32291
32311
32294
32327
32319
32306
32313
32331
32371
32355
32305
32301
32307
32323
32319
32345
32311
32288
32347
32332
32301
32265
32335
32336
32343
32328
32297
32287
32331
32334
32325
32361
32365
32310
32333
32361
32348
32343
32311
32291
32313
32249
32280
32343
32340
32323
32327
32285
32301
32315
32315
32335
32291
32279
32346
32327
32327
32305
32297
32360
32384
32339
32339
32343
32325
32331
32326
32302
32343
32339
32337
32337
32347
32329
32298
32300
32331
32270
32311
32338
32269
32257
32285
32294
32282
32280
32266
32312
32309
32293
32265
32290
32270
32309
32343
32329
32311
32310
32293
32289
32335
32344
32313
32275
32307
32311
32359
32315
32321
32325
32311
32332
32333
32295
32269
32304
32329
32312
32310
32287
32313
32339
32313
32302
32305
32331
32351
32351
32326
32331
32288
32325
32313
32313
32295
32263
32287
32303
32318
32313
32280
32302
32322
32309
32287
32287
32285
32272
32339
32319
32301
32312
32283
32271
32336
32286
32275
32327
32331
32313
32324
32291
32311
32332
32330
32322
32335
32307
32291
32287
32265
32263
32305
32342
32362
32310
32279
32301
32319
32301
32308
32353
32311
32286
32339
32347
32337
32316
32327
32321
32323
32330
32380
32368
32405
32433
32379
32347
32374
32319
32311
32327
32371
32347
32355
32295
32247
32255
32255
32255
32315
32295
32317
32339
32307
32251
32285
32317
32260
32260
32316
32282
32274
32319
32361
32340
32305
32291
32296
32283
32267
32275
32349
32335
32316
32341
32339
32381
32313
32341
32377
32383
32343
32330
32349
32339
32342
32317
32349
32337
32326
32351
32403
32340
32326
32351
32336
32321
32343
32338
32325
32349
32321
32295
32327
32327
32333
32342
32343
32341
32337
32342
32355
32341
32345
32362
32349
32344
32305
32300
32335
32367
32376
32333
32332
32335
32337
32333
32327
32333
32343
32301
32277
32293
32266
32285
32311
32328
32315
32289
32331
32336
32305
32255
32323
32343
32343
32351
32337
32295
32319
32322
32294
32322
32331
32295
32343
32335
32290
32301
32295
32311
32314
32319
32313
32288
32315
32331
32312
32311
32299
32291
32345
32308
32298
32281
32234
32245
32276
32223
32231
32279
32243
32236
32291
32332
32328
32303
32307
32311
32319
32293
32281
32292
32333
32297
32317
32335
32351
32312
32321
32336
32295
32273
32298
32323
32338
32311
32277
32279
32317
32327
32297
32268
32274
32277
32279
32295
32262
32261
32300
32257
32287
32275
32262
32307
32294
32320
32353
32359
32311
32311
32326
32341
32343
32359
32355
32318
32285
32288
32305
32291
32303
32247
32275
32295
32274
32265
32249
32261
32273
32268
32269
32226
32268
32290
32298
32253
32265
32282
32263
32283
32317
32307
32261
32257
32262
32300
32275
32273
32255
32311
32299
32312
32309
32319
32322
32301
32299
32329
32321
32308
32323
32359
32317
32281
32305
32267
32337
32357
32374
32386
32324
32289
32323
32280
32259
32284
32298
32262
32268
32281
32261
32265
32322
32312
32326
32342
32309
32313
32269
32272
32298
32294
32287
32304
32331
32297
32304
32328
32345
32333
32293
32231
32231
32305
32285
32309
32262
32277
32313
32287
32242
32299
32292
32279
32283
32289
32283
32314
32311
32393
32382
32312
32326
32375
32413
32400
32377
32368
32375
32389
32358
32383
32362
32377
32375
32415
32408
32399
32373
32368
32394
32407
32376
32396
32381
32359
32379
32410
32360
32361
32363
32365
32344
32319
32328
32302
32314
32390
32373
32319
32332
32335
32305
32301
32323
32289
32280
32309
32337
32347
32378
32333
32335
32375
32424
32420
32357
32366
32349
32353
32355
32361
32364
32368
32368
32329
32371
32334
32346
32394
32371
32315
32351
32305
32339
32315
32333
32358
32321
32307
32308
32319
32297
32309
32321
32356
32360
32298
32303
32314
32328
32339
32295
32315
32323
32341
32343
32346
32321
32355
32355
32323
32314
32323
32318
32357
32371
32377
32311
32293
32246
32246
32296
32267
32247
32258
32303
32302
32278
32299
32303
32283
32273
32269
32263
32287
32291
32315
32295
32307
32293
32299
32268
32294
32358
32315
32308
32278
32301
32301
32311
32294
32325
32291
32317
32345
32312
32295
32313
32303
32296
32341
32313
32303
32304
32323
32295
32279
32316
32335
32321
32319
32305
32285
32289
32327
32316
32334
32328
32322
32286
32282
32303
32308
32313
32346
32323
32355
32307
32322
32303
32309
32294
32319
32342
32327
32316
32344
32301
32301
32271
32303
32311
32309
32286
32308
32295
32298
32273
32298
32287
32269
32266
32279
32317
32291
32253
32319
32295
32289
32265
32279
32288
32301
32261
32301
32317
32319
32346
32325
32282
32245
32258
32275
32323
32302
32324
32300
32293
32297
32344
32333
32307
32274
32297
32266
32293
32293
32299
32285
32279
32269
32303
32299
32297
32302
32273
32303
32301
32292
32303
32289
32303
32271
32295
32320
32336
32373
32330
32303
32314
32361
32300
32311
32348
32383
32308
32271
32286
32327
32331
32330
32371
32321
32294
32331
32375
32353
32332
32335
32338
32373
32351
32323
32338
32335
32340
32343
32379
32363
32371
32373
32393
32358
32342
32333
32337
32355
32389
32329
32334
32370
32407
32335
32358
32375
32392
32419
32391
32373
32367
32351
32393
32383
32407
32409
32452
32420
32399
32415
32393
32357
32425
32429
32405
32392
32403
32455
32445
32439
32438
32457
32486
32465
32481
32463
32432
32486
32450
32457
32475
32446
32495
32513
32529
32446
32425
32508
32503
32503
32484
32483
32459
32492
32477
32471
32458
32513
32502
32511
32470
32507
32503
32504
32527
32519
32515
32514
32509
32533
32568
32579
32583
32579
32583
32585
32599
32666
32553
32547
32575
32547
32556
32534
32531
32541
32491
32511
32515
32518
32527
32520
32527
32514
32471
32465
32513
32491
32484
32481
32460
32463
32489
32435
32459
32471
32485
32448
32445
32452
32443
32440
32479
32505
32493
32526
32535
32490
32473
32471
32382
32381
32408
32371
32325
32327
32305
32282
32344
32330
32271
32277
32269
32282
32295
32283
32319
32325
32291
32263
32279
32267
32235
32241
32232
32245
32221
32223
32226
32221
32297
32297
32318
32367
32317
32305
32338
32308
32307
32274
32279
32305
32289
32310
32275
32188
32201
32174
32219
32220
32167
32165
32152
32246
32292
32327
32259
32226
32233
32225
32257
32177
32150
32165
32148
32189
32195
32203
32229
32247
32224
32237
32255
32226
32281
32284
32301
32307
32329
32323
32322
32309
32318
32255
32237
32215
32157
32149
32201
32213
32244
32215
32237
32203
32279
32241
32209
32191
32196
32213
32224
32229
32261
32246
32249
32229
32183
32206
32189
32211
32207
32241
32236
32272
32327
32329
32359
32353
32350
32340
32280
32254
32295
32287
32279
32272
32267
32274
32254
32210
32169
32237
32255
32244
32211
32195
32219
32222
32221
32291
32301
32247
32233
32254
32240
32238
32180
32172
32151
32172
32157
32221
32239
32231
32226
32277
32255
32292
32269
32262
32235
32261
32309
32301
32323
32260
32292
32219
32177
32244
32278
32238
32245
32249
32269
32327
32351
32306
32255
32284
32337
32342
32288
32305
32340
32311
32277
32273
32291
32284
32247
32271
32243
32279
32255
32251
32267
32246
32265
32306
32321
32278
32234
32297
32335
32294
32266
32277
32257
32223
32241
32229
32237
32236
32246
32261
32260
32257
32227
32267
32278
32302
32228
32278
32249
32279
32267
32305
32289
32281
32245
32235
32242
32191
32242
32224
32259
32289
32317
32340
32331
32306
32289
32295
32343
32335
32337
32321
32283
32251
32277
32295
32241
32251
32273
32227
32241
32263
32254
32281
32266
32223
32326
32372
32353
32269
32247
32268
32251
32240
32301
32289
32260
32227
32277
32279
32274
32215
32252
32301
32296
32311
32299
32299
32315
32321
32318
32289
32306
32332
32315
32269
32266
32259
32291
32295
32308
32294
32295
32319
32289
32303
32304
32311
32322
32343
32310
32311
32327
32327
32255
32294
32313
32287
32278
32287
32269
32301
32308
32323
32350
32347
32307
32347
32313
32324
32367
32350
32335
32311
32343
32313
32276
32282
32309
32287
32247
32255
32269
32299
32291
32327
32265
32291
32319
32315
32295
32315
32327
32366
32315
32311
32321
32311
32327
32311
32309
32293
32343
32313
32362
32400
32351
32297
32353
32408
32382
32323
32335
32361
32353
32339
32311
32314
32358
32303
32263
32313
32372
32313
32316
32331
32333
32345
32348
32319
32338
32341
32345
32341
32342
32337
32294
32327
32311
32289
32303
32304
32289
32295
32263
32270
32280
32329
32311
32293
32332
32301
32318
32325
32282
32341
32329
32327
32331
32315
32319
32329
32343
32352
32333
32313
32317
32297
32269
32264
32305
32321
32358
32327
32312
32345
32348
32303
32283
32278
32311
32325
32289
32304
32310
32322
32373
32317
32335
32349
32352
32333
32351
32358
32333
32321
32341
32345
32323
32351
32341
32317
32305
32350
32343
32328
32349
32349
32320
32291
32279
32283
32311
32315
32309
32328
32360
32294
32326
32359
32327
32307
32295
32305
32299
32312
32347
32325
32335
32318
32336
32288
32274
32280
32277
32335
32299
32343
32348
32316
32306
32289
32247
32265
32301
32307
32313
32283
32263
32297
32279
32271
32271
32319
32343
32317
32291
32299
32338
32311
32290
32258
32262
32276
32297
32283
32309
32301
32295
32269
32280
32293
32293
32297
32325
32307
32305
32296
32336
32307
32254
32233
32305
32279
32291
32255
32295
32295
32313
32327
32267
32263
32302
32325
32312
32327
32287
32294
32344
32324
32295
32302
32337
32295
32287
32275
32325
32289
32305
32302
32319
32373
32355
32327
32328
32279
32285
32319
32323
32303
32340
32377
32327
32311
32299
32295
32270
32261
32327
32288
32269
32265
32281
32287
32303
32327
32333
32305
32338
32327
32341
32335
32339
32311
32301
32295
32319
32313
32325
32316
32315
32309
32344
32345
32351
32351
32308
32343
32383
32389
32359
32359
32345
32341
32374
32316
32325
32313
32355
32361
32427
32401
32406
32405
32441
32428
32426
32426
32404
32414
32420
32441
32405
32407
32355
32379
32379
32394
32364
32371
32388
32400
32378
32359
32389
32410
32393
32379
32419
32410
32383
32368
32368
32375
32346
32338
32353
32376
32371
32335
32371
32352
32366
32363
32343
32377
32345
32343
32369
32351
32364
32383
32360
32345
32391
32428
32378
32399
32369
32385
32383
32373
32350
32392
32403
32407
32392
32367
32375
32369
32368
32333
32381
32389
32351
32365
32359
32317
32307
32311
32278
32319
32342
32368
32359
32353
32385
32375
32394
32341
32338
32329
32346
32294
32329
32366
32351
32369
32391
32340
32285
32325
32357
32375
32352
32307
32335
32424
32409
32344
32347
32343
32370
32407
32368
32360
32404
32371
32332
32307
32305
32321
32336
32351
32379
32369
32333
32327
32300
32333
32331
32333
32349
32343
32298
32335
32360
32336
32359
32351
32325
32320
32315
32351
32378
32333
32385
32383
32337
32339
32349
32369
32378
32353
32345
32329
32319
32343
32316
32319
32329
32345
32347
32327
32317
32329
32302
32306
32327
32305
32311
32309
32319
32318
32299
32285
32339
32338
32315
32314
32310
32321
32339
32295
32313
32344
32352
32296
32334
32329
32345
32358
32333
32359
32367
32299
32345
32371
32316
32327
32307
32349
32349
32319
32303
32348
32351
32303
32335
32345
32373
32346
32344
32301
32271
32346
32364
32333
32343
32355
32333
32315
32317
32350
32350
32298
32313
32333
32365
32341
32294
32278
32354
32350
32343
32329
32313
32306
32289
32278
32309
32296
32279
32295
32308
32313
32274
32269
32302
32319
32325
32363
32347
32303
32309
32341
32289
32302
32329
32303
32341
32365
32361
32316
32337
32302
32313
32347
32360
32353
32377
32337
32315
32302
32291
32312
32272
32267
32263
32309
32319
32326
32348
32328
32316
32263
32259
32301
32305
32287
32301
32281
32283
32295
32289
32306
32299
32303
32293
32316
32307
32298
32287
32335
32348
32317
32305
32329
32315
32313
32323
32303
32309
32301
32305
32309
32313
32284
32297
32294
32292
32300
32287
32307
32309
32292
32248
32290
32327
32295
32309
32329
32325
32311
32337
32366
32375
32383
32345
32347
32353
32339
32281
32327
32340
32324
32343
32402
32388
32348
32334
32355
32335
32403
32369
32338
32349
32354
32334
32359
32353
32301
32329
32271
32339
32327
32287
32263
32261
32271
32295
32326
32333
32336
32329
32281
32292
32329
32308
32302
32356
32336
32301
32303
32299
32305
32305
32329
32344
32343
32345
32344
32316
32357
32353
32299
32312
32339
32343
32348
32327
32291
32275
32296
32280
32293
32311
32325
32324
32321
32335
32285
32277
32337
32319
32327
32315
32314
32307
32292
32306
32327
32311
32309
32281
32337
32345
32344
32322
32323
32319
32312
32281
32302
32304
32317
32345
32311
32337
32371
32313
32323
32318
32301
32257
32313
32299
32333
32324
32295
32265
32281
32278
32326
32327
32351
32359
32346
32361
32335
32343
32343
32339
32309
32304
32362
32366
32319
32308
32331
32338
32319
32352
32287
32341
32322
32325
32339
32327
32313
32331
32300
32262
32247
32247
32268
32293
32291
32331
32325
32335
32327
32319
32346
32335
32340
32319
32309
32315
32330
32309
32291
32298
32333
32343
32330
32351
32343
32351
32313
32336
32299
32303
32302
32346
32333
32375
32335
32303
32318
32312
32306
32329
32359
32347
32360
32312
32324
32358
32355
32325
32293
32319
32327
32325
32349
32333
32298
32321
32323
32335
32387
32389
32378
32359
32403
32379
32371
32385
32359
32370
32355
32401
32359
32345
32374
32431
32455
32428
32355
32358
32423
32393
32334
32363
32346
32361
32346
32357
32327
32321
32303
32296
32299
32272
32309
32323
32329
32354
32395
32415
32383
32351
32365
32343
32351
32340
32345
32329
32339
32331
32333
32319
32351
32361
32342
32342
32364
32400
32397
32383
32376
32356
32347
32367
32320
32345
32394
32367
32363
32389
32367
32357
32330
32350
32318
32285
32314
32295
32296
32376
32329
32335
32319
32335
32340
32333
32340
32347
32357
32359
32358
32376
32357
32395
32341
32412
32334
32330
32369
32360
32342
32355
32357
32399
32355
32361
32356
32362
32363
32363
32351
32379
32320
32324
32335
32308
32335
32304
32318
32321
32313
32317
32273
32332
32327
32339
32339
32369
32360
32390
32381
32376
32355
32370
32399
32390
32357
32323
32335
32361
32376
32315
32337
32305
32344
32343
32356
32336
32323
32311
32324
32327
32321
32319
32327
32285
32296
32282
32305
32307
32344
32327
32338
32332
32305
32311
32271
32293
32313
32367
32355
32298
32309
32329
32336
32311
32323
32349
32356
32335
32344
32341
32327
32302
32281
32325
32317
32325
32325
32338
32301
32325
32281
32313
32339
32352
32357
32303
32326
32371
32353
32351
32329
32363
32289
32279
32287
32322
32399
32365
32355
32346
32345
32298
32279
32272
32303
32301
32320
32309
32288
32313
32337
32325
32367
32304
32312
32328
32338
32327
32340
32303
32349
32306
32246
32237
32263
32305
32263
32303
32329
32357
32333
32313
32340
32378
32363
32367
32398
32359
32358
32353
32359
32373
32393
32407
32383
32399
32379
32419
32407
32389
32389
32383
32409
32384
32366
32369
32367
32316
32313
32338
32318
32343
32356
32327
32328
32351
32387
32341
32323
32323
32323
32305
32349
32306
32332
32353
32328
32316
32334
32289
32282
32328
32356
32343
32390
32345
32361
32334
32341
32343
32334
32353
32327
32304
32339
32304
32328
32333
32303
32301
32331
32337
32311
32333
32273
32240
32306
32283
32313
32271
32310
32303
32296
32311
32295
32335
32310
32321
32311
32342
32321
32339
32339
32311
32311
32307
32285
32310
32307
32339
32303
32285
32319
32351
32281
32258
32303
32241
32313
32254
32235
32281
32315
32272
32271
32286
32265
32293
32263
32303
32270
32301
32311
32277
32249
32300
32301
32290
32312
32308
32295
32296
32276
32289
32287
32287
32310
32327
32357
32331
32269
32301
32314
32350
32341
32340
32300
32331
32307
32294
32293
32311
32370
32341
32310
32293
32264
32278
32299
32318
32321
32305
32293
32301
32317
32312
32305
32330
32316
32341
32375
32337
32334
32314
32298
32275
32280
32325
32329
32300
32285
32263
32283
32262
32327
32315
32295
32288
32311
32321
32290
32268
32259
32308
32291
32290
32314
32295
32323
32339
32326
32263
32251
32304
32336
32301
32309
32325
32329
32228
32274
32329
32309
32342
32347
32356
32333
32311
32309
32327
32293
32280
32335
32295
32329
32312
32332
32336
32335
32365
32320
32299
32271
32284
32308
32269
32283
32331
32323
32301
32309
32311
32279
32295
32291
32335
32340
32335
32359
32368
32343
32335
32326
32368
32350
32309
32274
32300
32310
32303
32297
32313
32333
32366
32383
32392
32426
32413
32435
32380
32333
32369
32403
32395
32402
32359
32373
32404
32351
32335
32337
32383
32348
32367
32387
32423
32383
32347
32333
32340
32371
32321
32337
32383
32377
32355
32347
32359
32341
32337
32339
32362
32395
32333
32348
32359
32335
32340
32359
32325
32321
32356
32321
32331
32306
32320
32316
32371
32361
32335
32336
32309
32311
32321
32299
32297
32325
32351
32360
32325
32381
32325
32355
32377
32376
32369
32349
32301
32304
32344
32395
32352
32330
32358
32315
32335
32399
32375
32344
32383
32360
32385
32343
32308
32329
32297
32287
32294
32277
32301
32339
32311
32288
32270
32285
32310
32358
32313
32319
32351
32347
32327
32338
32340
32338
32377
32327
32331
32367
32367
32407
32347
32336
32323
32330
32346
32324
32375
32339
32271
32304
32321
32328
32325
32309
32288
32333
32288
32271
32298
32340
32295
32261
32359
32340
32314
32289
32319
32292
32301
32301
32339
32327
32328
32341
32335
32337
32311
32315
32301
32296
32349
32342
32346
32343
32370
32336
32305
32304
32313
32314
32327
32294
32259
32273
32279
32268
32276
32318
32319
32319
32300
32277
32332
32318
32237
32225
32273
32279
32283
32317
32319
32311
32371
32323
32334
32324
32311
32311
32308
32273
32263
32299
32323
32386
32371
32335
32279
32319
32294
32293
32302
32314
32329
32261
32335
32341
32362
32304
32270
32299
32280
32327
32359
32288
32317
32291
32319
32304
32300
32328
32313
32347
32335
32309
32304
32313
32337
32351
32343
32314
32304
32321
32303
32295
32269
32313
32346
32295
32287
32331
32318
32317
32297
32305
32283
32271
32313
32310
32261
32314
32343
32326
32284
32296
32306
32306
32297
32297
32333
32360
32349
32319
32337
32360
32376
32325
32318
32342
32328
32327
32364
32398
32387
32373
32340
32333
32373
32351
32367
32344
32306
32337
32361
32345
32359
32391
32382
32356
32311
32312
32349
32280
32312
32322
32355
32325
32318
32317
32285
32299
32311
32351
32304
32276
32331
32347
32307
32346
32360
32348
32335
32367
32373
32350
32327
32350
32351
32353
32335
32306
32282
32318
32295
32303
32343
32377
32376
32352
32299
32285
32310
32327
32319
32309
32325
32319
32275
32311
32351
32305
32294
32307
32311
32337
32370
32343
32311
32322
32323
32329
32317
32325
32312
32311
32297
32333
32350
32348
32359
32368
32362
32343
32333
32350
32307
32279
32339
32317
32326
32347
32319
32345
32313
32327
32367
32345
32329
32331
32368
32354
32325
32351
32339
32332
32328
32311
32324
32296
32297
32287
32291
32319
32312
32291
32310
32334
32299
32317
32313
32314
32310
32296
32305
32307
32347
32336
32331
32299
32295
32347
32337
32341
32303
32317
32345
32333
32303
32334
32325
32279
32319
32297
32335
32345
32335
32337
32329
32344
32305
32315
32321
32287
32319
32381
32327
32319
32333
32325
32318
32323
32311
32337
32335
32359
32331
32305
32351
32349
32361
32318
32335
32345
32333
32345
32315
32338
32343
32386
32359
32327
32318
32355
32337
32335
32343
32323
32349
32356
32343
32369
32381
32354
32365
32364
32361
32356
32287
32328
32323
32317
32367
32329
32333
32345
32343
32336
32327
32294
32346
32360
32361
32338
32283
32283
32340
32308
32286
32305
32309
32327
32333
32333
32363
32363
32333
32318
32321
32307
32279
32314
32325
32302
32343
32324
32271
32287
32340
32367
32339
32308
32359
32379
32356
32361
32333
32311
32292
32306
32289
32293
32324
32317
32364
32354
32349
32377
32349
32369
32359
32375
32342
32312
32297
32322
32349
32345
32336
32355
32365
32383
32361
32340
32339
32352
32302
32291
32299
32319
32338
32335
32313
32295
32307
32321
32334
32316
32346
32377
32375
32343
32303
32345
32327
32344
32319
32289
32280
32289
32311
32297
32282
32272
32255
32284
32310
32321
32341
32305
32311
32281
32319
32302
32339
32334
32326
32323
32343
32314
32275
32303
32326
32322
32344
32333
32358
32319
32330
32319
32351
32311
32287
32337
32365
32345
32335
32303
32281
32326
32345
32327
32329
32343
32307
32288
32329
32380
32325
32321
32299
32319
32369
32347
32319
32361
32328
32279
32337
32342
