32670
32639
32649
32704
32719
32771
32784
32730
32643
32551
32492
32445
32424
32435
32465
32480
32441
32401
32331
32296
32287
32327
32376
32415
32397
32399
32393
32389
32395
32380
32413
32450
32490
32519
32499
32435
32362
32273
32187
32150
32157
32184
32239
32281
32323
32364
32391
32449
32483
32554
32553
32549
32509
32487
32499
32509
32536
32557
32591
32648
32718
32811
32873
32902
32926
32928
32887
32877
32866
32914
33009
33069
33087
33059
33024
33024
33009
33001
32941
32848
32752
32673
32687
32678
32665
32608
32597
32564
32579
32575
32579
32567
32565
32577
32574
32569
32499
32433
32390
32396
32417
32423
32421
32401
32411
32407
32400
32378
32373
32389
32390
32403
32404
32417
32407
32436
32453
32439
32389
32359
32339
32336
32367
32354
32269
32219
32187
32213
32263
32319
32361
32403
32423
32463
32527
32583
32665
32697
32729
32696
32669
32621
32615
32638
32681
32726
32759
32825
32913
32975
33003
33003
33009
32981
32967
32976
32967
32935
32912
32879
32863
32838
32823
32806
32811
32823
32779
32730
32643
32575
32535
32532
32520
32533
32517
32545
32577
32604
32621
32593
32548
32479
32455
32431
32411
32399
32342
32299
32300
32347
32385
32418
32473
32507
32477
32433
32373
32335
32313
32300
32308
32317
32303
32298
32303
32339
32385
32398
32379
32337
32314
32315
32311
32295
32307
32333
32404
32461
32535
32603
32681
32768
32823
32835
32806
32797
32756
32734
32724
32747
32776
32830
32881
32916
32966
33021
33060
33087
33098
33067
32991
32914
32839
32820
32827
32823
32772
32769
32767
32757
32738
32688
32619
32585
32527
32486
32494
32499
32525
32527
32513
32488
32506
32484
32486
32533
32545
32503
32421
32351
32290
32263
32251
32255
32284
32346
32415
32445
32461
32432
32381
32359
32338
32343
32313
32250
32227
32221
32231
32246
32235
32289
32330
32363
32431
32461
32473
32443
32441
32445
32493
32552
32589
32639
32711
32789
32836
32871
32891
32927
32931
32961
32971
32945
32932
32911
32906
32907
32890
32903
32947
33007
33015
33039
33009
32988
32915
32850
32781
32737
32675
32592
32563
32553
32570
32569
32586
32593
32585
32555
32503
32483
32483
32463
32417
32391
32379
32386
32393
32425
32457
32469
32453
32413
32391
32312
32263
32194
32171
32173
32187
32222
32287
32371
32439
32473
32478
32457
32403
32317
32299
32289
32289
32239
32231
32265
32304
32385
32461
32553
32635
32695
32747
32724
32679
32625
32633
32695
32739
32806
32895
32958
32981
33001
32997
32993
32989
32976
32931
32937
32900
32872
32842
32847
32883
32923
32945
32989
32979
32919
32861
32778
32695
32622
32587
32523
32507
32499
32523
32507
32491
32471
32477
32461
32435
32435
32425
32389
32355
32314
32311
32355
32385
32407
32435
32409
32397
32397
32359
32334
32295
32271
32291
32287
32263
32255
32265
32313
32334
32383
32438
32459
32463
32453
32470
32436
32427
32408
32421
32455
32456
32439
32463
32437
32417
32579
32759
32858
32966
32847
32859
32900
32906
32889
32839
32808
32839
32865
32921
32983
32950
32871
32877
32931
32919
32798
32877
32871
32755
32735
32711
32696
32759
32791
32807
32775
32655
32573
32564
32521
32309
32189
32266
32411
32515
32419
32325
32365
32435
32418
32522
32540
32546
32565
32551
32415
32295
32232
32219
32275
32415
32468
32501
32435
32299
32289
32374
32407
32476
32404
32309
32419
32478
32371
32309
32299
32433
32617
32759
32653
32500
32371
32487
32591
32636
32489
32367
32455
32622
32829
32843
32716
32681
32759
32976
33181
33131
32834
32647
32613
32701
32938
33055
33003
32946
32925
32938
32937
32770
32587
32550
32618
32695
32789
32847
32714
32635
32579
32573
32596
32607
32519
32498
32445
32461
32472
32481
32457
32431
32437
32431
32421
32407
32375
32345
32427
32487
32530
32585
32499
32399
32313
32279
32223
32273
32350
32397
32400
32493
32517
32415
32331
32265
32297
32470
32588
32623
32583
32496
32516
32546
32487
32401
32364
32371
32608
32716
32667
32614
32567
32606
32685
32783
32794
32776
32809
32795
32791
32893
32906
32942
33046
33031
32997
32950
32861
32800
32863
32833
32858
32807
32769
32679
32640
32662
32719
32738
32726
32727
32732
32656
32559
32477
32397
32367
32476
32448
32447
32494
32505
32505
32547
32424
32284
32219
32229
32173
32245
32311
32384
32544
32622
32603
32551
32434
32377
32382
32295
32247
32348
32379
32467
32481
32388
32359
32377
32395
32441
32454
32442
32445
32554
32527
32499
32439
32416
32527
32687
32751
32711
32685
32695
32665
32725
32755
32732
32735
32719
32699
32784
32840
32911
33031
33047
33079
33101
33031
32876
32770
32635
32562
32610
32706
32805
32963
33061
33004
32863
32679
32531
32500
32477
32455
32432
32482
32587
32731
32697
32575
32439
32316
32273
32305
32316
32319
32415
32559
32709
32712
32552
32351
32185
32117
32140
32207
32277
32434
32589
32659
32599
32471
32350
32247
32261
32298
32305
32333
32385
32473
32551
32555
32419
32278
32255
32311
32474
32615
32649
32683
32693
32724
32744
32703
32539
32485
32557
32607
32723
32871
32944
33020
33090
33012
32863
32729
32631
32677
32818
32910
32929
32977
33007
33033
33055
32880
32705
32623
32615
32632
32651
32561
32539
32582
32705
32777
32718
32540
32382
32358
32401
32473
32492
32462
32441
32487
32431
32317
32241
32163
32140
32297
32384
32397
32463
32482
32475
32499
32431
32249
32150
32121
32124
32268
32365
32358
32441
32551
32557
32615
32524
32331
32231
32315
32386
32455
32528
32530
32582
32599
32539
32483
32529
32601
32703
32843
32851
32847
32831
32795
32759
32734
32708
32721
32847
32951
33023
33058
33032
32955
32935
32919
32870
32831
32839
32857
32865
32867
32790
32768
32755
32733
32705
32647
32599
32579
32549
32526
32515
32531
32489
32440
32421
32411
32440
32427
32379
32343
32407
32428
32369
32301
32256
32269
32293
32287
32265
32291
32323
32345
32406
32410
32421
32461
32448
32427
32430
32350
32279
32331
32359
32367
32367
32378
32412
32454
32469
32476
32495
32570
32596
32644
32650
32631
32662
32701
32689
32663
32669
32711
32847
32893
32887
32903
32923
32925
32963
32936
32867
32791
32747
32737
32829
32954
32998
33058
33015
32978
32883
32777
32687
32622
32551
32563
32619
32645
32655
32642
32576
32550
32535
32477
32458
32427
32365
32329
32342
32309
32300
32363
32408
32474
32489
32419
32380
32399
32391
32338
32265
32183
32172
32221
32253
32261
32305
32375
32464
32583
32619
32583
32528
32457
32333
32289
32307
32354
32445
32490
32511
32599
32617
32668
32646
32615
32551
32567
32617
32654
32675
32705
32719
32825
32918
32951
32935
32959
32907
32870
32785
32727
32735
32825
32895
32903
32905
32920
32902
32891
32831
32803
32783
32734
32707
32711
32733
32754
32774
32688
32556
32496
32453
32404
32390
32376
32397
32419
32511
32522
32539
32455
32350
32311
32313
32308
32340
32333
32320
32343
32403
32405
32375
32372
32365
32377
32431
32437
32395
32361
32325
32303
32289
32339
32374
32410
32454
32544
32621
32675
32661
32620
32553
32472
32429
32396
32365
32431
32511
32625
32714
32793
32874
32887
32863
32805
32723
32679
32713
32748
32799
32847
32894
32961
32996
33021
32992
32925
32842
32764
32695
32692
32660
32687
32732
32809
32809
32746
32699
32697
32687
32658
32623
32607
32597
32571
32498
32387
32279
32239
32304
32385
32463
32549
32567
32512
32479
32399
32280
32224
32201
32219
32328
32463
32495
32459
32419
32407
32431
32399
32377
32356
32308
32293
32313
32365
32402
32445
32475
32489
32527
32511
32443
32389
32425
32490
32565
32626
32710
32702
32644
32615
32576
32599
32671
32683
32725
32861
32833
32877
32877
32821
32818
32752
32708
32857
32981
33007
32956
32873
32731
32737
32855
32779
32826
32867
32727
32743
32780
32759
32686
32572
32489
32582
32647
32677
32611
32488
32375
32489
32534
32479
32399
32322
32294
32321
32329
32185
32214
32267
32453
32729
32760
32583
32393
32246
32145
32337
32180
32074
32191
32306
32496
32717
32647
32419
32423
32382
32371
32502
32442
32240
32357
32510
32569
32775
32697
32526
32631
32733
32695
32720
32638
32479
32485
32544
32590
32675
32769
32662
32759
32995
33028
33018
32935
32741
32725
32849
32783
32828
32862
32839
32820
32853
32891
32853
32824
32659
32559
32680
32724
32573
32497
32423
32459
32674
32707
32715
32671
32549
32424
32375
32347
32337
32343
32392
32498
32588
32581
32351
32201
31962
31955
32114
32197
32333
32575
32667
32741
32773
32657
32462
32319
32275
32272
32393
32528
32422
32400
32349
32414
32595
32634
32574
32586
32510
32472
32466
32513
32607
32599
32639
32669
32770
32911
32855
32743
32641
32647
32679
32773
32761
32675
32553
32535
32563
32781
32951
32997
32949
32889
32869
32857
32808
32666
32584
32645
32694
32751
32720
32601
32519
32526
32571
32620
32548
32526
32495
32485
32457
32413
32391
32459
32559
32591
32577
32527
32347
32335
32356
32283
32407
32452
32407
32541
32550
32452
32454
32345
32230
32350
32431
32455
32586
32724
32719
32754
32681
32471
32496
32503
32432
32529
32456
32363
32504
32629
32587
32608
32541
32487
32615
32677
32665
32637
32659
32695
32857
32831
32645
32520
32449
32473
32657
32687
32570
32561
32580
32731
32816
32705
32538
32469
32547
32771
32875
32795
32664
32596
32673
32827
32801
32623
32443
32399
32485
32585
32519
32363
32299
32372
32531
32769
32752
32656
32567
32543
32595
32678
32545
32367
32351
32424
32559
32661
32597
32478
32398
32475
32562
32622
32656
32614
32573
32545
32525
32469
32415
32485
32567
32628
32729
32743
32645
32565
32535
32504
32484
32446
32424
32423
32433
32370
32383
32431
32499
32559
32610
32625
32662
32690
32621
32493
32480
32457
32529
32580
32618
32581
32495
32465
32527
32659
32762
32802
32792
32718
32618
32601
32546
32479
32508
32639
32791
32914
32981
32846
32679
32593
32567
32543
32586
32516
32473
32496
32475
32512
32575
32617
32711
32879
32917
32879
32781
32565
32444
32444
32450
32462
32517
32440
32411
32473
32509
32542
32611
32615
32618
32699
32625
32559
32405
32154
32177
32415
32529
32657
32659
32479
32355
32369
32326
32301
32368
32375
32376
32414
32425
32325
32350
32399
32497
32672
32776
32747
32698
32627
32556
32591
32552
32464
32539
32633
32702
32709
32669
32505
32563
32747
32829
32911
32960
32887
32833
32827
32771
32723
32679
32654
32657
32708
32751
32710
32723
32701
32733
32787
32707
32576
32520
32468
32430
32414
32491
32607
32657
32731
32733
32639
32569
32509
32488
32437
32455
32409
32343
32319
32269
32215
32221
32275
32359
32480
32582
32596
32555
32517
32386
32339
32311
32242
32300
32372
32358
32392
32449
32503
32517
32583
32530
32488
32455
32415
32372
32449
32533
32629
32779
32834
32851
32883
32849
32839
32840
32805
32717
32667
32640
32626
32657
32702
32753
32867
32965
33027
33042
32909
32819
32751
32719
32767
32717
32615
32591
32606
32605
32621
32617
32544
32574
32677
32642
32579
32470
32281
32229
32351
32404
32441
32475
32457
32534
32646
32566
32463
32359
32247
32282
32352
32302
32252
32256
32281
32375
32476
32536
32457
32405
32407
32432
32461
32444
32455
32485
32555
32592
32555
32446
32425
32439
32538
32608
32612
32601
32617
32644
32723
32716
32668
32650
32716
32760
32852
32924
32865
32836
32827
32847
32901
32878
32819
32740
32672
32661
32661
32633
32661
32717
32733
32710
32703
32719
32697
32715
32700
32659
32619
32561
32495
32396
32295
32261
32319
32383
32481
32567
32556
32499
32438
32422
32395
32372
32375
32308
32328
32363
32382
32394
32466
32535
32584
32634
32591
32477
32365
32271
32245
32296
32391
32470
32535
32600
32603
32639
32625
32577
32613
32667
32692
32663
32641
32541
32490
32495
32485
32553
32679
32776
32820
32844
32774
32719
32704
32669
32663
32687
32664
32658
32710
32711
32744
32786
32810
32808
32791
32706
32578
32511
32478
32476
32529
32559
32610
32636
32620
32629
32612
32589
32568
32559
32551
32553
32521
32455
32389
32375
32345
32344
32399
32431
32469
32507
32519
32521
32551
32543
32524
32545
32533
32473
32486
32450
32475
32543
32577
32601
32606
32576
32530
32511
32479
32457
32497
32546
32592
32607
32615
32615
32587
32577
32586
32619
32631
32633
32605
32583
32578
32556
32539
32545
32527
32533
32559
32562
32567
32607
32659
32693
32753
32770
32752
32695
32609
32533
32523
32577
32608
32669
32683
32679
32675
32636
32573
32524
32507
32492
32515
32586
32632
32600
32595
32565
32596
32639
32643
32613
32603
32562
32537
32540
32515
32496
32471
32462
32476
32481
32525
32557
32602
32627
32665
32693
32664
32586
32527
32487
32495
32519
32489
32474
32475
32506
32551
32535
32518
32476
32450
32445
32477
32489
32485
32450
32459
32510
32561
32607
32569
32531
32505
32492
32479
32517
32541
32527
32535
32544
32542
32564
32551
32517
32603
32700
32758
32799
32793
32725
32698
32705
32646
32611
32623
32624
32640
32691
32688
32671
32679
32683
32710
32751
32729
32645
32601
32578
32594
32634
32689
32668
32676
32673
32647
32603
32593
32521
32493
32511
32543
32575
32583
32504
32412
32410
32443
32455
32527
32565
32560
32577
32543
32489
32475
32416
32355
32371
32400
32398
32414
32399
32345
32379
32417
32421
32423
32437
32449
32465
32487
32507
32535
32535
32541
32587
32613
32600
32550
32527
32530
32541
32591
32611
32645
32695
32717
32729
32737
32720
32741
32761
32765
32782
32867
32857
32832
32861
32803
32773
32718
32625
32605
32658
32646
32644
32682
32693
32677
32709
32694
32657
32663
32645
32580
32561
32497
32451
32469
32445
32433
32486
32503
32455
32447
32452
32413
32407
32419
32401
32407
32423
32382
32359
32359
32335
32385
32401
32445
32495
32539
32512
32475
32369
32307
32267
32296
32358
32435
32511
32557
32588
32589
32603
32600
32612
32615
32620
32611
32648
32665
32664
32700
32728
32761
32778
32797
32778
32774
32763
32759
32770
32775
32794
32824
32844
32833
32821
32776
32741
32741
32766
32817
32817
32776
32639
32521
32470
32463
32487
32509
32545
32569
32577
32587
32562
32507
32476
32470
32471
32482
32447
32414
32380
32361
32371
32398
32374
32372
32351
32347
32375
32387
32409
32395
32439
32471
32472
32489
32467
32445
32444
32439
32455
32472
32487
32508
32509
32535
32543
32557
32563
32567
32570
32611
32620
32645
32635
32682
32736
32808
32837
32813
32770
32713
32663
32655
32689
32725
32784
32788
32777
32765
32727
32711
32726
32747
32744
32742
32726
32707
32676
32637
32555
32534
32541
32593
32639
32657
32617
32577
32543
32493
32459
32401
32334
32352
32379
32410
32443
32484
32492
32533
32559
32562
32499
32443
32369
32331
32353
32379
32405
32435
32467
32493
32492
32507
32510
32521
32531
32569
32581
32575
32547
32498
32517
32547
32599
32607
32631
32635
32640
32663
32635
32571
32529
32519
32551
32605
32631
32663
32679
32694
32731
32749
32749
32758
32743
32709
32648
32590
32557
32542
32551
32599
32625
32668
32709
32680
32715
32713
32684
32625
32592
32579
32569
32567
32575
32557
32537
32523
32520
32525
32480
32494
32488
32500
32538
32531
32501
32487
32478
32453
32439
32447
32467
32505
32591
32625
32639
32609
32530
32503
32502
32473
32455
32482
32493
32523
32587
32596
32580
32573
32531
32530
32556
32573
32595
32603
32587
32563
32560
32541
32509
32498
32477
32487
32560
32607
32607
32624
32609
32543
32534
32528
32523
32561
32615
32621
32641
32681
32676
32683
32668
32661
32641
32623
32583
32568
32558
32523
32527
32563
32620
32645
32685
32694
32676
32692
32685
32629
32611
32588
32567
32555
32567
32559
32517
32525
32546
32567
32624
32635
32607
32595
32554
32547
32548
32539
32538
32562
32571
32547
32561
32564
32542
32534
32571
32539
32521
32481
32437
32418
32397
32399
32437
32480
32553
32621
32599
32548
32473
32427
32427
32437
32455
32470
32473
32501
32511
32529
32520
32485
32484
32512
32567
32632
32617
32591
32573
32584
32603
32633
32642
32653
32675
32685
32716
32707
32725
32724
32705
32690
32679
32625
32614
32608
32644
32687
32738
32762
32777
32785
32761
32716
32656
32598
32579
32587
32623
32625
32641
32582
32537
32515
32499
32511
32543
32535
32526
32537
32516
32507
32483
32480
32455
32462
32485
32475
32485
32472
32446
32406
32376
32379
32401
32419
32406
32404
32393
32400
32415
32455
32460
32471
32495
32504
32524
32516
32483
32457
32465
32491
32496
32511
32549
32575
32613
32655
32643
32636
32639
32671
32717
32755
32751
32748
32751
32749
32765
32745
32729
32719
32719
32753
32801
32818
32805
32735
32703
32667
32689
32664
32637
32607
32630
32639
32680
32679
32660
32624
32599
32566
32533
32484
32451
32427
32429
32419
32430
32444
32463
32456
32442
32428
32420
32447
32449
32455
32436
32406
32371
32374
32394
32384
32399
32414
32410
32455
32467
32456
32433
32407
32410
32421
32473
32481
32499
32519
32544
32607
32646
32661
32651
32628
32640
32621
32632
32629
32625
32629
32672
32727
32761
32775
32805
32810
32818
32805
32787
32776
32764
32757
32764
32737
32731
32713
32723
32707
32685
32667
32638
32607
32608
32612
32619
32589
32567
32546
32549
32555
32519
32509
32481
32495
32495
32523
32479
32416
32380
32350
32376
32395
32399
32411
32415
32413
32455
32453
32430
32409
32404
32412
32434
32471
32478
32505
32492
32487
32484
32498
32508
32506
32477
32480
32523
32526
32562
32615
32631
32627
32632
32616
32627
32647
32679
32671
32684
32676
32690
32697
32691
32676
32655
32663
32681
32696
32727
32707
32697
32668
32695
32697
32715
32707
32729
32727
32716
32700
32647
32610
32582
32559
32536
32526
32512
32522
32541
32562
32542
32527
32517
32508
32517
32503
32469
32440
32423
32433
32473
32471
32482
32439
32459
32463
32462
32483
32443
32441
32433
32454
32486
32511
32525
32561
32563
32584
32578
32552
32551
32545
32547
32555
32541
32529
32524
32527
32583
32607
32614
32579
32583
32601
32633
32636
32607
32607
32597
32592
32628
32641
32633
32644
32652
32653
32647
32637
32643
32631
32643
32628
32617
32591
32585
32617
32632
32662
32640
32643
32655
32649
32643
32610
32567
32562
32575
32582
32575
32551
32523
32500
32507
32495
32497
32512
32513
32559
32577
32583
32588
32575
32535
32512
32531
32526
32519
32513
32525
32527
32540
32530
32511
32523
32529
32553
32545
32555
32527
32547
32544
32545
32557
32543
32519
32542
32541
32551
32545
32518
32509
32511
32509
32506
32504
32503
32524
32548
32539
32537
32552
32599
32621
32649
32611
32598
32575
32551
32536
32549
32546
32570
32583
32631
32663
32681
32669
32647
32623
32629
32626
32611
32626
32631
32623
32627
32638
32650
32644
32658
32659
32671
32643
32624
32596
32583
32568
32564
32546
32543
32558
32569
32588
32614
32611
32605
32597
32581
32568
32537
32484
32471
32470
32477
32495
32520
32504
32497
32486
32495
32466
32473
32462
32462
32479
32489
32483
32470
32486
32503
32482
32485
32482
32498
32481
32491
32463
32467
32444
32445
32475
32518
32553
32563
32572
32582
32597
32617
32635
32625
32638
32636
32645
32658
32657
32623
32643
32641
32667
32691
32727
32728
32751
32748
32728
32719
32717
32716
32703
32698
32671
32671
32665
32667
32666
32650
32617
32588
32589
32585
32561
32571
32551
32552
32545
32542
32527
32511
32487
32474
32487
32499
32495
32488
32473
32455
32436
32415
32383
32393
32397
32411
32439
32415
32444
32451
32444
32443
32441
32435
32418
32423
32431
32457
32473
32482
32487
32494
32505
32543
32550
32535
32552
32567
32571
32607
32618
32635
32630
32650
32664
32722
32743
32764
32768
32795
32774
32765
32731
32712
32703
32693
32694
32688
32717
32721
32725
32716
32736
32753
32749
32723
32690
32640
32607
32567
32560
32564
32545
32567
32542
32542
32538
32524
32507
32486
32449
32444
32437
32427
32429
32423
32429
32443
32441
32451
32452
32434
32423
32419
32390
32381
32369
32361
32369
32388
32408
32441
32463
32488
32515
32535
32546
32561
32547
32531
32496
32508
32519
32550
32580
32627
32625
32657
32663
32679
32673
32672
32676
32685
32682
32693
32693
32700
32712
32707
32715
32724
32755
32759
32750
32741
32713
32695
32679
32672
32662
32646
32655
32643
32623
32609
32627
32621
32605
32587
32599
32572
32549
32544
32511
32477
32463
32462
32449
32449
32432
32420
32425
32433
32424
32423
32438
32435
32437
32442
32444
32440
32439
32447
32465
32479
32478
32473
32489
32477
32497
32498
32495
32487
32510
32519
32529
32553
32555
32561
32578
32600
32621
32650
32642
32655
32632
32605
32596
32587
32589
32619
32628
32639
32653
32692
32696
32719
32695
32689
32674
32672
32676
32686
32671
32679
32662
32649
32650
32635
32631
32623
32631
32612
32599
32570
32565
32555
32543
32519
32528
32515
32515
32525
32550
32542
32539
32519
32495
32476
32461
32439
32442
32443
32467
32471
32497
32510
32524
32527
32516
32505
32486
32490
32486
32503
32511
32518
32525
32546
32541
32546
32566
32563
32556
32542
32542
32546
32511
32515
32510
32529
32539
32578
32593
32616
32614
32638
32616
32589
32592
32569
32592
32573
32608
32592
32592
32590
32589
32600
32607
32631
32619
32626
32635
32632
32630
32629
32612
32595
32596
32600
32621
32611
32608
32602
32584
32579
32567
32569
32552
32567
32565
32577
32593
32591
32585
32559
32569
32568
32559
32547
32560
32576
32567
32547
32534
32519
32516
32507
32509
32511
32535
32533
32539
32544
32549
32546
32533
32511
32502
32521
32515
32505
32508
32495
32510
32497
32488
32491
32492
32518
32509
32516
32516
32538
32532
32535
32515
32509
32503
32522
32536
32545
32571
32566
32583
32579
32580
32559
32545
32535
32572
32588
32609
32615
32622
32615
32623
32632
32672
32688
32695
32682
32663
32662
32646
32630
32639
32617
32633
32655
32657
32667
32649
32627
32605
32594
32587
32589
32598
32599
32590
32587
32556
32565
32567
32552
32549
32527
32511
32514
32513
32503
32480
32477
32467
32479
32485
32499
32491
32487
32487
32498
32466
32457
32455
32431
32439
32425
32421
32440
32443
32459
32475
32473
32471
32480
32477
32487
32485
32507
32519
32556
32571
32577
32572
32562
32581
32597
32625
32618
32639
32629
32646
32657
32671
32667
32677
32689
32701
32723
32725
32731
32715
32710
32684
32690
32693
32695
32671
32689
32669
32659
32663
32640
32614
32607
32605
32597
32585
32569
32567
32580
32557
32561
32535
32522
32503
32503
32495
32485
32471
32435
32447
32435
32445
32430
32419
32429
32415
32418
32415
32423
32425
32426
32434
32415
32426
32433
32443
32460
32480
32472
32469
32471
32480
32483
32478
32498
32527
32535
32561
32587
32615
32621
32619
32618
32637
32649
32665
32666
32662
32671
32677
32679
32688
32699
32695
32717
32719
32746
32740
32714
32715
32701
32697
32706
32687
32687
32694
32688
32684
32669
32651
32627
32612
32585
32574
32556
32555
32537
32518
32508
32501
32507
32492
32509
32480
32464
32454
32461
32435
32425
32423
32425
32411
32409
32415
32421
32425
32429
32447
32433
32444
32450
32432
32447
32438
32457
32487
32487
32531
32537
32551
32550
32543
32541
32557
32575
32561
32576
32578
32593
32610
32615
32621
32624
32642
32664
32681
32703
32703
32695
32689
32701
32691
32694
32682
32691
32694
32697
32685
32665
32655
32658
32662
32679
32651
32649
32661
32669
32663
32619
32613
32575
32555
32555
32544
32540
32522
32515
32509
32496
32483
32484
32465
32457
32454
32460
32471
32465
32464
32465
32445
32461
32448
32471
32473
32493
32481
32490
32459
32453
32465
32473
32489
32479
32507
32527
32543
32567
32555
32559
32559
32555
32543
32563
32573
32561
32590
32579
32604
32607
32622
32617
32613
32621
32623
32599
32609
32611
32633
32626
32633
32640
32649
32639
32661
32677
32669
32661
32655
32639
32624
32603
32593
32581
32586
32583
32613
32603
32595
32590
32576
32581
32567
32563
32544
32542
32541
32529
32523
32515
32543
32529
32519
32525
32519
32517
32504
32501
32522
32476
32495
32515
32523
32534
32534
32522
32522
32541
32543
32529
32513
32501
32505
32512
32525
32517
32519
32535
32544
32559
32561
32548
32575
32563
32575
32567
32560
32552
32543
32538
32549
32551
32565
32559
32590
32573
32587
32580
32583
32557
32571
32567
32587
32580
32599
32583
32597
32595
32611
32596
32615
32609
32619
32607
32615
32605
32603
32626
32617
32613
32599
32604
32607
32599
32611
32608
32615
32621
32613
32619
32595
32593
32573
32570
32564
32564
32559
32543
32534
32560
32555
32552
32534
32534
32527
32527
32519
32511
32500
32500
32505
32525
32533
32537
32544
32533
32503
32511
32491
32472
32460
32462
32471
32474
32495
32499
32508
32511
32524
32526
32516
32530
32522
32524
32515
32511
32497
32503
32509
32527
32547
32571
32574
32595
32617
32633
32615
32607
32611
32623
32627
32638
32623
32643
32668
32687
32682
32689
32674
32678
32658
32658
32647
32647
32644
32657
32647
32662
32652
32656
32645
32637
32623
32615
32613
32575
32575
32567
32545
32521
32541
32521
32516
32523
32521
32523
32514
32511
32500
32487
32467
32454
32455
32442
32465
32450
32451
32473
32457
32470
32437
32447
32442
32450
32445
32455
32439
32447
32450
32473
32475
32499
32532
32523
32545
32543
32549
32554
32542
32553
32557
32594
32605
32619
32615
32619
32635
32638
32658
32667
32663
32682
32695
32711
32711
32712
32711
32695
32702
32707
32695
32695
32683
32683
32685
32672
32663
32652
32624
32631
32623
32631
32632
32613
32603
32591
32557
32551
32539
32519
32510
32519
32493
32495
32469
32469
32455
32432
32426
32419
32435
32447
32448
32446
32445
32439
32442
32422
32410
32413
32415
32421
32448
32459
32469
32477
32479
32482
32519
32517
32512
32508
32511
32548
32538
32553
32568
32590
32597
32631
32623
32642
32643
32661
32649
32676
32657
32657
32657
32655
32679
32711
32695
32692
32704
32712
32723
32717
32701
32687
32688
32679
32677
32663
32656
32653
32639
32636
32613
32608
32604
32595
32587
32543
32528
32516
32495
32494
32499
32491
32497
32500
32496
32482
32462
32465
32427
32440
32435
32425
32423
32417
32413
32428
32449
32445
32478
32461
32466
32485
32489
32488
32481
32503
32487
32496
32511
32501
32523
32528
32530
32557
32562
32591
32575
32585
32585
32596
32593
32617
32621
32645
32647
32657
32655
32663
32667
32656
32642
32647
32649
32686
32684
32690
32665
32665
32665
32665
32668
32643
32643
32650
32636
32633
32648
32600
32611
32587
32583
32576
32580
32553
32549
32529
32540
32519
32541
32509
32513
32506
32510
32498
32508
32490
32482
32457
32471
32484
32480
32486
32486
32487
32485
32509
32496
32493
32484
32495
32487
32491
32517
32533
32525
32525
32524
32531
32562
32565
32552
32561
32559
32569
32563
32564
32557
32551
32563
32575
32601
32612
32603
32600
32617
32641
32631
32633
32607
32599
32614
32629
32627
32622
32639
32621
32612
32608
32599
32605
32581
32587
32595
32609
32611
32616
32599
32581
32601
32599
32599
32579
32594
32589
32582
32554
32561
32546
32535
32543
32542
32550
32567
32571
32553
32546
32551
32531
32528
32519
32520
32511
32525
32526
32539
32527
32532
32528
32525
32518
32521
32527
32511
32505
32519
32537
32544
32529
32529
32532
32528
32536
32547
32549
32547
32530
32533
32519
32535
32539
32540
32539
32541
32549
32552
32559
32536
32533
32539
32559
32566
32565
32578
32587
32591
32587
32593
32600
32597
32603
32591
32631
32611
32613
32625
32621
32627
32626
32638
32633
32642
32641
32643
32623
32631
32611
32597
32607
32603
32608
32609
32601
32604
32597
32583
32562
32563
32544
32551
32549
32548
32557
32561
32547
32563
32535
32541
32519
32519
32499
32502
32498
32509
32497
32494
32478
32493
32487
32503
32485
32503
32481
32493
32488
32485
32469
32479
32475
32475
32478
32491
32504
32504
32523
32526
32525
32532
32537
32536
32541
32567
32564
32569
32601
32606
32625
32631
32631
32630
32625
32647
32663
32663
32651
32657
32667
32648
32658
32665
32685
32684
32681
32677
32679
32673
32652
32645
32647
32637
32624
32639
32639
32626
32623
32598
32581
32565
32563
32557
32550
32531
32520
32520
32501
32495
32506
32481
32495
32487
32509
32486
32477
32458
32449
32447
32439
32419
32444
32427
32443
32459
32447
32457
32453
32451
32454
32459
32485
32501
32493
32508
32508
32511
32527
32533
32529
32547
32553
32567
32573
32583
32594
32599
32630
32629
32648
32656
32654
32659
32671
32661
32679
32692
32696
32691
32686
32701
32687
32697
32693
32698
32684
32663
32667
32659
32660
32657
32639
32630
32618
32630
32605
32593
32596
32555
32533
32515
32497
32513
32508
32503
32500
32489
32483
32474
32452
32449
32442
32446
32439
32425
32431
32427
32429
32438
32449
32444
32459
32468
32460
32464
32459
32452
32474
32448
32479
32488
32512
32507
32529
32540
32562
32548
32566
32567
32561
32585
32599
32597
32611
32603
32620
32632
32630
32645
32654
32659
32671
32672
32666
32676
32685
32675
32691
32681
32683
32679
32679
32687
32691
32671
32673
32643
32642
32619
32615
32609
32591
32587
32600
32585
32581
32567
32560
32527
32535
32523
32505
32490
32483
32479
32477
32470
32457
32452
32470
32448
32469
32465
32459
32463
32465
32469
32453
32454
32453
32473
32461
32479
32488
32491
32503
32512
32518
32522
32514
32533
32531
32537
32543
32548
32563
32570
32571
32577
32583
32607
32615
32630
32623
32633
32613
32634
32639
32643
32642
32628
32648
32639
32654
32649
32634
32632
32662
32642
32649
32639
32639
32625
32640
32632
32613
32603
32593
32597
32585
32607
32602
32577
32573
32561
32548
32538
32539
32543
32533
32534
32514
32535
32529
32530
32542
32525
32521
32502
32495
32495
32471
32487
32490
32479
32483
32473
32495
32496
32518
32512
32535
32531
32527
32525
32517
32519
32517
32519
32521
32541
32534
32551
32562
32577
32569
32573
32559
32552
32559
32567
32570
32559
32571
32588
32582
32610
32590
32595
32581
32570
32597
32596
32581
32569
32587
32590
32590
32607
32599
32605
32613
32627
32614
32611
32582
32599
32595
32604
32609
32617
32599
32589
32606
32615
32591
32589
32585
32584
32584
32569
32580
32559
32567
32543
32541
32563
32549
32559
32563
32565
32551
32540
32525
32523
32513
32527
32497
32519
32501
32503
32531
32539
32528
32529
32527
32523
32519
32519
32518
32523
32519
32524
32527
32526
32508
32513
32515
32518
32518
32511
32527
32521
32503
32538
32544
32523
32553
32537
32551
32573
32558
32567
32559
32580
32573
32584
32577
32593
32599
32615
32631
32608
32604
32626
32629
32633
32635
32631
32638
32637
32635
32633
32637
32623
32626
32615
32617
32609
32610
32612
32618
32609
32615
32596
32589
32602
32593
32572
32574
32559
32546
32551
32525
32552
32527
32517
32519
32528
32535
32511
32491
32495
32485
32482
32461
32465
32448
32468
32466
32472
32492
32481
32474
32485
32477
32479
32475
32483
32463
32493
32487
32519
32501
32513
32520
32525
32546
32545
32551
32552
32569
32565
32585
32574
32593
32609
32604
32623
32623
32647
32650
32648
32651
32641
32633
32653
32665
32675
32661
32672
32654
32680
32673
32679
32669
32661
32655
32662
32645
32639
32617
32607
32596
32593
32598
32568
32572
32551
32567
32553
32539
32511
32500
32498
32487
32498
32471
32479
32471
32460
32459
32460
32444
32427
32423
32429
32454
32455
32448
32456
32463
32455
32452
32455
32463
32457
32497
32485
32497
32499
32505
32509
32516
32529
32541
32524
32559
32571
32568
32585
32591
32588
32601
32605
32604
32622
32642
32646
32656
32672
32669
32668
32682
32689
32675
32686
32671
32672
32703
32680
32689
32647
32665
32669
32646
32645
32647
32639
32625
32611
32621
32603
32598
32578
32554
32566
32539
32524
32511
32488
32481
32501
32475
32469
32461
32463
32463
32482
32481
32474
32461
32436
32439
32455
32439
32441
32448
32443
32466
32473
32467
32477
32471
32487
32502
32497
32495
32505
32519
32543
32535
32535
32546
32539
32563
32572
32589
32591
32588
32607
32611
32623
32627
32623
32629
32654
32651
32669
32668
32667
32651
32655
32662
32659
32655
32647
32647
32654
32657
32649
32655
32640
32636
32623
32610
32624
32606
32599
32595
32586
32564
32551
32564
32561
32539
32536
32526
32527
32522
32517
32509
32498
32487
32472
32487
32486
32480
32472
32475
32493
32487
32473
32479
32481
32484
32495
32499
32489
32487
32503
32502
32499
32488
32519
32513
32514
32538
32535
32563
32545
32557
32549
32566
32575
32581
32594
32594
32609
32585
32591
32595
32599
32592
32599
32624
32621
32615
32623
32625
32621
32613
32611
32609
32616
32614
32637
32615
32623
32620
32623
32609
32604
32619
32599
32592
32595
32587
32595
32589
32589
32584
32583
32573
32571
32566
32553
32555
32546
32554
32552
32534
32517
32517
32520
32526
32525
32510
32537
32517
32502
32509
32497
32520
32500
32506
32508
32509
32519
32519
32532
32522
32521
32524
32529
32543
32531
32543
32543
32544
32531
32533
32535
32541
32543
32560
32561
32559
32571
32557
32563
32559
32549
32548
32549
32560
32564
32589
32579
32589
32586
32573
32568
32572
32579
32583
32583
32597
32604
32601
32614
32620
32617
32610
32623
32619
32607
32603
32613
32605
32599
32599
32585
32581
32593
32599
32592
32586
32601
32589
32583
32573
32575
32575
32557
32556
32560
32551
32547
32557
32543
32537
32527
32550
32525
32549
32538
32546
32523
32521
32504
32511
32519
32512
32501
32495
32491
32519
32517
32492
32495
32501
32503
32507
32519
32501
32504
32508
32511
32518
32523
32512
32520
32525
32555
32565
32547
32548
32549
32565
32559
32567
32583
32595
32581
32604
32619
32607
32606
32607
32631
32637
32638
32627
32622
32624
32639
32643
32647
32624
32635
32645
32649
32645
32639
32633
32622
32639
32612
32607
32606
32599
32596
32594
32603
32585
32599
32577
32560
32553
32534
32517
32510
32511
32513
32509
32505
32500
32487
32467
32483
32483
32469
32464
32453
32472
32458
32455
32459
32463
32465
32470
32479
32487
32477
32487
32487
32489
32498
32493
32497
32510
32517
32536
32539
32541
32555
32571
32562
32583
32583
32585
32584
32591
32603
32610
32625
32639
32628
32654
32639
32648
32665
32681
32686
32688
32673
32670
32659
32675
32676
32659
32642
32649
32650
32662
32645
32639
32621
32599
32608
32597
32581
32579
32556
32551
32555
32551
32531
32520
32508
32507
32494
32477
32475
32479
32478
32467
32462
32443
32451
32455
32451
32455
32444
32461
32459
32469
32469
32457
32457
32468
32479
32486
32504
32492
32497
32501
32511
32515
32533
32521
32541
32555
32572
32571
32586
32579
32591
32583
32619
32617
32631
32631
32635
32647
32657
32643
32657
32663
32656
32666
32657
32663
32663
32669
32670
32656
32668
32663
32651
32655
32657
32644
32637
32628
32613
32605
32585
32573
32569
32565
32561
32555
32545
32537
32517
32521
32511
32500
32500
32489
32489
32488
32469
32481
32473
32469
32472
32477
32479
32473
32460
32461
32463
32479
32471
32476
32471
32469
32496
32503
32511
32503
32512
32517
32523
32529
32535
32531
32539
32547
32558
32576
32595
32593
32607
32597
32588
32605
32602
32621
32631
32631
32628
32637
32639
32641
32639
32639
32641
32642
32642
32643
32647
32625
32617
32605
32624
32614
32607
32613
32613
32612
32625
32609
32597
32575
32575
32567
32574
32555
32557
32547
32549
32528
32511
32513
32519
32508
32505
32513
32519
32505
32495
32494
32495
32487
32489
32497
32492
32475
32496
32485
32490
32496
32496
32494
32497
32503
32510
32539
32539
32534
32534
32543
32543
32550
32548
32551
32549
32551
32566
32579
32561
32571
32575
32560
32573
32578
32574
32585
32600
32589
32590
32602
32588
32592
32593
32598
32604
32589
32622
32612
32593
32605
32607
32605
32610
32607
32592
32614
32601
32598
32594
32585
32585
32574
32583
32583
32573
32577
32591
32582
32565
32568
32559
32567
32553
32544
32531
32529
32541
32526
32530
32537
32537
32535
32529
32536
32533
32521
32521
32533
32527
32512
32530
32521
32522
32515
32522
32539
32512
32523
32510
32513
32517
32509
32511
32526
32538
32553
32524
32541
32545
32537
32549
32534
32548
32533
32539
32555
32543
32554
32568
32559
32565
32577
32575
32579
32583
32592
32602
32598
32585
32587
32597
32594
32609
32615
32606
32607
32608
32616
32604
32607
32615
32614
32603
32612
32607
32601
32620
32605
32615
32601
32599
32575
32591
32591
32588
32575
32568
32564
32552
32553
32553
32546
32557
32541
32532
32533
32529
32535
32514
32519
32491
32497
32501
32503
32512
32498
32512
32498
32493
32488
32482
32493
32486
32491
32490
32503
32503
32485
32510
32495
32502
32517
32523
32519
32530
32535
32537
32546
32549
32535
32559
32538
32561
32565
32568
32594
32589
32586
32596
32599
32616
32615
32629
32637
32637
32641
32631
32631
32625
32637
32620
32642
32647
32638
32643
32646
32641
32637
32651
32614
32609
32599
32588
32589
32579
32579
32572
32573
32563
32553
32545
32514
32516
32522
32503
32507
32496
32487
32475
32485
32505
32479
32480
32477
32483
32474
32463
32459
32461
32467
32466
32465
32457
32467
32475
32491
32473
32497
32479
32500
32509
32511
32505
32501
32521
32521
32530
32553
32559
32571
32561
32588
32591
32592
32607
32607
32617
32617
32633
32642
32639
32649
32672
32648
32667
32655
32663
32655
32654
32652
32647
32639
32659
32648
32652
32617
32625
32624
32621
32603
32595
32597
32592
32583
32579
32567
32554
32542
32522
32535
32519
32515
32504
32489
32475
32489
32463
32481
32476
32461
32463
32470
32474
32449
32455
32449
32465
32464
32463
32455
32463
32477
32479
32481
32474
32469
32486
32503
32516
32521
32526
32545
32534
32554
32563
32561
32558
32583
32581
32593
32608
32587
32612
32612
32621
32624
32629
32631
32628
32645
32647
32656
32671
32665
32660
32656
32640
32641
32623
32629
32631
32625
32642
32629
32634
32617
32624
32597
32595
32597
32591
32569
32572
32566
32535
32551
32537
32533
32520
32524
32508
32507
32521
32497
32497
32491
32483
32486
32473
32467
32465
32473
32472
32486
32477
32482
32487
32477
32483
32490
32496
32505
32503
32508
32531
32537
32545
32534
32532
32552
32561
32565
32565
32559
32570
32565
32578
32593
32591
32595
32615
32610
32599
32615
32605
32603
32611
32614
32611
32615
32613
32611
32629
32633
32619
32622
32616
32611
32634
32623
32611
32597
32593
32606
32621
32580
32593
32585
32575
32585
32584
32574
32555
32557
32557
32557
32539
32530
32523
32533
32537
32519
32529
32516
32516
32510
32512
32506
32515
32501
32511
32509
32511
32497
32499
32519
32528
32530
32512
32505
32505
32530
32541
32517
32534
32512
32527
32540
32537
32531
32541
32549
32565
32553
32545
32545
32547
32546
32551
32571
32563
32557
32558
32583
32573
32575
32575
32581
32582
32583
32584
32592
32591
32572
32599
32585
32578
32598
32592
32584
32585
32599
32588
32601
32593
32601
32601
32592
32593
32584
32587
32583
32579
32565
32579
32579
32564
32573
32591
32561
32553
32560
32568
32551
32564
32552
32549
32552
32545
32537
32532
32543
32547
32546
32530
32536
32501
32520
32535
32511
32522
32519
32505
32517
32521
32512
32523
32507
32505
32526
32517
32520
32528
32517
32517
32519
32524
32528
32519
32533
32544
32546
32559
32552
32544
32545
32554
32573
32570
32563
32570
32583
32576
32583
32583
32582
32580
32597
32587
32613
32615
32617
32613
32603
32633
32609
32611
32607
32619
32618
32615
32617
32617
32611
32615
32618
32613
32595
32602
32589
32592
32571
32569
32570
32574
32565
32569
32568
32543
32539
32545
32535
32526
32511
32503
32508
32506
32505
32509
32492
32489
32491
32493
32479
32491
32481
32491
32491
32490
32499
32482
32489
32505
32502
32487
32503
32503
32505
32512
32529
32517
32525
32511
32538
32525
32548
32535
32554
32570
32572
32591
32585
32599
32592
32578
32604
32607
32611
32631
32625
32640
32645
32647
32638
32648
32651
32639
32639
32645
32642
32631
32630
32625
32628
32628
32634
32619
32612
32615
32616
32589
32595
32567
32578
32552
32558
32549
32567
32543
32529
32525
32511
32518
32496
32491
32508
32492
32477
32489
32482
32456
32473
32485
32484
32475
32479
32480
32467
32467
32471
32470
32468
32483
32477
32497
32503
32512
32513
32527
32548
32543
32551
32567
32540
32556
32567
32580
32595
32593
32594
32601
32597
32615
32632
32618
32631
32632
32639
32648
32631
32639
32652
32647
32643
32633
32642
32644
32641
32659
32639
32637
32641
32624
32624
32628
32615
32599
32609
32593
32600
32582
32561
32567
32576
32536
32565
32533
32541
32515
32511
32487
32492
32497
32489
32487
32479
32487
32493
32479
32486
32473
32470
32478
32464
32464
32478
32473
32480
32486
32488
32487
32513
32506
32503
32507
32513
32531
32538
32543
32538
32561
32547
32564
32567
32599
32589
32591
32612
32605
32621
32611
32609
32599
32615
32613
32633
32625
32619
32631
32631
32636
32635
32629
32625
32634
32643
32639
32640
32610
32623
32618
32614
32611
32609
32605
32599
32601
32589
32582
32571
32553
32562
32577
32555
32545
32531
32511
32525
32511
32521
32507
32509
32500
32489
32496
32501
32491
32479
32480
32494
32495
32494
32487
32504
32499
32508
32491
32511
32509
32501
32514
32527
32527
32521
32534
32543
32552
32558
32543
32560
32550
32569
32577
32574
32558
32579
32569
32552
32568
32573
32579
32615
32616
32609
32617
32606
32602
32589
32589
32580
32602
32586
32606
32626
32634
32627
32599
32613
32599
32599
32583
32563
32570
32581
32592
32602
32607
32593
32579
32593
32581
32560
32535
32523
32530
32541
32545
32552
32566
32558
32576
32559
32553
32532
32506
32481
32495
32519
32547
32543
32533
32538
32524
32523
32509
32491
32501
32514
32537
32547
32554
32541
32513
32508
32520
32523
32529
32543
32529
32537
32535
32548
32547
32563
32549
32565
32552
32563
32549
32544
32549
32550
32543
32584
32586
32593
32599
32579
32564
32574
32588
32586
32579
32589
32603
32620
32603
32597
32575
32575
32576
32613
32639
32645
32610
32604
32585
32578
32589
32575
32579
32573
32589
32603
32603
32591
32567
32561
32577
32607
32619
32578
32542
32533
32541
32545
32546
32546
32538
32565
32578
32527
32503
32536
32525
32501
32520
32529
32503
32509
32504
32491
32474
32499
32516
32521
32541
32570
32511
32490
32521
32539
32507
32488
32516
32521
32500
32534
32535
32548
32561
32596
32575
32557
32555
32535
32539
32508
32555
32590
32615
32636
32622
32567
32545
32564
32602
32651
32667
32609
32615
32599
32597
32603
32649
32647
32684
32684
32671
32609
32591
32511
32495
32627
32621
32670
32751
32696
32639
32573
32445
32488
32613
32603
32561
32551
32499
32535
32602
32527
32528
32487
32455
32577
32713
32591
32423
32267
32278
32453
32641
32681
32559
32476
32361
32425
32515
32450
32407
32395
32477
32647
32663
32437
32317
32262
32371
32649
32857
32731
32596
32467
32388
32487
32495
32459
32535
32671
32738
32769
32657
32501
32461
32501
32615
32767
32876
32888
32751
32594
32436
32379
32467
32692
32875
32991
32893
32745
32631
32559
32489
32477
32534
32704
32792
32753
32615
32537
32471
32503
32539
32520
32583
32647
32663
32657
32551
32373
32297
32399
32535
32651
32656
32497
32402
32460
32505
32429
32302
32117
32186
32455
32599
32677
32645
32471
32452
32513
32535
32489
32322
32228
32335
32599
32814
32777
32577
32327
32305
32418
32615
32658
32631
32605
32583
32545
32545
32497
32489
32616
32744
32905
32965
32819
32607
32455
32349
32422
32556
32733
32887
32957
32941
32780
32642
32560
32559
32585
32591
32628
32650
32631
32575
32588
32649
32759
32900
32965
32874
32645
32350
32156
32190
32317
32471
32575
32679
32645
32574
32542
32464
32456
32513
32520
32481
32351
32154
32057
32103
32310
32532
32697
32784
32756
32678
32546
32271
32056
31983
32122
32318
32504
32591
32551
32566
32656
32725
32849
32848
32775
32725
32496
32286
32095
31945
32127
32545
32949
33215
33293
33148
32982
32821
32568
32377
32409
32457
32570
32651
32607
32564
32663
32870
33079
33199
33073
32832
32685
32563
32437
32372
32353
32395
32589
32811
32882
32864
32669
32502
32597
32631
32599
32591
32443
32369
32301
32204
32161
32286
32404
32535
32639
32598
32455
32393
32389
32399
32396
32359
32283
32253
32219
32128
32059
32114
32285
32557
32835
32862
32837
32695
32535
32441
32347
32163
32161
32312
32476
32585
32652
32684
32743
32879
32986
33002
32956
32791
32563
32451
32436
32457
32509
32567
32709
32909
33035
33048
33040
32973
32909
32929
32854
32655
32465
32295
32265
32397
32555
32741
32858
32913
32979
32995
32885
32694
32565
32471
32376
32303
32175
32151
32265
32433
32593
32715
32722
32709
32706
32552
32359
32127
31909
31889
32020
32199
32393
32543
32543
32611
32654
32606
32573
32437
32335
32279
32197
32159
32199
32199
32285
32484
32625
32692
32676
32673
32669
32727
32815
32861
32737
32589
32535
32422
32465
32500
32539
32692
32871
33008
33077
33047
32899
32752
32638
32599
32628
32586
32575
32579
32594
32673
32745
32854
32945
32988
32937
32871
32733
32511
32346
32295
32293
32362
32491
32575
32605
32660
32618
32617
32683
32701
32673
32551
32389
32275
32135
32119
32159
32238
32385
32557
32641
32617
32613
32509
32413
32376
32361
32266
32171
32092
32127
32275
32486
32642
32717
32732
32747
32732
32720
32613
32424
32255
32133
32235
32431
32551
32657
32749
32809
32917
33014
32901
32779
32723
32639
32541
32459
32453
32439
32563
32703
32798
32838
32720
32676
32695
32817
32858
32811
32722
32491
32317
32215
32280
32399
32675
32886
32979
32937
32753
32612
32523
32520
32456
32388
32365
32409
32490
32437
32417
32385
32487
32649
32757
32806
32819
32670
32519
32463
32325
32135
32126
32270
32454
32603
32544
32377
32403
32533
32583
32733
32727
32526
32503
32504
32434
32407
32411
32412
32535
32660
32732
32675
32659
32613
32631
32691
32730
32662
32588
32445
32341
32278
32391
32528
32737
32844
32833
32825
32727
32671
32596
32485
32400
32373
32407
32492
32476
32396
32407
32424
32659
32897
33021
32981
32805
32578
32467
32475
32519
32493
32506
32596
32666
32735
32743
32656
32693
32855
32929
32897
32735
32380
32219
32303
32435
32529
32631
32639
32684
32800
32837
32647
32485
32395
32377
32449
32533
32473
32394
32329
32272
32336
32479
32600
32695
32717
32691
32609
32514
32359
32196
32151
32255
32447
32649
32693
32644
32560
32495
32482
32415
32371
32367
32461
32587
32603
32539
32455
32425
32473
32535
32634
32735
32728
32720
32639
32534
32475
32493
32562
32628
32639
32629
32621
32688
32710
32761
32845
32847
32879
32935
32903
32796
32683
32611
32588
32556
32535
32495
32508
32657
32729
32824
32914
32831
32723
32608
32521
32467
32515
32509
32507
32534
32570
32563
32518
32473
32421
32431
32489
32489
32501
32473
32334
32277
32311
32269
32305
32384
32512
32627
32699
32646
32492
32343
32313
32283
32339
32347
32325
32271
32265
32288
32399
32569
32646
32647
32627
32628
32630
32541
32394
32263
32294
32423
32628
32747
32775
32789
32759
32777
32823
32743
32608
32587
32669
32720
32770
32743
32672
32679
32756
32841
32862
32885
32873
32911
32950
32874
32742
32643
32559
32523
32519
32498
32514
32555
32509
32544
32620
32663
32705
32694
32595
32530
32499
32434
32384
32317
32213
32266
32417
32475
32456
32439
32365
32346
32416
32431
32377
32351
32373
32371
32352
32330
32343
32437
32525
32559
32603
32599
32577
32497
32380
32302
32285
32284
32365
32441
32437
32505
32639
32780
32815
32795
32830
32869
32855
32769
32589
32444
32447
32486
32574
32630
32715
32843
32953
32975
32907
32861
32770
32720
32697
32639
32571
32593
32669
32695
32711
32705
32751
32818
32806
32705
32542
32453
32437
32421
32400
32375
32329
32405
32501
32615
32601
32507
32493
32475
32483
32457
32348
32279
32343
32460
32502
32428
32353
32292
32297
32392
32436
32413
32379
32425
32491
32569
32575
32505
32463
32459
32470
32519
32568
32537
32570
32604
32627
32650
32606
32542
32509
32533
32603
32543
32501
32445
32497
32613
32751
32799
32847
32883
32887
32919
32835
32709
32599
32497
32504
32529
32503
32537
32639
32790
32859
32864
32830
32808
32745
32669
32578
32511
32501
32475
32497
32528
32501
32511
32576
32689
32755
32655
32505
32363
32303
32284
32247
32262
32321
32452
32625
32721
32749
32637
32497
32446
32443
32393
32377
32281
32275
32373
32477
32514
32525
32540
32575
32667
32699
32639
32539
32463
32425
32458
32452
32400
32428
32563
32662
32695
32671
32605
32577
32569
32535
32527
32525
32528
32550
32543
32520
32498
32561
32670
32743
32777
32764
32736
32751
32734
32672
32589
32516
32521
32536
32591
32578
32575
32575
32650
32744
32768
32778
32710
32622
32613
32629
32587
32555
32500
32440
32477
32529
32554
32561
32569
32563
32591
32635
32622
32503
32438
32393
32334
32353
32405
32439
32577
32657
32671
32705
32666
32579
32517
32454
32383
32387
32359
32331
32311
32329
32373
32490
32634
32703
32739
32707
32657
32594
32489
32319
32231
32239
32331
32436
32512
32550
32593
32654
32670
32696
32703
32636
32591
32541
32491
32446
32451
32440
32510
32646
32765
32855
32894
32869
32821
32747
32665
32583
32514
32457
32459
32537
32651
32720
32779
32819
32849
32863
32813
32743
32626
32540
32486
32451
32426
32415
32451
32545
32625
32649
32639
32613
32593
32573
32521
32495
32461
32431
32374
32357
32336
32405
32461
32516
32542
32563
32535
32509
32455
32384
32354
32350
32379
32382
32375
32375
32425
32481
32533
32535
32527
32527
32560
32589
32551
32516
32452
32431
32391
32395
32399
32482
32593
32667
32698
32710
32739
32756
32789
32757
32667
32611
32598
32621
32669
32682
32683
32729
32831
32895
32918
32818
32730
32673
32653
32609
32585
32549
32547
32597
32690
32780
32800
32801
32753
32659
32605
32533
32462
32391
32351
32333
32347
32391
32466
32491
32531
32585
32568
32556
32469
32419
32371
32367
32353
32340
32335
32320
32357
32425
32500
32518
32486
32449
32396
32404
32375
32348
32359
32371
32395
32471
32543
32579
32599
32617
32629
32623
32613
32611
32581
32548
32499
32506
32531
32571
32653
32703
32767
32809
32834
32817
32792
32757
32758
32787
32813
32773
32731
32655
32615
32618
32646
32723
32787
32850
32810
32784
32731
32611
32533
32473
32429
32423
32505
32591
32626
32638
32611
32582
32545
32515
32481
32453
32415
32378
32296
32251
32234
32268
32319
32409
32495
32583
32593
32550
32475
32403
32355
32356
32367
32354
32343
32340
32423
32501
32536
32535
32515
32550
32569
32555
32490
32456
32460
32492
32535
32537
32553
32607
32687
32772
32840
32818
32731
32652
32638
32650
32621
32559
32520
32535
32601
32675
32773
32861
32902
32895
32869
32815
32729
32647
32591
32606
32616
32619
32608
32596
32567
32591
32613
32639
32623
32607
32593
32591
32532
32459
32378
32367
32396
32441
32482
32490
32528
32525
32531
32488
32437
32375
32343
32372
32399
32418
32405
32383
32410
32440
32455
32473
32521
32557
32581
32583
32583
32519
32479
32444
32421
32443
32495
32525
32561
32589
32599
32606
32615
32623
32604
32614
32615
32585
32565
32533
32567
32585
32636
32664
32701
32695
32729
32726
32743
32708
32659
32629
32594
32572
32557
32589
32587
32624
32685
32729
32775
32794
32777
32732
32646
32558
32478
32438
32410
32426
32472
32545
32593
32637
32625
32594
32559
32531
32515
32475
32457
32425
32432
32431
32443
32475
32519
32562
32553
32581
32555
32499
32417
32400
32377
32407
32450
32469
32516
32585
32596
32645
32611
32549
32505
32494
32501
32483
32487
32464
32442
32469
32490
32530
32537
32567
32617
32618
32645
32607
32573
32545
32527
32565
32568
32587
32585
32616
32627
32596
32590
32600
32607
32643
32679
32701
32655
32637
32607
32606
32603
32616
32620
32651
32677
32657
32641
32628
32627
32632
32641
32659
32633
32593
32533
32501
32468
32464
32504
32539
32585
32620
32641
32631
32587
32548
32519
32453
32419
32458
32479
32482
32488
32480
32479
32463
32486
32525
32527
32545
32499
32455
32392
32382
32391
32431
32476
32519
32540
32567
32557
32528
32519
32503
32495
32475
32440
32389
32379
32399
32444
32519
32587
32631
32652
32662
32667
32663
32647
32627
32575
32554
32541
32569
32592
32613
32630
32641
32683
32734
32775
32805
32793
32765
32703
32636
32599
32610
32645
32679
32713
32711
32695
32655
32621
32605
32575
32577
32581
32591
32549
32531
32493
32460
32462
32511
32565
32587
32590
32585
32565
32504
32417
32368
32358
32375
32415
32431
32425
32443
32449
32441
32432
32409
32448
32482
32482
32495
32472
32414
32365
32365
32398
32446
32482
32502
32496
32486
32499
32527
32535
32527
32515
32533
32539
32559
32547
32555
32563
32601
32639
32695
32765
32781
32799
32789
32747
32690
32671
32641
32647
32675
32673
32686
32684
32721
32707
32757
32804
32817
32787
32737
32648
32588
32585
32567
32555
32552
32553
32592
32613
32589
32555
32497
32484
32479
32449
32430
32407
32412
32433
32439
32453
32444
32453
32459
32483
32519
32477
32421
32351
32278
32290
32309
32343
32407
32451
32450
32479
32494
32506
32517
32507
32518
32519
32505
32472
32463
32480
32488
32513
32559
32593
32601
32639
32657
32669
32663
32668
32656
32657
32641
32651
32655
32671
32698
32711
32751
32775
32813
32808
32791
32763
32705
32647
32626
32607
32622
32647
32654
32659
32693
32681
32667
32684
32649
32627
32608
32551
32501
32479
32436
32434
32446
32466
32471
32499
32503
32495
32483
32455
32397
32375
32348
32348
32363
32382
32399
32415
32446
32495
32529
32528
32487
32466
32450
32417
32402
32378
32363
32388
32453
32519
32551
32578
32625
32624
32655
32623
32590
32543
32531
32545
32563
32568
32574
32573
32615
32630
32638
32673
32679
32716
32719
32711
32674
32660
32625
32631
32653
32679
32685
32687
32724
32725
32723
32689
32684
32654
32615
32619
32583
32554
32547
32541
32543
32542
32546
32590
32607
32629
32613
32559
32504
32476
32445
32403
32392
32398
32399
32426
32472
32492
32501
32487
32489
32501
32525
32497
32476
32453
32410
32401
32420
32443
32463
32518
32553
32592
32588
32559
32556
32533
32512
32501
32457
32450
32464
32506
32543
32581
32623
32635
32650
32667
32656
32641
32608
32571
32525
32530
32518
32545
32575
32607
32667
32695
32709
32701
32691
32688
32664
32636
32608
32576
32556
32575
32573
32592
32623
32652
32687
32680
32675
32634
32589
32575
32528
32503
32471
32462
32496
32543
32603
32635
32646
32629
32599
32558
32503
32441
32402
32410
32415
32449
32483
32482
32504
32503
32525
32538
32541
32555
32543
32517
32495
32444
32423
32417
32453
32473
32519
32541
32545
32559
32561
32533
32523
32490
32469
32478
32493
32516
32525
32533
32570
32544
32559
32567
32577
32582
32623
32615
32599
32563
32527
32516
32532
32543
32599
32615
32628
32663
32679
32694
32679
32657
32649
32663
32651
32656
32619
32610
32608
32601
32613
32608
32631
32669
32675
32679
32690
32653
32595
32551
32518
32516
32515
32519
32551
32561
32586
32595
32597
32593
32551
32528
32487
32428
32405
32399
32383
32419
32475
32514
32544
32559
32553
32545
32512
32479
32458
32442
32447
32427
32400
32410
32399
32428
32479
32513
32530
32537
32539
32528
32509
32514
32473
32457
32473
32488
32537
32597
32626
32648
32639
32637
32633
32639
32623
32619
32603
32583
32613
32620
32643
32667
32689
32731
32743
32783
32786
32763
32728
32679
32652
32614
32618
32626
32632
32633
32619
32629
32646
32652
32643
32615
32586
32567
32534
32523
32520
32509
32503
32499
32517
32498
32498
32487
32467
32481
32481
32448
32421
32382
32369
32354
32377
32401
32460
32465
32465
32475
32467
32476
32485
32463
32443
32423
32412
32439
32444
32453
32491
32499
32506
32495
32523
32535
32559
32590
32599
32610
32605
32584
32599
32593
32621
32637
32649
32685
32702
32705
32711
32723
32705
32716
32701
32685
32685
32679
32679
32701
32700
32702
32720
32725
32718
32724
32704
32686
32639
32616
32561
32535
32528
32528
32523
32539
32558
32551
32530
32531
32512
32511
32501
32479
32444
32399
32359
32354
32379
32411
32430
32441
32463
32463
32439
32433
32396
32383
32367
32393
32413
32420
32467
32469
32483
32495
32515
32543
32551
32567
32543
32527
32497
32482
32471
32509
32526
32562
32605
32636
32663
32672
32676
32655
32661
32662
32672
32671
32669
32676
32658
32675
32660
32695
32696
32715
32705
32741
32729
32729
32700
32638
32619
32614
32622
32642
32655
32656
32633
32620
32620
32617
32607
32557
32526
32505
32471
32455
32447
32437
32446
32455
32475
32480
32479
32496
32493
32485
32465
32447
32416
32390
32376
32377
32391
32415
32463
32474
32507
32506
32525
32519
32517
32499
32491
32471
32464
32474
32490
32536
32572
32555
32569
32576
32605
32613
32620
32612
32590
32591
32575
32577
32564
32567
32595
32631
32668
32668
32680
32691
32687
32689
32681
32659
32651
32648
32638
32636
32630
32617
32637
32635
32639
32629
32631
32643
32640
32633
32623
32582
32547
32525
32536
32544
32554
32551
32551
32525
32532
32523
32517
32503
32460
32458
32455
32433
32455
32471
32496
32494
32501
32505
32511
32511
32509
32491
32503
32509
32479
32462
32462
32430
32445
32463
32519
32562
32583
32577
32577
32548
32551
32535
32532
32503
32513
32543
32575
32583
32575
32548
32561
32599
32604
32615
32591
32562
32559
32571
32588
32591
32575
32607
32627
32648
32659
32663
32651
32647
32632
32623
32620
32611
32578
32583
32613
32609
32621
32612
32661
32645
32644
32625
32612
32591
32567
32551
32553
32543
32551
32535
32561
32559
32539
32542
32553
32564
32553
32528
32494
32480
32447
32452
32457
32487
32519
32531
32551
32552
32519
32499
32489
32481
32502
32485
32471
32447
32439
32439
32474
32498
32494
32511
32518
32517
32535
32543
32527
32523
32521
32521
32533
32515
32524
32519
32533
32544
32553
32560
32575
32603
32626
32603
32598
32583
32607
32620
32634
32648
32627
32651
32659
32674
32673
32651
32642
32667
32691
32700
32663
32628
32601
32616
32619
32639
32639
32621
32629
32638
32638
32643
32622
32601
32567
32541
32518
32512
32520
32487
32509
32503
32530
32532
32521
32515
32525
32504
32469
32445
32429
32441
32463
32461
32437
32438
32455
32485
32523
32502
32471
32433
32427
32451
32445
32411
32417
32430
32480
32495
32503
32514
32535
32535
32559
32553
32544
32536
32529
32537
32569
32573
32575
32599
32612
32637
32639
32664
32668
32675
32657
32655
32661
32674
32674
32699
32706
32697
32694
32681
32692
32709
32695
32667
32655
32639
32640
32602
32610
32625
32633
32609
32594
32630
32616
32559
32535
32541
32578
32565
32502
32471
32480
32461
32438
32417
32439
32460
32457
32427
32453
32481
32481
32435
32415
32441
32425
32426
32413
32431
32454
32452
32421
32413
32487
32484
32497
32479
32516
32489
32498
32490
32528
32551
32521
32506
32551
32596
32617
32606
32607
32618
32633
32613
32632
32653
32642
32623
32632
32655
32691
32697
32678
32683
32717
32750
32733
32733
32702
32691
32669
32645
32656
32661
32655
32647
32647
32657
32663
32650
32635
32579
32556
32538
32526
32503
32502
32495
32480
32479
32500
32514
32512
32499
32479
32454
32442
32423
32384
32391
32379
32393
32391
32420
32437
32459
32504
32511
32507
32481
32453
32450
32423
32437
32465
32504
32482
32461
32503
32511
32555
32541
32586
32607
32601
32582
32566
32569
32581
32563
32565
32625
32652
32669
32661
32685
32678
32669
32638
32639
32657
32675
32655
32642
32657
32649
32643
32677
32694
32704
32693
32696
32691
32694
32648
32605
32579
32553
32565
32567
32561
32555
32563
32551
32549
32561
32564
32530
32503
32489
32469
32467
32429
32428
32447
32464
32460
32459
32473
32502
32487
32479
32466
32439
32442
32425
32439
32433
32445
32442
32465
32505
32519
32556
32549
32552
32539
32539
32523
32527
32511
32495
32507
32549
32579
32597
32575
32592
32606
32619
32605
32598
32608
32639
32637
32607
32601
32597
32601
32617
32635
32655
32659
32647
32643
32638
32656
32649
32605
32572
32597
32625
32621
32627
32650
32639
32631
32623
32615
32598
32605
32583
32577
32547
32523
32501
32503
32505
32527
32541
32542
32548
32548
32551
32539
32537
32497
32453
32449
32472
32487
32473
32467
32463
32490
32531
32525
32519
32510
32495
32496
32480
32487
32488
32512
32497
32505
32515
32551
32550
32557
32566
32543
32553
32540
32534
32510
32511
32499
32517
32525
32553
32602
32621
32605
32591
32593
32593
32602
32566
32545
32566
32587
32631
32613
32605
32613
32651
32629
32625
32631
32641
32655
32627
32599
32594
32603
32596
32619
32641
32674
32657
32645
32634
32631
32636
32621
32571
32552
32512
32509
32545
32553
32543
32525
32543
32560
32593
32570
32528
32523
32529
32504
32480
32474
32469
32479
32479
32471
32477
32490
32500
32495
32495
32495
32498
32479
32469
32461
32462
32486
32490
32501
32513
32527
32548
32502
32510
32501
32525
32536
32516
32503
32535
32519
32519
32545
32560
32591
32583
32598
32623
32639
32659
32636
32614
32631
32635
32609
32610
32632
32655
32685
32674
32663
32649
32668
32671
32667
32647
32639
32642
32641
32625
32631
32615
32605
32602
32619
32621
32625
32622
32591
32565
32552
32533
32519
32494
32461
32473
32499
32521
32516
32503
32499
32517
32500
32487
32451
32425
32423
32433
32437
32427
32431
32437
32448
32458
32463
32483
32477
32469
32479
32485
32470
32447
32455
32463
32472
32520
32543
32565
32569
32552
32561
32563
32577
32558
32543
32573
32599
32609
32617
32628
32626
32673
32697
32678
32660
32657
32699
32694
32672
32637
32627
32667
32673
32673
32664
32665
32695
32711
32693
32676
32665
32643
32620
32596
32583
32587
32569
32575
32576
32579
32565
32552
32518
32499
32496
32496
32493
32465
32461
32430
32445
32445
32434
32441
32439
32460
32495
32474
32441
32431
32423
32439
32434
32423
32423
32441
32455
32472
32481
32453
32485
32526
32534
32521
32500
32508
32535
32567
32543
32544
32557
32567
32582
32592
32610
32630
32628
32610
32607
32647
32678
32665
32643
32605
32633
32687
32698
32707
32687
32695
32700
32701
32692
32667
32657
32643
32649
32619
32657
32617
32609
32600
32592
32597
32593
32594
32606
32580
32548
32512
32512
32505
32479
32457
32464
32458
32479
32473
32469
32468
32463
32456
32444
32425
32435
32440
32430
32408
32408
32453
32476
32475
32466
32466
32481
32516
32498
32483
32473
32473
32492
32505
32505
32511
32535
32566
32585
32591
32601
32591
32599
32591
32583
32580
32582
32625
32619
32619
32627
32644
32653
32665
32655
32658
32653
32671
32658
32671
32650
32644
32647
32633
32640
32649
32671
32660
32646
32638
32608
32606
32597
32582
32557
32541
32560
32575
32575
32546
32544
32555
32557
32527
32506
32493
32519
32511
32518
32485
32468
32469
32473
32447
32449
32465
32479
32493
32479
32501
32498
32477
32487
32472
32491
32482
32489
32499
32505
32511
32501
32518
32534
32535
32531
32532
32535
32557
32555
32551
32551
32571
32598
32582
32585
32570
32606
32615
32596
32600
32610
32599
32607
32607
32597
32581
32603
32598
32617
32613
32621
32619
32631
32618
32622
32617
32621
32616
32615
32593
32601
32609
32616
32615
32599
32579
32613
32621
32617
32575
32555
32548
32560
32557
32519
32533
32548
32547
32540
32533
32525
32536
32541
32519
32501
32493
32487
32494
32483
32485
32463
32491
32506
32502
32508
32502
32527
32555
32538
32504
32481
32485
32518
32500
32487
32499
32539
32535
32532
32531
32527
32543
32550
32544
32499
32517
32543
32561
32569
32557
32538
32575
32593
32597
32581
32600
32604
32599
32589
32569
32580
32595
32616
32615
32605
32626
32650
32670
32658
32631
32627
32639
32639
32625
32607
32607
32623
32625
32606
32589
32590
32610
32612
32605
32587
32583
32581
32585
32562
32552
32542
32537
32535
32529
32524
32533
32535
32543
32523
32501
32504
32495
32496
32487
32466
32471
32484
32479
32473
32456
32465
32492
32504
32508
32488
32489
32485
32503
32497
32478
32463
32479
32503
32490
32501
32514
32534
32541
32547
32547
32565
32552
32556
32556
32560
32587
32607
32610
32599
32611
32623
32654
32658
32649
32631
32635
32638
32639
32632
32637
32646
32655
32674
32655
32685
32693
32691
32677
32665
32639
32604
32629
32616
32590
32580
32567
32575
32578
32575
32576
32571
32578
32577
32545
32509
32479
32496
32501
32475
32462
32470
32479
32475
32470
32459
32471
32484
32461
32439
32425
32443
32439
32439
32427
32437
32463
32487
32509
32500
32492
32487
32493
32503
32502
32499
32490
32525
32528
32535
32543
32543
32574
32594
32603
32601
32611
32620
32617
32603
32604
32619
32638
32650
32655
32655
32679
32701
32695
32671
32665
32687
32692
32663
32639
32635
32654
32663
32655
32639
32640
32675
32660
32631
32625
32595
32577
32571
32553
32523
32521
32511
32519
32496
32489
32496
32495
32509
32487
32477
32453
32437
32460
32445
32427
32415
32431
32447
32457
32431
32437
32441
32464
32466
32450
32462
32479
32467
32457
32439
32470
32475
32505
32510
32528
32541
32565
32567
32552
32543
32537
32569
32580
32578
32577
32581
32605
32641
32651
32641
32642
32655
32680
32675
32671
32647
32657
32641
32640
32631
32639
32648
32675
32677
32658
32677
32665
32658
32631
32606
32608
32599
32588
32572
32561
32569
32592
32579
32559
32545
32540
32559
32531
32519
32477
32490
32485
32472
32463
32453
32462
32471
32485
32487
32479
32479
32471
32480
32461
32455
32437
32453
32481
32459
32487
32477
32501
32516
32509
32506
32488
32519
32525
32521
32509
32529
32553
32561
32549
32550
32584
32615
32606
32609
32596
32612
32627
32607
32586
32574
32591
32621
32625
32634
32639
32655
32663
32656
32652
32642
32629
32640
32615
32612
32605
32606
32611
32617
32630
32605
32623
32607
32613
32617
32591
32568
32555
32556
32548
32549
32551
32557
32530
32525
32516
32531
32528
32518
32495
32479
32499
32497
32499
32480
32490
32473
32496
32495
32499
32496
32500
32492
32518
32491
32501
32494
32494
32506
32495
32511
32507
32537
32539
32526
32525
32547
32545
32557
32540
32527
32549
32563
32563
32546
32559
32573
32577
32583
32593
32563
32585
32591
32603
32581
32603
32581
32575
32583
32603
32609
32627
32625
32635
32632
32655
32636
32612
32614
32595
32589
32591
32604
32601
32596
32582
32597
32595
32603
32592
32583
32590
32584
32560
32545
32543
32535
32527
32531
32519
32542
32543
32541
32522
32527
32525
32533
32513
32503
32489
32506
32503
32495
32503
32502
32521
32511
32511
32503
32503
32503
32499
32493
32495
32493
32487
32490
32511
32497
32523
32519
32545
32545
32527
32549
32533
32545
32543
32527
32519
32553
32558
32579
32583
32583
32599
32603
32600
32601
32625
32607
32607
32603
32612
32619
32630
32635
32643
32633
32654
32647
32650
32634
32631
32630
32628
32620
32617
32616
32606
32611
32615
32609
32615
32601
32589
32595
32585
32572
32560
32551
32539
32537
32528
32529
32508
32508
32507
32493
32491
32481
32503
32487
32492
32488
32477
32480
32468
32481
32469
32463
32491
32475
32467
32480
32499
32483
32490
32481
32471
32484
32495
32520
32515
32515
32518
32535
32539
32567
32549
32572
32583
32601
32589
32582
32568
32567
32599
32604
32599
32603
32633
32646
32652
32671
32663
32673
32660
32649
32639
32655
32679
32654
32663
32669
32663
32647
32653
32644
32649
32649
32630
32623
32607
32603
32579
32560
32575
32547
32565
32553
32554
32554
32546
32523
32506
32483
32471
32479
32471
32461
32465
32459
32463
32456
32460
32455
32469
32456
32459
32461
32457
32449
32474
32470
32467
32481
32490
32487
32497
32503
32489
32497
32535
32523
32534
32521
32537
32533
32544
32555
32586
32589
32599
32614
32602
32608
32626
32623
32627
32642
32649
32636
32632
32646
32667
32657
32649
32671
32679
32671
32673
32663
32662
32647
32625
32638
32634
32626
32619
32601
32602
32601
32600
32585
32583
32569
32552
32555
32532
32511
32521
32517
32516
32505
32481
32471
32482
32471
32492
32473
32455
32449
32458
32447
32443
32438
32438
32447
32452
32467
32469
32484
32469
32487
32487
32475
32482
32494
32515
32523
32517
32528
32524
32529
32524
32543
32555
32564
32585
32580
32613
32621
32618
32609
32582
32608
32627
32630
32641
32652
32628
32652
32657
32675
32639
32641
32655
32641
32637
32639
32642
32630
32621
32619
32621
32629
32647
32631
32631
32604
32599
32583
32576
32567
32555
32549
32539
32540
32531
32527
32521
32505
32520
32530
32507
32493
32487
32491
32472
32489
32469
32485
32476
32475
32471
32470
32483
32485
32476
32495
32471
32480
32495
32490
32497
32485
32495
32507
32537
32559
32562
32549
32543
32544
32543
32549
32563
32554
32569
32575
32581
32600
32591
32594
32597
32601
32611
32589
32613
32604
32609
32591
32593
32604
32623
32633
32619
32631
32621
32627
32611
32627
32627
32611
32618
32595
32599
32610
32586
32599
32599
32588
32593
32600
32580
32580
32568
32551
32553
32553
32547
32537
32525
32530
32517
32535
32518
32522
32526
32516
32510
32501
32509
32513
32507
32513
32504
32491
32493
32511
32502
32511
32501
32521
32509
32512
32505
32508
32508
32512
32519
32535
32529
32525
32561
32551
32544
32564
32545
32559
32551
32545
32549
32551
32551
32539
32560
32563
32599
32591
32592
32601
32607
32601
32603
32605
32594
32598
32598
32612
32602
32597
32615
32610
32628
32634
32646
32629
32622
32625
32608
32609
32583
32593
32589
32599
32586
32583
32606
32606
32575
32579
32566
32575
32559
32555
32533
32531
32531
32535
32535
32526
32536
32531
32537
32508
32511
32505
32507
32495
32491
32499
32495
32479
32486
32491
32491
32503
32509
32512
32518
32489
32485
32487
32500
32495
32493
32511
32530
32535
32545
32533
32544
32555
32550
32551
32548
32559
32569
32565
32568
32555
32585
32576
32595
32599
32620
32617
32639
32617
32610
32625
32635
32634
32639
32637
32619
32635
32647
32639
32641
32640
32642
32646
32651
32629
32623
32601
32604
32606
32597
32601
32580
32594
32571
32571
32546
32527
32539
32527
32526
32535
32521
32527
32488
32486
32485
32483
32476
32483
32471
32471
32479
32479
32471
32480
32471
32453
32468
32449
32461
32472
32479
32507
32495
32497
32506
32507
32506
32516
32499
32497
32494
32525
32534
32556
32562
32572
32581
32583
32599
32584
32585
32593
32605
32616
32609
32614
32635
32632
32643
32655
32663
32651
32658
32663
32651
32667
32665
32650
32649
32643
32614
32609
32640
32628
32631
32633
32616
32609
32599
32571
32580
32564
32563
32547
32543
32529
32551
32557
32520
32513
32496
32500
32483
32483
32462
32476
32466
32476
32455
32452
32461
32456
32471
32455
32453
32463
32464
32477
32477
32459
32463
32469
32463
32473
32493
32499
32514
32544
32545
32551
32557
32535
32540
32558
32569
32553
32550
32562
32608
32631
32622
32639
32615
32603
32611
32655
32651
32650
32633
32615
32625
32653
32658
32655
32665
32649
32623
32611
32610
32651
32665
32658
32641
32624
32599
32599
32621
32567
32558
32542
32521
32568
32580
32597
32573
32571
32535
32495
32476
32450
32465
32486
32485
32493
32472
32450
32475
32495
32486
32469
32461
32438
32441
32454
32466
32483
32483
32491
32514
32492
32455
32486
32541
32520
32518
32493
32436
32531
32580
32540
32613
32599
32537
32581
32615
32569
32639
32637
32575
32568
32511
32502
32560
32654
32658
32711
32669
32585
32589
32630
32589
32642
32615
32625
32639
32595
32664
32601
32587
32561
32585
32548
32575
32607
32573
32618
32689
32526
32481
32560
32458
32560
32658
32615
32514
32534
32573
32524
32611
32521
32481
32542
32466
32375
32418
32469
32505
32571
32578
32511
32557
32625
32632
32616
32554
32423
32420
32436
32420
32432
32527
32598
32613
32618
32606
32534
32529
32567
32584
32512
32493
32521
32552
32619
32619
32545
32540
32525
32495
32618
32667
32634
32650
32625
32596
32469
32429
32388
32458
32574
32592
32676
32729
32692
32639
32587
32496
32501
32521
32615
32573
32551
32617
32594
32631
32570
32439
32387
32409
32531
32651
32723
32687
32632
32621
32578
32490
32543
32469
32458
32567
32606
32631
32639
32649
32567
32531
32484
32438
32503
32579
32551
32505
32520
32460
32437
32479
32570
32570
32714
32842
32854
32780
32641
32472
32367
32329
32335
32345
32395
32447
32546
32649
32680
32668
32685
32663
32630
32587
32567
32539
32451
32477
32457
32416
32471
32581
32715
32787
32742
32573
32479
32431
32381
32419
32455
32423
32480
32566
32607
32641
32665
32629
32659
32613
32544
32535
32519
32469
32441
32429
32416
32438
32537
32657
32707
32673
32651
32615
32543
32550
32589
32551
32530
32535
32557
32655
32724
32687
32653
32596
32511
32553
32579
32559
32507
32519
32569
32654
32719
32713
32676
32587
32495
32457
32487
32578
32712
32738
32680
32585
32471
32500
32542
32471
32452
32446
32477
32583
32724
32672
32533
32429
32391
32451
32595
32623
32648
32590
32483
32396
32339
32363
32408
32463
32496
32443
32434
32510
32582
32583
32474
32403
32397
32487
32589
32579
32521
32492
32509
32533
32591
32551
32549
32561
32534
32481
32449
32480
32541
32595
32654
32686
32723
32752
32747
32743
32649
32608
32568
32593
32613
32633
32636
32632
32727
32737
32709
32677
32635
32551
32514
32511
32539
32627
32685
32715
32685
32647
32647
32631
32605
32546
32464
32399
32460
32481
32478
32506
32451
32438
32469
32520
32514
32567
32556
32519
32519
32503
32438
32387
32367
32328
32331
32394
32466
32599
32584
32515
32423
32354
32394
32452
32421
32403
32446
32559
32630
32647
32574
32486
32467
32546
32615
32613
32663
32653
32569
32525
32547
32560
32611
32682
32699
32721
32733
32736
32705
32701
32701
32663
32705
32747
32721
32731
32665
32625
32585
32579
32607
32637
32663
32625
32580
32538
32517
32568
32641
32653
32599
32574
32567
32543
32506
32492
32425
32433
32518
32518
32528
32473
32427
32375
32355
32303
32348
32460
32519
32471
32468
32461
32417
32496
32561
32539
32483
32479
32426
32411
32475
32417
32395
32446
32452
32488
32549
32557
32573
32587
32553
32573
32605
32623
32687
32709
32684
32668
32641
32631
32623
32643
32615
32601
32615
32648
32633
32657
32701
32729
32743
32772
32716
32653
32639
32661
32671
32701
32664
32645
32584
32543
32497
32536
32631
32697
32662
32588
32492
32445
32482
32513
32467
32441
32444
32493
32544
32606
32569
32527
32459
32383
32379
32463
32472
32451
32428
32383
32366
32415
32487
32509
32519
32499
32479
32487
32515
32531
32550
32544
32503
32490
32521
32538
32535
32540
32519
32520
32559
32599
32588
32590
32547
32539
32579
32641
32642
32679
32695
32631
32618
32651
32628
32650
32703
32678
32657
32622
32599
32607
32612
32610
32579
32554
32610
32639
32656
32685
32675
32612
32620
32615
32596
32636
32600
32525
32474
32471
32456
32471
32479
32501
32501
32548
32553
32538
32525
32511
32511
32528
32503
32462
32447
32491
32489
32533
32529
32539
32494
32483
32453
32471
32463
32507
32521
32483
32474
32473
32528
32619
32622
32597
32540
32514
32545
32583
32566
32527
32478
32483
32494
32561
32600
32607
32588
32546
32528
32542
32575
32608
32621
32583
32569
32604
32630
32645
32667
32643
32577
32574
32585
32555
32565
32561
32558
32581
32612
32631
32661
32646
32559
32519
32510
32524
32601
32650
32629
32599
32564
32541
32511
32549
32580
32568
32569
32542
32497
32511
32546
32524
32479
32457
32462
32537
32663
32687
32642
32585
32511
32477
32489
32499
32500
32493
32449
32427
32471
32555
32604
32617
32595
32504
32463
32471
32516
32497
32533
32532
32503
32517
32558
32545
32517
32492
32468
32455
32493
32544
32543
32541
32561
32525
32525
32555
32576
32601
32641
32613
32612
32634
32612
32587
32560
32541
32535
32589
32629
32639
32639
32631
32624
32602
32607
32608
32620
32632
32631
32660
32666
32694
32672
32608
32559
32483
32485
32523
32584
32610
32613
32581
32542
32542
32550
32574
32539
32523
32521
32547
32543
32538
32509
32469
32473
32479
32496
32521
32568
32532
32486
32441
32400
32385
32395
32405
32430
32494
32545
32567
32545
32529
32483
32464
32490
32487
32475
32485
32490
32471
32489
32514
32517
32547
32575
32559
32547
32589
32615
32633
32609
32585
32565
32611
32663
32690
32721
32735
32699
32683
32659
32590
32563
32588
32620
32627
32645
32658
32679
