32948
32950
32972
32953
32907
32845
32792
32727
32652
32616
32631
32615
32602
32608
32619
32655
32669
32689
32713
32695
32682
32667
32624
32590
32511
32473
32468
32504
32565
32580
32555
32522
32489
32499
32503
32514
32537
32545
32517
32513
32501
32460
32433
32443
32489
32549
32590
32581
32572
32496
32471
32469
32511
32521
32575
32650
32745
32823
32881
32892
32839
32839
32849
32905
32962
32999
32996
32957
32935
32915
32927
32894
32906
32950
32999
33039
33062
33057
33017
32968
32913
32889
32875
32875
32875
32844
32831
32803
32765
32733
32711
32692
32667
32634
32623
32595
32583
32579
32607
32623
32623
32626
32597
32574
32596
32617
32628
32601
32575
32535
32509
32484
32483
32447
32440
32409
32396
32435
32480
32527
32559
32575
32562
32539
32535
32516
32511
32489
32469
32479
32504
32539
32607
32660
32685
32657
32635
32626
32648
32701
32761
32814
32859
32870
32899
32958
33014
33079
33087
33037
32969
32931
32921
32955
32971
32945
32887
32863
32877
32969
33027
33025
32972
32919
32890
32905
32933
32928
32849
32733
32641
32601
32629
32663
32676
32679
32645
32631
32613
32606
32559
32519
32489
32512
32532
32589
32620
32635
32635
32624
32581
32561
32559
32521
32493
32431
32435
32405
32407
32415
32469
32535
32551
32556
32520
32499
32497
32530
32573
32610
32607
32607
32608
32623
32637
32635
32621
32614
32607
32615
32679
32753
32834
32847
32831
32812
32833
32887
32951
33055
33095
33087
33041
33003
32985
32997
32993
32973
32945
32874
32871
32875
32895
32905
32849
32803
32773
32779
32831
32889
32917
32889
32831
32759
32678
32659
32639
32604
32559
32540
32533
32576
32617
32615
32574
32519
32477
32505
32579
32629
32637
32597
32547
32551
32551
32579
32595
32581
32552
32535
32508
32471
32466
32436
32450
32457
32449
32472
32505
32567
32613
32627
32610
32596
32599
32619
32662
32698
32700
32670
32647
32644
32661
32745
32805
32857
32884
32869
32865
32885
32911
32929
32920
32919
32937
32981
33025
33054
33047
33017
33001
32967
32896
32846
32815
32799
32818
32828
32819
32816
32795
32791
32786
32759
32702
32695
32703
32711
32723
32736
32719
32645
32583
32533
32545
32569
32553
32537
32524
32524
32563
32591
32595
32583
32544
32557
32557
32571
32593
32591
32583
32575
32527
32517
32521
32533
32516
32497
32441
32431
32473
32535
32567
32619
32623
32613
32615
32628
32645
32664
32711
32691
32691
32707
32729
32765
32793
32829
32813
32809
32823
32867
32891
32920
32940
32986
33003
33000
32996
32981
32979
32964
32911
32919
32928
32935
32917
32910
32875
32837
32798
32780
32775
32769
32747
32743
32770
32782
32736
32689
32672
32652
32627
32627
32639
32627
32619
32630
32598
32593
32535
32495
32515
32538
32552
32566
32549
32532
32506
32529
32578
32619
32615
32575
32529
32497
32469
32472
32481
32489
32490
32503
32533
32523
32553
32537
32546
32567
32577
32601
32666
32745
32733
32702
32690
32663
32721
32767
32789
32857
32853
32876
32855
32836
32903
32899
32913
32938
32960
32982
33019
32955
32948
32999
32997
33011
32959
32848
32875
32887
32985
32951
32809
32749
32665
32595
32639
32703
32771
32843
32775
32749
32743
32743
32775
32598
32443
32458
32499
32580
32671
32574
32568
32584
32595
32583
32589
32535
32447
32343
32369
32481
32529
32634
32623
32519
32459
32526
32618
32656
32583
32421
32352
32388
32493
32593
32587
32539
32524
32575
32759
32753
32641
32591
32573
32687
32800
32749
32699
32687
32687
32856
32941
33004
33029
33031
33071
33051
32951
32851
32839
32746
32762
32908
33075
33122
33035
32852
32875
32982
33065
32967
32793
32607
32632
32793
32929
32881
32781
32756
32765
32743
32676
32602
32565
32623
32600
32640
32705
32679
32583
32433
32327
32361
32441
32627
32705
32577
32572
32567
32599
32551
32398
32291
32428
32543
32641
32679
32575
32541
32582
32583
32529
32429
32309
32298
32369
32527
32679
32811
32847
32736
32616
32529
32567
32615
32628
32647
32793
32977
33158
33151
33007
32819
32678
32645
32609
32699
32799
32899
33097
33184
33195
33212
33061
32887
32723
32563
32664
32834
33005
33193
33201
33119
33062
32853
32705
32575
32425
32439
32504
32633
32846
32983
32985
32844
32630
32459
32358
32296
32331
32383
32524
32735
32871
32970
32853
32607
32339
32135
32068
32185
32385
32620
32791
32813
32738
32622
32519
32398
32270
32169
32223
32421
32714
32929
33047
32939
32722
32493
32323
32298
32327
32344
32511
32729
32986
33204
33111
32884
32629
32460
32539
32647
32740
32861
32951
33110
33271
33240
33178
32936
32673
32533
32523
32709
32977
33137
33226
33226
33151
33119
32983
32757
32568
32423
32469
32684
32847
33043
33123
33071
32968
32721
32428
32259
32193
32279
32421
32619
32847
32967
32918
32742
32481
32362
32263
32291
32385
32490
32670
32827
32879
32758
32503
32260
32175
32119
32167
32267
32518
32787
32990
33023
32934
32746
32527
32325
32207
32235
32331
32593
32869
32987
33045
32925
32743
32607
32423
32297
32373
32515
32739
32907
33084
33233
33282
33181
33041
32839
32663
32599
32650
32839
33067
33191
33184
33059
32886
32780
32657
32586
32635
32713
32842
33035
33177
33197
33095
32882
32731
32548
32473
32471
32519
32631
32750
32786
32820
32781
32655
32503
32325
32205
32223
32334
32575
32799
32922
32873
32738
32559
32422
32330
32300
32290
32379
32565
32725
32835
32826
32656
32477
32359
32285
32265
32321
32445
32610
32775
32916
32957
32921
32757
32519
32417
32383
32395
32547
32766
32977
33084
33011
32918
32769
32636
32527
32533
32608
32733
32880
33071
33209
33211
33103
32933
32817
32785
32823
32891
32946
32935
32948
32985
32990
32891
32738
32615
32574
32681
32774
32859
32941
32949
32923
32839
32735
32646
32525
32419
32395
32423
32601
32745
32817
32798
32626
32487
32428
32381
32359
32315
32345
32525
32713
32840
32836
32711
32637
32535
32411
32372
32347
32365
32467
32577
32667
32702
32687
32601
32525
32471
32463
32522
32636
32681
32703
32747
32775
32762
32691
32640
32644
32663
32717
32775
32820
32869
32878
32861
32855
32830
32817
32831
32812
32811
32871
32967
33031
33039
32987
32937
32917
32921
32909
32839
32816
32864
32916
32887
32808
32763
32754
32749
32759
32709
32610
32553
32581
32650
32737
32777
32755
32722
32671
32601
32550
32503
32452
32433
32447
32501
32562
32639
32634
32584
32505
32423
32397
32403
32467
32530
32567
32599
32619
32651
32645
32617
32557
32490
32451
32439
32495
32603
32668
32692
32679
32641
32572
32547
32587
32655
32702
32731
32789
32822
32829
32879
32859
32812
32742
32663
32715
32851
33004
33068
33039
32987
32963
32919
32879
32826
32809
32793
32847
32941
32996
32987
32966
32902
32849
32843
32789
32741
32722
32707
32743
32775
32805
32775
32729
32662
32649
32619
32543
32465
32427
32482
32546
32675
32699
32611
32511
32471
32492
32533
32486
32487
32503
32511
32571
32598
32590
32585
32519
32467
32419
32401
32477
32535
32577
32625
32615
32618
32637
32660
32605
32527
32511
32534
32607
32679
32771
32842
32835
32811
32760
32702
32680
32685
32739
32769
32822
32872
32909
32972
33004
32951
32877
32819
32805
32829
32901
32984
33054
33083
33062
33005
32905
32815
32740
32685
32676
32725
32765
32829
32905
32916
32831
32714
32632
32607
32583
32577
32587
32607
32663
32680
32658
32639
32561
32529
32497
32430
32377
32396
32446
32493
32551
32589
32607
32601
32567
32519
32473
32447
32422
32457
32511
32608
32677
32703
32675
32586
32497
32435
32412
32455
32607
32582
32759
32771
32695
32839
32615
32564
32752
32573
32700
32790
32652
32878
32861
32873
33032
32843
32831
32806
32781
32668
32783
32940
32985
32886
32873
32893
32920
32975
32865
32645
32671
32842
33029
33057
32884
32782
32660
32661
32618
32727
32709
32554
32609
32747
32737
32841
32842
32733
32751
32295
32470
32568
32680
32663
32414
32407
32699
32701
32739
32771
32328
32395
32402
32517
32747
32681
32478
32597
32509
32618
32814
32547
32532
32577
32618
32692
32729
32597
32713
32551
32478
32531
32467
32534
32663
32773
32819
32933
32906
32823
32710
32616
32642
32797
32851
32779
33013
33029
32859
32821
32748
32795
32860
32676
32738
32879
32871
32935
32923
32939
32971
32943
32869
32767
32777
32797
32739
32785
32805
32894
32975
32827
32775
32753
32555
32598
32578
32411
32496
32408
32473
32788
32665
32801
32967
32845
32983
32705
32335
32407
32423
32619
32777
32602
32445
32409
32675
32804
32822
32685
32376
32419
32509
32600
32757
32526
32375
32534
32655
32968
32937
32787
32662
32540
32609
32646
32635
32600
32373
32332
32363
32560
32910
32808
32883
32865
32862
32951
32853
32706
32702
32586
32581
32815
32874
32969
32964
32909
32941
32937
32749
32678
32589
32607
32792
32834
32941
32995
32869
32909
32969
32908
32885
32729
32643
32732
32850
32791
32649
32607
32505
32556
32699
32661
32729
32674
32437
32657
32721
32759
32902
32759
32693
32730
32565
32481
32405
32354
32451
32479
32595
32657
32665
32659
32542
32599
32481
32477
32546
32415
32457
32523
32559
32743
32805
32772
32807
32685
32565
32571
32561
32462
32463
32390
32388
32603
32631
32591
32720
32795
32966
33187
33107
32973
32884
32717
32664
32782
32739
32687
32711
32632
32779
32923
32969
32956
32960
32842
32801
32804
32736
32705
32746
32760
32883
33070
32981
33038
32859
32714
32728
32623
32551
32557
32433
32526
32603
32607
32707
32605
32623
32601
32683
32753
32692
32642
32551
32473
32677
32689
32601
32592
32345
32409
32539
32638
32693
32600
32418
32454
32556
32767
32737
32521
32407
32389
32575
32791
32795
32759
32729
32653
32831
32864
32767
32615
32419
32423
32547
32751
32919
32910
32857
32817
32787
32933
32839
32787
32823
32735
32892
33079
33041
33061
32935
32698
32721
32712
32783
32841
32718
32660
32711
32795
32909
32903
32791
32681
32627
32745
32745
32777
32728
32613
32693
32618
32610
32647
32407
32429
32433
32426
32667
32675
32623
32695
32631
32643
32622
32581
32583
32544
32566
32601
32639
32662
32605
32623
32575
32505
32515
32413
32452
32615
32605
32679
32823
32853
32885
32793
32673
32677
32596
32576
32633
32642
32745
32812
32815
32873
32879
32794
32671
32629
32701
32693
32777
32864
32919
32964
32872
32853
32887
32811
32885
32901
32855
32805
32691
32709
32751
32761
32722
32586
32567
32678
32777
32867
32768
32671
32583
32585
32759
32826
32699
32583
32540
32592
32697
32679
32711
32703
32551
32542
32489
32508
32597
32544
32571
32606
32592
32682
32731
32703
32727
32648
32624
32695
32725
32671
32596
32567
32601
32643
32709
32681
32673
32604
32524
32608
32653
32625
32720
32769
32838
32937
32827
32721
32655
32575
32617
32695
32752
32736
32657
32686
32755
32802
32769
32705
32716
32727
32741
32829
32804
32830
32823
32765
32807
32799
32711
32733
32715
32695
32715
32667
32662
32686
32695
32708
32730
32715
32653
32646
32667
32741
32852
32794
32763
32729
32615
32607
32589
32543
32591
32572
32584
32697
32759
32754
32713
32615
32543
32542
32630
32761
32809
32757
32656
32660
32721
32727
32711
32597
32476
32497
32552
32630
32695
32665
32669
32654
32589
32659
32671
32582
32594
32579
32615
32733
32819
32847
32807
32734
32632
32583
32572
32599
32667
32663
32609
32681
32731
32799
32881
32805
32755
32754
32754
32839
32887
32813
32803
32797
32785
32863
32803
32719
32663
32648
32674
32711
32710
32726
32779
32799
32743
32701
32680
32664
32744
32767
32773
32807
32760
32730
32759
32702
32657
32555
32491
32539
32593
32652
32663
32611
32609
32604
32676
32749
32689
32647
32599
32609
32623
32604
32633
32614
32598
32613
32539
32555
32573
32503
32537
32516
32541
32675
32673
32700
32714
32633
32634
32656
32685
32754
32710
32698
32733
32739
32743
32748
32747
32703
32664
32697
32731
32792
32823
32786
32839
32891
32895
32949
32893
32821
32827
32759
32767
32847
32847
32833
32791
32757
32716
32723
32684
32688
32682
32674
32708
32821
32836
32819
32766
32624
32603
32597
32613
32683
32641
32613
32635
32615
32634
32599
32567
32551
32497
32480
32491
32539
32577
32612
32657
32667
32679
32691
32636
32614
32583
32493
32463
32471
32536
32651
32639
32624
32626
32556
32579
32647
32689
32710
32713
32712
32767
32777
32784
32767
32747
32759
32769
32831
32865
32892
32899
32825
32790
32798
32725
32723
32725
32754
32843
32915
32966
33007
32933
32887
32865
32811
32759
32679
32647
32668
32684
32739
32727
32701
32675
32631
32645
32613
32607
32637
32563
32613
32645
32649
32669
32671
32597
32615
32552
32547
32599
32564
32521
32500
32514
32553
32577
32569
32546
32562
32612
32604
32639
32597
32575
32633
32644
32674
32719
32636
32630
32599
32587
32641
32639
32635
32675
32667
32731
32759
32761
32784
32787
32793
32833
32823
32844
32831
32835
32812
32797
32829
32810
32809
32825
32809
32806
32803
32834
32855
32855
32840
32813
32743
32669
32671
32711
32776
32831
32819
32767
32738
32693
32697
32653
32567
32481
32489
32533
32646
32714
32682
32621
32565
32532
32607
32669
32679
32655
32567
32549
32599
32608
32595
32570
32513
32545
32588
32650
32654
32629
32584
32558
32613
32646
32671
32695
32652
32662
32681
32703
32767
32787
32765
32737
32692
32683
32665
32654
32612
32607
32643
32755
32810
32857
32830
32814
32841
32824
32827
32823
32772
32773
32767
32743
32791
32775
32784
32786
32755
32754
32749
32733
32762
32711
32693
32707
32703
32745
32765
32754
32759
32701
32654
32643
32651
32687
32644
32627
32590
32592
32608
32608
32599
32595
32586
32609
32677
32696
32721
32652
32623
32616
32579
32595
32631
32639
32684
32679
32643
32639
32625
32649
32631
32619
32644
32632
32677
32713
32710
32726
32673
32659
32659
32652
32685
32733
32685
32686
32708
32699
32700
32656
32637
32646
32657
32697
32719
32727
32729
32703
32716
32751
32781
32818
32820
32813
32815
32771
32738
32691
32665
32640
32628
32711
32763
32765
32775
32772
32733
32725
32700
32703
32722
32713
32751
32746
32746
32767
32741
32677
32611
32599
32609
32643
32681
32663
32617
32615
32628
32639
32670
32647
32697
32728
32721
32726
32713
32710
32675
32649
32606
32586
32555
32552
32568
32604
32623
32647
32653
32657
32667
32643
32639
32663
32627
32631
32622
32655
32695
32699
32639
32601
32573
32624
32667
32708
32717
32699
32645
32656
32689
32743
32759
32731
32705
32712
32775
32861
32870
32849
32779
32777
32787
32791
32795
32761
32692
32702
32711
32755
32819
32831
32815
32764
32729
32749
32755
32745
32733
32717
32726
32754
32767
32761
32672
32667
32655
32667
32689
32638
32614
32583
32567
32616
32625
32644
32661
32648
32657
32701
32671
32628
32592
32567
32593
32615
32591
32591
32560
32525
32521
32567
32598
32588
32583
32617
32659
32665
32642
32618
32633
32661
32675
32699
32726
32703
32687
32651
32676
32678
32684
32695
32687
32737
32767
32807
32841
32845
32823
32831
32861
32888
32879
32824
32785
32787
32816
32855
32850
32813
32792
32762
32737
32756
32776
32764
32743
32737
32760
32798
32817
32771
32711
32657
32647
32651
32666
32667
32646
32631
32625
32592
32579
32595
32580
32559
32555
32570
32588
32627
32613
32581
32587
32583
32611
32605
32555
32535
32551
32581
32618
32632
32631
32585
32561
32583
32572
32573
32605
32625
32674
32683
32703
32739
32749
32743
32735
32718
32743
32735
32746
32756
32760
32759
32767
32771
32807
32823
32827
32822
32781
32787
32809
32830
32902
32899
32880
32857
32819
32819
32791
32761
32752
32731
32733
32753
32760
32748
32699
32634
32613
32621
32679
32717
32763
32725
32681
32655
32620
32595
32574
32535
32547
32553
32573
32583
32593
32587
32599
32583
32579
32564
32561
32570
32589
32607
32633
32639
32631
32642
32652
32661
32621
32593
32570
32564
32622
32687
32715
32684
32650
32667
32711
32751
32743
32726
32713
32747
32749
32777
32819
32805
32779
32795
32801
32838
32829
32779
32763
32728
32743
32791
32846
32835
32796
32783
32828
32831
32824
32775
32777
32785
32789
32797
32774
32729
32669
32615
32637
32706
32725
32695
32653
32646
32638
32649
32661
32623
32603
32562
32597
32634
32649
32660
32661
32624
32646
32609
32581
32553
32558
32533
32551
32580
32631
32651
32670
32693
32674
32655
32638
32619
32667
32688
32703
32711
32686
32659
32663
32657
32675
32663
32647
32669
32699
32734
32755
32754
32739
32701
32704
32735
32769
32794
32758
32711
32723
32757
32788
32811
32776
32748
32703
32710
32716
32718
32734
32717
32743
32769
32803
32809
32764
32708
32701
32695
32713
32737
32727
32706
32673
32655
32673
32685
32652
32625
32591
32603
32662
32716
32729
32687
32648
32637
32669
32702
32691
32644
32594
32570
32631
32699
32726
32711
32631
32583
32593
32632
32655
32618
32619
32647
32672
32731
32744
32711
32665
32619
32649
32679
32693
32693
32659
32634
32653
32661
32637
32621
32612
32629
32677
32720
32743
32741
32743
32735
32745
32760
32725
32688
32687
32691
32710
32751
32756
32775
32753
32735
32724
32717
32716
32697
32701
32724
32749
32783
32823
32812
32773
32748
32742
32720
32739
32726
32695
32674
32661
32688
32683
32681
32681
32679
32699
32719
32724
32690
32674
32647
32677
32684
32686
32661
32627
32621
32639
32653
32669
32635
32619
32615
32637
32639
32625
32623
32568
32558
32583
32649
32684
32697
32668
32627
32624
32666
32687
32658
32587
32571
32571
32617
32676
32671
32649
32661
32691
32711
32737
32717
32700
32694
32727
32761
32804
32783
32787
32775
32753
32739
32731
32751
32767
32788
32814
32828
32815
32781
32736
32717
32736
32765
32791
32817
32833
32828
32799
32765
32727
32702
32687
32645
32659
32671
32675
32680
32653
32668
32673
32677
32662
32625
32620
32629
32655
32663
32629
32599
32583
32589
32613
32615
32570
32555
32557
32580
32617
32633
32616
32585
32561
32573
32597
32633
32617
32595
32591
32597
32661
32684
32681
32659
32621
32631
32669
32692
32707
32679
32670
32687
32715
32763
32763
32780
32785
32783
32789
32819
32839
32831
32830
32831
32797
32807
32804
32794
32765
32747
32763
32805
32853
32852
32808
32791
32782
32757
32721
32733
32715
32695
32713
32721
32733
32719
32679
32664
32636
32605
32591
32582
32593
32593
32603
32596
32615
32641
32646
32632
32607
32570
32548
32575
32597
32593
32581
32544
32559
32553
32583
32577
32596
32605
32607
32637
32652
32666
32647
32635
32617
32629
32673
32685
32717
32723
32716
32715
32720
32749
32739
32749
32727
32717
32726
32736
32774
32803
32818
32824
32847
32846
32867
32843
32819
32781
32783
32804
32805
32792
32767
32771
32778
32792
32775
32744
32721
32716
32730
32727
32703
32708
32701
32691
32657
32665
32661
32652
32651
32663
32623
32615
32626
32593
32602
32583
32558
32563
32547
32571
32597
32615
32623
32631
32631
32624
32623
32605
32613
32609
32602
32614
32627
32633
32656
32666
32661
32635
32616
32648
32681
32684
32700
32695
32719
32746
32758
32749
32735
32715
32714
32717
32729
32747
32747
32749
32761
32762
32774
32775
32784
32769
32771
32779
32812
32811
32819
32809
32815
32795
32766
32739
32721
32712
32726
32724
32727
32709
32702
32693
32673
32693
32678
32663
32684
32679
32695
32683
32661
32639
32631
32631
32618
32607
32609
32601
32610
32624
32647
32647
32634
32629
32613
32615
32621
32633
32643
32625
32647
32651
32679
32697
32689
32675
32651
32644
32653
32653
32652
32657
32673
32661
32689
32696
32694
32683
32692
32705
32713
32731
32723
32713
32727
32734
32727
32733
32725
32713
32706
32731
32733
32717
32727
32727
32732
32728
32735
32753
32747
32752
32753
32745
32759
32751
32748
32733
32723
32721
32711
32690
32682
32676
32677
32671
32676
32687
32693
32692
32687
32677
32683
32686
32679
32683
32668
32675
32677
32679
32655
32634
32629
32624
32645
32645
32631
32621
32627
32647
32677
32685
32670
32669
32665
32667
32671
32655
32641
32639
32631
32644
32657
32656
32663
32632
32635
32660
32663
32673
32669
32650
32675
32685
32703
32701
32682
32692
32681
32703
32714
32723
32721
32709
32708
32730
32719
32727
32714
32701
32720
32743
32767
32773
32794
32786
32761
32750
32740
32744
32747
32751
32744
32759
32773
32775
32756
32718
32695
32682
32703
32726
32718
32687
32703
32683
32703
32705
32670
32671
32669
32701
32681
32666
32641
32627
32598
32619
32605
32605
32609
32599
32630
32641
32644
32647
32631
32623
32611
32619
32632
32627
32631
32623
32604
32615
32627
32619
32615
32612
32619
32619
32641
32657
32665
32671
32667
32675
32697
32707
32721
32731
32745
32743
32737
32740
32741
32743
32737
32748
32753
32767
32767
32771
32801
32806
32821
32800
32801
32792
32811
32820
32813
32781
32766
32755
32747
32738
32721
32722
32711
32715
32691
32679
32689
32692
32689
32683
32690
32669
32667
32654
32643
32646
32639
32623
32614
32599
32606
32612
32614
32608
32573
32566
32590
32601
32587
32582
32587
32581
32601
32624
32627
32627
32632
32623
32641
32634
32635
32636
32639
32623
32639
32646
32660
32665
32671
32695
32723
32733
32744
32735
32762
32767
32775
32783
32778
32781
32783
32783
32799
32809
32819
32806
32794
32783
32788
32786
32806
32791
32795
32784
32786
32804
32804
32789
32782
32765
32741
32722
32714
32691
32670
32665
32645
32655
32640
32662
32639
32650
32640
32644
32630
32615
32609
32603
32615
32581
32576
32585
32571
32583
32598
32615
32590
32575
32564
32584
32597
32606
32601
32605
32606
32614
32631
32648
32663
32667
32670
32661
32671
32684
32685
32683
32673
32673
32710
32711
32732
32737
32733
32745
32759
32752
32742
32750
32771
32789
32797
32797
32798
32805
32808
32783
32803
32794
32799
32781
32761
32758
32767
32779
32785
32757
32713
32713
32741
32737
32721
32709
32691
32694
32691
32673
32663
32642
32613
32617
32623
32628
32637
32631
32595
32598
32597
32601
32617
32599
32609
32620
32623
32617
32598
32597
32611
32610
32590
32589
32609
32616
32636
32641
32651
32639
32636
32657
32649
32662
32670
32672
32670
32697
32705
32715
32709
32703
32711
32723
32709
32711
32711
32724
32739
32727
32738
32745
32730
32743
32750
32758
32792
32785
32775
32783
32768
32766
32725
32726
32727
32727
32711
32727
32739
32759
32740
32723
32700
32703
32694
32700
32691
32675
32674
32674
32679
32687
32667
32670
32672
32658
32653
32639
32623
32615
32615
32607
32604
32627
32641
32666
32657
32671
32663
32655
32648
32639
32639
32651
32665
32650
32647
32617
32627
32647
32663
32650
32643
32651
32671
32681
32679
32669
32662
32680
32673
32678
32687
32711
32712
32717
32707
32701
32687
32683
32695
32693
32695
32695
32713
32700
32713
32737
32749
32736
32731
32734
32741
32734
32722
32740
32731
32723
32723
32713
32707
32725
32739
32724
32711
32705
32715
32731
32716
32706
32695
32708
32693
32715
32698
32696
32691
32684
32683
32674
32670
32672
32679
32659
32654
32653
32647
32655
32668
32661
32653
32655
32649
32643
32651
32651
32647
32651
32651
32631
32647
32643
32659
32635
32632
32623
32628
32628
32643
32646
32664
32649
32653
32663
32678
32663
32662
32661
32663
32679
32674
32681
32673
32691
32695
32713
32719
32702
32692
32681
32717
32740
32757
32759
32745
32764
32776
32787
32785
32775
32761
32744
32753
32751
32753
32763
32740
32721
32724
32731
32753
32767
32741
32727
32732
32743
32735
32718
32698
32671
32661
32661
32671
32671
32676
32662
32649
32651
32645
32637
32636
32618
32609
32626
32628
32643
32621
32631
32627
32634
32633
32627
32611
32611
32597
32619
32619
32614
32595
32599
32609
32631
32644
32649
32657
32654
32663
32668
32680
32646
32675
32687
32710
32705
32711
32727
32725
32708
32727
32729
32749
32741
32751
32757
32773
32781
32791
32791
32784
32803
32793
32825
32821
32827
32804
32797
32764
32756
32759
32742
32743
32727
32719
32732
32729
32747
32716
32690
32691
32689
32694
32690
32673
32665
32656
32651
32645
32637
32613
32598
32579
32607
32601
32600
32603
32602
32615
32599
32605
32593
32602
32598
32605
32609
32619
32622
32611
32612
32609
32594
32613
32631
32649
32654
32651
32650
32674
32679
32695
32696
32694
32706
32730
32743
32752
32736
32733
32751
32767
32760
32769
32774
32765
32765
32775
32795
32807
32791
32803
32823
32816
32805
32784
32772
32774
32781
32776
32781
32778
32761
32727
32746
32743
32722
32713
32681
32673
32667
32674
32670
32661
32642
32663
32649
32642
32635
32635
32627
32607
32603
32619
32613
32631
32607
32589
32599
32587
32583
32599
32603
32607
32615
32631
32636
32631
32627
32615
32617
32643
32653
32669
32680
32677
32689
32664
32675
32675
32665
32686
32691
32695
32718
32739
32734
32744
32739
32767
32764
32748
32759
32757
32757
32756
32748
32767
32761
32759
32765
32749
32743
32765
32773
32791
32761
32735
32755
32751
32751
32735
32727
32728
32729
32716
32709
32691
32676
32663
32657
32655
32647
32664
32661
32663
32644
32636
32623
32633
32646
32642
32623
32635
32624
32634
32631
32620
32602
32611
32625
32637
32641
32631
32626
32623
32628
32631
32661
32649
32659
32665
32673
32690
32683
32669
32671
32683
32684
32695
32687
32679
32696
32704
32697
32699
32715
32705
32718
32723
32721
32719
32728
32751
32733
32745
32741
32768
32767
32747
32735
32733
32741
32740
32735
32737
32726
32711
32719
32703
32719
32724
32738
32739
32752
32739
32726
32718
32703
32687
32692
32681
32691
32661
32663
32671
32674
32660
32660
32667
32660
32678
32674
32639
32641
32646
32656
32666
32673
32654
32636
32647
32639
32631
32624
32647
32641
32653
32643
32647
32667
32655
32651
32655
32647
32671
32663
32674
32671
32673
32663
32663
32677
32678
32685
32678
32670
32673
32682
32693
32684
32692
32699
32696
32699
32708
32706
32708
32707
32729
32739
32733
32742
32723
32731
32728
32733
32707
32719
32712
32748
32743
32747
32752
32715
32712
32709
32723
32729
32734
32719
32732
32718
32735
32721
32714
32694
32688
32679
32675
32657
32657
32671
32677
32673
32675
32670
32670
32664
32661
32661
32644
32655
32667
32655
32638
32630
32621
32633
32625
32623
32633
32631
32635
32647
32629
32632
32631
32632
32631
32645
32651
32643
32637
32653
32661
32678
32664
32660
32661
32655
32673
32678
32683
32679
32684
32695
32718
32737
32743
32755
32740
32760
32735
32738
32737
32749
32734
32743
32749
32760
32767
32761
32770
32768
32759
32752
32754
32744
32758
32743
32752
32743
32745
32730
32703
32714
32722
32711
32695
32701
32686
32677
32665
32639
32654
32637
32640
32650
32639
32657
32657
32643
32635
32623
32615
32603
32616
32611
32619
32609
32618
32624
32631
32615
32603
32601
32603
32610
32607
32609
32637
32633
32635
32647
32673
32662
32663
32675
32683
32681
32688
32691
32705
32711
32709
32722
32713
32734
32737
32739
32733
32754
32760
32772
32802
32813
32800
32799
32804
32799
32790
32791
32787
32779
32771
32771
32767
32757
32759
32745
32735
32723
32727
32725
32722
32719
32717
32722
32696
32674
32665
32673
32663
32657
32663
32637
32629
32633
32629
32629
32600
32591
32591
32596
32596
32599
32592
32605
32613
32622
32631
32615
32610
32601
32582
32615
32623
32639
32615
32639
32647
32653
32671
32661
32663
32668
32679
32701
32698
32705
32708
32708
32709
32727
32741
32735
32742
32737
32739
32750
32767
32768
32772
32762
32751
32757
32773
32807
32796
32795
32791
32789
32790
32795
32791
32775
32753
32743
32729
32731
32727
32709
32711
32696
32693
32715
32703
32683
32667
32659
32663
32652
32642
32642
32643
32631
32633
32625
32637
32604
32605
32609
32618
32615
32615
32604
32598
32601
32616
32622
32646
32633
32625
32622
32633
32642
32645
32639
32641
32629
32639
32659
32671
32677
32667
32684
32685
32697
32709
32719
32723
32726
32703
32711
32731
32727
32731
32725
32733
32755
32749
32749
32743
32742
32737
32743
32729
32748
32758
32765
32745
32759
32733
32733
32731
32720
32710
32721
32737
32735
32712
32697
32697
32680
32694
32666
32675
32663
32670
32676
32675
32665
32663
32650
32639
32635
32629
32639
32651
32632
32639
32619
32622
32651
32639
32639
32629
32622
32633
32629
32647
32641
32653
32642
32641
32637
32656
32667
32667
32652
32655
32670
32671
32665
32656
32680
32679
32689
32666
32671
32675
32695
32712
32719
32718
32713
32725
32714
32723
32715
32711
32705
32711
32719
32713
32707
32743
32729
32730
32720
32715
32737
32727
32725
32714
32723
32725
32739
32745
32733
32727
32721
32714
32708
32705
32711
32712
32701
32688
32690
32687
32685
32675
32669
32668
32663
32683
32671
32663
32655
32653
32671
32654
32644
32641
32652
32638
32638
32650
32637
32643
32641
32639
32645
32647
32651
32642
32648
32643
32657
32664
32661
32654
32655
32639
32657
32672
32673
32665
32639
32648
32662
32671
32663
32670
32678
32684
32681
32691
32698
32704
32699
32695
32707
32703
32728
32721
32725
32731
32711
32714
32727
32739
32727
32741
32736
32739
32743
32751
32752
32743
32740
32731
32745
32735
32734
32717
32709
32703
32714
32714
32693
32695
32701
32699
32693
32699
32699
32687
32661
32658
32658
32657
32661
32659
32647
32649
32637
32657
32641
32628
32624
32599
32624
32633
32632
32617
32631
32627
32635
32632
32617
32620
32623
32630
32639
32645
32645
32631
32627
32634
32661
32659
32655
32661
32667
32670
32679
32691
32688
32680
32683
32687
32698
32728
32723
32727
32737
32731
32741
32735
32733
32738
32741
32749
32752
32751
32766
32772
32767
32763
32763
32755
32751
32741
32746
32748
32751
32738
32739
32727
32718
32730
32714
32697
32713
32699
32663
32679
32669
32647
32674
32646
32651
32639
32655
32659
32635
32632
32622
32615
32622
32632
32613
32610
32602
32615
32605
32606
32604
32599
32598
32630
32618
32651
32637
32623
32625
32633
32631
32645
32641
32652
32661
32665
32684
32694
32690
32679
32686
32703
32713
32725
32726
32723
32731
32749
32743
32757
32759
32745
32747
32755
32759
32772
32777
32775
32787
32782
32780
32782
32758
32743
32744
32751
32743
32743
32721
32717
32735
32741
32711
32702
32687
32698
32701
32698
32675
32680
32653
32643
32634
32653
32642
32626
32620
32625
32614
32621
32637
32611
32606
32606
32599
32607
32593
32615
32610
32605
32607
32612
32615
32637
32639
32620
32623
32628
32655
32647
32641
32646
32671
32679
32687
32691
32682
32685
32684
32703
32708
32703
32689
32709
32724
32727
32739
32751
32744
32743
32746
32759
32767
32784
32781
32760
32757
32759
32759
32758
32736
32736
32741
32756
32743
32746
32734
32731
32719
32714
32696
32691
32705
32705
32695
32688
32680
32679
32679
32645
32657
32647
32641
32629
32629
32615
32620
32616
32627
32623
32615
32611
32632
32626
32619
32613
32638
32611
32631
32613
32609
32629
32645
32639
32636
32631
32642
32651
32645
32639
32660
32675
32663
32687
32689
32682
32711
32710
32687
32686
32723
32730
32733
32725
32717
32723
32735
32740
32731
32725
32717
32719
32741
32737
32750
32745
32763
32741
32738
32735
32724
32727
32721
32721
32717
32729
32705
32715
32705
32703
32695
32713
32707
32707
32693
32692
32701
32693
32671
32680
32660
32657
32658
32646
32655
32644
32653
32647
32634
32645
32641
32641
32623
32626
32651
32655
32658
32651
32646
32645
32644
32657
32664
32637
32645
32652
32653
32660
32666
32646
32653
32671
32677
32683
32685
32684
32676
32679
32679
32688
32701
32689
32687
32701
32698
32705
32694
32699
32707
32711
32721
32713
32708
32707
32711
32717
32713
32723
32733
32719
32728
32725
32727
32742
32741
32731
32705
32701
32715
32728
32735
32707
32713
32705
32711
32709
32701
32706
32703
32706
32693
32703
32691
32697
32701
32687
32672
32675
32685
32671
32662
32655
32642
32660
32661
32666
32657
32658
32639
32663
32647
32657
32655
32658
32647
32653
32653
32649
32647
32633
32648
32646
32651
32654
32651
32659
32653
32662
32661
32662
32660
32669
32690
32679
32678
32688
32682
32687
32690
32695
32697
32707
32694
32725
32725
32711
32696
32707
32737
32733
32738
32727
32731
32738
32740
32754
32745
32727
32735
32742
32751
32762
32755
32749
32719
32737
32727
32730
32719
32712
32713
32719
32727
32722
32699
32681
32677
32685
32681
32683
32672
32665
32663
32661
32642
32654
32635
32642
32625
32644
32633
32625
32622
32604
32607
32603
32637
32630
32637
32625
32609
32643
32643
32647
32647
32627
32622
32641
32641
32659
32652
32648
32661
32663
32675
32684
32695
32693
32705
32697
32707
32711
32714
32710
32703
32715
32741
32753
32738
32719
32743
32747
32753
32755
32759
32745
32742
32757
32771
32765
32753
32743
32757
32759
32765
32767
32737
32719
32708
32723
32721
32713
32701
32681
32683
32683
32691
32665
32667
32663
32648
32643
32639
32655
32643
32637
32624
32627
32622
32628
32627
32623
32611
32607
32601
32615
32615
32607
32597
32624
32633
32619
32624
32621
32631
32645
32653
32651
32648
32653
32656
32669
32663
32658
32670
32681
32684
32682
32692
32706
32712
32721
32736
32745
32733
32745
32733
32747
32742
32758
32747
32755
32752
32757
32762
32775
32782
32773
32760
32758
32763
32764
32743
32752
32743
32753
32736
32727
32714
32711
32709
32696
32686
32692
32675
32670
32671
32663
32667
32671
32652
32649
32646
32633
32637
32637
32639
32620
32611
32614
32621
32631
32615
32606
32615
32621
32622
32616
32620
32621
32619
32631
32651
32655
32663
32647
32647
32648
32669
32677
32674
32669
32678
32693
32709
32713
32715
32698
32698
32711
32733
32727
32723
32725
32737
32749
32741
32747
32743
32753
32749
32744
32745
32737
32743
32736
32735
32740
32735
32752
32743
32727
32732
32733
32727
32725
32709
32703
32699
32715
32723
32711
32702
32695
32672
32664
32681
32663
32649
32652
32643
32645
32644
32661
32648
32639
32627
32647
32631
32646
32639
32639
32639
32635
32633
32629
32631
32643
32650
32646
32649
32634
32635
32655
32663
32671
32658
32655
32657
32675
32692
32707
32688
32679
32687
32674
32687
32712
32701
32711
32703
32697
32714
32715
32720
32709
32715
32727
32734
32728
32724
32723
32723
32735
32733
32723
32729
32726
32717
32736
32727
32735
32723
32703
32711
32703
32705
32712
32708
32705
32711
32703
32706
32701
32695
32697
32679
32692
32696
32686
32675
32672
32667
32651
32663
32666
32663
32659
32650
32663
32666
32663
32641
32652
32659
32656
32662
32663
32659
32670
32650
32660
32674
32663
32651
32652
32655
32665
32665
32657
32671
32663
32682
32681
32687
32692
32693
32671
32675
32670
32696
32700
32695
32702
32677
32679
32697
32695
32696
32691
32703
32711
32715
32722
32727
32721
32731
32719
32728
32743
32730
32719
32737
32717
32725
32728
32732
32724
32718
32723
32723
32726
32719
32698
32705
32703
32719
32715
32713
32701
32691
32684
32684
32680
32694
32681
32676
32660
32655
32676
32674
32661
32647
32643
32651
32653
32659
32659
32652
32633
32641
32647
32634
32650
32633
32635
32629
32629
32650
32645
32642
32642
32642
32652
32655
32653
32651
32647
32655
32675
32680
32683
32677
32691
32688
32683
32703
32699
32705
32704
32698
32705
32715
32711
32716
32719
32731
32735
32735
32739
32753
32742
32745
32735
32750
32743
32749
32754
32743
32742
32733
32736
32741
32745
32731
32719
32727
32725
32723
32730
32720
32695
32675
32691
32690
32687
32677
32652
32653
32659
32660
32655
32642
32635
32623
32629
32639
32653
32631
32619
32613
32612
32615
32620
32618
32625
32628
32632
32632
32633
32637
32629
32629
32627
32643
32647
32650
32647
32657
32663
32664
32669
32679
32671
32679
32693
32705
32705
32711
32725
32705
32713
32709
32739
32743
32752
32749
32733
32744
32767
32757
32753
32745
32749
32757
32759
32773
32789
32751
32732
32757
32745
32763
32743
32735
32726
32728
32732
32711
32711
32695
32687
32671
32686
32679
32671
32661
32653
32660
32667
32639
32647
32634
32621
32629
32637
32639
32623
32629
32615
32611
32637
32631
32641
32630
32613
32621
32644
32648
32637
32631
32612
32626
32634
32655
32659
32653
32651
32669
32670
32689
32695
32695
32691
32703
32695
32711
32714
32731
32722
32727
32730
32735
32743
32752
32746
32733
32740
32744
32752
32756
32742
32749
32749
32747
32746
32746
32761
32747
32741
32749
32734
32740
32717
32717
32696
32703
32705
32708
32701
32692
32679
32682
32679
32673
32663
32645
32650
32655
32648
32637
32647
32637
32643
32626
32625
32637
32647
32630
32611
32611
32629
32631
32646
32642
32633
32641
32631
32655
32654
32663
32661
32654
32662
32657
32679
32672
32685
32663
32666
32679
32687
32695
32701
32701
32703
32707
32721
32721
32727
32725
32725
32738
32741
32749
32747
32739
32724
32728
32728
32743
32743
32735
32728
32730
32731
32739
32732
32725
32720
32710
32728
32732
32727
32702
32701
32705
32695
32691
32680
32685
32679
32691
32681
32672
32681
32667
32663
32665
32671
32663
32680
32649
32643
32639
32649
32657
32661
32643
32627
32629
32631
32647
32649
32639
32644
32639
32651
32657
32659
32659
32656
32664
32649
32670
32687
32685
32693
32680
32679
32687
32698
32686
32692
32711
32697
32681
32692
32699
32701
32699
32693
32711
32703
32719
32713
32709
32724
32715
32729
32726
32730
32715
32707
32729
32731
32732
32720
32716
32707
32703
32725
32728
32725
32713
32709
32709
32711
32715
32712
32711
32695
32697
32695
32693
32701
32695
32681
32665
32669
32657
32679
32670
32665
32661
32661
32667
32665
32671
32652
32664
32662
32657
32663
32663
32666
32649
32655
32663
32651
32663
32650
32643
32643
32664
32669
32649
32647
32654
32647
32669
32671
32670
32668
32676
32683
32693
32689
32675
32663
32675
32700
32687
32697
32701
32705
32696
32695
32709
32714
32717
32711
32709
32717
32717
32719
32727
32739
32737
32722
32725
32731
32738
32729
32731
32722
32751
32742
32727
32721
32718
32723
32718
32715
32717
32705
32702
32698
32703
32702
32697
32671
32671
32675
32694
32678
32671
32657
32649
32661
32660
32663
32652
32647
32631
32639
32662
32655
32643
32639
32643
32641
32648
32645
32629
32623
32637
32635
32647
32655
32639
32651
32661
32669
32663
32656
32669
32654
32672
32673
32677
32674
32697
32684
32686
32686
32711
32710
32720
32701
32713
32706
32721
32733
32728
32723
32731
32745
32740
32755
32751
32735
32733
32731
32741
32751
32734
32741
32722
32753
32751
32731
32721
32712
32703
32713
32725
32708
32682
32679
32691
32695
32700
32685
32665
32652
32665
32669
32661
32663
32644
32631
32631
32645
32646
32629
32647
32624
32637
32624
32628
32616
32633
32626
32639
32629
32627
32629
32632
32629
32639
32639
32652
32659
32657
32662
32644
32671
32688
32687
32673
32681
32685
32697
32709
32709
32705
32719
32715
32732
32739
32735
32727
32739
32741
32738
32743
32740
32743
32745
32751
32759
32762
32746
32734
32737
32733
32738
32741
32738
32724
32730
32727
32715
32720
32699
32699
32705
32697
32709
32685
32681
32683
32689
32674
32655
32645
32641
32642
32638
32635
32631
32635
32625
32633
32618
32623
32638
32627
32630
32627
32637
32621
32625
32633
32612
32625
32638
32645
32643
32653
32649
32655
32665
32673
32655
32673
32679
32687
32680
32703
32711
32711
32703
32695
32711
32738
32723
32709
32714
32728
32751
32738
32741
32723
32719
32718
32737
32744
32743
32730
32717
32734
32735
32740
32735
32743
32739
32721
32726
32711
32726
32727
32697
32692
32691
32705
32713
32712
32679
32659
32673
32671
32671
32673
32662
32643
32648
32654
32639
32635
32646
32639
32623
32626
32635
32641
32647
32639
32636
32633
32658
32647
32656
32647
32641
32645
32655
32657
32660
32663
32661
32673
32663
32681
32669
32673
32671
32678
32692
32705
32693
32699
32682
32696
32710
32727
32700
32711
32711
32705
32720
32724
32737
32731
32709
32723
32728
32733
32732
32729
32733
32728
32727
32733
32735
32732
32722
32714
32715
32715
32706
32705
32713
32707
32709
32707
32699
32696
32699
32701
32696
32662
32657
32665
32659
32668
32671
32682
32668
32659
32662
32659
32658
32651
32647
32660
32653
32651
32647
32645
32659
32639
32649
32654
32641
32648
32665
32668
32669
32661
32660
32658
32659
32682
32677
32684
32670
32655
32680
32679
32692
32693
32697
32676
32686
32695
32699
32699
32704
32697
32699
32687
32711
32723
32717
32706
32709
32712
32723
32727
32725
32725
32706
32727
32711
32727
32719
32719
32715
32735
32731
32729
32707
32694
32712
32711
32715
32716
32713
32695
32705
32700
32706
32723
32694
32683
32673
32683
32683
32689
32685
32671
32655
32663
32656
32675
32681
32670
32643
32652
32646
32669
32672
32647
32635
32639
32647
32655
32667
32654
32641
32637
32645
32651
32655
32640
32666
32653
32660
32663
32657
32661
32657
32663
32671
32685
32685
32665
32684
32690
32689
32695
32694
32685
32698
32717
32730
32717
32750
32721
32711
32729
32723
32727
32727
32727
32727
32723
32727
32742
32744
32741
32724
32728
32730
32733
32738
32744
32741
32734
32724
32707
32695
32708
32695
32694
32691
32693
32703
32706
32663
32671
32661
32652
32665
32659
32659
32669
32659
32664
32651
32633
32643
32639
32647
32650
32643
32654
32635
32640
32637
32625
32625
32613
32629
32653
32649
32648
32675
32669
32649
32667
32661
32657
32667
32653
32663
32681
32685
32705
32707
32695
32708
32705
32703
32710
32714
32720
32733
32724
32735
32715
32729
32724
32755
32764
32765
32767
32755
32738
32735
32746
32732
32737
32719
32723
32735
32762
32763
32743
32735
32712
32697
32693
32697
32675
32671
32671
32682
32679
32697
32686
32676
32673
32650
32639
32639
32645
32631
32619
32642
32647
32653
32645
32632
32626
32609
32615
32637
32623
32639
32635
32667
32651
32663
32639
32645
32639
32630
32624
32648
32654
32673
32687
32689
32715
32734
32710
32682
32661
32637
32648
32695
32725
32727
32726
32758
32761
32767
32743
32718
32719
32721
32727
32751
32741
32731
32749
32743
32738
32744
32735
32753
32741
32737
32739
32736
32738
32741
32703
32683
32705
32680
32690
32686
32695
32699
32688
32748
32759
32682
32620
32596
32599
32615
32630
32626
32599
32605
32669
32695
32677
32681
32647
32615
32625
32635
32603
32573
32585
32612
32608
32655
32713
32703
32667
32617
32639
32646
32689
32725
32663
32621
32598
32638
32698
32714
32694
32607
32624
32797
32883
32853
32733
32593
32570
32633
32705
32713
32695
32716
32808
32873
32831
32757
32677
32678
32725
32785
32783
32665
32585
32554
32540
32735
32767
32769
32934
32738
32687
32773
32675
32711
32605
32455
32673
32719
32684
32759
32577
32474
32593
32743
32775
32879
32674
32599
32443
32375
32587
32603
32613
32779
32721
32815
32887
32649
32617
32525
32518
32570
32695
32607
32746
32571
32619
32831
32747
32784
32855
32743
32819
32787
32456
32580
32431
32557
32771
32763
32826
33006
32871
32981
32846
32573
32749
32628
32643
32737
32633
32730
33093
32947
32883
32671
32312
32558
32767
32705
32758
32569
32601
33089
33005
32951
32743
32275
32461
32775
32889
33019
32767
32434
32484
32504
32678
32855
32810
32731
32735
32719
32822
32823
32619
32486
32277
32371
32675
32803
32895
32657
32391
32607
32695
32853
32901
32709
32663
32695
32635
32687
32522
32337
32439
32420
32631
32919
32911
32911
32879
32616
32615
32639
32543
32663
32623
32457
32719
32860
33005
33103
32817
32663
32623
32519
32586
32701
32695
32817
32887
32849
32844
32838
32677
32712
32775
32755
32771
32843
32802
32832
32775
32577
32558
32670
32825
32930
32881
32719
32598
32614
32684
32774
32820
32664
32537
32495
32511
32777
32774
32595
32553
32434
32611
32879
32874
32789
32585
32283
32422
32597
32663
32672
32478
32368
32510
32687
32819
32927
32642
32515
32617
32703
32929
32946
32603
32503
32399
32507
32714
32707
32623
32614
32618
32761
33019
33003
32905
32712
32487
32501
32677
32649
32739
32788
32839
33015
33040
32982
32935
32782
32628
32445
32318
32362
32483
32767
32837
32950
33031
32975
33006
32951
32765
32648
32527
32535
32651
32679
32637
32590
32585
32687
32791
32791
32731
32625
32570
32493
32560
32538
32663
32821
32833
32733
32567
32381
32517
32644
32618
32581
32508
32526
32720
32817
32767
32541
32299
32354
32562
32747
32763
32675
32506
32545
32642
32702
32711
32688
32673
32700
32796
32873
32843
32771
32707
32534
32594
32592
32664
32780
32711
32693
32790
32864
33009
33023
32843
32695
32543
32587
32725
32779
32750
32817
32903
32975
33015
32815
32675
32586
32537
32615
32677
32635
32651
32629
32801
32993
32963
32919
32867
32779
32737
32625
32435
32359
32454
32669
32871
32941
32779
32607
32521
32531
32664
32661
32654
32602
32651
32753
32805
32749
32531
32370
32374
32491
32711
32825
32734
32650
32503
32455
32606
32663
32659
32621
32489
32534
32693
32763
32783
32751
32674
32663
32722
32695
32685
32609
32516
32589
32727
32840
32953
32884
32761
32664
32623
32677
32672
32715
32749
32781
32870
32893
32917
32843
32679
32681
32673
32712
32775
32755
32810
32921
32909
32875
32857
32719
32669
32603
32619
32612
32612
32631
32765
32879
33005
33017
32802
32659
32627
32566
32552
32643
32678
32709
32617
32501
32512
32577
32615
32675
32647
32619
32630
32594
32583
32580
32513
32525
32591
32583
32606
32483
32439
32546
32719
32767
32820
32762
32533
32535
32477
32509
32590
32524
32511
32663
32691
32855
32849
32832
32965
32810
32752
32706
32467
32472
32481
32589
33011
33079
32985
32979
32687
32715
32659
32599
32817
32925
32789
32863
32589
32491
32648
32777
33075
33086
32877
32790
32735
32841
32923
32777
32727
32625
32536
32637
32727
32637
32707
32716
32671
32697
32620
32561
32731
32796
32705
32558
32454
32595
32758
32745
32556
32413
32405
32606
32743
32655
32588
32391
32409
32577
32517
32569
32670
32677
32807
32695
32473
32591
32701
32857
32887
32699
32688
32661
32610
32698
32519
32537
32813
32857
32913
32802
32536
32589
32727
32713
32825
32757
32719
32867
32879
32807
32843
32771
32936
32925
32673
32687
32655
32763
32872
32710
32685
32703
32753
32909
32831
32673
32739
32790
32926
33029
32820
32735
32749
32728
32767
32715
32546
32493
32497
32523
32591
32664
32831
32859
32683
32557
32338
32255
32508
32594
32696
32789
32670
32657
32642
32494
32539
32532
32596
32647
32510
32488
32402
32381
32615
32749
32779
32773
32676
32572
32545
32564
32639
32757
32911
32982
32897
32789
32614
32467
32505
32567
32689
32700
32659
32623
32651
32808
32965
32974
32887
32804
32775
32817
32879
32804
32716
32656
32807
32910
32922
32877
32719
32653
32711
32623
32715
32765
32678
32722
32734
32783
32825
32776
32777
32663
32595
32780
32894
33012
32928
32558
32342
32335
32350
32467
32503
32447
32545
32667
32789
32873
32851
32789
32735
32639
32563
32488
32429
32487
32521
32579
32709
32723
32669
32615
32586
32635
32755
32767
32685
32537
32395
32431
32608
32740
32790
32735
32724
32807
32777
32703
32627
32573
32767
32861
32821
32773
32541
32467
32538
32551
32761
32851
32835
32866
32731
32691
32794
32792
32889
32894
32769
32794
32738
32727
32807
32800
32859
32883
32743
32670
32527
32480
32637
32720
32797
32879
32815
32790
32776
32725
32681
32639
32590
32653
32689
32777
32751
32597
32556
32497
32521
32655
32624
32595
32590
32564
32647
32757
32775
32749
32679
32671
32696
32641
32569
32519
32432
32521
32571
32591
32663
32627
32666
32802
32845
32774
32725
32611
32573
32542
32544
32604
32633
32622
32651
32639
32705
32800
32823
32763
32641
32560
32607
32713
32782
32744
32700
32745
32839
32915
32865
32820
32769
32791
32843
32778
32679
32572
32556
32700
32826
32834
32863
32910
32975
32955
32778
32674
32579
32563
32635
32652
32724
32820
32715
32643
32671
32665
32807
32877
32745
32587
32449
32519
32647
32649
32625
32497
32477
32645
32706
32684
32695
32682
32714
32690
32538
32455
32463
32564
32663
32656
32643
32571
32525
32527
32496
32551
32633
32707
32685
32595
32617
32673
32792
32869
32713
32541
32481
32555
32731
32777
32759
32716
32659
32731
32765
32730
32756
32731
32755
32869
32851
32810
32788
32745
32794
32862
32939
32982
32885
32791
32726
32587
32583
32593
32622
32825
32946
32976
32945
32776
32673
32702
32818
32887
32747
32583
32511
32501
32551
32537
32567
32601
32665
32681
32685
32673
32605
32598
32696
32638
32517
32503
32532
32663
32665
32571
32521
32515
32584
32637
32617
32639
32572
32522
32584
32483
32445
32566
32629
32776
32824
32675
32651
32708
32751
32789
32663
32619
32658
32619
32697
32709
32670
32765
32773
32865
32903
32828
32775
32737
32683
32743
32809
32959
33036
32957
32853
32807
32797
32783
32745
32771
32871
32919
32862
32764
32647
32583
32583
32631
32708
32697
32671
32697
32757
32757
32738
32659
32656
32702
32688
32678
32679
32571
32447
32355
32394
32533
32603
32623
32615
32581
32561
32562
32568
32607
32596
32595
32657
32712
32675
32598
32541
32521
32583
32643
32639
32630
32557
32515
32543
32647
32706
32681
32635
32669
32745
32796
32843
32788
32771
32782
32847
32871
32828
32680
32591
32565
32650
32774
32861
32918
32921
32921
32923
32859
32795
32711
32634
32703
32807
32920
32923
32855
32772
32708
32693
32728
32711
32703
32701
32641
32615
32583
32595
32619
32647
32692
32693
32686
32711
32638
32573
32545
32547
32606
32613
32555
32581
32543
32567
32645
32585
32567
32564
32523
32569
32609
32598
32623
32599
32599
32660
32665
32721
32729
32674
32675
32638
32604
32621
32614
32656
32695
32691
32699
32625
32603
32672
32751
32839
32863
32749
32691
32661
32709
32783
32845
32908
32942
32891
32829
32714
32556
32519
32557
32651
32830
32930
32935
32899
32802
32735
32692
32729
32805
32805
32785
32769
32743
32686
32602
32547
32555
32631
32711
32797
32808
32716
32546
32524
32551
32571
32570
32578
32658
32759
32779
32725
32619
32523
32543
32622
32678
32689
32613
32507
32493
32508
32571
32629
32697
32767
32771
32722
32661
32628
32611
32566
32581
32607
32673
32695
32701
32659
32653
32676
32726
32719
32703
32615
32591
32671
32733
32766
32757
32732
32723
32699
32679
32687
32703
32734
32757
32772
32850
32847
32785
32713
32682
32692
32727
32771
32754
32727
32735
32771
32799
32787
32736
32685
32703
32749
32757
32729
32703
32679
32633
32623
32631
32668
32703
32677
32655
32647
32645
32647
32662
32682
32687
32713
32699
32634
32529
32498
32511
32602
32688
32727
32695
32652
32627
32584
32534
32534
32543
32575
32633
32679
32699
32707
32688
32654
32668
32676
32669
32644
32584
32551
32525
32551
32592
32650
32695
32728
32733
32764
32738
32727
32718
32715
32752
32763
32755
32759
32715
32701
32697
32693
32754
32778
32791
32818
32827
32833
32795
32722
32703
32710
32737
32777
32816
32835
32833
32810
32789
32751
32681
32644
32609
32631
32655
32679
32696
32688
32657
32673
32686
32716
32669
32628
32612
32623
32623
32609
32586
32585
32601
32604
32595
32562
32563
32555
32567
32601
32641
32655
32627
32577
32572
32574
32599
32654
32653
32606
32567
32553
32631
32677
32701
32717
32711
32711
32668
32601
32577
32549
32599
32717
32789
32848
32834
32776
32764
32759
32770
32811
32829
32855
32843
32831
32789
32757
32709
32699
32721
32786
32855
32893
32858
32835
32807
32749
32701
32707
32715
32760
32775
32815
32789
32733
32691
32677
32667
32679
32642
32616
32589
32522
32493
32524
32549
32643
32695
32722
32759
32693
32629
32547
32527
32535
32549
32554
32561
32547
32527
32535
32519
32557
32588
32641
32611
32613
32617
32629
32642
32692
32678
32659
32631
32617
32634
32665
32685
32727
32736
32749
32729
32699
32720
32709
32679
32687
32714
32775
32841
32853
32846
32869
32875
32846
32819
32813
32811
32813
32828
32807
32761
32727
32705
32714
32747
32747
32790
32845
32822
32767
32667
32637
32638
32655
32685
32713
32709
32663
32629
32613
32615
32644
32638
32637
32638
32579
32523
32488
32459
32476
32503
32587
32655
32679
32687
32652
32631
32631
32610
32601
32573
32551
32551
32569
32603
32605
32607
32600
32634
32681
32719
32700
32684
32664
32680
32694
32718
32723
32720
32719
32727
32753
32766
32730
32713
32732
32779
32798
32772
32747
32708
32701
32731
32782
32837
32860
32875
32885
32869
32834
32779
32718
32695
32673
32725
32751
32754
32738
32685
32683
32711
32725
32717
32699
32709
32711
32673
32657
32647
32635
32601
32589
32589
32636
32619
32622
32601
32606
32615
32627
32616
32604
32571
32566
32573
32599
32593
32591
32611
32666
32680
32661
32655
32645
32644
32631
32624
32656
32648
32642
32614
32604
32645
32669
32709
32709
32695
32689
32699
32718
32741
32699
32683
32701
32751
32763
32718
32695
32708
32735
32746
32763
32785
32807
32802
32761
32749
32714
32691
32685
32698
32764
32822
32874
32859
32817
32753
32698
32711
32737
32711
32638
32602
32622
32621
32673
32703
32735
32764
32752
32730
32722
32646
32607
32564
32567
32608
32651
32641
32642
32613
32599
32621
32637
32655
32626
32621
32648
32641
32647
32626
32569
32598
32615
32639
32673
32695
32717
32692
32649
32610
32584
32584
32585
32621
32662
32697
32725
32713
32693
32687
32687
32701
32717
32704
32701
32682
32695
32679
32679
32689
32717
32749
32759
32736
32717
32724
32757
32756
32791
32807
32791
32766
32719
32735
32753
32756
32774
32778
32743
32713
32729
32751
32732
32719
32697
32727
32727
32703
32665
32639
32631
32645
32687
32719
32727
32715
32687
32678
32660
32639
32610
32589
32592
32621
32635
32611
32599
32599
32592
32602
32615
32632
32644
32667
32669
32659
32638
32589
32587
32596
32612
32624
32639
32671
32669
32635
32614
32595
32609
32641
32645
32647
32658
32657
32711
32759
32772
32772
32753
32740
32739
32719
32710
32703
32711
32708
32711
32753
32781
32791
32783
32775
32815
32838
32852
32823
32812
32798
32788
32772
32784
32766
32747
32718
32724
32711
32727
32730
32708
32703
32686
32670
32683
32693
32671
32638
32634
32654
32679
32671
32664
32658
32643
32625
32594
32587
32569
32552
32560
32565
32605
32629
32639
32621
32585
32575
32583
32593
32612
32599
32587
32601
32611
32645
32665
32657
32633
32609
32602
32608
32637
32657
32677
32679
32690
32713
32744
32729
32693
32672
32690
32741
32775
32831
32826
32787
32788
32767
32763
32773
32782
32805
32809
32791
32773
32767
32767
32784
32797
32819
32831
32847
32817
32769
32753
32759
32728
32714
32692
32705
32687
32671
32656
32632
32638
32629
32639
32642
32667
32662
32653
32629
32602
32573
32572
32595
32606
32610
32609
32619
32599
32555
32541
32550
32537
32555
32583
32595
32633
32639
32611
32611
32631
32647
32657
32656
32671
32663
32627
32643
32669
32673
32689
32679
32687
32695
32684
32693
32701
32728
32759
32785
32813
32807
32783
32753
32758
32780
32821
32806
32795
32791
32777
32796
32815
32845
32823
32773
32749
32727
32733
32751
32749
32753
32745
32753
32759
32757
32740
32712
32671
32657
32649
32660
32664
32637
32631
32627
32603
32611
32601
32597
32597
32602
32648
32657
32625
32617
32576
32544
32542
32561
32627
32667
32658
32643
32611
32595
32593
32595
32613
32623
32609
32636
32639
32645
32658
32666
32683
32707
32735
32729
32711
32685
32679
32677
32690
32710
32729
32741
32731
32739
32743
32743
32741
32743
32775
32791
32802
32808
32815
32807
32791
32774
32749
32735
32730
32767
32777
32775
32759
32742
32727
32744
32748
32724
32714
32700
32695
32683
32697
32710
32688
32693
32693
32687
32669
32646
32603
32589
32595
32613
32649
32639
32629
32598
32599
32598
32615
32640
32649
32647
32635
32627
32619
32602
32610
32596
32593
32614
32641
32673
32661
32650
32665
32670
32667
32671
32663
32664
32663
32659
32655
32682
32702
32715
32717
32711
32701
32712
32713
32693
32699
32694
32714
32721
32716
32719
32727
32737
32771
32793
32791
32769
32785
32759
32731
32725
32733
32728
32709
32722
32743
32733
32746
32729
32737
32738
32716
32713
32705
32709
32701
32687
32677
32653
32649
32655
32695
32700
32703
32695
32661
32629
32591
32589
32577
32603
32618
32650
32667
32669
32657
32639
32646
32634
32614
32625
32639
32629
32641
32630
32624
32615
32609
32610
32629
32656
32663
32651
32635
32631
32657
32663
32679
32688
32667
32657
32671
32696
32717
32695
32684
32648
32653
32680
32708
32729
32715
32699
32719
32748
32765
32776
32767
32743
32729
32736
32777
32807
32799
32789
32759
32760
32755
32751
32734
32735
32699
32717
32747
32737
32723
32712
32719
32761
32769
32758
32706
32686
32647
32622
32636
32673
32655
32639
32654
32671
32675
32631
32639
32620
32613
32594
32617
32659
32635
32601
32597
32605
32659
32628
32626
32626
32632
32607
32602
32600
32606
32595
32568
32598
32613
32629
32670
32655
32661
32674
32664
32698
32717
32679
32677
32661
32677
32676
32695
32693
32729
32747
32767
32760
32767
32752
32715
32717
32731
32757
32790
32810
32807
32796
32812
32820
32821
32803
32793
32773
32763
32749
32748
32741
32713
32699
32709
32712
32733
32739
32724
32715
32719
32703
32702
32719
32686
32649
32595
32584
32586
32617
32609
32618
32647
32607
32604
32591
32614
32647
32629
32568
32573
32585
32607
32610
32614
32623
32613
32610
32627
32639
32629
32595
32603
32635
32631
32633
32633
32684
32700
32673
32669
32711
32729
32711
32706
32719
32767
32767
32747
32741
32734
32707
32702
32755
32783
32789
32806
32811
32837
32821
32796
32780
32789
32778
32761
32758
32783
32806
32797
32784
32766
32759
32765
32767
32741
32678
32677
32671
32678
32687
32663
32658
32647
32623
32650
32667
32681
32660
32646
32643
32641
32622
32585
32560
32555
32551
32565
32595
32622
32609
32585
32597
32626
32631
32591
32583
32594
32616
32625
32632
32644
32651
32651
32633
32671
32698
32685
32658
32647
32654
32660
32669
32707
32725
32738
32746
32761
32759
32741
32737
32733
32761
32759
32775
32796
32763
32739
32741
32767
32781
32777
32765
32772
32812
32804
32797
32801
32791
32774
32743
32741
32726
32709
32695
32695
32712
32721
32719
32709
32704
32687
32644
32611
32633
32635
32647
32651
32622
32612
32633
32623
32593
32605
32593
32611
32618
32621
32610
32613
32597
32579
32571
32591
32607
32613
32654
32644
32657
32663
32655
32643
32625
32644
32639
32666
32667
32667
32679
32677
32684
32707
32711
32699
32695
32706
32706
32670
32676
32707
32721
32735
32754
32767
32787
32790
32749
32746
32757
32759
32737
32715
32729
32729
32725
32734
32743
32755
32749
32749
32735
32739
32733
32747
32731
32758
32735
32711
32697
32675
32666
32647
32648
32645
32663
32693
32677
32674
32647
32639
32641
32630
32623
32623
32623
32647
32660
32645
32663
32650
32626
32606
32601
32631
32643
32612
32616
32635
32629
32625
32630
32649
32689
32683
32701
32704
32690
32659
32645
32638
32659
32675
32658
32643
32643
32673
32701
32723
32719
32705
32712
32722
32705
32709
32693
32709
32718
32729
32743
32754
32771
32755
32739
32757
32765
32739
32730
32726
32731
32739
32735
32735
32741
32727
32744
32743
32741
32741
32732
32725
32717
32721
32713
32687
32679
32665
32685
32687
32688
32679
32661
32672
32678
32667
32657
32647
32647
32641
32623
32621
32644
32647
32645
32656
32664
32652
32625
32611
32626
32631
32633
32603
32607
32619
32634
32660
32648
32654
32664
32659
32661
32659
32646
32655
32658
32677
32681
32664
32664
32671
32679
32679
32686
32674
32690
32720
32733
32749
32745
32749
32740
32738
32740
32770
32805
32763
32743
32738
32771
32804
32779
32763
32740
32735
32751
32775
32795
32777
32753
32715
32727
32723
32745
32729
32706
32689
32725
32719
32709
32688
32685
32669
32662
32638
32625
32653
32663
32641
32628
32641
32647
32652
32633
32621
32615
32601
32605
32589
32629
32637
32625
32597
32605
32629
32648
32639
32624
32605
32633
32614
32615
32601
32618
32638
32669
32680
32709
32725
32705
32669
32669
32673
32683
32698
32697
32703
32674
32697
32733
32773
32810
32783
32763
32757
32763
32801
32827
32801
32764
32734
32754
32790
32820
32809
32798
32798
32767
32746
32755
32757
32730
32712
32711
32737
32742
32741
32744
32725
32693
32679
32675
32688
32668
32630
32615
32623
32651
32649
32620
32606
32581
32586
32599
32617
32631
32613
32580
32599
32605
32615
32598
32593
32591
32599
32611
32631
32634
32630
32615
32619
32639
32633
32637
32643
32647
32675
32671
32677
32663
32685
32697
32702
32713
32711
32719
32727
32735
32735
32737
32734
32737
32749
32754
32766
32782
32802
32763
32769
32780
32823
32807
32784
32792
32791
32797
32767
32754
32763
32757
32740
32719
32705
32729
32745
32732
32717
32680
32693
32696
32683
32658
32649
32675
32654
32643
32643
32625
32619
32617
32593
32599
32621
32627
32615
32606
32588
32599
32611
32595
32597
32598
32622
32616
32622
32629
32647
32639
32624
32618
32616
32625
32647
32657
32649
32655
32666
32696
32721
32717
32714
32691
32677
32699
32712
32746
32742
32714
32687
32713
32749
32773
32782
32759
32731
32742
32758
32777
32780
32769
32772
32763
32767
32759
32775
32775
32781
32751
32725
32735
32753
32739
32721
32709
32715
32719
32685
32679
32689
32691
32687
32679
32677
32674
32661
32632
32629
32631
32639
32621
32627
32623
32617
32625
32647
32642
32612
32607
32600
32626
32639
32638
32617
32604
32609
32632
32631
32652
32661
32663
32647
32645
32655
32637
32669
32669
32647
32653
32683
32679
32669
32659
32677
32699
32714
32712
32711
32719
32734
32747
32727
32716
32717
32734
32724
32727
32713
32713
32729
32753
32731
32715
32733
32754
32757
32727
32743
32745
32753
32747
32734
32743
32735
32735
32728
32707
32706
32701
32710
32714
32692
32682
32671
32683
32679
32655
32641
32658
32678
32689
32673
32658
32653
32659
32625
32617
32631
32647
32626
32601
32607
32641
32674
32667
32643
32621
32625
32647
32664
32649
32630
32610
32635
32659
32701
32689
32669
32651
32649
32681
32687
32672
32666
32663
32679
32671
32692
32705
32691
32684
32683
32716
32752
32762
32723
32700
32709
32727
32717
32718
32711
32727
32753
32743
32743
32747
32746
32727
32737
32744
32757
32762
32737
32723
32723
32743
32752
32727
32709
32727
32718
32711
32720
32698
32701
32675
32660
32663
32669
32688
32665
32660
32658
32661
32655
32641
32643
32652
32642
32639
32632
32619
32604
32607
32613
32609
32643
32629
32613
32625
32647
32637
32641
32647
32643
32643
32629
32620
32612
32646
32673
32665
32664
32651
32661
32671
32671
32675
32687
32697
32691
32706
32698
32706
32727
32711
32701
32734
32741
32765
32767
32743
32735
32734
32741
32761
32755
32747
32739
32740
32753
32767
32775
32785
32764
32743
32735
32740
32763
32747
32698
32701
32697
32721
32735
32717
32698
32681
32683
32701
32697
32673
32655
32629
32645
32652
32657
32652
32636
32613
32615
32630
32647
32665
32627
32577
32568
32603
32623
32626
32599
32599
32611
32615
32630
32654
32639
32649
32645
32642
32627
32639
32651
32657
32634
32639
32662
32692
32717
32706
32689
32690
32735
32746
32717
32699
32709
32716
32740
32761
32759
32758
32759
32784
32787
32780
32791
32795
32787
32775
32770
32780
32792
32775
32767
32745
32759
32771
32778
32761
32749
32756
32747
32727
32695
32675
32693
32713
32691
32663
32671
32659
32674
32665
32645
32609
32623
32651
32646
32623
32605
32609
32618
32623
32615
32600
32595
32613
32607
32613
32614
32605
32613
32615
32582
32604
32649
32659
32645
32623
32628
32641
32679
32685
32677
32660
32663
32679
32689
32682
32672
32691
32715
32713
32722
32729
32742
32748
32741
32742
32755
32773
32794
32769
32755
32743
32782
32808
32791
32756
32737
32764
32776
32787
32754
32727
32727
32754
32727
32728
32736
32731
32719
32703
32710
32697
32688
32695
32686
32647
32668
32661
32651
32653
32603
32598
32617
32633
32647
32633
32621
32609
32629
32602
32591
32594
32585
32607
32627
32608
32623
32623
32629
32647
32638
32615
32632
32638
32653
32647
32638
32663
32667
32670
32648
32663
32698
32725
32704
32691
32689
32726
32723
32700
32674
32684
32706
32727
32745
32741
32739
32741
32741
32763
32745
32751
32749
32751
32747
32746
32750
32746
32742
32727
32717
32715
32750
32740
32727
32718
32699
32709
32719
32695
32687
32663
32689
32709
32707
32671
32661
32660
32665
32657
32654
32641
32639
32617
32623
32615
32635
32635
32643
32621
32607
32625
32631
32643
32642
32633
32619
32639
32647
32645
32631
32630
32632
32679
32679
32655
32647
32650
32653
32656
32643
32668
32671
32684
32695
32689
32695
32684
32692
32693
32687
32705
32727
32729
32731
32722
32717
32709
32729
32710
32699
32703
32735
32740
32751
32742
32741
32735
32740
32747
32745
32727
32746
32745
32745
32735
32723
32717
32727
32715
32698
32700
32716
32709
32697
32673
32695
32690
32702
32695
32665
32668
32675
32671
32680
32665
32653
32651
32646
32656
32645
32631
32634
32640
32633
32631
32642
32656
32650
32629
32645
32654
32666
32662
32637
32623
32625
32640
32649
32649
32643
32651
32664
32695
32690
32681
32666
32676
32671
32681
32695
32701
32695
32681
32693
32711
32720
32703
32715
32712
32707
32719
32733
32743
32719
32721
32726
32735
32751
32755
32739
32727
32737
32749
32738
32743
32735
32741
32741
32721
32729
32742
32737
32743
32705
32715
32713
32726
32719
32680
32681
32675
32685
32685
32689
32673
32660
32665
32663
32655
32652
32646
32635
32639
32642
32623
32625
32631
32636
32617
32624
32613
32613
32631
32626
32624
32629
32642
32643
32624
32629
32629
32637
32632
32620
32639
32655
32674
32666
32657
32667
32694
32701
32686
32692
32699
32713
32713
32714
32711
32709
32718
32724
32725
32726
32740
32745
32749
32757
32759
32751
32767
32761
32770
32767
32757
32767
32759
32772
32762
32743
32735
32755
32753
32727
32727
32719
32710
32704
32687
32693
32702
32710
32683
32679
32662
32667
32662
32653
32644
32623
32627
32631
32647
32613
32589
32619
32627
32624
32613
32594
32615
32623
32621
32615
32601
32609
32623
32624
32629
32644
32633
32634
32641
32647
32647
32660
32665
32657
32655
32663
32673
32683
32694
32697
32696
32693
32721
32735
32739
32729
32729
32741
32735
32735
32737
32743
32743
32761
32753
32755
32757
32775
32789
32767
32751
32753
32763
32758
32744
32731
32739
32729
32737
32715
32710
32711
32711
32699
32688
32677
32675
32697
32679
32659
32649
32633
32639
32633
32644
32647
32639
32621
32618
32607
32604
32611
32601
32591
32583
32604
32615
32620
32607
32613
32616
32623
32618
32625
32656
32633
32641
32653
32644
32633
32651
32657
32655
32651
32679
32685
32693
32695
32690
32703
32711
32716
32715
32723
32723
32729
32743
32740
32746
32727
32740
32751
32743
32763
32765
32756
32752
32753
32759
32759
32746
32757
32741
32741
32747
32740
32743
32737
32718
32716
32721
32713
32695
32691
32686
32690
32681
32679
32670
32668
32651
32638
32633
32649
32633
32645
32615
32630
32627
32624
32627
32629
32632
32627
32638
32621
32632
32620
32622
32619
32609
32615
32625
32644
32629
32648
32655
32647
32657
32664
32656
32679
32665
32669
32671
32673
32683
32677
32680
32696
32710
32711
32736
32720
32719
32712
32734
32731
32721
32719
32733
32740
32730
32725
32747
32746
32750
32745
32742
32735
32731
32743
32722
32713
32715
32724
32728
32734
32743
32727
32710
32714
32703
32703
32693
32701
32696
32673
32665
32677
32681
32677
32655
32645
32655
32666
32645
32647
32640
32647
32640
32626
32649
32643
32645
32641
32643
32642
32629
32638
32627
32643
32642
32642
32650
32655
32646
32639
32640
32645
32662
32660
32669
32672
32690
32680
32681
32695
32671
32663
32675
32685
32692
32681
32693
32700
32696
32703
32714
32711
32728
32723
32711
32724
32721
32726
32727
32707
32727
32737
32725
32735
32735
32754
32739
32743
32727
32705
32709
32709
32731
32711
32712
32716
32720
32711
32711
32718
32700
32690
32689
32703
32702
32687
32668
32655
32647
32639
32665
32658
32667
32668
32663
32646
32649
32639
32637
32635
32627
32623
32639
32643
32645
32634
32633
32631
32639
32655
32648
32622
32619
32637
32641
32639
32654
32633
32639
32664
32657
32694
32695
32676
32662
32658
32684
32691
32703
32709
32690
32691
32687
32701
32725
32715
32703
32707
32727
32742
32727
32735
32744
32759
32737
32747
32747
32750
32745
32749
32740
32729
32736
32746
32727
32743
32740
32711
32731
32708
32715
32703
32705
32711
32721
32701
32699
32681
32678
32662
32667
32660
32658
32660
32660
32644
32637
32651
32636
32627
32618
32610
32627
32641
32637
32631
32619
32623
32615
32613
32614
32609
32623
32624
32634
32639
32644
32663
32655
32642
32626
32659
32662
32664
32676
32673
32658
32687
32696
32695
32711
32702
32715
32697
32717
32728
32719
32731
32725
32731
32744
32763
32763
32753
32749
32755
32759
32756
32767
32739
32740
32760
32764
32743
32758
32735
32749
32751
32733
32726
32717
32732
32719
32719
32679
32679
32686
32686
32673
32660
32679
32667
32680
32663
32643
32641
32625
32615
32623
32624
32618
32617
32614
32597
32615
32628
32637
32625
32613
32603
32607
32619
32631
32635
32631
32617
32637
32653
32649
32651
32652
32657
32655
32671
32681
32683
32687
32679
32679
32700
32718
32731
32709
32721
32727
32736
32733
32741
32735
32737
32755
32746
32751
32753
32750
32745
32750
32743
32767
32765
32760
32737
32735
32733
32753
32745
32731
32726
32723
32721
32723
32731
32727
32709
32683
32695
32683
32681
32692
32677
32651
32655
32657
32651
32643
32652
32635
32610
32621
32630
32626
32608
32618
32611
32623
32613
32615
32623
32619
32615
32622
32633
32645
32652
32637
32645
32639
32645
32637
32651
32653
32675
32664
32679
32679
32671
32687
32695
32705
32705
32710
32705
32715
32723
32743
32718
32718
32731
32735
32743
32741
32745
32746
32758
32741
32742
32745
32733
32739
32756
32759
32743
32739
32739
32727
32733
32748
32724
32720
32695
32703
32703
32715
32711
32701
32685
32677
32671
32685
32695
32659
32653
32657
32648
32632
32647
32646
32635
32637
32634
32624
32631
32653
32648
32652
32625
32618
32615
32627
32617
32647
32621
32653
32668
32659
32652
32655
32642
32654
32657
32665
32675
32673
32679
32683
32687
32691
32688
32664
32674
32691
32707
32708
32705
32711
32713
32723
32713
32714
32707
32707
32706
32721
32725
32747
32746
32736
32727
32726
32733
32727
32717
32715
32727
32715
32717
32695
32727
32728
32735
32729
32708
32697
32701
32691
32703
32681
32675
32674
32683
32691
32687
32663
32668
32667
32672
32651
32645
32659
32666
32681
32661
32639
32621
32626
32629
32635
32633
32631
32647
32663
32664
32649
32635
32653
32659
32649
32647
32637
32655
32678
32649
32671
32679
32663
32667
32647
32653
32667
32661
32679
32679
32707
32709
32721
32725
32697
32655
32667
32673
32687
32710
32749
32763
32747
32716
32739
32739
32721
32700
32655
32663
32710
32749
32801
32782
32747
32737
32723
32740
32688
32665
32685
32701
32709
32720
32697
32689
32701
32703
32703
32695
32707
32703
32681
32607
32581
32599
32638
32709
32699
32662
32633
32649
32705
32687
32655
32638
32609
32607
32595
32630
32589
32652
32551
32540
32610
32538
32623
32677
32671
32638
32555
32633
32698
32695
32648
32615
32712
32564
32583
32711
32742
32675
32483
32591
32597
32609
32752
32676
32692
32588
32539
32767
32819
32833
32696
32715
32845
32781
32729
32741
32762
32631
32646
32687
32607
32813
32992
32831
32785
32606
32673
32956
32898
32851
32631
32667
32853
32962
32847
32691
32557
32746
32889
32681
32645
32739
32878
32831
32740
32505
32438
32587
32757
32769
32669
32627
32674
32821
32773
32577
32449
32815
32781
32672
32540
32415
32525
32643
32675
32648
32449
32564
32830
32807
32795
32599
32563
32654
32595
32487
32551
32747
32877
32959
32857
32625
32601
32743
32743
32644
32445
32475
32647
32821
32913
32735
32655
32683
32701
32735
32740
32763
32822
32851
32805
32607
32686
32857
32915
32913
32663
32499
32562
32798
32983
32782
32599
32543
32573
32802
32869
32900
32885
32725
32653
32573
32624
32728
32776
32939
32775
32574
32643
32707
32822
32819
32632
32557
32551
32721
32771
32745
32733
32526
32517
32531
32521
32639
32709
32811
32840
32715
32713
32635
32621
32663
32537
32501
32552
32686
32765
32785
32776
32623
32510
32495
32505
32587
32601
32596
32710
32722
32775
32686
32654
32740
32587
32567
32625
32635
32691
32727
32743
32682
32611
32637
32636
32731
32719
32605
32727
32789
32763
32737
32695
32786
32811
32802
32850
32747
32762
32721
32695
32701
32711
32768
32826
32895
32878
32691
32712
32759
32700
32749
32627
32686
32786
32788
32818
32772
32739
32637
32567
32601
32579
32674
32787
32771
32799
32605
32525
32517
32455
32543
32561
32558
32717
32755
32817
32891
32749
32563
32379
32383
32453
32525
32625
32659
32717
32714
32649
32646
32597
32537
32485
32456
32517
32639
32731
32865
32829
32643
32581
32655
32763
32815
32719
32551
32519
32553
32629
32719
32729
32633
32581
32647
32780
32794
32894
32868
32797
32767
32670
32743
32855
32902
32858
32684
32597
32667
32679
32776
32748
32675
32739
32806
32807
32759
32659
32578
32661
32756
32803
32799
32807
32841
32818
32713
32670
32612
32495
32477
32459
32561
32770
32842
32849
32773
32558
32490
32575
32597
32679
32637
32642
32683
32765
32763
32727
32631
32583
32477
32439
32523
32667
32745
32801
32795
32634
32610
32597
32660
32683
32622
32595
32613
32679
32802
32695
32741
32764
32603
32663
32657
32718
32782
32734
32655
32603
32593
32727
32825
32853
32753
32644
32735
32799
32869
32701
32734
32710
32665
32771
32747
32712
32744
32653
32709
32726
32703
32801
32814
32760
32643
32630
32755
32776
32743
32633
32634
32708
32793
32861
32738
32621
32593
32552
32623
32663
32617
32651
32595
32632
32709
32744
32823
32769
32703
32603
32516
32633
32750
32715
32651
32623
32548
32585
32691
32737
32730
32626
32533
32589
32625
32678
32733
32682
32679
32635
32555
32731
32785
32759
32741
32616
32543
32591
32630
32701
32677
32598
32631
32671
32764
32860
32844
32769
32677
32643
32653
32817
32841
32747
32678
32607
32690
32833
32829
32795
32695
32625
32695
32727
32800
32785
32694
32693
32719
32730
32764
32751
32728
32682
32671
32677
32733
32755
32708
32630
32603
32683
32713
32762
32759
32637
32531
32610
32677
32745
32713
32607
32643
32654
32685
32716
32649
32625
32573
32543
32551
32596
32701
32744
32743
32610
32533
32597
32583
32713
32695
32575
32650
32695
32674
32743
32621
32613
32667
32627
32641
32647
32742
32776
32714
32690
32638
32658
32695
32727
32737
32700
32748
32841
32887
32895
32809
32758
32782
32743
32688
32660
32695
32677
32675
32752
32772
32821
32850
32767
32765
32773
32743
32766
32719
32681
32660
32689
32765
32765
32703
32673
32601
32589
32647
32645
32621
32589
32591
32602
32688
32721
32730
32707
32607
32595
32597
32629
32641
32626
32626
32615
32561
32595
32589
32596
32613
32543
32534
32569
32633
32709
32735
32746
32695
32607
32622
32637
32650
32683
32696
32707
32711
32737
32732
32773
32759
32651
32586
32621
32729
32820
32873
32864
32801
32754
32737
32782
32812
32799
32762
32727
32759
32793
32836
32865
32829
32733
32648
32630
32699
32775
32743
32723
32691
32677
32693
32711
32767
32783
32718
32659
32628
32601
32633
32663
32673
32641
32615
32585
32612
32666
32641
32582
32527
32507
32538
32635
32701
32778
32733
32633
32560
32584
32618
32643
32629
32603
32607
32611
32635
32698
32631
32567
32583
32609
32676
32763
32778
32823
32807
32754
32699
32672
32671
32679
32693
32763
32781
32801
32823
32768
32729
32695
32719
32737
32735
32747
32767
32801
32909
32886
32807
32737
32687
32695
32772
32823
32772
32735
32663
32624
32664
32722
32728
32727
32672
32665
32665
32690
32714
32691
32661
32617
32635
32665
32703
32694
32629
32605
32571
32555
32599
32665
32671
32655
32631
32615
32611
32604
32601
32608
32610
32641
32641
32697
32720
32745
32703
32650
32633
32605
32609
32663
32692
32701
32691
32683
32674
32679
32679
32655
32654
32679
32704
32775
32858
32855
32809
32743
32683
32687
32689
32703
32703
32737
32773
32798
32790
32782
32719
32681
32686
32695
32737
32733
32725
32786
32803
32770
32759
32710
