27877
27882
27889
27895
27889
27888
27890
27890
27893
27893
27895
27899
27899
27901
27900
27895
27905
27905
27911
27907
27907
27905
27897
27896
27896
27897
27894
27887
27887
27889
27889
27888
27882
27885
27878
27881
27877
27880
27876
27876
27883
27885
27883
27889
27891
27888
27889
27891
27890
27888
27895
27903
27905
27907
27903
27907
27900
27900
27899
27907
27907
27902
27897
27895
27899
27895
27893
27902
27897
27893
27884
27884
27889
27885
27882
27880
27879
27879
27883
27880
27876
27886
27891
27885
27887
27891
27886
27889
27890
27891
27901
27896
27895
27901
27896
27901
27899
27893
27903
27903
27899
27903
27903
27895
27895
27894
27890
27894
27893
27890
27887
27886
27887
27883
27880
27879
27873
27879
27888
27879
27880
27879
27877
27881
27882
27887
27885
27890
27894
27893
27892
27893
27895
27896
27895
27897
27894
27900
27898
27896
27895
27901
27898
27897
27899
27893
27894
27896
27891
27885
27893
27890
27879
27876
27884
27879
27881
27878
27871
27885
27885
27879
27876
27875
27885
27884
27884
27889
27894
27891
27891
27885
27894
27895
27894
27893
27897
27895
27895
27899
27901
27899
27895
27894
27888
27887
27895
27893
27887
27891
27895
27881
27881
27885
27880
27875
27873
27873
27880
27887
27879
27877
27881
27882
27879
27879
27882
27878
27885
27891
27886
27887
27889
27893
27891
27893
27889
27892
27893
27893
27897
27899
27894
27893
27886
27893
27890
27889
27885
27892
27890
27884
27883
27883
27881
27879
27880
27881
27878
27883
27880
27874
27880
27879
27876
27873
27879
27883
27881
27887
27888
27889
27895
27896
27896
27898
27903
27891
27895
27903
27897
27895
27896
27898
27899
27896
27895
27897
27894
27895
27890
27887
27884
27887
27885
27882
27881
27884
27879
27873
27879
27876
27871
27871
27875
27880
27878
27879
27881
27884
27888
27889
27887
27889
27890
27895
27894
27898
27903
27899
27897
27895
27895
27901
27901
27895
27895
27893
27903
27897
27894
27894
27895
27887
27882
27884
27885
27880
27879
27883
27883
27883
27883
27879
27882
27883
27882
27883
27885
27892
27889
27889
27890
27895
27897
27897
27895
27895
27903
27898
27903
27899
27898
27902
27899
27903
27897
27895
27889
27886
27890
27895
27894
27879
27882
27886
27883
27879
27874
27882
27885
27879
27875
27877
27879
27881
27883
27882
27882
27885
27886
27887
27885
27887
27887
27893
27894
27898
27901
27894
27893
27895
27905
27895
27889
27893
27889
27888
27893
27893
27891
27895
27888
27884
27884
27884
27882
27877
27884
27882
27879
27874
27875
27878
27879
27879
27877
27885
27882
27885
27878
27879
27881
27884
27892
27888
27892
27894
27893
27889
27895
27895
27895
27893
27889
27894
27893
27889
27886
27887
27887
27887
27884
27878
27884
27883
27883
27881
27879
27873
27871
27872
27876
27879
27878
27877
27879
27877
27875
27875
27874
27879
27883
27879
27881
27889
27887
27891
27891
27890
27889
27893
27889
27893
27893
27896
27894
27900
27887
27885
27885
27887
27886
27879
27881
27880
27876
27869
27873
27874
27875
27876
27871
27874
27873
27878
27873
27873
27875
27875
27873
27876
27875
27877
27879
27885
27883
27888
27888
27887
27888
27891
27889
27887
27890
27896
27896
27891
27886
27887
27885
27888
27893
27887
27889
27887
27883
27884
27885
27879
27877
27870
27867
27874
27872
27871
27871
27873
27873
27869
27872
27877
27875
27876
27878
27880
27878
27880
27885
27887
27889
27890
27891
27890
27889
27890
27892
27889
27885
27893
27895
27882
27886
27886
27884
27879
27874
27881
27871
27875
27876
27877
27871
27869
27871
27873
27878
27876
27872
27876
27879
27879
27877
27878
27879
27886
27885
27884
27885
27891
27891
27888
27890
27892
27895
27891
27887
27890
27891
27890
27890
27891
27895
27885
27879
27884
27887
27884
27882
27884
27871
27876
27871
27868
27868
27867
27861
27871
27871
27873
27869
27866
27864
27865
27865
27865
27863
27863
27867
27870
27870
27868
27871
27869
27866
27865
27864
27876
27873
27869
27871
27871
27870
27863
27868
27867
27869
27860
27859
27863
27863
27859
27857
27857
27863
27860
27854
27849
27851
27857
27848
27847
27851
27855
27855
27855
27855
27854
27855
27855
27858
27855
27860
27862
27860
27861
27863
27865
27864
27859
27860
27863
27863
27863
27863
27867
27859
27860
27861
27862
27861
27862
27863
27866
27861
27861
27858
27869
27862
27858
27860
27865
27861
27864
27857
27863
27865
27868
27865
27879
27875
27873
27879
27879
27889
27889
27889
27893
27884
27884
27899
27927
27977
28083
28299
28227
28023
27925
27869
27846
27863
27918
28033
28245
28150
27979
27903
27858
27834
27825
27823
27822
27825
27843
27839
27837
27846
27847
27851
27852
27857
27858
27870
27870
27865
27869
27874
27879
27879
27874
27879
27881
27874
27879
27880
27880
27875
27877
27880
27883
27877
27872
27875
27876
27869
27869
27873
27873
27865
27859
27870
27875
27879
27868
27873
27871
27876
27881
27877
27876
27880
27879
27875
27879
27885
27879
27880
27880
27884
27883
27887
27887
27877
27882
27885
27884
27884
27881
27878
27872
27868
27870
27877
27873
27871
27873
27871
27871
27866
27868
27871
27871
27869
27871
27873
27871
27869
27872
27879
27877
27880
27881
27878
27880
27884
27887
27884
27883
27882
27885
27877
27879
27888
27891
27891
27883
27881
27881
27882
27881
27877
27879
27884
27878
27881
27883
27875
27873
27883
27881
27879
27875
27879
27880
27879
27879
27875
27879
27874
27875
27879
27878
27879
27881
27879
27878
27877
27881
27884
27879
27880
27883
27885
27881
27880
27881
27879
27879
27875
27877
27882
27879
27877
27879
27883
27879
27871
27870
27874
27878
27886
27879
27877
27877
27877
27876
27871
27868
27879
27874
27877
27879
27879
27879
27884
27876
27875
27880
27886
27882
27881
27879
27881
27883
27880
27879
27879
27875
27883
27879
27885
27881
27881
27879
27879
27877
27877
27877
27879
27877
27878
27867
27873
27873
27871
27871
27870
27866
27871
27871
27873
27871
27871
27878
27867
27869
27877
27883
27876
27874
27874
27880
27879
27880
27879
27881
27883
27878
27880
27880
27882
27882
27882
27879
27871
27874
27871
27870
27872
27875
27873
27871
27864
27862
27861
27863
27865
27870
27874
27875
27878
27875
27875
27867
27873
27874
27875
27876
27877
27880
27879
27881
27883
27880
27881
27884
27883
27883
27873
27879
27873
27875
27873
27867
27873
27874
27873
27871
27871
27865
27867
27870
27868
27868
27863
27862
27865
27862
27871
27878
27871
27869
27873
27871
27872
27877
27877
27879
27879
27885
27879
27877
27879
27879
27884
27886
27880
27880
27877
27875
27874
27875
27875
27875
27879
27877
27879
27877
27872
27877
27872
27873
27868
27865
27867
27870
27865
27864
27868
27868
27869
27875
27875
27869
27870
27873
27869
27873
27875
27873
27869
27871
27875
27877
27879
27873
27876
27874
27877
27876
27872
27875
27874
27879
27881
27884
27879
27875
27879
27881
27877
27871
27876
27879
27880
27878
27875
27877
27875
27880
27879
27878
27877
27878
27878
27879
27879
27874
27875
27879
27880
27888
27881
27879
27878
27883
27879
27880
27881
27885
27881
27877
27878
27878
27875
27880
27884
27880
27882
27879
27882
27881
27879
27876
27879
27878
27871
27873
27873
27873
27879
27876
27875
27876
27871
27873
27873
27869
27874
27880
27879
27882
27879
27881
27883
27878
27879
27879
27882
27886
27887
27882
27883
27883
27879
27883
27883
27881
27879
27879
27883
27879
27875
27869
27879
27874
27867
27874
27869
27866
27871
27867
27872
27871
27874
27873
27871
27876
27880
27879
27876
27879
27879
27881
27881
27881
27882
27882
27887
27887
27887
27879
27888
27883
27887
27884
27879
27883
27883
27880
27878
27877
27874
27873
27871
27876
27870
27875
27874
27871
27870
27871
27873
27872
27867
27870
27873
27871
27875
27878
27880
27883
27879
27886
27883
27875
27879
27882
27884
27879
27883
27887
27881
27881
27879
27875
27879
27878
27881
27884
27879
27875
27867
27872
27871
27869
27871
27868
27876
27871
27871
27872
27873
27866
27873
27869
27870
27870
27879
27879
27877
27878
27871
27876
27875
27879
27878
27879
27879
27883
27879
27881
27879
27879
27873
27878
27877
27879
27879
27871
27875
27874
27867
27875
27875
27874
27877
27873
27876
27879
27874
27871
27870
27871
27871
27875
27872
27877
27877
27876
27877
27872
27876
27875
27876
27877
27875
27871
27878
27879
27880
27876
27871
27864
27871
27879
27881
27879
27873
27876
27875
27872
27873
27878
27873
27873
27871
27871
27869
27874
27875
27871
27871
27875
27869
27870
27871
27875
27873
27876
27876
27881
27879
27873
27876
27885
27879
27877
27879
27879
27879
27879
27879
27883
27880
27877
27879
27883
27879
27879
27884
27883
27879
27875
27877
27879
27875
27960
27871
27877
27873
27874
27874
27869
27868
27866
27869
27874
27864
27867
27876
27867
27869
27871
27877
27875
27875
27879
27883
27881
27880
27883
27877
27882
27875
27879
27887
27881
27877
27880
27883
27880
27887
27882
27874
27870
27871
27873
27873
27868
27869
27868
27871
27868
27875
27869
27871
27868
27868
27875
27875
27877
27873
27877
27875
27881
27878
27879
27885
27879
27880
27881
27877
27879
27879
27875
27875
27881
27881
27879
27873
27875
27875
27881
27877
27877
27871
27871
27875
27868
27874
27871
27871
27867
27867
27869
27873
27869
27865
27875
27876
27873
27874
27879
27879
27871
27871
27874
27879
27879
27879
27881
27878
27881
27877
27879
27880
27875
27879
27877
27874
27875
27879
27877
27871
27870
27865
27873
27871
27874
27872
27873
27871
27865
27871
27871
27865
27872
27872
27871
27870
27874
27871
27863
27863
27867
27875
27877
27871
27875
27874
27873
27873
27873
27875
27879
27869
27870
27869
27875
27867
27869
27865
27868
27874
27873
27868
27868
27877
27874
27873
27869
27869
27867
27867
27874
27877
27872
27871
27867
27874
27865
27870
27865
27871
27871
27873
27879
27880
27879
27877
27869
27875
27869
27871
27879
27879
27871
27878
27882
27877
27875
27879
27875
27873
27869
27871
27874
27879
27867
27869
27871
27871
27871
27870
27872
27867
27869
27867
27865
27867
27873
27871
27867
27870
27869
27866
27869
27871
27871
27872
27872
27867
27874
27879
27875
27872
27877
27884
27875
27873
27873
27877
27878
27881
27875
27877
27877
27877
27875
27869
27873
27873
27871
27869
27865
27875
27871
27869
27871
27869
27873
27873
27867
27865
27867
27867
27869
27867
27875
27877
27871
27877
27885
27881
27877
27875
27876
27877
27879
27875
27879
27875
27874
27875
27875
27867
27871
27871
27869
27865
27868
27866
27865
27870
27868
27863
27859
27867
27869
27866
27868
27870
27871
27873
27875
27870
27870
27864
27871
27875
27876
27877
27873
27879
27881
27880
27879
27880
27880
27879
27877
27877
27874
27873
27871
27870
27864
27863
27870
27874
27866
27871
27870
27870
27865
27865
27865
27865
27864
27869
27869
27863
27871
27872
27872
27873
27869
27871
27879
27874
27877
27873
27874
27871
27875
27874
27880
27872
27875
27876
27879
27872
27870
27872
27871
27867
27867
27865
27865
27863
27869
27869
27871
27862
27863
27864
27862
27863
27866
27866
27869
27873
27868
27869
27867
27869
27873
27868
27863
27871
27869
27871
27871
27872
27869
27874
27873
27874
27864
27865
27867
27871
27869
27867
27872
27867
27875
27869
27868
27871
27867
27865
27862
27866
27871
27867
27861
27864
27864
27864
27859
27863
27859
27861
27867
27869
27872
27871
27867
27869
27865
27869
27871
27869
27877
27870
27867
27869
27867
27873
27867
27867
27863
27871
27877
27871
27865
27868
27869
27866
27870
27867
27867
27866
27862
27863
27866
27866
27865
27862
27857
27861
27865
27863
27861
27863
27866
27864
27863
27866
27869
27867
27863
27873
27867
27865
27863
27867
27867
27866
27869
27873
27870
27871
27870
27868
27868
27867
27865
27870
27863
27867
27870
27876
27869
27865
27863
27867
27868
27867
27863
27864
27861
27865
27864
27863
27863
27864
27868
27863
27867
27869
27873
27867
27871
27869
27869
27873
27879
27875
27875
27876
27875
27876
27872
27873
27871
27873
27871
27865
27866
27863
27866
27864
27864
27861
27863
27869
27867
27860
27863
27863
27867
27871
27865
27863
27873
27863
27855
27869
27871
27872
27868
27869
27869
27875
27869
27868
27871
27875
27879
27872
27872
27867
27874
27871
27867
27872
27871
27873
27869
27867
27865
27865
27868
27867
27869
27866
27863
27864
27865
27870
27869
27869
27870
27865
27861
27868
27876
27869
27869
27865
27871
27871
27869
27875
27863
27867
27867
27872
27872
27868
27867
27869
27869
27870
27873
27865
27865
27864
27865
27869
27863
27863
27864
27869
27864
27862
27864
27864
27865
27863
27869
27858
27858
27864
27869
27868
27865
27867
27867
27860
27863
27869
27867
27867
27863
27871
27864
27869
27867
27870
27865
27865
27867
27870
27861
27869
27867
27864
27859
27860
27865
27866
27863
27863
27858
27861
27863
27863
27863
27865
27858
27859
27861
27859
27859
27862
27861
27863
27866
27861
27862
27863
27869
27865
27867
27861
27865
27861
27865
27863
27867
27861
27868
27865
27866
27863
27863
27869
27873
27869
27863
27861
27861
27862
27863
27867
27860
27864
27864
27861
27861
27863
27855
27860
27861
27863
27863
27860
27860
27863
27863
27859
27863
27863
27862
27868
27860
27867
27869
27870
27863
27869
27869
27865
27863
27866
27865
27868
27864
27865
27867
27866
27867
27865
27863
27856
27857
27859
27858
27862
27867
27863
27856
27854
27863
27863
27861
27857
27863
27867
27863
27871
27870
27867
27871
27870
27873
27872
27872
27873
27881
27877
27873
27869
27873
27871
27871
27869
27871
27874
27872
27870
27869
27871
27872
27875
27873
27869
27871
27867
27863
27866
27863
27870
27864
27869
27867
27868
27864
27865
27865
27869
27863
27867
27870
27874
27867
27869
27869
27868
27877
27879
27873
27868
27868
27868
27866
27863
27870
27874
27876
27873
27877
27869
27867
27866
27871
27869
27863
27865
27865
27871
27868
27867
27870
27871
27870
27864
27865
27869
27870
27873
27871
27867
27869
27872
27872
27871
27873
27879
27869
27869
27871
27875
27873
27866
27874
27874
27877
27875
27864
27863
27863
27864
27869
27863
27868
27871
27871
27869
27868
27869
27865
27867
27862
27860
27863
27863
27863
27863
27867
27865
27863
27863
27869
27867
27868
27866
27867
27869
27871
27875
27867
27867
27867
27870
27868
27870
27869
27863
27869
27871
27868
27864
27871
27863
27867
27869
27870
27864
27859
27867
27865
27865
27863
27863
27863
27863
27859
27863
27868
27867
27863
27866
27863
27859
27857
27864
27861
27867
27865
27861
27867
27863
27871
27863
27869
27861
27864
27866
27866
27867
27866
27867
27863
27865
27865
27865
27872
27871
27863
27863
27863
27865
27865
27863
27859
27867
27854
27855
27859
27866
27870
27863
27867
27864
27863
27863
27857
27861
27865
27870
27869
27863
27871
27875
27879
27871
27869
27870
27869
27866
27865
27864
27860
27865
27864
27861
27861
27863
27867
27863
27861
27861
27855
27855
27855
27862
27863
27870
27860
27863
27862
27855
27855
27863
27870
27864
27865
27867
27867
27865
27871
27867
27869
27867
27865
27869
27870
27867
27869
27871
27866
27866
27871
27869
27863
27863
27864
27873
27864
27861
27869
27867
27870
27867
27869
27866
27863
27867
27870
27867
27865
27869
27865
27868
27867
27871
27867
27869
27872
27869
27873
27867
27872
27869
27869
27871
27867
27863
27867
27863
27865
27861
27862
27861
27861
27862
27869
27865
27857
27863
27864
27864
27866
27859
27862
27863
27862
27859
27864
27860
27869
27870
27867
27866
27869
27875
27865
27867
27865
27865
27871
27868
27871
27871
27874
27867
27864
27870
27871
27862
27869
27867
27867
27866
27863
27864
27865
27864
27863
27863
27863
27865
27867
27867
27865
27865
27863
27860
27859
27858
27863
27872
27863
27859
27859
27863
27863
27862
27870
27865
27867
27860
27863
27868
27874
27865
27863
27867
27863
27869
27870
27867
27868
27867
27863
27865
27864
27866
27865
27868
27865
27861
27861
27865
27863
27864
27861
27853
27856
27861
27862
27854
27861
27864
27860
27861
27859
27855
27858
27859
27861
27861
27869
27871
27870
27867
27863
27867
27868
27867
27869
27865
27867
27859
27863
27863
27867
27863
27857
27860
27861
27861
27859
27863
27863
27859
27863
27860
27856
27853
27856
27855
27855
27853
27853
27853
27859
27858
27858
27858
27852
27861
27863
27871
27863
27865
27869
27864
27865
27862
27861
27863
27863
27863
27865
27869
27868
27864
27858
27862
27857
27859
27858
27862
27863
27864
27863
27861
27863
27863
27861
27863
27864
27864
27861
27863
27859
27863
27860
27868
27866
27862
27865
27865
27865
27864
27859
27863
27869
27869
27856
27863
27866
27865
27866
27864
27858
27859
27861
27861
27855
27857
27861
27857
27853
27848
27860
27861
27860
27858
27860
27867
27859
27857
27863
27860
27861
27862
27867
27866
27863
27867
27868
27863
27867
27868
27866
27863
27866
27869
27868
27861
27856
27865
27868
27862
27853
27863
27863
27861
27863
27863
27862
27857
27858
27859
27856
27855
27858
27855
27855
27859
27859
27855
27860
27863
27857
27859
27859
27861
27859
27861
27860
27865
27863
27855
27856
27864
27863
27863
27858
27860
27861
27858
27860
27863
27858
27855
27864
27865
27865
27868
27871
27863
27858
27858
27863
27856
27855
27864
27865
27866
27857
27860
27857
27859
27861
27862
27862
27861
27856
27863
27863
27852
27863
27863
27863
27863
27863
27861
27863
27861
27857
27855
27856
27865
27863
27859
27864
27863
27861
27859
27852
27857
27860
27849
27858
27864
27858
27855
27857
27863
27859
27858
27860
27857
27863
27858
27855
27855
27855
27855
27857
27857
27863
27863
27863
27859
27863
27860
27860
27853
27864
27862
27867
27858
27861
27859
27863
27860
27854
27861
27855
27857
27855
27860
27862
27855
27855
27852
27856
27851
27854
27855
27847
27851
27856
27855
27852
27851
27849
27856
27855
27849
27852
27861
27852
27855
27859
27859
27859
27863
27859
27857
27861
27862
27857
27855
27853
27857
27857
27855
27853
27857
27858
27859
27852
27845
27857
27853
27853
27851
27855
27855
27853
27855
27853
27853
27855
27855
27855
27855
27856
27860
27861
27861
27863
27857
27856
27858
27859
27861
27854
27860
27861
27860
27858
27855
27857
27857
27855
27853
27852
27855
27855
27859
27855
27851
27857
27858
27855
27852
27849
27849
27853
27846
27852
27853
27849
27851
27854
27855
27858
27856
27853
27859
27852
27861
27859
27853
27857
27863
27859
27862
27863
27864
27864
27861
27864
27861
27860
27857
27860
27863
27861
27863
27859
27855
27852
27849
27854
27855
27856
27858
27853
27855
27858
27863
27857
27855
27856
27859
27861
27854
27853
27853
27859
27856
27855
27851
27858
27855
27857
27855
27857
27852
27860
27860
27856
27861
27858
27859
27859
27853
27855
27859
27858
27863
27860
27851
27855
27853
27854
27857
27863
27860
27859
27861
27861
27860
27858
27855
27855
27860
27859
27853
27854
27860
27857
27857
27857
27859
27858
27859
27855
27857
27859
27857
27857
27856
27855
27859
27860
27863
27858
27862
27859
27858
27853
27854
27855
27851
27855
27854
27852
27853
27854
27853
27851
27848
27854
27852
27849
27849
27853
27857
27859
27854
27853
27857
27857
27856
27858
27858
27857
27855
27861
27858
27857
27862
27859
27856
27851
27853
27859
27857
27856
27859
27849
27847
27855
27858
27851
27851
27851
27855
27852
27852
27856
27855
27849
27853
27852
27857
27851
27855
27851
27855
27857
27853
27852
27857
27855
27861
27852
27855
27857
27860
27855
27851
27846
27855
27858
27853
27851
27847
27851
27847
27849
27849
27852
27847
27848
27851
27853
27849
27852
27849
27847
27847
27850
27849
27852
27854
27855
27855
27857
27861
27857
27857
27854
27853
27855
27856
27859
27857
27849
27852
27858
27850
27858
27855
27856
27852
27860
27851
27849
27856
27856
27847
27849
27847
27850
27852
27852
27847
27858
27855
27856
27847
27849
27857
27845
27847
27849
27851
27857
27850
27852
27854
27856
27853
27861
27852
27851
27855
27863
27859
27857
27851
27853
27849
27853
27851
27851
27853
27851
27849
27855
27861
27861
27862
27861
27858
27853
27861
27861
27855
27853
27854
27863
27848
27859
27858
27861
27859
27853
27860
27860
27861
27859
27859
27859
27860
27860
27863
27863
27861
27859
27855
27865
27857
27857
27863
27860
27860
27862
27866
27857
27863
27860
27848
27851
27849
27859
27858
27849
27861
27861
27859
27855
27857
27855
27855
27851
27861
27858
27859
27863
27861
27858
27861
27864
27863
27863
27856
27863
27863
27857
27864
27863
27868
27861
27861
27862
27863
27864
27863
27861
27860
27855
27863
27859
27861
27854
27854
27859
27860
27859
27862
27863
27863
27855
27858
27856
27851
27851
27856
27856
27852
27855
27856
27860
27859
27857
27857
27859
27857
27858
27861
27860
27857
27858
27861
27864
27863
27857
27855
27858
27861
27863
27855
27857
27856
27851
27855
27856
27855
27855
27855
27855
27850
27858
27861
27857
27849
27857
27851
27857
27859
27855
27861
27858
27859
27861
27855
27855
27858
27858
27859
27856
27853
27854
27855
27856
27853
27858
27862
27857
27857
27861
27851
27848
27854
27855
27854
27849
27851
27856
27859
27853
27852
27851
27854
27852
27851
27855
27857
27851
27857
27853
27853
27855
27863
27858
27858
27858
27854
27857
27845
27849
27849
27849
27848
27851
27849
27847
27844
27847
27841
27842
27841
27841
27841
27841
27843
27838
27841
27839
27845
27842
27837
27844
27835
27838
27841
27845
27845
27843
27846
27846
27846
27841
27843
27840
27846
27841
27829
27836
27843
27837
27843
27845
27833
27835
27839
27836
27830
27837
27834
27833
27830
27835
27836
27836
27835
27835
27838
27835
27835
27835
27841
27831
27832
27843
27839
27834
27838
27844
27845
27843
27844
27845
27849
27851
27845
27849
27849
27849
27851
27849
27849
27847
27847
27847
27847
27847
27844
27846
27843
27851
27850
27849
27851
27853
27851
27853
27850
27863
27852
27846
27851
27863
27875
27912
27963
28081
28239
28101
27950
27889
27848
27842
27865
27936
28091
28137
27975
27900
27865
27847
27831
27829
27829
27833
27827
27831
27839
27834
27837
27837
27844
27833
27836
27838
27845
27845
27847
27843
27845
27846
27847
27850
27855
27849
27851
27850
27851
27855
27859
27861
27853
27863
27857
27860
27852
27849
27849
27863
27861
27855
27863
27857
27860
27862
27858
27860
27861
27867
27850
27853
27850
27855
27855
27854
27855
27853
27855
27851
27850
27854
27848
27849
27851
27859
27851
27852
27855
27860
27863
27851
27848
27847
27853
27855
27857
27854
27861
27857
27855
27858
27855
27854
27857
27858
27854
27855
27859
27855
27855
27846
27855
27855
27859
27851
27848
27846
27853
27841
27841
27848
27849
27847
27842
27847
27844
27837
27849
27851
27847
27849
27848
27852
27843
27847
27845
27848
27852
27847
27859
27847
27845
27850
27856
27852
27847
27850
27853
27853
27840
27846
27850
27847
27840
27837
27841
27844
27834
27833
27839
27839
27837
27841
27838
27842
27844
27839
27840
27839
27845
27847
27849
27843
27850
27849
27854
27853
27849
27847
27855
27860
27852
27852
27852
27863
27864
27853
27852
27850
27857
27860
27857
27855
27849
27853
27855
27853
27851
27852
27853
27856
27857
27857
27855
27855
27854
27855
27853
27858
27857
27861
27861
27863
27863
27871
27868
27867
27869
27873
27870
27869
27875
27867
27869
27865
27863
27867
27853
27855
27855
27865
27856
27851
27856
27857
27855
27852
27846
27843
27851
27851
27845
27843
27847
27845
27848
27847
27847
27848
27845
27845
27847
27841
27851
27849
27844
27851
27846
27852
27853
27849
27851
27855
27860
27855
27855
27860
27855
27855
27855
27847
27855
27856
27860
27855
27853
27855
27850
27853
27851
27849
27856
27852
27849
27850
27850
27850
27848
27847
27849
27852
27847
27845
27853
27844
27847
27849
27850
27851
27852
27853
27853
27858
27854
27857
27851
27855
27851
27858
27860
27863
27858
27858
27855
27851
27853
27857
27856
27859
27855
27851
27861
27857
27853
27847
27850
27845
27851
27845
27849
27847
27849
27843
27845
27850
27847
27849
27851
27858
27851
27850
27855
27857
27856
27852
27857
27857
27863
27860
27861
27853
27855
27855
27853
27851
27851
27853
27853
27855
27855
27849
27845
27851
27849
27846
27841
27843
27841
27848
27843
27841
27844
27845
27843
27843
27845
27848
27845
27843
27848
27856
27855
27853
27854
27856
27855
27857
27849
27852
27854
27861
27850
27847
27853
27855
27849
27849
27843
27848
27850
27849
27843
27839
27843
27842
27843
27841
27844
27841
27843
27843
27843
27847
27842
27844
27839
27841
27848
27851
27847
27849
27847
27847
27855
27847
27851
27855
27854
27851
27851
27855
27855
27853
27852
27851
27853
27851
27852
27853
27852
27847
27845
27847
27847
27845
27851
27847
27839
27847
27845
27843
27847
27850
27846
27843
27844
27843
27847
27847
27842
27847
27846
27849
27847
27847
27844
27848
27849
27855
27845
27848
27849
27849
27850
27850
27853
27853
27850
27849
27844
27850
27846
27847
27847
27847
27839
27841
27847
27843
27840
27849
27847
27851
27849
27847
27843
27847
27847
27843
27852
27849
27851
27849
27853
27849
27854
27849
27857
27855
27853
27855
27853
27855
27850
27849
27857
27855
27853
27848
27849
27848
27850
27845
27850
27850
27849
27847
27847
27838
27840
27846
27847
27846
27839
27845
27842
27839
27839
27839
27847
27842
27842
27842
27849
27850
27847
27849
27853
27849
27854
27850
27855
27854
27849
27848
27849
27855
27858
27857
27845
27851
27855
27850
27850
27847
27850
27847
27847
27847
27844
27843
27845
27842
27837
27843
27845
27844
27849
27845
27850
27848
27849
27845
27848
27849
27853
27848
27850
27855
27855
27851
27847
27851
27849
27852
27856
27849
27855
27855
27848
27848
27848
27850
27847
27845
27847
27851
27849
27839
27841
27847
27839
27841
27845
27842
27839
27839
27839
27839
27840
27833
27841
27848
27846
27855
27851
27847
27847
27844
27847
27847
27853
27846
27851
27845
27845
27853
27847
27841
27839
27849
27852
27849
27848
27845
27841
27839
27845
27847
27837
27841
27845
27843
27835
27839
27842
27839
27835
27836
27841
27843
27844
27837
27844
27845
27842
27843
27850
27848
27846
27847
27849
27847
27845
27846
27855
27841
27843
27847
27847
27850
27839
27839
27845
27845
27845
27844
27843
27847
27840
27843
27843
27840
27842
27842
27845
27847
27845
27844
27839
27848
27847
27843
27846
27848
27851
27849
27847
27845
27849
27845
27850
27852
27852
27851
27852
27848
27845
27841
27847
27849
27849
27850
27847
27847
27847
27847
27847
27841
27841
27841
27835
27841
27839
27841
27838
27836
27839
27840
27842
27840
27845
27839
27838
27845
27851
27845
27844
27846
27854
27856
27855
27854
27854
27857
27853
27849
27850
27853
27852
27849
27858
27852
27853
27854
27857
27849
27855
27854
27847
27848
27847
27849
27846
27844
27847
27839
27843
27847
27845
27844
27846
27848
27849
27849
27848
27853
27849
27855
27855
27851
27853
27851
27850
27851
27851
27855
27855
27847
27859
27856
27855
27854
27851
27851
27846
27849
27854
27850
27851
27853
27846
27847
27845
27848
27843
27843
27842
27849
27847
27845
27847
27847
27847
27843
27847
27851
27851
27857
27851
27853
27859
27855
27859
27852
27857
27861
27857
27853
27851
27854
27855
27850
27855
27851
27851
27843
27847
27844
27845
27847
27848
27843
27851
27845
27847
27850
27847
27850
27849
27841
27845
27847
27847
27849
27846
27848
27856
27846
27852
27853
27857
27857
27854
27855
27854
27855
27855
27854
27852
27856
27859
27858
27849
27849
27851
27852
27849
27847
27847
27855
27847
27841
27849
27848
27847
27848
27849
27849
27848
27849
27851
27845
27852
27857
27851
27844
27850
27851
27851
27847
27851
27851
27851
27846
27847
27853
27854
27855
27855
27855
27855
27851
27852
27852
27853
27848
27849
27846
27845
27851
27850
27845
27844
27842
27847
27845
27843
27845
27847
27844
27848
27845
27843
27847
27850
27846
27847
27850
27847
27852
27845
27849
27849
27847
27849
27854
27853
27853
27855
27851
27852
27848
27848
27856
27850
27851
27851
27853
27851
27853
27847
27847
27848
27847
27853
27852
27843
27845
27849
27848
27846
27841
27839
27852
27840
27848
27847
27845
27845
27846
27843
27847
27847
27854
27852
27852
27847
27851
27851
27853
27851
27855
27853
27854
27855
27853
27848
27847
27853
27849
27847
27851
27851
27844
27845
27849
27844
27849
27847
27847
27845
27845
27853
27849
27851
27849
27849
27851
27847
27854
27849
27855
27848
27847
27855
27854
27853
27843
27850
27857
27851
27849
27849
27849
27853
27853
27849
27851
27855
27848
27847
27849
27839
27839
27841
27843
27844
27841
27843
27840
27843
27844
27841
27845
27845
27844
27844
27847
27850
27847
27848
27843
27851
27845
27855
27856
27855
27852
27853
27851
27855
27849
27853
27855
27855
27850
27853
27849
27855
27853
27846
27846
27846
27848
27849
27853
27855
27851
27842
27845
27842
27845
27847
27845
27850
27845
27847
27843
27848
27849
27851
27847
27851
27848
27851
27853
27852
27845
27855
27852
27856
27857
27854
27849
27852
27851
27849
27837
27841
27845
27848
27850
27851
27850
27847
27845
27844
27842
27848
27839
27842
27845
27847
27847
27850
27843
27839
27846
27849
27844
27839
27849
27855
27850
27845
27845
27853
27847
27843
27851
27858
27854
27851
27845
27845
27855
27855
27851
27850
27849
27846
27847
27844
27850
27847
27847
27844
27843
27842
27843
27841
27841
27839
27846
27847
27843
27842
27847
27846
27854
27848
27847
27847
27847
27841
27844
27847
27855
27849
27843
27839
27851
27857
27852
27845
27847
27851
27859
27842
27846
27852
27849
27847
27843
27837
27850
27855
27847
27841
27838
27852
27849
27841
27840
27838
27845
27845
27842
27845
27847
27842
27845
27845
27845
27850
27847
27849
27851
27849
27849
27851
27841
27847
27849
27847
27847
27845
27849
27850
27842
27847
27847
27851
27849
27841
27839
27841
27843
27847
27834
27833
27839
27849
27841
27838
27841
27847
27843
27847
27842
27849
27842
27849
27848
27852
27849
27851
27847
27850
27853
27853
27855
27849
27853
27860
27853
27847
27857
27857
27850
27843
27850
27853
27846
27839
27849
27848
27847
27851
27847
27841
27844
27843
27845
27847
27837
27845
27845
27841
27844
27845
27845
27840
27839
27847
27847
27847
27844
27852
27846
27848
27847
27847
27848
27847
27848
27851
27847
27845
27850
27848
27842
27843
27853
27849
27844
27847
27849
27841
27847
27839
27837
27845
27844
27844
27843
27845
27843
27847
27843
27841
27847
27848
27847
27847
27848
27855
27847
27845
27848
27841
27847
27848
27844
27847
27845
27848
27845
27844
27848
27848
27849
27845
27839
27847
27843
27837
27843
27839
27844
27835
27843
27845
27839
27839
27844
27851
27841
27836
27843
27844
27837
27840
27847
27851
27846
27844
27848
27847
27845
27844
27843
27845
27838
27848
27847
27845
27847
27850
27844
27847
27851
27842
27845
27842
27843
27841
27847
27845
27842
27851
27845
27840
27839
27835
27837
27849
27847
27844
27839
27836
27846
27843
27841
27835
27853
27839
27835
27841
27848
27847
27836
27841
27850
27843
27848
27847
27839
27845
27847
27847
27839
27839
27837
27841
27841
27843
27846
27847
27842
27832
27837
27845
27845
27845
27847
27846
27839
27839
27839
27843
27837
27843
27844
27846
27840
27843
27844
27845
27844
27843
27847
27845
27841
27845
27848
27848
27847
27845
27847
27851
27846
27845
27838
27844
27845
27843
27839
27839
27844
27838
27839
27842
27839
27834
27832
27836
27837
27835
27832
27837
27839
27839
27835
27836
27842
27843
27840
27845
27842
27847
27845
27842
27843
27839
27846
27843
27843
27848
27845
27845
27849
27848
27851
27848
27839
27847
27848
27847
27843
27846
27840
27837
27836
27838
27838
27839
27839
27840
27841
27836
27843
27841
27839
27842
27843
27841
27849
27846
27847
27841
27833
27844
27847
27842
27849
27847
27847
27848
27843
27839
27844
27834
27842
27838
27841
27839
27841
27843
27839
27841
27837
27838
27837
27835
27841
27839
27839
27837
27840
27837
27836
27842
27842
27844
27839
27842
27841
27845
27844
27847
27845
27839
27845
27849
27843
27838
27847
27854
27856
27839
27837
27846
27847
27848
27848
27839
27846
27839
27837
27842
27842
27838
27843
27838
27831
27837
27836
27836
27834
27841
27839
27841
27843
27837
27841
27841
27843
27846
27848
27843
27846
27845
27841
27843
27839
27839
27839
27841
27846
27847
27849
27845
27843
27844
27844
27839
27837
27845
27839
27837
27843
27843
27839
27839
27836
27835
27841
27836
27833
27833
27829
27839
27839
27836
27831
27845
27837
27836
27837
27839
27839
27833
27837
27843
27844
27840
27842
27845
27841
27840
27843
27841
27843
27839
27838
27839
27839
27841
27839
27835
27837
27839
27836
27831
27837
27843
27832
27827
27828
27830
27839
27839
27835
27833
27838
27838
27834
27828
27832
27833
27846
27842
27841
27836
27839
27845
27841
27841
27840
27839
27842
27841
27845
27841
27841
27844
27839
27833
27841
27847
27837
27838
27839
27844
27831
27827
27837
27835
27835
27833
27833
27837
27832
27832
27835
27833
27831
27837
27841
27837
27845
27845
27847
27836
27839
27838
27843
27847
27839
27843
27845
27841
27841
27845
27837
27841
27843
27837
27842
27834
27839
27834
27839
27833
27835
27837
27845
27840
27837
27833
27843
27841
27835
27839
27835
27842
27837
27847
27847
27839
27836
27837
27846
27847
27840
27838
27841
27848
27847
27848
27845
27849
27851
27847
27842
27839
27847
27846
27840
27839
27843
27839
27842
27840
27842
27842
27837
27835
27839
27835
27836
27837
27839
27837
27835
27833
27838
27842
27833
27837
27851
27849
27847
27843
27847
27842
27839
27841
27839
27841
27845
27844
27846
27847
27843
27852
27847
27847
27847
27849
27846
27843
27841
27841
27842
27839
27836
27845
27844
27839
27845
27848
27836
27833
27843
27845
27838
27842
27844
27847
27834
27839
27845
27841
27843
27843
27843
27844
27847
27846
27842
27841
27845
27848
27840
27843
27843
27845
27843
27845
27845
27837
27843
27840
27842
27841
27846
27839
27839
27836
27841
27836
27837
27844
27839
27843
27838
27839
27839
27839
27839
27839
27839
27845
27844
27847
27839
27843
27838
27843
27852
27849
27844
27843
27850
27839
27840
27836
27844
27844
27842
27842
27847
27843
27844
27843
27837
27839
27839
27835
27837
27838
27845
27841
27832
27833
27837
27834
27829
27832
27836
27839
27837
27840
27841
27844
27836
27848
27847
27844
27838
27841
27847
27840
27835
27849
27849
27853
27847
27841
27845
27843
27837
27839
27839
27840
27844
27838
27839
27835
27837
27835
27826
27833
27834
27839
27835
27844
27839
27839
27835
27833
27836
27839
27839
27837
27842
27839
27843
27842
27843
27843
27843
27845
27839
27844
27845
27845
27844
27843
27837
27840
27839
27845
27845
27843
27841
27837
27833
27839
27838
27841
27841
27839
27839
27839
27833
27838
27836
27829
27833
27835
27834
27839
27841
27839
27843
27841
27841
27841
27844
27842
27845
27843
27845
27841
27839
27843
27839
27839
27841
27845
27847
27846
27840
27847
27847
27843
27840
27837
27839
27838
27838
27839
27839
27845
27842
27839
27831
27838
27845
27839
27839
27837
27843
27841
27840
27841
27841
27845
27841
27839
27843
27841
27839
27841
27844
27847
27847
27843
27847
27839
27839
27840
27839
27839
27841
27835
27839
27837
27834
27832
27833
27841
27838
27838
27842
27845
27931
27839
27835
27838
27835
27844
27841
27839
27841
27837
27846
27845
27837
27843
27841
27841
27847
27845
27844
27845
27841
27841
27844
27840
27846
27847
27844
27839
27843
27845
27839
27834
27833
27838
27839
27839
27835
27832
27831
27830
27833
27824
27823
27829
27826
27825
27831
27817
27817
27822
27824
27825
27820
27825
27825
27820
27823
27827
27823
27824
27825
27825
27821
27818
27817
27823
27825
27818
27820
27823
27821
27815
27821
27825
27816
27813
27815
27819
27815
27815
27814
27813
27810
27822
27816
27815
27811
27814
27815
27811
27815
27812
27813
27809
27804
27811
27816
27812
27812
27818
27813
27812
27817
27817
27814
27814
27816
27820
27821
27817
27824
27823
27819
27818
27822
27823
27823
27817
27817
27823
27819
27825
27822
27823
27823
27823
27819
27815
27823
27820
27827
27827
27828
27824
27826
27833
27831
27831
27839
27835
27845
27845
27847
27835
27837
27844
27855
27881
27928
28011
28202
28309
28077
27934
27867
27821
27805
27818
27863
27959
28165
28235
28023
27914
27850
27817
27797
27783
27784
27790
27795
27801
27799
27791
27801
27805
27807
27806
27812
27816
27823
27816
27816
27823
27829
27825
27820
27829
27835
27840
27837
27836
27833
27833
27831
27831
27838
27839
27845
27836
27837
27835
27835
27832
27830
27837
27835
27838
27839
27835
27833
27836
27833
27832
27836
27831
27838
27827
27833
27832
27840
27837
27828
27834
27839
27847
27837
27832
27838
27841
27842
27841
27843
27842
27841
27842
27841
27842
27841
27843
27841
27834
27837
27841
27836
27836
27835
27833
27833
27833
27843
27838
27835
27835
27835
27829
27831
27836
27835
27834
27832
27835
27839
27832
27838
27835
27838
27840
27834
27837
27834
27839
27835
27838
27835
27841
27839
27837
27838
27837
27845
27839
27837
27838
27842
27838
27839
27842
27835
27835
27832
27839
27835
27833
27832
27829
27827
27832
27837
27828
27835
27832
27836
27834
27834
27833
27831
27835
27835
27839
27835
27843
27841
27838
27831
27837
27839
27836
27843
27841
27844
27839
27831
27836
27831
27832
27835
27834
27835
27834
27832
27836
27836
27823
27831
27833
27829
27826
27835
27839
27826
27827
27827
27836
27831
27833
27831
27832
27833
27835
27832
27837
27836
27834
27832
27839
27836
27832
27838
27837
27843
27839
27832
27831
27834
27833
27832
27829
27830
27832
27839
27827
27825
27831
27828
27830
27827
27824
27831
27829
27831
27831
27833
27835
27831
27828
27831
27832
27834
27837
27839
27837
27842
27835
27839
27837
27839
27835
27837
27831
27833
27832
27835
27832
27833
27831
27829
27831
27833
27830
27830
27836
27834
27831
27830
27832
27824
27829
27829
27831
27831
27829
27837
27829
27830
