33195
33231
33235
33235
33213
33239
33219
33197
33191
33217
33223
33229
33233
33237
33250
33175
33202
33223
33176
33237
33241
33253
33250
33181
33163
33167
33216
33210
33175
33239
33207
33235
33261
33183
33232
33207
33237
33279
33200
33237
33217
33169
33196
33197
33231
33190
33203
33209
33204
33217
33234
33239
33239
33191
33239
33169
33224
33224
33168
33232
33160
33205
33211
33175
33190
33187
33201
33233
33201
33231
33213
33191
33235
33213
33233
33178
33246
33221
33180
33217
33187
33199
33194
33223
33199
33164
33197
33207
33241
33269
33191
33247
33199
33166
33176
33168
33229
33163
33144
33189
33197
33193
33180
33215
33176
33175
33213
33187
33172
33235
33165
33209
33183
33143
33203
33154
33225
33220
33149
33196
33194
33165
33675
33151
33245
33184
33177
33227
33169
33205
33158
33181
33264
33159
33193
33183
33241
33223
33175
33223
33214
33199
33191
33226
33199
33184
33186
33216
33187
33212
33141
33209
33160
33187
33181
33166
33201
33164
33184
33167
33164
33155
33183
33162
33191
33171
33202
33165
33155
33201
33167
33162
33179
33177
33202
33175
33206
33175
33181
33188
33161
33179
33175
33135
33191
33177
33172
33129
33161
33169
33183
33165
33211
33133
33171
33163
33183
33181
33171
33199
33178
33147
33183
33150
33167
33141
33207
33187
33169
33137
33171
33189
33184
33160
33207
33179
33177
33163
33151
33186
33177
33189
33173
33107
33193
33171
33149
33222
33191
33215
33151
33159
33205
33157
33201
33179
33183
33173
33126
33133
33131
33155
33210
33212
33199
33163
33167
33192
33227
33197
33192
33223
33179
33160
33211
33218
33209
33191
33196
33181
33191
33191
33201
33187
33212
33146
33217
33161
33183
33231
33194
33193
33169
33174
33194
33227
33197
33130
33169
33183
33134
33152
33206
33165
33174
33186
33209
33162
33213
33193
33231
33164
33146
33161
33175
33203
33222
33191
33169
33205
33144
33126
33203
33181
33206
33221
33218
33201
33165
33227
33204
33157
33198
33202
33201
33139
33197
33138
33131
33202
33157
33239
33139
33129
33191
33142
33175
33196
33189
33214
33155
33186
33210
33148
33177
33221
33227
33207
33153
33224
33239
33191
33219
33170
33191
33191
33184
33162
33204
33187
33203
33185
33253
33141
33153
33157
33183
33195
33203
33191
33209
33181
33163
33150
33255
33145
33183
33205
33167
33210
33149
33175
33172
33183
33193
33213
33234
33257
33170
33231
33167
33159
33207
33159
33237
33237
33225
33208
33204
33235
33255
33189
33217
33279
33227
33212
33237
33207
33162
33230
33225
33207
33176
33227
33227
33214
33278
33145
33159
33188
33153
33187
33197
33192
33235
33218
33231
33185
33170
33218
33199
33207
33197
33145
33186
33223
33188
33236
33159
33213
33188
33199
33211
33221
33166
33189
33221
33231
33172
33261
33215
33217
33194
33197
33193
33139
33203
33216
33159
33179
33144
33170
33201
33155
33211
33197
33197
33213
33168
33235
33219
33174
33213
33159
33205
33196
33218
33206
33191
33215
33214
33218
33171
33200
33243
33153
33174
33165
33167
33168
33129
33177
33171
33142
33235
33121
33149
33171
33203
33211
33177
33188
33237
33195
33175
33171
33205
33208
33206
33179
33185
33179
33151
33149
33247
33198
33191
33206
33203
33174
33191
33191
33162
33223
33230
33178
33201
33203
33168
33195
33135
33175
33217
33229
33213
33135
33162
33201
33189
33185
33173
33207
33211
33144
33160
33180
33217
33171
33155
33199
33234
33227
33194
33164
33198
33180
33200
33157
33143
33192
33185
33159
33188
33156
33202
33151
33199
33166
33190
33239
33167
33173
33180
33142
33226
33225
33191
33217
33205
33227
33199
33199
33154
33196
33168
33143
33187
33193
33114
33207
33187
33184
33206
33154
33194
33207
33161
33198
33145
33159
33165
33134
33207
33175
33201
33211
33183
33239
33208
33207
33227
33222
33231
33177
33173
33214
33210
33212
33153
33202
33185
33191
33221
33200
33209
33146
33202
33176
33178
33195
33177
33207
33157
33165
33214
33143
33181
33173
33177
33213
33189
33214
33231
33168
33211
33175
33191
33194
33203
33189
33191
33189
33219
33177
33216
33193
33189
33203
33191
33193
33190
33169
33203
33175
33181
33200
33239
33253
33159
33213
33182
33213
33188
33222
33199
33202
33231
33223
33151
33218
33197
33235
33153
33173
33222
33207
33199
33200
33129
33171
33205
33257
33207
33171
33243
33218
33241
33210
33190
33223
33177
33167
33194
33183
33190
33152
33237
33231
33215
33214
33205
33159
33195
33195
33208
33188
33187
33163
33149
33208
33185
33144
33160
33197
33223
33193
33176
33213
33237
33178
33163
33212
33207
33223
33175
33185
33208
33247
33177
33199
33181
33191
33206
33251
33191
33191
33186
33173
33124
33170
33185
33171
33253
33183
33197
33191
33208
33175
33193
33224
33156
33157
33176
33082
33185
33169
33163
33143
33165
33201
33159
33215
33177
33141
33174
33163
33199
33187
33173
33208
33243
33183
33262
33229
33163
33231
33231
33238
33209
33213
33204
33206
33199
33192
33222
33227
33174
33256
33191
33238
33223
33168
33190
33209
33255
33201
33195
33247
33226
33251
33215
33201
33230
33197
33191
33217
33191
33247
33206
33184
33170
33209
33229
33149
33192
33197
33197
33227
33198
33183
33168
33183
33191
33169
33201
33175
33239
33195
33196
33215
33228
33208
33191
33209
33239
33167
33208
33191
33189
33192
33183
33223
33205
33162
33199
33232
33215
33211
33221
33217
33168
33190
33167
33153
33219
33197
33191
33177
33181
33193
33139
33149
33189
33191
33223
33215
33190
33245
33215
33188
33188
33208
33247
33179
33193
33191
33165
33199
33214
33217
33163
33159
33176
33195
33193
33163
33178
33193
33173
33177
33191
33221
33179
33177
33217
33161
33203
33217
33158
33177
33172
33155
33207
33176
33182
33183
33195
33165
33160
33193
33172
33194
33221
33219
33191
33208
33220
33229
33197
33203
33166
33210
33207
33184
33183
33195
33195
33254
33215
33229
33222
33181
33208
33219
33213
33213
33167
33186
33176
33195
33197
33207
33207
33183
33160
33162
33172
33189
33140
33185
33175
33191
33252
33187
33184
33181
33178
33217
33165
33187
33163
33219
33205
33177
33191
33167
33157
33210
33165
33235
33219
33195
33208
33208
33225
33210
33149
33193
33162
33175
33226
33186
33183
33187
33198
33184
33159
33199
33229
33199
33173
33222
33230
33155
33213
33209
33155
33194
33169
33233
33205
33153
33189
33163
33188
33211
33177
33193
33215
33159
33129
33173
33207
33149
33163
33167
33149
33218
33140
33204
33209
33200
33221
33199
33230
33183
33130
33207
33167
33184
33187
33204
33146
33155
33127
33183
33239
33251
33184
33215
33259
33231
33193
33136
33233
33165
33151
33163
33146
33217
33183
33150
33217
33200
33213
33212
33150
33191
33183
33183
33132
33160
33223
33196
33219
33199
33192
33223
33163
33235
33143
33165
33168
33149
33128
33175
33207
33181
33191
33207
33203
33207
33179
33104
33202
33123
33239
33197
33155
33205
33207
33162
33185
33212
33197
33209
33190
33207
33159
33196
33202
33176
33191
33168
33215
33207
33205
33245
33159
33170
33211
33171
33149
33138
33186
33183
33216
33209
33161
33155
33159
33197
33219
33199
33181
33215
33223
33184
33160
33240
33197
33183
33184
33230
33221
33179
33207
33239
33196
33207
33187
33179
33213
33182
33155
33171
33190
33207
33186
33170
33156
33221
33189
33178
33146
33189
33127
33200
33156
33259
33257
33211
33211
33185
33170
33176
33181
33177
33175
33233
33279
33263
33263
33239
33275
33279
33180
33215
33231
33243
33215
33255
33231
33168
33189
33162
33262
33223
33246
33229
33241
33295
33282
33204
33239
33177
33197
33226
33237
33265
33212
33183
33201
33187
33214
33204
33199
33204
33183
33218
33196
33198
33181
33171
33201
33201
33171
33191
33176
33199
33207
33199
33179
33192
33154
33165
33153
33191
33183
33197
33196
33172
33190
33175
33191
33167
33189
33231
33173
33207
33141
33195
33151
33193
33183
33155
33151
33182
33187
33185
33179
33238
33187
33202
33167
33160
33178
33195
33167
33221
33183
33171
33197
33185
33197
33164
33169
33191
33205
33158
33194
33225
33231
33151
33175
33171
33209
33172
33143
33201
33144
33153
33195
33199
33177
33183
33153
33180
33114
33168
33181
33183
33150
33184
33173
33133
33171
33153
33146
33177
33187
33199
33183
33127
33207
33189
33146
33199
33150
33219
33159
33159
33211
33175
33200
33123
33145
33192
33219
33206
33191
33223
33204
33187
33181
33186
33184
33183
33134
33180
33178
33151
33153
33148
33155
33157
33155
33163
33211
33159
33153
33141
33185
33141
33191
33131
33169
33207
33143
33225
33175
33191
33157
33171
33230
33179
33159
33209
33179
33195
33193
33168
33231
33180
33227
33199
33220
33205
33163
33195
33173
33209
33213
33153
33167
33171
33163
33182
33155
33167
33157
33187
33135
33239
33197
33179
33122
33200
33145
33207
33187
33165
33216
33179
33227
33227
33153
33167
33161
33207
33199
33203
33204
33119
33201
33162
33191
33219
33143
33243
33197
33163
33235
33152
33223
33182
33146
33169
33100
33199
33173
33149
33159
33207
33181
33185
33187
33217
33190
33179
33155
33191
33191
33166
33210
33214
33193
33193
33193
33171
33179
33139
33208
33174
33208
33190
33210
33226
33191
33221
33229
33151
33172
33162
33157
33193
33171
33137
33187
33185
33178
33159
33196
33165
33207
33143
33162
33133
33155
33182
33222
33239
33199
33153
33239
33225
33237
33187
33134
33165
33200
33175
33195
33159
33161
33204
33199
33301
33232
33213
33235
33170
33240
33175
33175
33209
33218
33239
33171
33195
33217
33153
33151
33164
33175
33146
33167
33169
33087
33191
33207
33167
33199
33178
33223
33175
33220
33175
33137
33144
33218
33175
33201
33173
33199
33215
33171
33197
33181
33191
33221
33183
33183
33159
33235
33207
33127
33239
33173
33200
33163
33178
33193
33143
33191
33180
33167
33183
33146
33161
33169
33105
33178
33127
33166
33153
33125
33161
33161
33187
33151
33149
33151
33124
33162
33159
33169
33208
33133
33215
33129
33176
33166
33162
33163
33175
33161
33191
33169
33149
33134
33076
33138
33167
33168
33141
33191
33192
33170
33173
33153
33156
33207
33189
33179
33154
33151
33127
33121
33125
33185
33135
33184
33155
33180
33203
33209
33182
33179
33217
33183
33135
33239
33143
33199
33178
33171
33183
33139
33196
33160
33153
33237
33166
33157
33195
33175
33190
33131
33165
33175
33184
33230
33172
33192
33193
33160
33223
33171
33170
33193
33137
33186
33144
33157
33179
33178
33151
33113
33175
33205
33177
33197
33178
33172
33190
33167
33207
33191
33207
33129
33188
33190
33203
33171
33180
33185
33206
33181
33198
33167
33130
33142
33171
33255
33153
33154
33191
33172
33207
33223
33184
33173
33145
33235
33208
33167
33241
33167
33191
33162
33151
33185
33240
33213
33221
33234
33191
33191
33237
33217
33191
33195
33208
33266
33164
33210
33219
33170
33207
33225
33239
33242
33217
33240
33250
33205
33218
33241
33246
33192
33226
33198
33179
33190
33161
33199
33201
33207
33239
33179
33199
33239
33219
33207
33144
33174
33224
33223
33203
33166
33207
33194
33171
33188
33188
33168
33217
33205
33236
33221
33202
33207
33197
33185
33182
33189
33191
33191
33196
33198
33226
33141
33215
33226
33240
33199
33189
33207
33239
33187
33239
33140
33194
33252
33247
33219
33245
33223
33245
33204
33185
33159
33183
33191
33209
33191
33176
33143
33203
33175
33176
33191
33182
33199
33208
33221
33177
33190
33205
33209
33195
33197
33197
33254
33246
33223
33225
33201
33217
33176
33157
33136
33162
33239
33223
33132
33173
33135
33191
33191
33116
33137
33160
33183
33202
33191
33209
33199
33181
33188
33163
33191
33194
33190
33159
33203
33206
33167
33169
33129
33137
33177
33149
33195
33203
33186
33178
33142
33174
33175
33187
33213
33144
33177
33191
33183
33235
33142
33214
33182
33198
33258
33179
33205
33164
33144
33178
33191
33167
33191
33217
33213
33161
33142
33201
33192
33196
33147
33198
33191
33198
33173
33187
33155
33175
33180
33211
33186
33179
33185
33199
33195
33183
33189
33135
33171
33187
33168
33169
33187
33179
33215
33140
33222
33175
33210
33173
33185
33176
33180
33167
33203
33139
33197
33155
33166
33205
33158
33226
33191
33206
33203
33175
33221
33215
33193
33151
33213
33180
33243
33167
33204
33183
33211
33213
33186
33219
33201
33221
33193
33226
33173
33143
33199
33166
33167
33173
33105
33151
33178
33159
33171
33155
33239
33223
33159
33261
33151
33235
33192
33220
33219
33210
33171
33150
33155
33225
33171
33171
33243
33160
33191
33194
33218
33227
33208
33223
33171
33203
33171
33229
33208
33204
33245
33223
33164
33198
33173
33176
33203
33197
33206
33201
33151
33265
33239
33185
33223
33174
33199
33170
33223
33220
33218
33165
33179
33194
33223
33193
33147
33200
33223
33211
33223
33195
33239
33197
33191
33215
33203
33145
33229
33150
33208
33221
33155
33222
33259
33259
33211
33200
33192
33184
33235
33197
33187
33239
33159
33157
33169
33194
33167
33178
33205
33175
33158
33172
33145
33199
33187
33178
33169
33143
33218
33217
33215
33239
33182
33270
33166
33167
33220
33202
33205
33223
33177
33193
33213
33184
33203
33225
33205
33204
33166
33181
33231
33198
33223
33227
33201
33172
33177
33180
33227
33176
33200
33223
33121
33175
33223
33197
33208
33183
33199
33236
33197
33219
33187
33199
33157
33188
33190
33195
33219
33167
33206
33242
33201
33208
33201
33135
33199
33146
33175
33197
33150
33267
33185
33178
33175
33167
33181
33187
33238
33181
33187
33183
33165
33197
33184
33191
33174
33154
33193
33227
33205
33207
33125
33200
33231
33148
33202
33194
33155
33166
33169
33175
33197
33204
33141
33120
33198
33176
33174
33154
33183
33213
33177
33175
33196
33197
33215
33185
33177
33207
33191
33229
33153
33206
33186
33195
33196
33141
33195
33176
33203
33180
33151
33217
33201
33127
33241
33153
33193
33205
33199
33201
33233
33207
33192
33223
33232
33184
33215
33205
33163
33186
33174
33146
33147
33156
33217
33198
33207
33191
33239
33214
33187
33237
33191
33208
33275
33223
33189
33218
33228
33264
33235
33298
33255
33217
33247
33200
33255
33242
33235
33235
33244
33238
33215
33223
33254
33258
33220
33206
33201
33223
33219
33247
33199
33251
33232
33239
33213
33215
33255
33257
33161
33239
33169
33163
33251
33238
33189
33234
33193
33217
33181
33169
33196
33189
33199
33191
33222
33201
33245
33236
33189
33219
33233
33159
33191
33175
33166
33217
33199
33222
33226
33217
33187
33185
33180
33131
33187
33229
33170
33206
33167
33200
33251
33207
33223
33183
33225
33197
33177
33200
33133
33191
33133
33185
33193
33191
33230
33209
33146
33211
33162
33203
33166
33124
33195
33139
33191
33187
33147
33223
33135
33248
33191
33130
33135
33150
33169
33216
33143
33135
33152
33209
33174
33189
33244
33206
33175
33200
33218
33135
33111
33151
33172
33192
33234
33165
33151
33161
33149
33209
33181
33168
33216
33139
33187
33112
33150
33151
33144
33163
33170
33183
33191
33129
33192
33185
33220
33206
33202
33235
33211
33252
33205
33205
33268
33223
33233
33209
33211
33230
33199
33247
33208
33223
33258
33201
33231
33256
33175
33143
33181
33207
33194
33186
33199
33218
33201
33175
33164
33263
33195
33205
33231
33220
33211
33176
33153
33183
33185
33205
33201
33169
33172
33189
33212
33163
33219
33184
33181
33202
33186
33186
33213
33207
33217
33174
33194
33265
33211
33193
33190
33218
33237
33123
33228
33171
33241
33231
33190
33207
33209
33205
33174
33190
33175
33197
33227
33219
33175
33189
33159
33229
33237
33143
33191
33152
33175
33237
33196
33215
33149
33205
33236
33194
33228
33261
33212
33201
33172
33198
33203
33235
33188
33220
33205
33159
33191
33202
33179
33227
33166
33219
33203
33178
33218
33238
33195
33183
33207
33242
33215
33206
33175
33173
33250
33239
33215
33184
33215
33262
33205
33215
33262
33200
33235
33184
33169
33211
33189
33252
33183
33247
33231
33228
33245
33172
33172
33181
33199
33191
33177
33201
33180
33159
33205
33169
33211
33185
33171
33188
33143
33173
33154
33203
33217
33190
33163
33153
33163
33210
33200
33295
33191
33180
33199
33165
33193
33190
33193
33191
33180
33152
33217
33191
33233
33209
33219
33156
33157
33157
33154
33188
33211
33159
33175
33160
33172
33155
33179
33175
33167
33189
33190
33167
33199
33207
33162
33186
33175
33228
33195
33202
33174
33177
33217
33197
33203
33155
33193
33191
33143
33184
33194
33177
33210
33193
33146
33221
33192
33179
33154
33220
33169
33151
33159
33154
33173
33175
33194
33206
33190
33211
33146
33127
33171
33176
33131
33185
33149
33163
33180
33181
33223
33168
33233
33186
33194
33207
33204
33191
33163
33135
33186
33131
33149
33133
33191
33156
33137
33151
33191
33199
33110
33141
33203
33107
33175
33151
33176
33145
33171
33171
33171
33139
33151
33199
33177
33146
33133
33189
33107
33235
33167
33175
33172
33151
33141
33173
33130
33143
33142
33111
33186
33215
33179
33147
33155
33223
33185
33187
33149
33148
33213
33149
33233
33173
33185
33153
33141
33167
33155
33174
33113
33141
33213
33192
33155
33172
33149
33196
33169
33194
33176
33180
33111
33159
33214
33238
33173
33195
33175
33159
33150
33158
33211
33185
33125
33164
33134
33159
33149
33201
33157
33199
33145
33186
33147
33119
33158
33199
33205
33181
33183
33165
33186
33159
33143
33124
33167
33215
33141
33178
33211
33209
33271
33191
33236
33250
33191
33217
33197
33215
33215
33178
33215
33222
33161
33192
33169
33208
33218
33167
33191
33183
33213
33172
33233
33193
33165
33223
33210
33223
33200
33146
33215
33193
33158
33175
33184
33237
33123
33199
33181
33157
33192
33155
33217
33216
33169
33230
33175
33183
33191
33205
33190
33215
33177
33199
33193
33170
33191
33211
33194
33193
33203
33142
33191
33224
33167
33187
33165
33155
33201
33207
33209
33166
33173
33167
33156
33210
33157
33163
33199
33167
33202
33134
33158
33162
33158
33209
33137
33213
33199
33194
33195
33173
33227
33208
33192
33207
33196
33172
33161
33113
33194
33167
33193
33140
33179
33198
33117
33173
33206
33179
33215
33191
33177
33209
33153
33157
33137
33178
33196
33173
33212
33185
33235
33204
33163
33169
33240
33185
33245
33191
33195
33165
33240
33151
33127
33153
33183
33211
33208
33161
33215
33148
33140
33168
33211
33180
33153
33232
33155
33115
33218
33125
33229
33168
33153
33215
33159
33191
33207
33140
33170
33161
33155
33175
33177
33159
33142
33174
33211
33187
33217
33209
33159
33201
33165
33205
33213
33186
33163
33181
33188
33079
33202
33227
33177
33133
33198
33193
33191
33147
33168
33156
33192
33189
33176
33173
33167
33175
33145
33192
33201
33170
33146
33213
33197
33195
33157
33243
33181
33134
33227
33173
33223
33233
33191
33223
33206
33191
33207
33176
33180
33177
33168
33219
33156
33221
33195
33204
33179
33153
33175
33178
33223
33221
33163
33210
33191
33210
33158
33142
33191
33201
33197
33223
33203
33167
33176
33219
33204
33189
33239
33250
33185
33155
33173
33212
33223
33193
33209
33196
33255
33193
33261
33240
33208
33244
33153
33175
33203
33217
33250
33185
33195
33198
33191
33175
33128
33189
33215
33161
33181
33243
33161
33167
33169
33217
33183
33188
33217
33160
33180
33190
33169
33227
33231
33195
33193
33171
33235
33239
33214
33159
33252
33218
33166
33219
33151
33194
33168
33154
33199
33134
33215
33231
33192
33149
33143
33175
33206
33155
33132
33158
33205
33239
33161
33188
33136
33171
33185
33158
33155
33195
33195
33217
33173
33173
33141
33185
33211
33143
33202
33127
33171
33205
33143
33226
33163
33163
33136
33125
33195
33181
33220
33193
33076
33171
33215
33189
33166
33154
33221
33168
33210
33181
33127
33177
33117
33181
33172
33176
33195
33189
33176
33206
33164
33181
33203
33204
33167
33188
33189
33205
33160
33158
33147
33194
33160
33226
33195
33155
33215
33216
33159
33160
33151
33165
33182
33229
33181
33157
33234
33191
33205
33206
33170
33177
33159
33188
33253
33186
33224
33163
33187
33191
33214
33219
33189
33234
33202
33194
33193
33201
33197
33158
33196
33213
33167
33198
33199
33157
33163
33184
33170
33205
33149
33172
33167
33157
33187
33133
33185
33183
33181
33211
33129
33191
33166
33203
33193
33173
33167
33153
33226
33261
33256
33199
33170
33263
33224
33155
33173
33225
33229
33220
33192
33255
33172
33161
33265
33208
33221
33174
33181
33206
33169
33183
33175
33202
33180
33161
33159
33192
33191
33217
33171
33206
33187
33195
33151
33179
33216
33170
33146
33209
33167
33207
33201
33193
33165
33160
33209
33186
33172
33224
33215
33169
33134
33195
33205
33151
33204
33159
33168
33177
33138
33170
33127
33199
33159
33151
33176
33164
33273
33215
33222
33263
33230
33256
33233
33218
33295
33249
33225
33270
33213
33281
33203
33215
33244
33275
33254
33196
33259
33260
33211
33221
33143
33188
33215
33188
33230
33214
33221
33219
33169
33200
33162
33186
33170
33127
33202
33205
33182
33203
33171
33223
33164
33183
33207
33173
33207
33240
33216
33198
33194
33242
33233
33217
33217
33191
33227
33219
33209
33223
33210
33183
33143
33191
33155
33175
33215
33234
33217
33185
33185
33217
33165
33179
33207
33163
33215
33178
33204
33221
33125
33163
33157
33179
33203
33201
33194
33141
33211
33222
33133
33201
33173
33195
33177
33112
33145
33191
33171
33165
33183
33181
33174
33163
33180
33187
33211
33183
33161
33205
33171
33163
33185
33199
33169
33127
33160
33127
33160
33156
33144
33205
33139
33170
33168
33183
33205
33138
33139
33178
33127
33167
33185
33180
33225
33194
33166
33206
33231
33194
33152
33161
33188
33199
33214
33239
33171
33162
33215
33159
33176
33192
33157
33149
33166
33181
33210
33189
33153
33180
33219
33215
33159
33163
33173
33143
33179
33205
33201
33209
33168
33170
33189
33190
33194
33172
33211
33179
33196
33193
33206
33205
33166
33210
33199
33159
33199
33165
33229
33146
33135
33155
33145
33200
33148
33185
33185
33171
33223
33174
33183
33129
33137
33168
33173
33164
33163
33136
33179
33192
33204
33153
33187
33152
33203
33164
33151
33117
33211
33238
33185
33162
33165
33213
33198
33194
33260
33151
33175
33158
33174
33141
33101
33164
33189
33159
33179
33127
33120
33149
33160
33184
33225
33204
33221
33215
33191
33185
33209
33177
33176
33213
33145
33152
33173
33181
33207
33185
33169
33207
33222
33247
33191
33239
33191
33159
33223
33242
33219
33201
33137
33194
33166
33211
33171
33254
33227
33225
33184
33211
33182
33257
33177
33241
33199
33176
33177
33178
33239
33174
33185
33204
33157
33175
33207
33147
33215
33189
33143
33197
33192
33245
33183
33187
33179
33140
33191
33185
33191
33199
33164
33190
33173
33171
33175
33182
33254
33191
33199
33195
33119
33187
33125
33168
33207
33217
33204
33167
33181
33215
33190
33209
33190
33205
33219
33157
33194
33188
33177
33215
33173
33199
33170
33178
33165
33169
33258
33233
33200
33197
33165
33221
33177
33177
33183
33183
33222
33191
33209
33227
33149
33163
33190
33166
33176
33153
33171
33211
33134
33170
33141
33133
33125
33151
33205
33207
33219
33185
33179
33194
33174
33231
33179
33183
33181
33211
33209
33183
33245
33249
33196
33197
33132
33179
33206
33185
33191
33153
33179
33189
33156
33158
33136
33169
33227
33169
33149
33169
33145
33211
33147
33200
33168
33183
33171
33231
33143
33167
33170
33226
33213
33211
33181
33179
33195
33162
33236
33192
33131
33180
33150
33189
33167
33207
33165
33135
33205
33151
33134
33174
33141
33205
33179
33185
33146
33170
33215
33219
33159
33154
33165
33221
33146
33167
33193
33175
33215
33159
33278
33167
33157
33186
33165
33198
33144
33135
33170
33199
33227
33205
33164
33191
33187
33223
33248
33183
33215
33176
33190
33151
33129
33211
33191
33189
33203
33197
33187
33160
33164
33171
33170
33227
33159
33167
33214
33174
33168
33143
33200
33183
33174
33231
33217
33233
33205
33175
33179
33134
33176
33205
33168
33219
33191
33223
33195
33149
33179
33167
33207
33158
33139
33216
33233
33251
33209
33202
33197
33185
33219
33200
33192
33211
33145
33207
33199
33187
33255
33193
33213
33187
33195
33229
33236
33217
33233
33198
33239
33215
33230
33173
33173
33223
33206
33175
33181
33223
33241
33153
33207
33197
33152
33255
33205
33187
33181
33140
33193
33166
33207
33176
33188
33241
33179
33181
33176
33235
33209
33189
33231
33187
33168
33251
33202
33247
33223
33191
33205
33221
33209
33232
33245
33238
33197
33234
33191
33171
33263
33163
33207
33193
33143
33171
33207
33191
33206
33166
33191
33187
33170
33177
33134
33203
33164
33176
33212
33219
33209
33169
33172
33187
33205
33163
33135
33207
33211
33197
33203
33177
33191
33213
33197
33178
33187
33197
33169
33194
33183
33152
33185
33168
33169
33196
33179
33208
33193
33143
33206
33218
33141
33125
33109
33156
33175
33202
33159
33135
33157
33172
33137
33179
33166
33207
33181
33191
33193
33196
33191
33199
33175
33187
33197
33219
33205
33199
33167
33152
33191
33125
33200
33223
33171
33221
33170
33200
33216
33219
33171
33201
33213
33216
33206
33186
33149
33189
33184
33159
33179
33158
33180
33177
33141
33168
33110
33135
33127
33180
33220
33209
33234
33163
33141
33197
33165
33139
33185
33101
33167
33160
33181
33236
33196
33199
33174
33189
33153
33166
33160
33084
33140
33159
33173
33191
33151
33174
33188
33175
33177
33203
33225
33239
33184
33208
33194
33213
33204
33221
33215
33199
33259
33191
33186
33201
33215
33207
33180
33141
33202
33139
33151
33230
33167
33135
33191
33168
33209
33169
33207
33186
33169
33203
33174
33231
33163
33191
33193
33163
33209
33180
33177
33214
33151
33188
33175
33195
33195
33230
33223
33217
33231
33166
33163
33211
33211
33198
33230
33166
33223
33170
33167
33211
33169
33225
33203
33213
33181
33191
33209
33205
33212
33167
33165
33185
33177
33167
33166
33147
33184
33183
33200
33224
33199
33213
33165
33169
33225
33189
33248
33194
33167
33163
33189
33169
33239
33191
33204
33196
33263
33207
33233
33198
33201
33192
33135
33154
33220
33196
33240
33206
33256
33207
33170
33221
33181
33163
33187
33189
33213
33182
33194
33179
33140
33201
33193
33207
33175
33197
33245
33212
33191
33247
33225
33218
33169
33232
33169
33163
33233
33153
33182
33192
33137
33219
33181
33200
33199
33151
33181
33172
33256
33287
33177
33179
33172
33185
33213
33180
33158
33117
33221
33237
33128
33198
33221
33234
33207
33165
33161
33174
33220
33215
33225
33242
33177
33189
33211
33210
33217
33204
33212
33216
33207
33198
33209
33175
33207
33141
33199
33207
33223
33205
33173
33184
33185
33213
33242
33212
33169
33163
33229
33179
33141
33206
33181
33217
33225
33210
33215
33175
33238
33222
33186
33206
33196
33145
33218
33177
33191
33149
33198
33202
33197
33249
33179
33153
33223
33167
33250
33168
33127
33135
33135
33175
33159
33167
33203
33207
33206
33185
33169
33202
33162
33168
33163
33243
33187
33197
33205
33143
33161
33233
33183
33191
33199
33220
33200
33182
33223
33187
33157
33199
33239
33180
33163
33157
33155
33155
33191
33149
33190
33211
33181
33147
33145
33149
33183
33170
33207
33208
33189
33185
33183
33207
33195
33144
33195
33145
33182
33142
33167
33190
33162
33198
33203
33205
33243
33159
33260
33215
33217
33177
33189
33176
33196
33215
33242
33250
33258
33202
33205
33284
33231
33257
33237
33224
33285
33260
33231
33222
33247
33208
33209
33256
33233
33240
33227
33241
33271
33152
33237
33238
33199
33221
33195
33268
33188
33209
33256
33257
33235
33194
33211
33237
33206
33215
33173
33211
33207
33191
33222
33248
33171
33215
33185
33214
33175
33206
33199
33189
33239
33247
33191
33179
33226
33231
33197
33167
33192
33201
33169
33185
33159
33274
33195
33173
33167
33175
33227
33223
33207
33247
33189
33253
33173
33169
33195
33195
33179
33171
33211
33202
33194
33225
33167
33149
33209
33173
33168
33156
33191
33215
33175
33165
33153
33201
33170
33176
33199
33218
33181
33201
33191
33210
33151
33186
33183
33239
33227
33177
33161
33142
33185
33225
33223
33222
33173
33185
33150
33194
33179
33174
33161
33175
33191
33176
33180
33166
33243
33190
33228
33147
33143
33216
33155
33171
33167
33185
33217
33145
33177
33159
33129
33182
33180
33166
33217
33162
33188
33207
33238
33192
33152
33207
33143
33166
33173
33127
33179
33240
33151
33186
33165
33122
33170
33137
33201
33167
33171
33160
33165
33162
33159
33177
33127
33191
33203
33179
33133
33113
33180
33214
33153
33172
33150
33175
33187
33216
33211
33174
33104
33187
33179
33190
33171
33200
33159
33151
33185
33175
33151
33245
33130
33162
33206
33179
33171
33194
33187
33165
33147
33181
33151
33169
33153
33135
33161
33142
33170
33197
33177
33215
33159
33187
33167
33207
33209
33176
33202
33189
33178
33159
33119
33139
33138
33147
33196
33135
33201
33178
33137
33188
33108
33183
33166
33193
33190
33110
33138
33141
33170
33191
33149
33205
33177
33198
33193
33069
33167
33208
33159
33209
33190
33207
33204
33215
33175
33147
33181
33134
33177
33202
33155
33160
33215
33245
33238
33209
33236
33188
33197
33208
33158
33223
33151
33164
33199
33196
33193
33158
33174
33264
33241
33202
33141
33201
33196
33151
33223
33199
33221
33171
33172
33201
33138
33147
33189
33225
33161
33225
33204
33221
33207
33225
33171
33167
33183
33166
33223
33158
33166
33266
33173
33181
33202
33207
33204
33160
33168
33195
33205
33231
33167
33189
33182
33158
33209
33182
33198
33191
33191
33216
33172
33207
33198
33157
33159
33142
33200
33189
33232
33237
33183
33240
33218
33189
33249
33178
33247
33261
33225
33221
33199
33255
33173
33209
33206
33175
33218
33231
33157
33187
33162
33189
33207
33175
33217
33167
33239
33207
33171
33228
33153
33200
33197
33215
33196
33112
33242
33183
33238
33264
33221
33254
33199
33197
33234
33223
33198
33194
33214
33228
33201
33221
33234
33209
33192
33200
33191
33201
33245
33173
33168
33192
33195
33197
33195
33208
33174
33175
33195
33201
33163
33191
33161
33137
33169
33183
33187
33195
33200
33223
33189
33229
33153
33215
33231
33207
33228
33187
33199
33246
33183
33249
33235
33187
33230
33151
33191
33204
33175
33230
33205
33199
33171
33183
33165
33196
33229
33180
33203
33221
33200
33149
33163
33193
33176
33142
33159
33151
33216
33237
33188
33236
33179
33201
33209
33199
33252
33195
33162
33190
33171
33213
33142
33165
33205
33154
33175
33181
33135
33182
33218
33177
33225
33118
33184
33107
33144
33169
33175
33148
33162
33204
33213
33144
33194
33224
33153
33149
33169
33166
33135
33222
33190
33199
33223
33175
33207
33210
33242
33189
33215
33191
33198
33147
33235
33207
33223
33231
33199
33225
33223
33167
33184
33226
33207
33221
33228
33191
33167
33189
33163
33223
33170
33207
33228
33177
33165
33199
33184
33199
33163
33153
33196
33211
33179
33159
33194
33167
33171
33189
33205
33192
33159
33150
33185
33149
33210
33233
33221
33231
33195
33171
33162
33156
33215
33184
33198
33205
33161
33195
33151
33191
33206
33159
33186
33161
33175
33194
33152
33145
33185
33202
33184
33197
33125
33142
33188
33149
33145
33171
33185
33175
33123
33169
33214
33159
33182
33153
33173
33161
33165
33155
33173
33138
33194
33182
33169
33163
33182
33179
33232
33219
33167
33141
33173
33152
33172
33173
33189
33177
33173
33207
33163
33216
33181
33117
33189
33153
33167
33197
33169
33225
33175
33156
33186
33181
33149
33135
33139
33207
33179
33211
33167
33161
33202
33129
33212
33194
33149
33149
33140
33175
33201
33165
33200
33155
33159
33208
33202
33235
33157
33204
33208
33219
33225
33141
33249
33153
33162
33212
33137
33168
33170
33212
33200
33145
33219
33175
33176
33176
33146
33211
33169
33175
33187
33127
33217
33149
33189
33151
33168
33189
33185
33166
33209
33151
33222
33200
33168
33212
33209
33224
33187
33163
33202
33135
33170
33217
33193
33173
33175
33195
33169
33167
33187
33185
33204
33191
33185
33219
33127
33191
33196
33183
33235
33143
33153
33173
33175
33183
33136
33208
33118
33177
33206
33175
33183
33201
33165
33195
33154
33158
33196
33185
33196
33201
33141
33159
33151
33231
33180
33167
33121
33130
33167
33149
33169
33186
33226
33191
33167
33149
33191
33175
33177
33171
33213
33169
33157
33133
33187
33201
33191
33174
33194
33190
33247
33171
33201
33244
33171
33223
33207
33247
33196
33191
33226
33228
33165
33223
33163
33153
33204
33218
33233
33162
33165
33186
33231
33203
33165
33185
33194
33215
33235
33180
33201
33187
33176
33207
33175
33159
33193
33193
33219
33175
33157
33197
33157
33183
33166
33200
33188
33216
33193
33166
33218
33204
33172
33197
33181
33157
33215
33186
33206
33167
33248
33203
33167
33173
33173
33169
33178
33187
33206
33178
33163
33179
33186
33207
33180
33203
33178
33184
33207
33165
33229
33206
33183
33207
33159
33215
33197
33191
33199
33188
33223
33218
33175
33186
33189
33183
33156
33143
33198
33191
33191
33167
33119
33151
33121
33141
33143
33090
33082
33198
33184
33146
33151
33238
33111
33111
33161
33144
33173
33124
33153
33148
33128
33198
33162
33159
33130
33117
33117
33133
33174
33232
33139
33159
33167
33166
33165
33177
33174
33178
33126
33151
33195
33215
33145
33182
33200
33171
33149
33132
33215
33159
33109
33175
33142
33156
33113
33143
33151
33149
33144
33172
33165
33151
33158
33178
33159
33142
33142
33170
33215
33213
33196
33184
33187
33231
33136
33151
33215
33171
33207
33170
33162
33165
33214
33208
33177
33117
33166
33165
33191
33157
33163
33194
33148
33181
33211
33155
33163
33206
33175
33165
33179
33183
33159
33170
33151
33262
33207
33169
33169
33185
33235
33197
33205
33218
33191
33163
33203
33207
33220
33191
33197
33223
33191
33172
33162
33159
33211
33169
33239
33181
33185
33141
33151
33213
33177
33127
33210
33159
33201
33185
33197
33193
33169
33199
33159
33141
33173
33123
33181
33170
33146
33198
33119
33198
33268
33267
33273
33243
33207
33227
33214
33268
33225
33287
33221
33192
33269
33233
33264
33218
33225
33271
33203
33202
33256
33223
33243
33195
33225
33201
33236
33199
33208
33289
33287
33259
33240
33206
33239
33204
33223
33221
33175
33213
33196
33206
33220
33211
33261
33210
33194
33211
33189
33201
33229
33171
33233
33246
33240
33241
33144
33206
33197
33218
33187
33189
33187
33187
33177
33175
33211
33268
33214
33255
33223
33204
33225
33158
33211
33183
33219
33231
33227
33213
33193
33191
33177
33178
33196
33229
33223
33217
33210
33247
33223
33245
33231
33201
33237
33207
33183
33213
33181
33211
33226
33180
33206
33155
33176
33155
33192
33177
33172
33188
33184
33195
33213
33143
33213
33239
33221
33231
33170
33186
33219
33147
33175
33200
33205
33199
33214
33207
33215
33152
33193
33151
33205
33185
33161
33149
33189
33207
33165
33223
33203
33168
33182
33153
33139
33189
33151
33221
33123
33163
33203
33180
33185
33167
33154
33170
33156
33145
33151
33198
33232
33167
33186
33157
33171
33160
33154
33167
33133
33153
33145
33163
33174
33158
33177
33181
33174
33147
33135
33175
33176
33132
33150
33175
33163
33167
33175
33165
33143
33197
33181
33135
33193
33159
33207
33174
33194
33175
33168
33210
33167
33182
33161
33168
33159
33161
33192
33223
33168
33169
33207
33139
33181
33183
33167
33159
33193
33240
33231
33183
33209
33208
33188
33177
33198
33183
33191
33182
33159
33181
33174
33218
33155
33175
33192
33184
33198
33239
33150
33143
33140
33157
33189
33140
33189
33228
33207
33179
33159
33230
33181
33174
33197
33148
33191
33199
33221
33199
33174
33187
33148
33169
33214
33180
33233
33183
33158
33190
33182
33158
33240
33188
33200
33175
33203
33235
33168
33176
33191
33190
33181
33192
33195
33179
33205
33143
33149
33196
33175
33175
33233
33192
33233
33163
33236
33219
33201
33169
33192
33165
33159
33188
33204
33167
33235
33225
33176
33201
33188
33207
33213
33199
33163
33195
33191
33143
33171
33241
33177
33202
33204
33195
33183
33171
33135
33157
33137
33201
33131
33223
33167
33171
33251
33213
33185
33221
33183
33217
33173
33183
33173
33213
33200
33160
33168
33230
33183
33238
33170
33183
33224
33178
33147
33177
33195
33215
33203
33206
33207
33217
33243
33199
33180
33130
33200
33227
33219
33186
33203
33223
33122
33139
33207
33199
33187
33198
33185
33132
33157
33143
33195
33201
33177
33152
33141
33157
33117
33207
33157
33169
33154
33185
33205
33180
33179
33170
33141
33163
33211
33146
33195
33210
33181
33173
33181
33200
33159
33241
33166
33192
33231
33191
33215
33191
33198
33218
33182
33185
33186
33185
33231
33196
33173
33154
33205
33218
33131
33225
33159
33198
33217
33127
33175
33151
33205
33232
33162
33206
33207
33211
33183
33111
33204
33187
33188
33184
33187
33175
33157
33172
33177
33225
33186
33197
33178
33188
33170
33228
33179
33179
33204
33143
33193
33201
33205
33173
33197
33244
33161
33158
33191
33191
33176
33143
33153
33196
33178
33163
33166
33203
33195
33214
33187
33185
33229
33193
33191
33201
33223
33179
33217
33191
33225
33213
33135
33167
33181
33232
33192
33171
33159
33133
33204
33208
33181
33201
33179
33246
33186
33211
33156
33193
33199
33208
33197
33207
33250
33262
33223
33245
33222
33199
33225
33202
33231
33246
33249
33257
33243
33280
33283
33223
33245
33223
33223
33195
33209
33253
33223
33232
33229
33201
33263
33244
33215
33239
33238
33303
33223
33225
33207
33237
33257
33229
33205
33231
33183
33225
33191
33204
33228
33163
33211
33209
33230
33190
33185
33198
33150
33151
33227
33237
33251
33226
33233
33269
33185
33187
33225
33206
33182
33221
33209
33207
33207
33221
33225
33223
33213
33197
33209
33177
33216
33223
33211
33173
33157
33207
33223
33199
33183
33146
33196
33173
33211
33239
33195
33223
33213
33230
33259
33174
33221
33215
33174
33188
33151
33239
33194
33177
33219
33213
33230
33191
33173
33250
33211
33239
33167
33147
33196
33180
33218
33178
33198
33183
33161
33209
33159
33182
33154
33089
