44077
44277
44436
44417
44318
44364
44469
44417
44593
44582
44569
44399
44249
44206
44329
44317
44255
44205
44158
44415
44435
44529
44516
44508
44335
44344
44294
44385
44333
44227
44213
44202
44295
44317
44241
44329
44289
44251
44327
44217
44359
44401
44261
44365
44397
44241
44337
44269
44209
44113
44163
44241
44329
44367
44295
44223
44345
44154
44181
44149
44135
44321
44332
44339
44393
44293
44183
44319
44190
44129
44159
44415
44287
44155
44165
44232
44252
44193
44095
44221
44173
44306
44006
44159
44102
44118
44157
44309
44087
44149
44353
44327
44303
44341
44233
44260
44215
44141
44079
44204
44193
44199
44297
44332
44467
44248
43963
43975
44228
44471
44371
44239
44095
44279
44421
44389
44255
44163
44372
44228
44107
44275
44234
44163
44155
44326
44255
44504
44255
44173
44292
44352
44275
44263
44313
44341
44305
44287
44541
44527
44225
44232
44358
44409
44337
44248
44329
44271
44115
44114
44220
44058
44095
44036
44086
44135
44235
44135
44059
44084
44064
44152
44247
44303
44163
43924
43903
44036
44002
44113
44090
43991
44134
44113
44242
44209
44175
44015
43959
43912
43911
43843
44024
44034
43882
44024
43907
43915
44014
44132
43917
43965
44031
44083
44187
44091
44140
44116
44095
44008
44159
44225
44112
44209
44087
44007
43895
43755
43885
44023
43987
44150
44097
43943
43995
44031
44163
44068
44164
44301
44114
44079
44080
44139
44088
43889
43953
44053
44054
44027
43824
43775
43921
44029
44043
43953
43895
43884
43879
43741
43794
43914
43912
43919
44083
44124
43991
43985
43997
44041
43745
43809
43999
44059
43960
43787
43863
43979
44017
43864
44063
44149
44027
43890
43967
43980
43927
43857
43845
43865
43814
43905
44016
44005
44050
43974
43835
44046
43934
43697
43799
43933
43829
43901
43879
43841
43883
43895
43866
43931
43711
43723
43654
43805
43815
44015
43924
43817
43848
43695
43847
43801
43817
43895
43784
43642
43895
43921
43903
44037
44076
43903
43825
43897
44051
43863
43919
44039
44014
43915
43933
43870
43943
43932
43882
43873
43901
43855
43786
43729
43858
43770
43743
43655
43839
43995
43831
43813
43823
43845
43962
43986
44034
43963
43639
43839
43813
43702
43722
43613
43839
44009
43869
43981
43863
43838
43912
43779
43847
43811
43862
44049
43783
43653
43565
43711
43821
43893
43931
43898
43733
43738
43755
43799
43910
43881
44130
44009
43927
43951
43912
43797
43775
43821
43898
43878
43804
43934
43856
43663
43823
43991
43861
43751
43758
43934
43873
43863
44053
44031
44055
43927
43905
43811
43821
43755
43797
43865
44058
43742
43823
43880
43513
43863
43935
43909
43890
43838
43725
43696
43928
43845
43753
43687
43975
43778
43763
44069
44093
43857
43786
43883
43962
43903
43777
43899
43828
43654
43765
43893
43783
43685
43745
43829
43819
44013
43838
43751
43831
44000
43967
43696
43759
43799
43927
44018
43821
43902
43867
43647
43725
43755
43547
43751
43607
43589
43796
43687
43757
43806
43741
43825
43696
43821
43933
43822
43703
43859
43805
43803
43705
43670
43771
43764
43869
43882
43803
43791
43674
43681
43747
43882
43671
43583
43639
43666
43668
43800
43595
43659
43455
43475
43847
43978
43892
43991
43797
43720
43640
43501
43731
43642
43623
43799
43591
43583
43496
43565
43789
43833
43728
43637
43739
43799
43550
43423
43563
43498
43511
43495
43450
43703
43735
43632
43507
43623
43551
43596
43689
43657
43615
43634
43569
43538
43421
43316
43585
43576
43468
43445
43723
43690
43554
43526
43650
43804
43787
43847
43733
43703
43702
43701
43558
43653
43695
43768
43531
43485
43655
43633
43631
43716
43665
43615
43422
43577
43575
43735
43655
43603
43643
43519
43437
43577
43671
43624
43721
43791
43714
43696
43577
43676
43729
43657
43597
43699
43873
43814
43665
43625
43729
43725
43691
43703
43647
43602
43542
43681
43578
43351
43695
43568
43700
43848
43771
43691
43693
43532
43466
43513
43655
43789
43741
43767
43631
43757
43665
43528
43561
43450
43597
43523
43615
43799
43579
43710
43834
43779
43954
43867
43755
43763
43849
43742
43639
43924
43873
43863
43741
43933
43861
43921
43891
43815
43849
43808
43759
43851
43868
43797
43786
43932
43664
43657
43820
43710
43470
43715
43722
43765
43735
43549
43814
43628
43559
43671
43608
43628
43623
43603
43649
43708
43511
43869
43820
43715
43818
43935
43791
43781
43719
43679
43617
43700
43797
43779
43755
43763
43681
43687
43617
43620
43659
43693
43554
43671
43729
43743
43647
43701
43677
43737
43690
43783
43751
43783
43727
43591
43690
43748
43750
43680
43655
43560
43522
43603
43702
43693
43543
43383
43364
43555
43610
43566
43583
43467
43477
43499
43585
43605
43559
43624
43494
43584
43719
43692
43569
43423
43655
43741
43695
43719
43582
43570
43529
43554
43640
43573
43613
43615
43537
43548
43477
43427
43591
43361
43446
43321
43433
43538
43601
43436
43519
43615
43538
43566
43288
43401
43467
43543
43656
43560
43621
43635
43677
43653
43501
43515
43685
43525
43535
43536
43557
43536
43643
43523
43561
43580
43679
43599
43502
43583
43486
43501
43541
43405
43271
43513
43541
43580
43583
43518
43575
43569
43515
43607
43501
43523
43527
43549
43483
43644
43603
43461
43565
43494
43594
43664
43620
43644
43598
43574
43685
43645
43807
43552
43439
43687
43699
43437
43515
43653
43529
43513
43448
43502
43345
43627
43605
43472
43423
43418
43550
43563
43449
43501
43677
43586
43532
43529
43554
43475
43469
43371
43428
43511
43583
43485
43403
43431
43449
43335
43393
43536
43531
43515
43447
43439
43465
43395
43373
43444
43472
43515
43417
43399
43407
43423
43386
43415
43571
43641
43581
43381
43490
43673
43757
43636
43605
43853
43847
43567
43498
43531
43563
43433
43609
43555
43411
43467
43650
43839
43591
43647
43629
43661
43620
43535
43629
43605
43565
43689
43586
43695
43784
43635
43584
43616
43615
43566
43403
43450
43583
43664
43601
43520
43451
43372
43442
43444
43597
43635
43359
43431
43591
43461
43483
43664
43546
43527
43416
43571
43609
43657
43731
43671
43506
43448
43429
43515
43645
43443
43500
43459
43567
43663
43751
43783
43582
43615
43471
43483
43672
43685
43438
43541
43566
43602
43672
43671
43468
43440
43314
43505
43543
43379
43472
43595
43515
43572
43591
43552
43501
43549
43379
43493
43617
43749
43526
43582
43403
43403
43402
43299
43463
43457
43373
43425
43381
43429
43448
43542
43447
43489
43520
43383
43399
43485
43387
43471
43391
43452
43335
43432
43560
43470
43490
43442
43439
43463
43464
43383
43399
43321
43462
43489
43474
43519
43461
43305
43631
43575
43431
43355
43311
43563
43555
43527
43445
43448
43553
43515
43386
43549
43768
43709
43485
43359
43304
43291
43322
43454
43727
43408
43493
43489
43456
43430
43414
43271
43469
43575
43317
43120
43239
43433
43611
43726
43566
43525
43413
43337
43436
43479
43398
43411
43422
43447
43553
43449
43351
43445
43438
43393
43289
43423
43369
43352
43519
43469
43511
43470
43391
43462
43296
43252
43245
43436
43506
43301
43327
43609
43365
43409
43311
43352
43397
43361
43371
43415
43345
43267
43343
43277
43478
43389
43249
43335
43249
43332
43414
43369
43460
43247
43311
43371
43409
43361
43371
43320
43348
43335
43164
43255
43260
43383
43387
43609
43508
43407
43289
43319
43366
43223
43333
43358
43625
43809
43741
43821
43745
43812
43827
43722
43815
43834
43761
43675
43639
43681
43653
43499
43518
43621
43729
43775
43639
43716
43539
43597
43871
43879
43704
43816
43713
43575
43605
43537
43613
43810
43564
43547
43489
43481
43679
43455
43373
43468
43548
43493
43324
43475
43607
43711
43727
43745
43711
43599
43741
43693
43593
43629
43797
43734
43537
43607
43639
43642
43670
43513
43461
43561
43563
43669
43611
43539
43532
43497
43464
43497
43396
43367
43430
43563
43677
43535
43422
43460
43694
43741
43693
43709
43815
43639
43463
43611
43652
43646
43493
43431
43623
43851
43505
43640
43690
43594
43684
43617
43482
43639
43380
43396
43463
43435
43575
43496
43424
43616
43528
43417
43506
43352
43369
43358
43517
43496
43551
43505
43527
43628
43671
43429
43356
43407
43346
43324
43367
43484
43541
43467
43509
43639
43564
43311
43400
43290
43374
43455
43491
43682
43530
43467
43455
43391
43434
43401
43420
43639
43713
43462
43630
43434
43573
43430
43477
43476
43591
43668
43461
43461
43432
43533
43498
43371
43462
43463
43433
43263
43355
43475
43419
43415
43315
43486
43415
43523
43621
43459
43428
43307
43221
43310
43525
43590
43394
43278
43183
43071
43175
43265
43125
43269
43386
43320
43431
43511
43539
43295
43423
43485
43349
43525
43433
43261
43291
43443
43496
43445
43498
43647
43458
43425
43345
43360
43556
43397
43199
43609
43533
43424
43535
43497
43414
43495
43384
43274
43269
43322
43331
43375
43251
43237
43468
43356
43199
43181
43147
43136
43398
43359
43245
43273
43131
43347
43489
43304
43192
43335
43273
43334
43247
43271
43234
43321
43250
43167
43330
43105
43174
43429
43675
43674
43597
43572
43477
43483
43341
43419
43397
43515
43337
43479
43376
43262
43399
43362
43302
43285
43226
43392
43518
43341
43256
43395
43413
43485
43321
43365
43440
43371
43454
43289
43299
43431
43283
43452
43466
43385
43522
43277
43263
43415
43314
43377
43387
43252
43365
43263
43274
43207
43177
43349
43431
43451
43451
43475
43374
43213
43372
43198
43307
43335
43323
43339
43346
43253
43363
43583
43495
43296
43371
43436
43249
43219
43090
43233
43259
43327
43376
43282
43409
43299
43278
43317
43315
43314
43242
43152
43131
43135
43215
43349
43366
43224
43183
43239
43187
43183
43089
43269
43208
43152
43266
43173
43089
43128
43259
43310
43355
43239
43255
43146
43119
43266
43269
43261
43252
43411
43332
43328
43201
43277
43324
43143
43124
43255
43177
43269
43261
43265
43159
43191
43199
43343
43471
43347
43357
43370
43367
43485
43537
43415
43244
43157
43183
43277
43436
43224
43237
43409
43281
43287
43225
43315
43257
43181
43165
43076
43093
42973
43065
43270
43198
43115
43179
43143
43147
43277
43215
43119
43148
43255
43212
43151
43230
43093
42957
43107
43327
43330
43103
43009
43101
43119
43107
43175
43127
43225
43102
43042
43289
43223
43117
42999
43073
43242
43121
42983
43127
43175
43177
43130
43168
43159
43231
43309
43161
43188
43175
43313
43546
43419
43230
43281
43591
43553
43367
43299
43351
43273
43111
43209
43143
43153
43218
43131
43177
43251
43081
43129
43077
43035
42947
43044
43378
43252
42987
43184
43163
43290
43140
43024
42975
42977
43157
43147
43062
43087
43114
43149
43087
43000
43241
43134
43039
43267
43231
43197
43086
43135
43407
43403
43534
43336
43246
43321
43331
43219
43316
43341
43149
43274
43308
43309
43109
43169
43346
43444
43335
43189
43358
43415
43253
43178
43239
43239
43087
43096
43183
43218
43303
43202
43197
43102
42945
43093
43203
43159
43095
43083
43219
43229
43151
43199
43099
43135
43238
43138
43349
43542
43399
43331
43287
43327
43342
43389
43393
43278
43056
43021
43071
43143
43287
43324
43239
43161
43163
43215
43233
43103
43167
43191
43213
43239
43355
43215
43296
43280
43205
43283
43159
43248
43283
43198
43329
43364
43403
43175
43177
43155
43139
43174
43150
43042
43151
43217
43173
43289
43090
42979
43089
43047
43047
43199
43145
43020
43021
42825
43112
43120
43231
43119
42965
43169
43275
43263
43130
43175
43181
43081
43085
43188
43158
42941
43155
42934
42964
43058
43207
43239
43250
43296
43154
43078
43013
43094
43122
43230
43175
43039
42965
43038
43233
43252
43127
43173
43131
43290
43164
42925
43007
43091
43120
43125
43219
43304
43309
43077
43083
43204
43140
43063
43097
43155
43205
42980
42851
42876
43191
43183
42992
43070
43072
43043
42942
43041
43095
43051
43089
43068
43055
43005
43143
43051
42976
43053
43223
42940
42933
42953
42941
42915
42973
43071
43011
42892
43002
43053
43063
43090
42998
43027
43028
43081
43019
43047
43087
43117
43374
43263
42989
43055
43036
43081
43005
42944
42975
43228
43194
43071
43003
43147
42957
43093
43089
42935
43015
43149
43024
42999
43028
43049
42928
42973
42823
42937
42787
42779
42827
42819
42977
42999
43077
42916
43062
43135
43107
43088
43008
43098
43118
43127
43093
43077
42961
42967
43007
42934
42767
42845
42897
43031
43037
43139
43247
43244
43025
43069
43064
42843
43060
43279
43329
43030
43016
43031
43100
43055
43273
43124
43010
42966
43018
43031
43063
43210
43252
43341
43203
43117
43145
43420
43245
43095
43341
43141
43135
43199
43061
43141
43133
43137
43139
43087
42985
42962
42825
43062
43007
42973
42957
43023
42991
42981
43051
43099
42999
43155
43072
42986
42953
43032
42968
43043
43011
43101
43067
43043
43009
43095
43040
43057
43084
43156
43192
43097
43027
43029
42927
43013
42993
42911
42941
42997
43129
43057
43081
43070
43058
43039
43046
42914
42984
43033
43192
43198
43099
43057
42969
42927
42979
43046
42997
43019
43107
43124
43135
43066
43085
43135
43033
42940
43014
42927
42870
42993
43193
43019
43015
42968
43123
43117
43138
42820
43007
43038
43191
42999
42863
42849
42997
42968
43009
43006
42841
43001
42889
42931
43097
43027
42989
42919
42918
42982
42829
42977
43137
43175
43137
43007
43053
42998
42935
43117
42992
42945
43007
42941
43148
43035
43019
42973
42925
43031
43035
43033
42971
42861
42819
42803
42814
42965
42939
42953
42925
42935
42926
43027
42975
43035
43023
43043
43117
43076
42923
42865
43153
43046
42983
43043
42889
42785
42975
42968
43003
43103
42948
42857
43041
43037
42888
42871
42891
42859
42922
42856
42817
43028
42960
42903
43052
42898
43007
43197
43091
42981
42790
42785
42889
42950
42807
42724
42798
42951
43054
43043
42880
42885
42950
42791
42855
42981
42797
42865
42842
42747
42929
43035
42807
42828
42901
43013
42903
42854
42775
42735
42698
42895
42919
42975
42851
42833
42924
42804
42823
42932
42949
42967
42901
42928
42891
42844
42900
43313
43327
43271
43063
43143
43419
43047
42951
43114
43039
43092
43091
43078
43241
43069
43063
42948
43049
43237
43241
43110
43296
43267
43187
43263
43155
43107
43135
43129
43166
42896
43009
43132
43171
43047
43119
43079
43124
43109
43055
43070
43091
42895
43079
42950
43131
43269
43230
43197
43167
43127
43093
43047
43127
43184
43222
43127
43095
43096
42916
42821
42937
43035
42937
42999
42925
42849
42851
42775
42771
42931
42984
42979
42992
42875
43097
43017
42864
43022
43187
43038
43025
43083
43015
43025
42993
43042
42925
42855
42903
42907
43025
42932
42955
43088
42956
42837
43047
43127
43081
43023
42943
42847
42807
43008
42899
43044
43066
42989
42848
43011
42915
43117
43029
42905
43007
43103
43033
42919
42964
42955
42960
43095
42975
42863
42871
42893
42855
42821
42947
42983
42857
42881
43008
42765
42715
42943
43015
42961
42842
42922
42929
42991
42982
43009
43063
42830
42812
42929
42951
42970
42978
42805
42837
42966
42881
43033
43076
42903
42965
43148
42974
42841
42827
43038
42963
42820
42835
42718
42853
42867
42895
42941
42901
42912
42737
42678
42727
42773
42679
42927
43031
42871
42695
42698
42779
42917
42959
42799
42792
42919
42927
42853
42887
42765
42752
42627
42581
42630
42580
42789
42906
42907
42813
43017
42897
42897
42727
42699
42907
42786
42725
42939
42919
43034
42794
42736
42983
42899
42837
42749
42735
42791
42872
42823
42864
42888
42744
42739
42875
42739
42696
42722
42751
42789
42801
42744
42608
42629
42491
42563
42720
42997
43034
42882
42707
42765
42687
42830
42633
42773
42919
42734
42583
42690
42669
42585
42889
43071
42851
42682
42734
43011
42789
42824
42919
43033
43006
42923
42783
42881
42855
43007
43039
42857
43007
42926
42951
43010
42903
42969
42869
42965
42881
42839
43028
42999
43019
42908
42671
42835
42915
42925
42827
42851
42750
42615
42789
42895
42904
42695
42831
42877
42886
42923
42912
42815
42917
42735
42857
42772
43025
43075
42966
42943
43227
43195
43112
42911
42867
42803
42905
42911
42885
42916
42951
42913
42883
42911
42949
42775
43006
42829
42777
42813
42967
42895
42712
42685
42857
42876
43062
43079
42803
42759
42957
42984
42947
42901
42779
42685
42861
42750
42616
42857
42862
42913
42848
42825
42853
42693
42653
42535
42745
42714
42801
42793
42815
42787
42752
42611
42664
42787
42575
42651
42657
42859
42830
42848
42842
42754
42921
42979
42759
42679
42809
42681
42636
42718
42717
42735
42813
42840
42838
42716
42649
42687
42739
42702
42668
42759
42627
42767
42761
42821
42863
42725
42855
42854
42911
42826
42843
42671
42895
42877
42787
42659
42724
43014
42778
42604
42658
42687
42637
42773
42737
42735
42705
42494
42509
42637
42604
42696
42613
42518
42668
42643
42652
42609
42565
42655
42667
42619
42701
42761
42726
42743
42708
42807
42859
42849
42778
42797
42865
42718
42833
42745
42570
42647
42581
42743
42760
42575
42649
42658
42609
42758
42659
42807
42738
42669
42676
42647
42760
42846
42745
42723
42681
42708
42882
42762
42661
42785
42783
42834
42817
42671
42751
42852
42614
42439
42639
42701
42683
42664
42708
42652
42703
42775
42665
42483
42660
42717
42704
42537
42519
42708
42726
42596
42543
42607
42561
42724
42803
42721
42510
42653
42537
42675
42679
42687
42652
42673
42652
42861
42855
42707
42747
42701
42903
42810
42719
42818
42892
42840
42853
43035
42765
42799
42848
42975
42962
42991
42813
42951
43043
42963
42899
42833
42742
42879
42922
42933
42815
42835
42771
42759
42605
42591
42663
42745
42749
42751
42757
42693
42719
42699
42703
42707
42641
42516
42527
42519
42590
42597
42761
42667
42729
42567
42800
42674
42622
42517
42472
42706
42759
42782
42667
42685
42709
42777
42605
42641
42833
42779
42791
42729
42701
42893
42861
42659
42689
42723
42692
42681
42482
42534
42717
42741
42600
42565
42588
42729
42692
42800
42869
42603
42573
42680
42668
42747
42726
42777
42885
42809
42698
42803
42789
42679
42657
42604
42630
42626
42553
42557
42671
42633
42612
42378
42541
42615
42605
42740
42745
42684
42731
42720
42656
42747
42751
42679
42949
42773
42530
42795
42604
42487
42786
42581
42569
42775
42556
42641
42729
42543
42739
42512
42651
42740
42643
42651
42585
42585
42565
42601
42650
42757
42641
42674
42797
42761
42472
42344
42499
42535
42531
42471
42314
42479
42682
42427
42622
42778
42537
42709
42704
42652
42666
42447
42524
42644
42579
42769
42666
42584
42604
42711
42495
42551
42734
42609
42679
42638
42647
42556
42531
42540
42408
42577
42613
42528
42479
42599
42433
42415
42695
42542
42647
42567
42579
42495
42606
42562
42601
42637
42587
42683
42655
42651
42650
42751
42740
42615
42455
42649
42690
42656
42504
42555
42793
42663
42439
42446
42651
42665
42729
42680
42524
42461
42476
42505
42599
42676
42654
42459
42575
42660
42555
42483
42553
42605
42563
42508
42501
42429
42543
42387
42495
42572
42654
42623
42583
42615
42511
42535
42696
42774
42469
42505
42737
42685
42727
42688
42581
42707
42669
42757
42905
42682
42701
42849
42759
42617
42699
42807
42762
42617
42703
42793
42779
42887
42747
42800
42773
42719
42693
42539
42441
42637
42605
42399
42461
42535
42855
42784
42704
42695
42724
42459
42351
42411
42652
42735
42633
42441
42523
42538
42513
42524
42531
42538
42446
42641
42572
42611
42691
42503
42619
42749
42684
42785
42743
42654
42847
42677
42717
42830
42545
42689
42650
42638
42865
42625
42793
42641
42652
42497
42594
42504
42397
42656
42664
42687
42850
42551
42409
42510
42680
42474
42352
42671
42615
42612
42523
42531
42573
42725
42877
42733
42637
42391
42498
42595
42418
42499
42516
42293
42368
42303
42508
42682
42576
42573
42575
42783
42811
42672
42431
42631
42487
42317
42355
42522
42642
42465
42530
42431
42628
42711
42701
42855
42673
42577
42487
42637
42544
42280
42347
42573
42631
42499
42498
42495
42436
42478
42583
42404
42528
42539
42559
42547
42453
42537
42462
42553
42513
42435
42538
42527
42685
42660
42423
42317
42377
42485
42558
42637
42535
42487
42503
42486
42509
42499
42495
42435
42517
42476
42623
42599
42540
42599
42644
42539
42490
42411
42495
42551
42483
42654
42629
42596
42446
42568
42437
42579
42501
42403
42540
42681
42555
42491
42474
42274
42403
42633
42461
42485
42471
42597
42681
42561
42583
42504
42614
42577
42359
42357
42546
42551
42623
42476
42394
42439
42583
42451
42379
42341
42399
42607
42583
42354
42420
42376
42423
42315
42345
42438
42518
42395
42310
42259
42375
42405
42430
42467
42410
42403
42395
42355
42430
42483
42500
42469
42485
42616
42568
42319
42568
42933
42798
42790
42972
43063
42988
42975
42904
42934
42938
42959
42968
42869
42666
42681
42854
42865
42817
42879
42811
42869
43001
42760
42755
42854
42735
42593
42638
42889
42945
42704
42758
42789
42911
42743
42801
42812
42709
42849
42919
43031
42790
42647
42745
42772
42937
42711
42606
42683
42649
42759
42639
42734
42709
42581
42707
42655
42701
42772
42668
42787
42621
42661
42643
42685
42634
42739
42646
42861
42807
42825
42921
42709
42669
42501
42592
42546
42535
42630
42657
42578
42633
42695
42555
42617
42743
42727
42769
42831
42713
42603
42603
42714
42657
42714
42648
42498
42609
42734
42811
42815
42671
42631
42607
42681
42729
42626
42553
42403
42575
42621
42583
42631
42448
42647
42557
42740
42727
42727
42559
42606
42623
42550
42585
42735
42751
42751
42738
42689
42651
42513
42535
42457
42495
42740
42547
42598
42597
42671
42621
42537
42439
42683
42772
42569
42525
42647
42749
42601
42639
42750
42711
42770
42588
42444
42419
42545
42531
42625
42769
42660
42664
42614
42643
42602
42527
42544
42463
42472
42414
42454
42338
42359
42636
42689
42759
42631
42533
42399
42491
42516
42479
42529
42551
42527
42501
42504
42482
42699
42576
42513
42503
42475
42380
42486
42607
42601
42559
42545
42617
42711
42659
42669
42575
42645
42557
42465
42486
42669
42837
42768
42689
42738
42620
42479
42580
42518
42690
42719
42422
42564
42706
42732
42649
42551
42704
42605
42500
42471
42383
42387
42392
42536
42490
42615
42507
42566
42495
42368
42401
42455
42596
42323
42286
42560
42519
42471
42571
42798
42772
42675
42455
42646
42569
42325
42334
42433
42473
42439
42368
42497
42728
42547
42503
42448
42563
42551
42485
42601
42407
42584
42647
42446
42403
42482
42471
42631
42705
42539
42549
42607
42551
42665
42621
42506
42321
42405
42511
42504
42487
42618
42521
42501
42513
42454
42401
42392
42447
42491
42463
42459
42409
42372
42407
42446
42631
42500
42488
42476
42494
42511
42659
42505
42591
42687
42761
42595
42647
42638
42495
42415
42357
42403
42495
42436
42472
42405
42409
42605
42422
42418
42669
42571
42430
42470
42525
42529
42377
42277
42459
42445
42375
42395
42457
42511
42479
42297
42389
42487
42416
42328
42431
42484
42473
42402
42522
42493
42387
42385
42350
42439
42533
42316
42455
42416
42505
42527
42241
42425
42623
42421
42441
42446
42298
42247
42494
42434
42349
42531
42470
42345
42347
42393
42423
42347
42360
42413
42472
42461
42311
42355
42497
42543
42285
42449
42459
42542
42557
42403
42441
42416
42501
42537
42377
42305
42275
42301
42327
42382
42210
42379
42397
42505
42512
42428
42296
42263
42289
42356
42188
42261
42229
42303
42323
42319
42415
42406
42195
42173
42303
42275
42281
42279
42394
42469
42480
42299
42370
42350
42287
42286
42431
42327
42425
42359
42271
42255
42174
42187
42370
42238
42158
42192
42294
42251
42300
42254
42271
42201
42231
42167
42293
42383
42455
42350
42147
42183
42282
42325
42168
42219
42175
42273
42262
42404
42365
42323
42345
42455
42464
42341
42249
42265
42245
42327
42219
42280
42307
42339
42385
42270
42295
42247
42478
42535
42298
42327
42221
42201
42260
42167
42156
42334
42349
42293
42279
42407
42309
42386
42257
42269
42385
42257
42305
42277
42191
42297
42182
42316
42328
42334
42173
42181
42374
42289
42279
42325
42569
42578
42526
42539
42379
42323
42149
42440
42599
42599
42523
42508
42470
42433
42535
42291
42377
42519
42467
42343
42169
42377
42250
42354
42427
42439
42519
42444
42317
42389
42347
42363
42183
42123
42159
42317
42441
42402
42195
42198
42303
42341
42359
42346
42271
42369
42271
42292
42367
42385
42405
42279
42207
42360
42359
42390
42298
42497
42180
42247
42323
42398
42375
42231
42261
42301
42359
42376
42271
42324
42224
42515
42618
42531
42373
42370
42559
42474
42549
42379
42423
42387
42351
42355
42367
42196
42157
42276
42235
42163
42325
42457
42411
42219
42069
42135
42012
42159
42215
42207
42348
42412
42199
42277
42201
42373
42215
42325
42428
42357
42444
42304
42177
42167
42151
42105
42222
42291
42312
42164
42137
42254
42389
42270
42325
42293
42255
42661
42368
42299
42133
42100
42151
42343
42309
42335
42455
42205
42142
42169
42319
42422
42349
42487
42495
42157
42233
42471
42270
42350
42320
42297
42426
42226
42317
42375
42198
42291
42444
42345
42138
42350
42161
42134
42315
42303
42298
42119
42286
42377
42303
42155
42215
42246
42403
42171
42158
42283
42337
42465
42425
42213
42360
42359
42235
42233
42231
42265
42474
42200
42225
42291
42078
42221
42211
42154
42257
42132
42187
42108
42047
42170
42467
42187
42245
42285
42197
42375
42383
42281
42283
42268
42191
42278
42267
42260
42458
42445
42204
42091
42176
42147
42156
42247
42034
42047
42151
42238
42237
42351
42407
42341
42383
42369
42263
42323
42231
42294
42261
42110
42213
42333
42343
42191
42072
42254
42225
42219
42155
42101
42073
42235
42359
42309
42127
42361
42400
42421
42433
42287
42421
42429
42408
42457
42471
42281
42512
42599
42473
42369
42379
42383
42384
42391
42207
42329
42340
42314
42366
42470
42243
41943
42301
42387
42353
42429
42414
42355
42401
42226
42106
42059
42065
42175
42165
42173
42326
42355
42227
42108
42291
42312
42261
42159
42325
42373
42318
42235
42358
42415
42255
42237
42330
42522
42348
42177
42077
42239
42355
42303
42107
42159
42180
42099
42227
42253
42365
42198
42168
42205
42209
42080
42114
42349
42241
42312
42293
42129
42276
42200
42285
42393
42333
42302
42225
42315
42417
42369
42287
42194
42231
42249
42302
42466
42415
42198
42192
42212
42044
42053
42027
42087
42123
42059
42152
42076
42227
42327
42217
42213
42118
42167
42295
42263
42247
42161
42158
42209
42071
42095
42267
42364
42371
42141
42150
42511
42387
42140
42152
42153
42233
42132
42230
42262
42212
42087
42170
42201
42191
42272
42199
42168
42103
42049
42222
42295
42198
42214
42223
42301
42183
42305
42115
42241
42144
42233
42221
42260
42255
42253
42160
42092
42109
42155
42079
42122
42244
42175
42337
42205
42175
42095
42238
42223
42102
42069
42127
42068
42078
42179
42273
42339
42289
42257
42339
42254
41999
41907
42217
42359
42191
42224
42175
42029
42125
42031
42217
42411
42190
42100
42117
42218
42141
42169
42082
42206
42125
42180
41983
42034
42263
42231
42191
41937
41963
42119
42201
42246
42219
42153
42267
42199
42195
42236
42057
42146
42047
42013
42101
42078
42149
42095
41895
41980
42237
42065
42092
42028
42021
42047
42048
42079
42008
42019
42078
42048
42069
42063
42215
42065
42021
41976
42102
42009
41919
41927
42180
42109
42162
42417
42698
42641
42679
42740
42676
42636
42707
42764
42629
42656
42812
42573
42497
42701
42685
42660
42703
42751
42567
42732
42803
42740
42589
42685
42734
42601
42473
42487
42684
42664
42657
42605
42668
42669
42697
42563
42521
42532
42499
42529
42515
42463
42527
42266
42335
42424
42548
42471
42573
42701
42575
42585
42663
42556
42559
42569
42460
42443
42284
42452
42408
42421
42421
42463
42379
42440
42473
42479
42400
42428
42373
42465
42551
42430
42405
42472
42275
42273
42247
42119
42392
42637
42549
42559
42413
42473
42641
42561
42514
42663
42419
42283
42431
42343
42371
42367
42373
42443
42270
42285
42358
42423
42465
42271
42296
42389
42533
42393
42295
42215
42253
42250
42283
42085
42183
42195
42170
42088
42267
42471
42492
42254
42147
42277
42256
42255
42271
42213
42293
42258
42313
42021
42143
42141
42137
42127
42223
42304
42135
42159
42157
42287
42465
42399
42291
42125
42117
42325
42161
42197
42170
42107
42263
42061
42043
42103
42075
42136
42115
42111
42178
42071
42155
42236
42159
42361
42399
42112
42071
41911
41999
42095
42041
42211
42186
42126
42301
42219
42078
42259
42227
42050
42052
42110
42247
42264
42379
42287
42247
42039
41912
42017
42072
42073
42134
42216
42105
42069
42272
42305
42351
42150
42100
42273
42255
42177
42104
42134
42161
42191
42222
42342
42375
42359
42207
42119
42276
42273
42219
42168
42275
42261
42242
42140
42087
42079
42311
42341
42111
42011
42086
42062
42068
42250
42047
42030
42254
41987
41807
42137
42278
42167
42167
42138
42237
42156
42001
42271
42255
42267
42109
42166
42242
42238
42151
42079
42107
42199
42318
42138
42051
42269
42307
42281
42427
42327
42289
42355
42273
42131
42034
42169
42223
42189
42095
42217
42415
42393
42457
42376
42168
42186
42248
42255
42209
42276
42275
42167
42202
42131
42251
42255
42484
42267
42107
42095
42109
42154
42069
42097
42360
42239
42167
42162
42023
41939
41917
42083
42205
42282
42390
42357
42391
42136
42063
42095
41945
42113
42119
42049
42182
42079
42052
42185
42183
42122
42169
42407
42131
42028
42124
42158
42195
42019
42169
41986
41953
42103
42151
42165
41981
42147
42239
42215
42125
42077
42256
42232
42261
42238
42239
42425
42279
42232
42149
42277
42212
42096
42166
42240
42161
42142
42063
42249
42252
42111
42147
42235
42209
42185
41882
42065
42105
42344
42363
42375
42447
42353
42303
42349
42336
42163
42296
42235
42211
42197
42012
42141
42247
42136
42217
42010
42039
42005
41971
42035
42285
42180
42245
42143
42063
42143
42098
42013
42096
42054
42173
42071
42057
42142
42003
42177
42127
42215
42228
42251
42311
42117
42044
42171
42218
42021
41975
42147
42055
42055
42259
42262
42125
42071
42075
42143
42131
42178
42005
41999
42057
42089
42157
42129
42247
42083
42082
41985
42011
42123
42228
42239
42073
41881
42009
42062
42229
42276
42151
42229
42243
42317
42173
42109
42031
42196
42276
42279
42283
42243
42256
42215
42254
42090
41999
41986
41941
41880
42069
42091
42068
42262
42411
42260
42203
42287
42241
42189
42077
41986
42064
42067
42002
41982
42051
42089
42109
41886
41874
41933
41949
41995
41959
41885
41783
41888
41821
41871
41895
41989
42051
42082
41967
42119
42223
42059
42146
42310
42151
42063
42030
41985
41985
41933
42018
41999
42019
42038
41899
42015
42209
42141
42135
42213
42136
42029
41924
41922
42062
42086
42104
42055
42205
42132
42157
41992
42021
42111
42077
41988
42130
42210
42065
41981
41983
42175
42098
41951
41991
42199
42160
42173
42223
42057
42135
42136
41821
41907
41941
42062
42022
41959
41878
41953
42178
42179
42025
42022
42019
42193
42162
42207
42117
41988
42103
42031
42115
41915
41897
42023
41903
42026
42079
42209
42033
42063
42163
42126
42067
42061
41951
41961
41887
41765
42009
42063
41862
41899
42042
41869
42025
42082
41953
42078
42087
42097
41834
41997
41929
41945
41968
42035
41953
41987
41897
41919
42007
41833
41847
42021
41965
41913
41890
41891
42016
42041
41975
41955
41982
41946
41927
41997
42117
42158
42093
42112
41985
41903
42107
42012
42109
42079
41871
41848
41830
41839
41911
41959
41955
42160
42179
41965
41943
41888
41846
41903
41941
41870
41861
41859
41784
41877
41815
41879
42101
42042
41961
41905
42045
42020
41911
41989
41947
41937
42023
41983
41917
41849
41785
41922
41935
41920
41997
41847
41957
41941
42034
41862
41882
41950
41919
41835
41901
42017
42012
42019
42046
41935
41887
41743
41893
41943
41881
41870
41745
41976
41855
41771
41835
41879
41977
41963
41932
41875
41913
42047
42017
41989
42051
41814
41871
41962
41882
41996
42143
42143
41935
41943
41903
41960
42051
42005
42064
42175
41939
41810
41865
41891
42007
42079
42083
41909
41946
41976
41895
41879
41931
41889
41883
41774
41759
41804
41850
41826
41845
41872
41993
41863
41937
41903
41991
41805
41919
41832
41902
41904
41881
41933
41982
41921
41913
41938
41879
41743
41879
41786
41994
41885
41908
42106
42070
41943
42080
42186
42204
42224
42190
42151
41975
41894
42059
41934
41917
41963
41900
41976
42080
42074
42191
42137
42083
42142
42015
42115
42023
42147
42267
42119
41917
42107
42063
42167
42213
41950
41828
41967
41924
42085
41927
41927
41828
41868
41974
41895
41858
41776
41871
41945
42072
42029
41886
41946
41913
41967
42177
41943
41918
42063
41932
41979
41933
41927
42019
42089
42073
42025
42039
41927
41905
42042
41887
41808
42045
41861
41941
41927
41998
42053
41872
41721
41815
41927
42024
42011
41925
42122
42015
41999
42249
42040
42059
41993
41931
42098
41989
41991
42081
41959
41862
42011
41963
41797
41963
41929
41999
41833
41761
41847
41705
41769
42009
41799
41898
42015
41977
41867
41861
41852
42067
42044
42099
42088
41961
41903
41807
41908
42105
41925
41951
41733
41927
42028
41943
42051
41949
41848
41935
41985
42015
42020
41892
41882
41968
42002
41971
41966
42035
41919
42014
42007
41951
42013
41883
41887
42028
42027
41884
41844
41911
41936
42055
42111
41871
41838
41788
41869
41979
41848
41865
41765
41898
41911
41847
41790
41837
41726
41815
41813
41901
41831
41811
41881
41892
41865
41864
41764
41879
41886
41815
41727
41753
41821
41745
41817
41741
41913
41807
41644
41889
41809
41853
41945
41964
41676
41936
42040
41941
41917
42071
41965
41861
42025
41957
41960
41995
42105
42060
41901
42023
41772
41841
41944
41708
41839
41991
41979
41991
41853
41873
41675
41742
41766
41710
41825
41746
41623
41749
41791
41827
41725
41829
41765
41677
41725
41853
41842
41810
41615
41887
41851
41860
41929
42039
42104
42023
41758
41801
41969
42037
42029
42019
42093
42202
42219
42379
42175
42279
42359
42266
42041
42003
42189
42342
42311
42271
42225
42267
42155
42252
42263
42217
42187
42259
42241
42317
42317
42256
42060
42180
42231
42353
42173
42141
42077
42210
42294
42332
42434
42639
42353
42254
42298
42089
42102
42160
41903
42041
42132
41960
42158
42151
41978
42199
42127
42091
42222
42085
42097
42136
41975
42188
42051
42056
42187
42041
42119
42132
42034
42016
41935
42059
42159
42061
42079
42082
41931
41783
42119
42114
41998
41999
42095
42043
42071
42049
42021
42215
42135
42187
42045
42127
42183
42131
42069
42013
42052
42103
42214
42151
42105
41887
41844
42063
42127
42047
42047
41837
42047
41964
41983
42116
42110
42113
42164
41948
41868
41945
41831
41883
42069
42211
42152
41956
41933
41946
41942
42045
42014
41935
42007
42126
41967
42070
41971
41927
41982
42079
41993
41892
41952
41929
41832
41815
41933
41913
42025
41856
41887
41867
41982
42263
42117
41979
42059
42142
41981
41982
41891
42004
41923
41879
41930
42041
42044
42020
41960
41909
41841
41905
42055
41957
41920
41844
41681
41837
41903
41855
41863
41795
41885
41963
41915
41878
41941
41959
41969
42011
42063
41909
41943
41971
41835
41690
41787
41873
41653
41763
42071
42151
41899
41851
41959
42016
41811
41733
41814
41797
41833
41864
41766
41863
41875
41997
42120
42023
41896
42006
41954
41772
41749
41855
41925
41821
41915
41913
41881
41955
41850
41807
41863
41972
41833
41812
41903
42057
41849
41856
41875
41793
41691
41783
41907
41960
41949
41785
41815
41855
41829
41895
42013
41961
41967
41909
41767
41940
41877
41879
41975
41915
41819
41845
41903
41899
42052
41943
42037
42176
42040
42081
41983
41872
42011
41989
41957
42111
41959
41965
41887
41972
41961
41706
41769
41855
42046
41938
41959
41924
41863
41936
41949
41967
41999
41905
41935
41873
41943
41807
41849
41822
41799
41771
41747
41793
41904
41835
41734
41863
41913
41825
41883
41992
41967
41801
41770
41803
41842
42047
41975
41946
41859
41938
42068
41863
41873
41761
41697
41755
41827
41958
41909
41871
41891
41703
41753
41887
41992
41921
41957
41841
41943
42106
42067
41901
41758
41737
41663
41779
41889
41935
41857
41853
41956
41905
41865
41855
41811
41725
41886
41905
41853
41883
41827
41923
41951
42036
41947
41969
41839
41856
41828
41701
41723
41743
41747
41841
41815
41797
41885
41858
41881
41989
42006
41991
41913
41719
41727
41928
41915
41854
41875
41925
41935
41785
41847
41843
41709
41741
41859
41809
41590
41524
41753
41794
41746
41590
41751
41945
41839
41895
41821
41679
41749
41785
41832
41893
41883
41942
41931
41786
41675
41859
41939
41823
41673
41785
41872
41707
41679
41625
41695
41499
41507
41553
41671
41583
41563
41428
41687
41801
41764
41790
41677
41615
41615
41711
41803
41807
41723
41806
41681
41673
41784
41719
41516
41439
41490
41573
41504
41598
41610
41631
41774
41513
41655
41578
41663
41613
41615
41599
41620
41489
41531
41658
41713
41775
41909
41720
41800
41807
41857
41740
41790
41663
41708
41696
41638
41582
41580
41729
41879
41752
41583
41823
41845
41648
41650
41606
41639
41667
41635
41574
41635
41703
41575
41480
41543
41631
41633
41731
41841
41669
41725
41663
41582
41546
41471
41620
41551
41347
41494
41599
41692
41665
41624
41968
41914
41692
41711
41762
41987
41975
41837
41647
41731
41786
41943
41903
41747
41864
41911
42006
42063
41974
41815
41883
41732
41793
41969
41872
41961
41925
41737
41624
41787
41769
41702
41849
41795
41879
41699
41674
41778
41833
41795
41719
41672
41561
41583
41643
41715
41779
41637
41767
41805
41859
41760
41831
41928
41732
41685
41745
41895
41651
41775
41751
41863
41972
41867
41805
41833
41854
41929
41560
41489
41604
41875
41782
41663
41755
41703
41779
41866
41785
41847
41876
41702
41926
41818
41738
41730
41887
41979
41927
41803
41767
41939
41747
41687
41676
41817
41831
41701
41890
41957
41880
41770
41791
41843
41611
41605
41777
41586
41605
41661
41823
41647
41703
41693
41691
41561
41614
41917
41780
41679
41603
41601
41649
41597
41719
41859
41734
41823
41823
41709
41599
41705
