37026
38257
38149
37913
37842
38062
38123
38101
37615
37750
37870
37607
37714
37945
37575
37725
37811
37955
37861
37946
37793
37595
38003
37545
37455
37687
37577
37803
37623
37762
37776
37655
37441
37538
37495
37171
37193
37535
37659
37353
37255
37391
37165
37298
37078
37143
37383
37345
37195
37255
37467
37308
37324
37076
37510
37383
37433
37089
37256
37169
37231
36863
37372
37279
36977
36931
37369
37306
37173
37009
37159
37187
37126
37241
37047
37262
36950
36863
37118
37097
37175
36974
36969
37203
37022
36907
37255
37359
37266
37123
37006
37141
37000
36907
36911
37203
36871
36817
36981
36934
36815
36841
36649
37067
36984
36936
36765
37366
37766
37549
37381
37298
37311
37230
37378
37222
37203
37234
37217
37081
37143
37154
36860
37095
37193
37349
37266
37076
37278
37135
37381
37154
37201
37221
36967
36667
37009
37327
36988
36935
36849
36775
36843
36746
36575
37091
37010
37047
36853
36808
36657
36751
36543
36972
36808
36815
36653
36945
37033
37013
36478
37074
36843
36807
36903
36937
36761
36829
36728
36640
36715
36713
36582
36819
36819
36821
36745
36875
36936
36640
36824
36828
36703
36593
36519
36483
36850
36823
36533
36609
36942
36867
36719
36654
36871
36741
36761
36579
36798
36482
36621
36567
36907
36717
36629
36641
36442
36441
36465
36510
36374
36625
36519
36554
36407
36285
36295
36535
36311
36659
36531
36454
36615
36360
36639
36560
36719
36845
36435
36370
36550
36581
36461
36411
36517
36345
36543
36663
36400
36571
36519
36500
36327
36747
36483
36497
36468
36647
36475
36472
36510
36623
36682
36473
36389
36811
36721
36656
36483
36905
36531
36574
36487
36635
36650
36605
36397
36503
36504
36567
36510
36567
36541
36645
36407
36433
36403
36447
36457
36223
36505
36251
36231
36233
36460
36325
36296
36363
36681
36589
36398
36340
36628
36600
36255
36098
36438
36489
36302
36130
36358
36299
36435
36309
36615
36389
36475
36630
36637
36593
36611
36596
36604
36621
36433
36344
36669
36472
36335
36440
36307
36475
36476
36501
36633
36839
36575
36492
36423
36617
36347
36599
36642
36653
36505
36703
36301
36491
36278
36167
36327
36577
36437
36527
36579
36358
36311
36235
36218
36457
36313
36389
36249
36425
36465
36417
36335
36527
36594
36487
36681
36475
36419
36601
36349
36521
36604
36215
36351
36593
37045
37113
37021
36753
36997
36766
36857
36921
36677
36831
36846
36857
36880
36662
36873
36814
37087
37005
37077
36790
37004
36908
36720
36973
36984
36834
36811
36763
36831
36937
36893
36676
36717
36553
36742
36540
36624
36776
36642
36474
36611
36586
36302
36397
36532
36516
36595
36659
36441
36778
36929
36644
36634
36655
36625
36519
36476
36597
36747
36620
36355
36648
36527
36649
36523
36640
36701
36771
36790
36727
36568
36739
36624
36803
36735
36502
36421
36519
36585
36617
36497
36565
36729
36830
36669
36658
37018
36607
36751
36751
36950
36675
36570
36497
36735
36735
36726
36630
36519
36528
36487
36448
36562
36463
36510
36278
36495
36497
36695
36593
36617
36463
36410
36167
36528
36727
36470
36472
36740
36697
36789
36791
36508
36406
36585
36247
36383
36770
36477
36330
36391
36471
36334
36382
36383
36633
36345
36525
36259
36149
36269
36486
36244
36517
36275
36277
36235
36589
36631
36457
36469
36883
36603
36441
36218
36455
36476
36301
36405
36671
36373
36277
36461
36403
36568
36296
36183
36391
36528
36511
36433
36309
36467
36415
36189
36135
36438
36511
36451
36213
36627
36403
36408
36363
36461
36525
36497
36439
36211
36231
36518
36314
36459
36320
36512
36417
36613
36524
36652
36294
36907
36803
36652
36445
36647
36522
36337
36448
36412
36424
36491
36415
36633
36655
36692
36576
36666
36729
36565
36566
36689
36757
36629
36629
36393
36885
36503
36581
36450
36477
36467
36485
36345
36727
36503
36505
36249
36332
36147
36307
36295
36194
36371
36143
36121
36596
36567
36376
36547
36719
36601
36447
36571
36363
36546
36451
36453
36571
36452
36310
36220
36847
37064
37045
37186
37162
37238
37088
37068
36924
36877
36807
36807
36780
36908
36881
37050
36931
37425
36873
37071
37030
37286
36961
37090
37031
36969
37105
37129
36881
36868
37109
37047
37024
36912
36807
36831
36787
36868
37015
36753
36548
36807
36597
36743
36600
36733
36793
36767
36645
36565
36789
36749
36555
36903
36919
36930
36694
36639
36699
36626
36809
36589
36741
36760
36684
36709
36856
36855
36771
36709
36807
36739
36751
36698
36552
36454
36480
36607
36830
36598
36389
36495
36836
36824
36805
36527
36835
36919
36887
36659
36478
36649
36565
36599
36592
36788
36642
36692
36618
36679
36304
36271
36400
36479
36673
36452
36236
36464
36513
36542
36431
36506
36291
36388
36503
36518
36599
36567
36383
36903
36619
36582
36703
36479
36351
36442
36298
36510
36511
36339
36543
36427
36597
36435
36155
36447
36577
36327
36287
36417
36156
36195
36311
36250
36398
36267
36375
36461
36448
36449
36472
36439
36683
36454
36541
36466
36591
36530
36507
36182
36695
36349
36480
36359
36433
36261
36335
36242
36398
36417
36399
36264
36351
36053
36145
36228
36394
36275
36010
36169
36487
36528
36417
36307
36567
36174
36399
36393
36458
36392
36117
36269
36347
36579
36498
36429
36488
36387
36623
36527
36587
36631
36607
36243
36275
36603
36239
36381
36271
36645
36538
36420
36368
36581
36693
36673
36531
36739
36767
36445
36540
36535
36446
36357
36311
36594
36666
36338
36211
36529
36526
36375
36413
36339
36596
36491
36274
36280
36287
36529
36165
36267
36469
36273
36186
36543
36682
36402
36086
36290
36655
36423
36331
36307
36299
36107
36217
36287
36370
36653
36179
36306
36852
36827
36961
37021
36979
37086
37003
36761
36826
36834
36708
36673
36942
36686
36551
36763
36863
36737
36761
36919
36915
36726
36907
36567
36977
36823
36821
36667
36837
36953
36637
36815
36757
36721
36587
36723
36709
36701
36756
36531
36647
36513
36431
36389
36351
36351
36501
36439
36504
36849
36611
36616
36724
36832
36898
36627
36797
36589
36465
36693
36620
36485
36598
36633
36483
36554
36585
36531
36551
36462
36741
36609
36485
36472
36493
36671
36381
36204
36577
36693
36581
36369
36758
36517
36654
36639
36641
36581
36873
36745
36673
36687
36438
36465
36762
36635
36897
36545
36523
36577
36215
36355
36482
36575
36582
36467
36384
36401
36468
36333
36479
36436
36521
36499
36465
36547
36567
36358
36579
36603
36565
36391
36295
36354
36512
36381
36511
36441
36523
36502
36351
36547
36595
36369
36493
36559
36499
36350
36323
36511
36601
36190
36358
36485
36443
36198
36462
36477
36599
36457
36344
36462
36597
36467
36487
36701
36651
36265
36462
36303
36397
36321
36475
36528
36562
36531
36178
36181
36429
36427
36273
36287
36393
36242
36319
36119
36431
36303
36298
36204
36449
36632
36115
36256
36217
36413
36359
36263
36239
35931
36485
36278
36467
36155
36467
36157
36375
36588
36344
36326
36301
36514
36255
36386
36433
36499
36463
36324
36217
36600
36409
36304
36348
36645
36350
36193
36477
36542
36470
36540
36393
36271
36423
36375
36267
36401
36553
36495
36222
36151
36459
36141
36094
36346
36385
36156
36335
36284
36239
36406
36134
36215
36337
36288
36131
36252
36380
36382
36271
36331
36411
36458
36105
36411
36411
36162
35979
36118
36225
36250
36411
36455
38114
38035
37839
37707
37919
37818
37826
37699
37751
37811
37553
37635
37811
37552
37701
37559
37495
37787
37837
37675
38119
37937
37759
37535
37621
37507
37471
37304
37332
37605
37471
37249
37191
37533
37262
37315
37230
37149
37343
37247
36970
37179
37127
36847
36943
37107
37124
37023
36957
37395
37176
37126
37043
37135
37263
37102
37031
37046
36904
36840
36669
37102
37019
37180
36929
37115
37061
36996
37044
36767
37131
37049
36903
36985
36786
37000
36684
36680
36778
36523
36711
36753
37020
36899
36803
36856
37035
36872
36847
36571
36801
36903
36751
36575
37239
36946
36835
36592
36948
36540
36716
36568
36994
36663
36679
36585
36663
36473
36569
36375
36495
36431
36357
36303
36863
36804
36636
36408
36715
36671
36593
36820
36567
36581
36611
36451
36512
36520
36361
36643
36137
36493
36481
36470
36361
36620
36431
36521
36535
36503
36195
36159
36250
36543
36381
36121
36243
36599
36493
36493
36439
36634
36584
36409
36336
36601
36616
36409
36215
36455
36405
36560
36372
36491
36258
36297
36119
36143
36535
36388
36291
36219
36019
36049
35885
36134
36331
36027
35995
36308
36508
36235
36442
36271
36355
36451
36209
36139
36174
36205
36426
36099
36302
36298
36239
36236
36287
36427
36520
36027
36430
36695
36315
36391
36257
36372
36444
36256
36280
36477
36415
36167
36243
36264
36501
36465
36387
36641
36403
36545
36219
36302
36327
36407
36227
36516
36418
36419
36265
36181
36248
36201
36141
36423
36187
36075
36080
36063
36236
36105
36078
36353
36405
36442
36208
36291
36449
36335
36191
36469
36599
36271
36329
36445
36419
36076
35962
36056
36389
36371
36097
36389
37011
36724
36822
36873
37059
36926
36685
36649
36870
36759
36641
36903
36763
36589
36619
36713
37023
36669
36693
36817
36849
36882
36975
36722
36715
36457
36669
36673
36671
36714
36575
36282
36452
36331
36429
36207
36330
36350
36503
36505
36394
36411
36439
36311
36124
36493
36324
36437
36287
36423
36532
36249
36256
36422
36335
36593
36368
36429
36367
36235
36383
36491
36562
36400
36343
36499
36518
36343
36211
36535
36401
36280
36500
36304
36412
36158
36069
36477
36571
36268
36123
36221
36505
36426
36317
36348
36486
36519
36387
36447
36259
36364
36309
36356
36599
36631
36430
36377
36279
36153
36280
36217
36307
36120
36155
36255
36019
36271
36168
36163
36137
36374
36145
36297
36590
36523
36250
36117
36285
36395
36120
36418
36231
36190
36155
35994
36273
36374
36087
36185
36269
36401
36135
36069
35799
36195
36200
36323
36000
36210
36041
35943
36183
36236
36113
36174
35967
36542
36087
36057
36005
36115
36253
36343
36465
36220
36283
36052
35861
36316
36197
36135
36051
36179
36201
36206
36151
35883
36198
36165
36087
35837
35953
36055
35773
35898
36093
36036
35813
36171
36401
36111
35985
36086
36423
36261
36216
36323
36047
36164
36191
36184
36362
36281
36399
36171
36263
36271
36328
36076
36348
36279
36167
35910
36145
36179
36215
35960
36233
36261
36399
36203
36397
36492
36322
36383
36266
36580
36375
36299
36287
36059
35959
36258
36161
36417
36247
36243
36269
36078
36073
36193
36045
36010
35885
36056
35918
36099
36030
35995
35773
36079
36193
36147
36130
36318
36243
36219
36125
36255
36175
36299
36302
36287
36274
36301
35905
36223
36239
36122
36098
36568
36977
36559
36797
36755
36833
36845
36642
36563
36762
36785
36551
36433
36663
36853
36492
36513
37071
37008
36693
36556
37003
36677
36688
36583
36579
36717
36447
36663
36941
36836
36743
36483
36698
36754
36343
36508
36536
36750
36461
36547
36741
36471
36422
36276
36754
36765
36411
36301
36320
36479
36511
36575
36376
36689
36390
36498
36450
36552
36454
36429
36244
36590
36551
36717
36445
36467
36550
36453
36485
36624
36495
36541
36443
36559
36313
36212
36192
36546
36517
36711
36454
36660
36553
36458
36492
36641
36487
36655
36647
36393
36558
36512
36445
36447
36294
36351
36529
36489
36289
36191
36357
36315
36439
36314
36199
36038
36264
36105
36073
35947
36353
36179
36280
36055
36338
36372
36189
36289
36665
36463
36428
36311
36303
36199
36287
36017
36441
36191
36183
36185
36358
36152
36086
36262
36119
36274
36212
36284
35995
36287
36111
35867
36035
36068
35990
36219
36191
36292
36266
36487
36171
36441
36425
36376
36379
36529
36211
36167
36023
36265
36038
36381
36318
35949
36155
36025
35846
36049
36384
36346
36011
36085
36055
35922
35817
36223
35989
36005
35897
36200
36265
36170
36358
36295
36295
36084
36173
36135
36053
36109
35881
36101
36379
36231
36097
35919
36366
36011
36127
36179
36327
36216
36215
36173
36085
36025
36093
36107
36135
36043
35968
36023
36187
36275
36075
36033
36399
36219
36290
36140
36207
36173
36269
36071
36162
36284
36245
36357
36083
36224
35987
35805
35906
36135
36137
36215
36089
36175
36151
35997
35985
36127
36001
36001
35881
36412
36225
36151
36026
36168
36225
36037
36087
36055
35927
36177
35985
36377
36199
36199
36101
36481
36771
36585
36476
36817
36825
36614
36443
36562
36397
36351
36306
36532
36553
36428
36510
36561
36815
36890
36729
36721
36793
36611
36644
36615
36487
36494
36563
36459
36601
36511
36559
36759
36499
36423
36476
36291
36472
36567
36471
36429
36561
36357
36319
36215
36479
36296
36147
36226
36467
36398
36598
36275
36806
36763
36641
36232
36466
36223
36191
36300
36247
36401
36495
36341
36297
36349
36487
36393
36137
36454
36431
36711
36421
36381
36286
36102
36091
36340
36181
36384
36199
36487
36454
36431
36331
36268
36673
36391
36140
36318
36174
36308
36289
36511
36437
36318
36151
36379
36096
36159
35995
36287
36115
36091
36127
36081
36119
36101
36090
36046
36175
36243
35966
36275
36147
36280
36135
36241
36357
36228
36215
36095
36037
36173
36050
35977
36209
36168
36233
36127
36217
36200
36138
36115
36272
36140
36287
36195
36222
36009
36102
36102
36174
36151
36043
36055
36198
36396
36133
36263
36477
36357
36375
36252
36130
36121
36172
35945
35823
36203
36063
36283
36185
36075
35903
35939
36080
36007
36326
36255
36087
36103
36185
36017
35757
36171
35925
35991
35935
36282
36074
36105
36061
36229
36381
36182
36123
36041
35992
35977
35941
36162
35934
36081
36065
35795
36178
36297
36301
36353
36237
36263
36199
36027
36067
35939
36141
35971
36192
36021
35897
35831
36247
36163
36291
36175
36152
36299
36261
36187
36223
36252
36031
35977
36057
36329
36133
36341
35966
35955
35823
36031
36003
36112
35949
35733
35955
35833
36029
35774
36114
36077
36015
35915
35939
36305
35979
36113
36008
36098
36295
36138
36052
35955
36244
36059
35849
36155
36311
36093
36285
37425
37459
37407
37116
37309
37247
37161
37072
37111
37059
37185
36972
37107
36912
36898
36942
37270
37168
37320
36797
37207
37356
37222
37003
36935
36909
36924
36766
36701
36997
36884
36959
36718
36716
36791
36679
36583
36666
36523
36815
36664
36637
36527
36510
36511
36522
36385
36483
36357
36663
36714
36585
36631
36975
36783
36889
36567
36711
36612
36567
36431
36459
36275
36517
36391
36643
36569
36391
36394
36398
36517
36581
36473
36478
36462
36382
36571
36405
36741
36467
36401
36573
36869
36699
36589
36509
36565
36535
36507
36412
36738
36306
36307
36389
36559
36507
36296
36213
36415
36287
36157
36155
36189
36045
36221
36190
36098
36240
36037
36006
36130
35992
36137
36129
36358
36401
36343
36292
36309
36513
36452
36170
36335
36057
36184
36091
35992
36342
36167
36217
36313
36173
36101
36128
36100
36257
36015
36107
36043
36226
36042
36130
36318
36220
36063
36087
35757
36192
36153
36025
36079
36583
36272
36187
36052
36210
36256
36331
35827
36050
36263
36108
36087
35967
36295
35738
35876
35807
36145
36002
36278
35869
36021
36190
35861
35692
35928
36206
35922
35893
36008
36260
36335
35983
36205
36067
35893
36004
36164
35822
35728
35759
36029
36000
35971
35853
36047
36112
36175
36097
36199
36229
36405
36265
36191
36073
35818
35903
36067
36260
36132
35865
35972
36224
36087
35959
36017
36175
36206
36073
36146
35962
36211
36061
36021
36286
36116
36022
35876
35878
35965
35830
35912
36081
35911
36223
36155
36075
36084
36012
35775
36029
36043
36071
36203
36229
36154
36079
36073
36193
36287
36048
35891
35855
36080
35943
35836
35839
35949
35999
35766
36042
36531
36348
36382
36409
36378
36435
36542
36347
36662
36498
36099
36258
36498
36397
36295
36354
36661
36751
36586
36453
36593
36564
36561
36311
36319
36268
36279
36347
36284
36628
36621
36099
36282
36602
36083
36281
36263
36323
36287
36010
36151
36187
36118
36287
35991
36317
36262
36185
36226
36415
36010
36392
36275
36523
36329
36161
36071
36285
36201
36262
36211
36436
36431
36363
36323
36470
36223
36235
36089
36057
36344
36159
36119
36170
35991
35951
35934
36143
36112
36134
36087
36220
36519
36271
36237
36413
36191
36242
36348
36419
36428
36284
36159
36103
36217
36145
36073
36187
36127
35744
35966
36047
36151
36056
35897
35958
35989
35935
35906
35787
36213
36002
35917
35911
36163
35953
35843
35943
36215
36155
36151
36145
35911
36007
36002
35987
36071
36122
35999
35681
35965
35994
36001
36013
36043
36127
35890
35886
36023
36008
35977
35875
35693
36003
35818
35717
35886
36310
36074
36233
35851
36272
36291
36104
35931
35887
36016
35815
35801
36269
36231
35908
36060
35865
36009
36108
35727
35962
35895
35781
35846
35747
35823
35879
35678
35939
35969
35894
35939
35661
36024
36057
35953
35951
36401
36159
36267
35967
36044
35870
35769
36028
36107
36174
36096
35783
36112
36071
36203
35831
36095
36113
36046
36117
35909
35901
35981
35921
36125
36038
35965
35847
36113
36229
35919
35887
36142
36242
36043
36046
35993
35985
35985
35828
35771
36209
36005
35959
35842
35988
35908
36054
35966
35979
35969
36037
35718
35937
35955
35599
35969
35999
35810
35921
35746
35843
35951
35931
35943
36288
36220
36218
36059
35845
36148
36063
35969
35903
36003
36084
35929
36463
36807
36645
36680
36745
36847
36649
36437
36551
36482
36597
36302
36515
36651
36562
36495
36287
36767
36716
36547
36528
36763
36564
36738
36540
36648
36534
36240
36186
36602
36603
36425
36300
36471
36262
36186
36232
36076
36321
36185
36297
36061
36005
36183
36157
36325
36342
36143
36192
36224
36318
36133
36157
36355
36358
36079
36103
35883
36151
36147
36156
36029
36189
36061
36166
36338
36525
36147
36350
36119
36443
36177
36311
35949
36191
36029
35937
35998
36049
36163
36335
36101
36375
36335
36325
36135
36334
36130
36279
36357
36307
36314
36075
36231
36267
36265
36167
35886
36393
36314
35915
36310
35881
36049
36076
35967
36030
36034
35863
35901
35819
36053
36192
36181
35985
36209
36036
36251
36025
36407
36233
36275
36152
36215
35839
35944
36024
36143
36195
36289
36091
36092
36170
36144
35897
35934
36107
35945
36061
35871
36007
36064
35863
35889
35991
35886
35991
36012
36085
36082
36024
35975
36162
36087
36083
36234
36257
36156
36245
36101
36293
36273
36185
36046
35948
35921
35975
35912
35994
35778
36017
35940
36055
35861
35891
35930
36188
35678
35687
35869
35962
35963
35812
35927
35671
36031
36164
36020
35939
35707
35980
35629
35852
35977
35921
35885
35855
36049
36222
36150
35935
36119
36079
36177
36007
36079
36025
36053
35598
35977
35937
35957
35873
36012
36134
36185
35960
36263
36117
36063
35928
35975
35767
36071
35915
36149
35983
35948
35939
36002
36157
35950
35866
35881
36153
35980
36097
35947
35716
35954
35734
35679
35755
35790
35887
35799
35925
35844
35860
35765
36207
36040
35998
35880
35896
36005
35919
35605
36093
35699
35935
35823
36389
36511
36399
36438
36361
36263
36420
36261
36226
36191
36200
36104
36375
36235
36323
36237
36419
36351
36471
36249
36220
36620
36502
36474
36233
36268
36207
36262
36151
36395
36127
36296
36151
36113
36209
36130
36109
36257
36165
36131
36075
35943
35977
35963
35863
36287
36087
36153
35955
36263
36256
36553
36122
36378
36339
36115
36245
36166
36223
36177
35871
35911
36042
36102
36085
36037
35971
36314
36181
36155
36335
36294
36099
36045
36135
36031
35949
35764
36046
36163
36023
35997
36291
36123
36088
36246
36287
36334
36123
36374
36211
36136
36239
35971
36276
36258
36155
35903
36190
35982
35833
36063
36268
36308
36111
36049
36121
36247
36052
36098
36075
36100
36023
35970
35793
36340
36198
36209
35959
36324
36136
36305
36295
35979
36006
36182
35827
36359
36167
36299
36321
36154
36054
36166
35900
35927
36166
36023
36015
35950
36164
35507
35628
35785
35988
35969
35893
35933
35988
35887
35749
35991
35988
36066
35846
36011
35817
36043
36055
35866
36058
36159
35867
35949
35888
35970
35953
35839
36109
36007
35893
35847
35789
35903
35814
35740
35993
35665
35851
35779
35919
35984
35935
35987
36199
35933
35887
35918
35657
35937
35743
35661
35853
35941
35742
35692
35700
35922
35819
35863
35715
35826
36159
35905
35835
35787
35746
35924
35933
35888
35881
35943
35719
35889
35863
35847
35859
36054
36078
36178
35851
35905
35951
35829
36125
36261
36082
35982
35775
35867
35971
35656
35664
35810
35814
35787
35655
35615
35641
35660
35588
35665
35793
36056
35691
35805
35727
35837
35729
35663
36003
35763
35937
35934
36056
35926
35680
35586
35881
35873
35839
35970
37440
37503
37510
37278
37569
37427
37423
37218
37269
37247
37379
36990
37369
37157
36948
36923
37094
37079
36965
37241
37410
37099
37271
37193
37317
37051
36979
36781
37121
37240
37116
36999
36851
36943
36773
36885
36627
36855
36593
36837
36459
36707
36550
36432
36565
36797
36641
36435
36283
36748
36732
36507
36595
37054
36734
36845
36601
36722
36735
36624
36584
36543
36595
36395
36482
36646
36639
36573
36499
36391
36533
36577
36516
36467
36481
36279
36303
36331
36698
36371
36514
36223
36787
36674
36539
36478
36758
36555
36485
36396
36506
36433
36316
36383
36656
36295
36505
36269
36247
36327
36157
36119
36180
36159
36242
36110
36351
35989
36010
35808
35894
35969
35891
35802
36089
35953
36207
36071
36279
36135
36184
36247
35964
36189
35975
35794
36231
36176
35977
36259
35727
36002
35947
35907
35906
36053
36081
35932
36075
36153
35846
35839
35939
35930
35959
35999
36126
36162
36150
36088
35671
36129
35981
35983
36154
36159
36008
35899
35955
36119
35950
36105
35950
36117
35770
35822
35846
35621
35846
35759
35718
35895
35699
35987
35880
35560
36055
35855
35829
35823
36135
35770
35731
35847
35828
35759
35999
35761
36009
36101
35844
35615
36017
35979
35931
35720
36011
35961
35844
36058
36135
36144
36199
36025
36145
36125
35810
35939
36087
35978
36071
36035
35955
36435
36332
36037
35947
36235
35975
36087
36120
36159
36028
35839
35661
36117
36157
35917
35683
36108
35949
35764
35685
36037
35775
35733
35861
35666
35855
35827
35561
35939
35809
35697
35761
35717
36063
35775
35832
36009
36063
35894
36167
35934
35839
35959
35527
35778
36072
35831
35899
35933
36595
36435
36512
36424
36261
36585
36403
36325
36411
36192
36137
35921
36261
36325
36247
36338
36402
36324
36119
36361
36511
36735
36251
36230
36331
36297
36411
36129
36293
36318
36216
36265
36037
36041
35951
36065
36023
35987
36060
36043
35838
35956
35997
35880
35775
35939
35896
35767
35662
36060
36005
35809
35907
36129
36039
35986
35862
35961
35957
35894
35780
36215
36245
35759
36015
35955
35964
35959
35953
36189
36044
35874
35843
36093
36023
35893
35725
35805
35981
36059
35873
35967
36299
36003
36029
36269
36158
36041
35708
36207
36031
35911
35909
35861
36272
35955
35899
35858
35911
35958
35769
35879
36094
35921
35709
35667
35777
35877
35797
35931
35967
35819
35861
35505
35829
35723
35803
35775
36191
36010
36033
35919
35957
35879
35886
35765
35855
36183
36075
35701
35685
35573
35818
35775
35571
35884
35952
35943
35834
35709
35752
35645
35711
35760
35851
35754
35811
36005
35764
35955
35789
36097
36075
35823
35877
35879
35704
35761
35593
36109
35728
35911
35988
35674
35600
35629
35517
35624
35615
35633
35683
35622
35929
35577
35535
35731
35689
35733
35597
35663
35866
35715
35585
35452
35947
35851
35767
35687
36071
35833
35847
35691
35946
35735
35721
35793
36121
36009
35931
35974
35922
36079
35958
35950
35969
35785
35847
35717
35887
35788
35728
35701
35924
35941
35790
35720
35896
36271
36061
36124
35956
35894
35884
35810
35890
35816
35959
35997
35787
35765
35627
35967
35723
35935
36031
35626
35463
35730
35575
35679
35525
35820
35823
35679
35388
35737
36048
35648
35611
35863
36010
35887
35803
35642
35529
35667
35519
35810
35703
35699
35549
36069
36379
36324
36373
36513
36587
36343
36231
36127
36236
36279
36039
35939
36368
36305
36059
36028
36437
36386
36059
36245
36401
36462
36615
36349
36178
36151
36030
36195
36437
36421
36163
35971
36250
36285
36004
36110
36186
36119
36063
35823
36102
35972
36143
35966
36069
36021
35953
36173
35912
36230
36069
35997
35931
36183
36195
36093
35997
36122
36074
35913
35826
36105
36321
36239
35818
36018
36077
35928
35991
36095
36130
36174
36090
36038
36189
35861
35933
36083
35853
35967
35931
35883
36084
36215
35951
36023
36187
36310
36223
36159
36075
35945
35920
35872
35890
36041
36159
35847
36078
35863
35991
35697
36029
35972
35957
35867
35857
35743
35557
35780
35924
35857
35886
36071
35773
36065
35997
35616
36034
36011
35941
36163
36127
35713
35877
35553
35843
35707
36031
35841
35794
35799
35867
35539
35702
35704
35685
36037
35640
35817
35782
35758
35455
35835
35615
35879
35897
35869
35873
35824
35829
36057
36007
35792
35933
35909
35991
35807
35581
35940
35993
35815
35638
35745
35843
35827
35562
35653
35735
35637
35701
35927
35536
35521
35435
35756
35527
35647
35575
35590
35836
35875
35847
35727
35944
35793
35671
35723
35871
35556
35920
35631
35599
35711
35781
35748
35875
35727
35807
35882
35791
35600
35610
35505
35880
35727
35657
35650
35805
35619
35967
35735
35960
36042
35769
35593
36046
35749
35879
35883
35898
35909
35737
35665
35846
35821
36049
35815
35783
35659
35737
35719
35722
35842
35729
35999
35701
35836
35622
35505
35634
35775
35471
35507
35523
35915
35741
35862
35758
35760
35779
35874
35823
35942
35846
35759
35707
35923
35673
36065
35905
36173
36405
36285
36375
36337
36479
36419
36393
36329
36211
35991
36066
35999
36134
36428
36307
36231
36321
36433
36348
36545
36347
36287
36225
36026
36247
36323
36186
35975
36219
36323
36217
36048
35825
36143
36195
35999
36231
36188
36111
35866
36175
36059
35996
35571
36000
36080
35967
36119
35955
36063
35745
35824
36073
35891
36179
35986
35983
35886
35859
36003
35920
36043
35966
35813
35938
35927
35926
35894
35839
36065
35994
36019
35837
35871
35924
35911
35589
36139
35753
35986
35795
36193
35919
35764
36075
36169
36218
36141
35886
36051
36065
35975
36055
36055
36105
35877
36032
35895
35573
35895
35611
35823
35695
35711
35750
35635
35735
35889
35611
35718
35680
35559
35527
35657
35943
35707
35596
35605
36119
35865
35949
35659
35578
35745
35893
35571
35941
35935
35741
35562
35865
35693
35831
35759
36023
35893
35875
35708
35926
35663
35742
35611
35719
35825
35813
35777
35785
35971
35838
35721
35872
35911
36243
35774
35823
36019
35807
35768
35602
35879
35779
35709
35614
35773
35488
35643
35546
35783
35817
35663
35498
35661
35675
35752
35655
35814
35790
35691
35747
35891
35972
35521
35662
36001
35887
36038
35891
35802
35729
36014
35793
35793
35684
35645
35704
35673
35671
35791
35449
35628
35903
35922
35808
35782
35894
35809
35915
35797
35933
35647
35765
35687
35983
35908
35815
35733
35909
35786
35931
35931
35893
35697
35944
35948
36097
36005
35838
35572
35756
35881
35819
35735
35777
35861
35587
35515
35613
35771
35740
35592
35552
35801
35665
35719
35820
35873
35777
35606
35887
35911
36059
35893
35681
35583
35723
35745
35676
35820
35922
35652
35852
37748
37756
37527
37703
37806
37527
37397
37597
37560
37539
37452
37154
37348
37273
37112
36960
37308
37303
37257
37413
37601
37575
37607
37268
37154
37169
37217
36923
36950
37092
37081
36863
36827
37027
36610
36718
36796
36825
36868
36761
36775
36597
36497
36399
36431
36800
36777
36639
36587
36972
36651
36609
36689
36691
36693
36643
36563
36491
36399
36375
36239
36831
36631
36437
36487
36431
36573
36534
36396
36385
36569
36450
36501
36389
36431
36215
35971
36067
36353
36247
36506
36265
36380
36428
36110
36374
36395
36540
36446
36247
36312
36099
36413
36175
36498
36468
36144
36223
36045
36105
35859
35758
36037
36263
35831
35901
36045
36056
36030
35754
36061
35903
35889
35807
35920
36079
36122
36153
36218
36184
36011
36148
36167
35954
35834
35859
35861
35951
35855
35803
35897
36135
36061
35963
35703
35849
35926
35925
35839
36068
35749
35777
35714
35951
35902
35747
35769
36095
36074
35708
35909
36179
35927
35963
35693
35903
35877
35927
35689
35839
36019
35675
35749
35779
35789
35791
35811
35663
35944
35565
35476
35351
35801
35539
35507
35503
35665
35559
35773
35472
35881
35773
35705
35519
35645
35759
35823
35495
35784
35598
35567
35591
35749
35662
35809
35567
35698
35743
35828
35587
35927
36060
35859
35823
35851
35806
35563
35518
35625
35693
35821
35674
35707
36201
35782
35711
35647
35926
35863
35876
35760
35961
35650
35703
35697
35909
35828
35970
35587
35725
35749
35630
35511
35687
35983
35740
35701
35859
35649
35437
35336
35619
35570
35682
35481
35693
35657
35735
35610
35907
35930
36008
35905
35767
35839
35631
35558
35490
35782
35712
35610
35624
36459
36349
36160
35847
36278
36045
36035
36062
36092
36190
36083
35951
35977
36227
36093
36031
36367
36334
36057
36079
36109
36041
36029
36119
35915
36001
35935
35819
36207
36210
36127
35892
35625
35904
35903
35525
35665
35738
35777
35548
35775
35751
35950
35748
35748
35839
35579
35707
35699
36031
36033
35836
35729
36077
36029
36071
35682
35991
35832
35837
35715
35930
35772
35911
35901
35845
36088
35798
35965
36013
35919
35833
35961
35862
35666
35763
35827
35810
35901
35819
35759
35937
36086
35807
35714
35767
36170
36011
35825
35829
35835
35815
35788
35830
35879
35869
35757
35653
36009
35759
35686
35635
35716
35569
36069
35532
35836
35527
35427
35581
35741
35335
35655
35384
35677
35549
35843
35671
35787
35958
35559
35592
35601
35425
35953
35567
35558
35759
35583
35638
35402
35604
35853
35523
35543
35711
35571
35588
35551
35527
35498
35493
35291
35724
35761
35741
35499
35820
35835
35683
35567
35690
35767
35668
35779
35694
35778
35677
35528
35767
35824
35784
35471
35646
35562
35615
35326
35541
35619
35437
35543
35509
35617
35473
35511
35292
35507
35575
35295
35559
35747
35774
35509
35431
35719
35675
35608
35429
35672
35657
35523
35227
35501
35512
35742
35371
35719
35729
35522
35478
35612
35464
35709
35655
35636
35562
35305
35455
35719
35568
35517
35615
35683
35511
35560
35545
35901
35589
35804
35687
35519
35690
35639
35635
35440
35825
35799
35590
35473
35641
35438
35485
35471
35359
35596
35910
35682
35489
35351
35515
35398
35607
35652
35511
35487
35856
35719
35743
35695
35799
35932
35651
35707
35606
35378
35575
35526
35826
35766
35655
35417
35987
36377
36206
36175
36172
36342
36299
36279
36262
36317
35943
35962
36223
36317
36099
36122
36173
36351
36159
36066
36057
36172
36241
36037
36155
36103
36102
36103
36201
36271
36287
36270
35900
36111
36026
36024
35881
35969
35863
35711
35951
35847
35808
35896
35784
36007
36047
35671
35674
35729
36242
35873
35865
35828
36042
35998
36037
35969
35971
35808
35805
35611
35913
35989
36129
35969
36241
36111
35997
35703
36231
36049
35914
35771
36042
35945
35883
35754
35875
35871
35843
35879
36237
36029
35801
35855
35990
36079
35909
36013
35999
35861
36024
35873
35735
35869
35825
35620
35697
35731
35656
35452
35628
35866
35539
35494
35431
35645
35719
35527
35439
35689
35565
35646
35567
35765
35839
35956
35704
35901
35769
35799
35924
35851
35807
35719
35611
35779
35783
35753
35773
35839
35551
35626
35610
35631
35552
35711
35615
35576
35579
35498
35513
35419
35527
35304
35305
35505
35643
35665
35795
35573
35603
35654
35413
35620
35931
35477
35570
35512
35955
35689
35696
35479
35559
35662
35409
35310
35598
35924
35621
35717
35463
35419
35284
35366
35419
35653
35341
35627
35603
35677
35962
35612
35774
35815
35717
35541
35741
35523
35376
35763
35558
35657
35491
35496
35690
35935
35695
35533
35609
35977
35603
35795
35658
35618
35569
35642
35429
35691
35503
35402
35515
35696
35833
35653
35685
35832
35853
36065
35895
35679
35837
35641
35522
35821
35724
35681
35855
35899
35553
35394
35425
35745
35719
35612
35676
35513
35587
35583
35564
35316
35595
35397
35472
35267
35741
35635
35606
35334
35699
35597
35864
35627
35850
35684
35537
35530
35920
35733
35664
35615
36044
36121
36127
36203
36268
36303
36143
36076
36053
36213
36017
36115
35871
36039
35957
35863
36088
36353
36181
36247
36039
36201
36042
36135
36053
36031
36094
36115
36045
36105
36200
36420
35889
35865
36129
35867
35771
35928
35730
35814
35778
35757
35815
35707
35751
35893
35769
35821
35785
35994
35925
35919
35883
35981
35975
35557
36077
36040
35863
35903
35695
35977
35952
35716
35777
35775
35909
35905
35863
35694
36158
35868
35735
35929
36041
35815
36039
35661
35943
35815
35796
35747
36095
36055
36022
35942
35919
36215
36239
35696
35856
35908
35915
35889
35997
35959
35919
35787
35985
35754
35815
35882
35565
35978
35665
35706
35656
35569
35614
35505
35465
35580
35527
35591
35711
35791
35783
35717
35748
35827
35775
35717
35763
35801
35686
35527
35626
35829
36015
35821
35804
35725
35530
35363
35446
35855
35723
35782
35642
35541
35421
35612
35385
35635
35937
35557
35521
35496
35745
35749
35758
35682
35819
36121
35911
35801
35946
35682
35893
35536
35600
35682
35609
35549
35659
35429
35485
35508
35525
35569
35585
35351
35519
35491
35389
35297
35545
35512
35662
35465
35572
35535
35405
35558
35655
35816
35731
35548
35527
35570
35457
35591
35507
35713
35422
35227
35447
35803
35641
35586
35680
35596
35451
35421
35645
35714
35613
35448
35336
35433
35559
35347
35533
35898
35681
35556
35548
35607
35633
35728
35530
35613
35567
35633
35335
35719
35583
35645
35373
35405
35430
35357
35385
35591
35768
35751
35413
35413
35462
35438
35299
35227
35793
35258
35317
35302
35632
35531
35551
35445
35606
35809
35515
35513
35740
35635
35511
35525
35525
35365
35434
35517
37286
37319
37373
37191
37387
37389
37287
37187
37184
37051
37364
37035
37249
37173
36999
36605
37141
37269
37159
37111
37367
37247
36996
36825
36838
36999
36823
36701
36752
37030
36662
36915
36856
36633
36766
36523
36659
36763
36681
36798
36535
36676
36662
36469
36571
36720
36599
36602
36302
36720
36614
36633
36610
36705
36760
36603
36372
36439
36415
36419
36151
36521
36544
36274
36211
36179
36473
36423
36302
36391
36216
36315
36472
36429
36368
36263
36174
35993
36179
36185
36247
36367
36424
36487
36202
36241
36445
36459
36348
36217
35961
35955
36172
35807
36101
36197
36038
36393
35986
36127
35947
35856
36029
35897
35807
35743
35906
35900
35900
35705
35794
35915
35749
35705
35678
36161
35880
35925
35839
35812
35832
35943
35749
35919
35609
35693
35661
35930
35724
35575
35496
35501
35503
35666
35423
35474
35575
35292
35470
35544
35552
35611
35526
35632
35471
35705
35493
35753
35639
35773
35622
35931
35945
35801
35483
35671
35662
35660
35417
35543
35707
35717
35473
35439
35334
35477
35568
35393
35472
35344
35554
35326
35395
35169
35251
35315
35479
35607
35409
35209
35497
35370
35642
35428
35575
35527
35558
35425
35487
35364
35314
35431
35473
35699
35418
35369
35490
35545
35457
35506
35737
35339
35570
35583
35290
35505
35212
35279
35252
35615
35569
35323
35497
35919
35647
35726
35462
36031
35653
35391
35553
35751
35703
35431
35551
35775
35755
35506
35551
35655
35457
35327
35294
35649
35687
35534
35444
35585
35358
35255
35198
35280
35519
35216
35225
35462
35483
35571
35311
35432
35609
35575
35701
35553
35654
35462
35252
35293
35605
35525
35359
35371
36124
36197
36073
35847
36099
36011
36006
35982
36325
35956
35920
35825
36123
35969
35847
35748
35845
36164
36204
35951
36135
36026
36019
36061
36043
35927
35775
35852
35963
35837
35929
35570
35600
35637
35751
35882
35606
35709
35614
35558
35535
35751
35687
35455
35319
35431
35675
35494
35479
35831
35569
35725
35855
35951
35946
35836
35685
35643
35708
35465
35517
35820
35605
35683
35442
35711
35984
35684
35665
35962
35783
35786
35616
35667
35615
35682
35416
35789
35927
35535
35565
35739
35788
35845
35745
35676
35703
35872
35875
35802
35832
35650
35686
35679
35925
35637
35503
35492
35483
35425
35477
35461
35694
35567
35597
35486
35446
35425
35275
35229
35332
35643
35429
35303
35641
35615
35614
35782
35761
35851
35835
35783
35885
35441
35537
35549
35415
35595
35472
35551
35426
35649
35519
35332
35495
35693
35516
35456
35433
35389
35564
35421
35427
35335
35623
35411
35490
35663
35615
35445
35404
35929
35719
35797
35537
35739
35523
35341
35385
35352
35796
35408
35500
35485
35493
35342
35290
35433
35555
35486
35315
35430
35343
35476
35233
35444
35562
35414
35467
35361
35811
35575
35396
35783
35541
35517
35637
35351
35693
35462
35352
35323
35629
35618
35515
35591
35717
35567
35287
35574
35726
35747
35436
35393
35640
35497
35509
35407
35670
35246
35548
35249
35694
35823
35509
35409
35559
35751
35843
35569
35364
35722
35737
35603
35671
35567
35381
35388
35616
35655
35468
35437
35362
35612
35815
35708
35567
35484
35337
35327
35301
35385
35275
35531
35556
35664
35503
35575
35508
35693
35790
35689
35444
35524
35509
35449
35467
35327
35373
35457
35277
35802
36151
36245
36093
35981
36357
36074
36165
36179
36077
35901
35943
36039
36362
36077
35934
35874
36239
36181
36399
36077
36353
36234
36193
36064
35965
36103
36166
36078
36183
36065
36130
35689
35985
35938
35807
35688
35935
36118
36041
35765
35851
35703
35641
35839
35816
35951
35765
35712
35743
36071
36217
35910
35837
36109
36001
35626
35971
35911
35833
35543
35663
35963
35655
36005
35779
36050
35839
35674
35775
36003
35975
35903
35918
36048
35778
35869
35543
35970
35871
35604
35613
36019
35911
35910
35787
36009
35917
35692
35921
35950
35779
35755
35470
35668
35874
35577
35759
35619
35863
35468
35481
35442
35672
35503
35631
35233
35719
35527
35349
35288
35271
35609
35335
35417
35585
35711
35815
35684
35843
35573
35737
35643
35625
35467
35263
35222
35380
35523
35487
35535
35463
35531
35463
