33122
33197
33216
33217
33220
33228
33183
33167
33167
33109
33118
33186
33154
33154
33137
33133
33165
33163
33177
33177
33157
33143
33175
33170
33144
33135
33132
33157
33167
33145
33151
33109
33137
33089
33121
33122
33094
33100
33109
33153
33135
33145
33138
33139
33143
33155
33139
33106
33090
33103
33112
33111
33116
33114
33143
33109
33117
33091
33106
33110
33132
33105
33115
33125
33103
33109
33071
33113
33101
33040
33013
33026
33028
33058
33087
33034
33063
33079
33106
33075
33100
33084
33012
33045
33048
33051
33037
33027
33023
33030
33065
33039
33031
33013
33010
32981
33017
33001
32962
32993
32997
33009
32991
32981
32994
32973
32987
32951
32983
33023
33028
32995
32990
32983
33063
33177
33013
33011
33017
32975
32980
32997
32985
32967
32988
33006
32962
32971
32949
32939
32971
32976
32939
32907
32946
32948
33000
32958
32938
32938
32958
32947
32942
32897
32909
32881
32863
32861
32882
32887
32886
32879
32868
32881
32829
32832
32856
32879
32863
32865
32872
32871
32875
32843
32878
32857
32845
32839
32832
32863
32877
32794
32823
32848
32833
32815
32804
32817
32791
32798
32843
32825
32807
32791
32809
32793
32778
32787
32791
32811
32779
32767
32745
32753
32769
32745
32759
32778
32759
32785
32763
32774
32828
32811
32737
32722
32735
32749
32767
32799
32791
32764
32798
32802
32743
32782
32793
32819
32781
32773
32783
32769
32773
32767
32772
32809
32773
32723
32738
32773
32766
32709
32679
32695
32708
32730
32722
32710
32728
32714
32695
32723
32733
32726
32747
32725
32703
32711
32718
32721
32721
32751
32735
32740
32725
32732
32739
32752
32710
32703
32704
32727
32775
32790
32781
32798
32802
32741
32767
32749
32743
32727
32717
32669
32684
32703
32713
32776
32779
32774
32723
32703
32684
32759
32765
32729
32764
32778
32765
32759
32748
32716
32756
32789
32761
32734
32723
32678
32727
32808
32823
32758
32756
32745
32735
32697
32701
32720
32737
32717
32752
32757
32771
32764
32796
32775
32783
32788
32763
32706
32752
32723
32715
32706
32733
32729
32718
32697
32759
32777
32759
32714
32753
32711
32733
32713
32731
32731
32736
32733
32751
32713
32721
32760
32775
32743
32711
32732
32739
32743
32761
32731
32783
32777
32779
32703
32747
32741
32740
32733
32728
32759
32750
32733
32775
32751
32749
32728
32738
32739
32704
32727
32735
32775
32747
32732
32759
32784
32764
32759
32739
32756
32725
32697
32721
32759
32721
32749
32721
32713
32727
32759
32717
32745
32730
32718
32713
32703
32701
32704
32714
32705
32723
32733
32720
32703
32668
32623
32617
32643
32644
32684
32639
32647
32681
32673
32689
32673
32695
32688
32625
32626
32659
32639
32663
32628
32651
32637
32590
32615
32642
32647
32651
32636
32603
32582
32649
32625
32615
32641
32639
32569
32585
32620
32634
32633
32661
32663
32647
32613
32591
32585
32570
32573
32589
32597
32571
32559
32583
32609
32599
32557
32518
32549
32560
32589
32555
32575
32605
32619
32585
32603
32586
32557
32561
32569
32573
32567
32572
32569
32593
32567
32581
32583
32579
32549
32549
32594
32561
32526
32575
32587
32577
32544
32542
32607
32601
32553
32507
32552
32547
32532
32509
32543
32597
32571
32573
32541
32516
32521
32508
32524
32511
32487
32507
32513
32538
32569
32557
32523
32577
32567
32549
32583
32569
32567
32532
32519
32555
32554
32582
32559
32548
32544
32545
32531
32532
32515
32524
32552
32551
32521
32495
32521
32575
32581
32569
32557
32476
32503
32487
32471
32535
32537
32534
32531
32543
32577
32535
32504
32541
32543
32505
32583
32555
32518
32519
32513
32546
32551
32565
32553
32543
32567
32568
32594
32585
32604
32600
32591
32589
32578
32577
32529
32542
32582
32563
32535
32578
32613
32599
32586
32615
32604
32631
32649
32622
32623
32590
32559
32599
32645
32651
32607
32607
32609
32653
32671
32657
32626
32607
32617
32611
32613
32615
32645
32639
32623
32613
32621
32655
32627
32613
32622
32664
32663
32674
32673
32658
32671
32692
32647
32663
32689
32653
32647
32703
32711
32701
32713
32711
32730
32744
32771
32743
32742
32717
32711
32730
32731
32694
32722
32727
32743
32699
32757
32777
32761
32749
32764
32761
32738
32701
32767
32771
32785
32773
32785
32799
32784
32757
32781
32774
32790
32845
32795
32791
32823
32782
32743
32777
32807
32805
32807
32809
32762
32772
32771
32829
32831
32783
32781
32840
32837
32845
32873
32842
32887
32888
32874
32835
32876
32915
32882
32894
32873
32860
32871
32903
32878
32917
32903
32912
32920
32925
32903
32927
32924
32932
32952
32907
32925
32918
32913
32957
32972
32911
32943
33004
33015
32953
32913
32950
32935
32941
32973
32931
32966
32970
32981
32997
33000
32979
33023
33003
32966
32967
32980
33015
33021
33013
33053
33071
33059
33043
33015
32975
33002
33044
33060
33051
33015
33017
33019
33031
33025
33031
33060
33027
33015
33051
33052
33053
33022
33041
33107
33087
33055
33071
33060
33073
33035
33079
33095
33049
33040
33066
33109
33140
33086
33077
33105
33098
33105
33086
33082
33059
33078
33117
33145
33137
33089
33133
33091
33071
33068
33132
33079
33038
33095
33106
33101
33101
33079
33067
33083
33079
33075
33094
33093
33076
33061
33047
33087
33074
33071
33099
33047
33050
33079
33055
33055
33069
33087
33085
33079
33077
33060
33049
33069
33090
33109
33023
33049
33030
33041
33051
33031
33065
33103
33079
33059
33077
33071
33051
33090
33046
33059
33091
33028
33065
33056
33052
33068
33079
33080
33079
33051
33047
33023
32996
33013
33024
33015
33023
33037
33037
33035
33028
33014
33015
33015
33043
33022
33045
33021
33029
33037
33031
33043
33033
33029
33021
33041
33040
33037
33015
33065
33081
33043
33087
33112
33091
33114
33089
33081
33100
33039
33035
33067
33031
33035
33073
33068
33079
33116
33092
33091
33117
33095
33069
33077
33089
33094
33119
33109
33045
33087
33087
33080
33081
33110
33096
33118
33105
33127
33160
33159
33091
33061
33130
33122
33115
33097
33093
33080
33109
33129
33111
33117
33143
33161
33137
33107
33125
33137
33135
33153
33131
33101
33093
33129
33162
33126
33145
33116
33124
33125
33118
33112
33145
33134
33143
33141
33134
33103
33121
33099
33124
33161
33151
33175
33185
33149
33153
33105
33142
33157
33146
33129
33163
33123
33111
33127
33153
33131
33121
33144
33127
33109
33118
33108
33114
33165
33157
33143
33119
33094
33054
33073
33071
33063
33051
33036
33079
33063
33057
33062
33039
33035
33037
33061
33017
33017
33019
33001
32967
33021
33054
32979
32977
33002
32999
32969
32971
32990
32990
33031
32954
32911
32918
32937
32884
32919
32954
32967
32951
32941
32969
32992
32986
32957
32929
32905
32904
32911
32895
32883
32879
32876
32872
32853
32851
32837
32857
32833
32837
32843
32815
32787
32836
32837
32825
32765
32776
32780
32774
32735
32729
32711
32731
32800
32737
32724
32731
32728
32715
32711
32714
32685
32716
32682
32693
32719
32736
32725
32690
32721
32699
32675
32695
32701
32679
32661
32663
32610
32609
32647
32637
32606
32605
32604
32600
32571
32593
32595
32559
32556
32573
32575
32540
32537
32547
32565
32527
32519
32528
32491
32476
32482
32447
32453
32443
32499
32487
32456
32423
32434
32391
32403
32423
32433
32411
32442
32413
32393
32354
32323
32321
32311
32333
32347
32319
32303
32317
32367
32344
32299
32319
32355
32344
32348
32465
32487
32445
32415
32428
32379
32387
32343
32351
32345
32295
32327
32341
32327
32311
32327
32343
32310
32284
32310
32276
32237
32269
32252
32260
32221
32255
32261
32243
32273
32266
32202
32232
32238
32218
32193
32223
32228
32209
32205
32185
32148
32199
32156
32177
32170
32153
32161
32133
32131
32121
32170
32131
32111
32103
32097
32142
32126
32083
32135
32132
32095
32093
32077
32101
32077
32127
32083
32093
32129
32119
32130
32105
32127
32149
32135
32177
32160
32126
32108
32106
32120
32167
32151
32179
32136
32158
32165
32232
32197
32166
32190
32200
32209
32221
32215
32191
32190
32219
32207
32198
32175
32201
32207
32213
32205
32197
32193
32165
32184
32224
32245
32244
32213
32224
32274
32240
32217
32222
32260
32283
32236
32249
32281
32237
32203
32233
32321
32300
32293
32271
32239
32255
32255
32265
32307
32295
32277
32291
32287
32295
32288
32286
32303
32311
32337
32371
32307
32301
32347
32340
32356
32367
32397
32360
32338
32351
32345
32359
32359
32383
32391
32380
32411
32431
32421
32405
32413
32431
32436
32444
32443
32463
32407
32423
32428
32439
32447
32497
32458
32458
32463
32479
32485
32507
32483
32470
32457
32484
32511
32451
32452
32453
32451
32467
32477
32503
32508
32527
32503
32506
32511
32519
32500
32503
32483
32473
32500
32495
32535
32520
32509
32503
32534
32508
32509
32495
32509
32463
32463
32471
32529
32495
32477
32478
32477
32474
32463
32431
32417
32411
32441
32442
32427
32426
32441
32457
32455
32410
32392
32434
32465
32455
32455
32487
32463
32483
32470
32475
32473
32473
32511
32503
32471
32463
32443
32451
32468
32489
32476
32499
32547
32578
32526
32519
32538
32592
32599
32587
32518
32545
32547
32583
32543
32543
32548
32533
32590
32567
32605
32553
32561
32578
32619
32571
32580
32556
32544
32541
32579
32551
32575
32603
32551
32584
32587
32532
32525
32541
32560
32553
32551
32531
32551
32573
32552
32549
32606
32603
32605
32610
32615
32609
32611
32609
32612
32615
32595
32593
32615
32623
32653
32642
32614
32657
32661
32617
32662
32655
32639
32685
32731
32699
32716
32713
32649
32671
32717
32725
32747
32744
32761
32727
32738
32703
32726
32751
32727
32767
32769
32793
32799
32779
32766
32759
32783
32775
32779
32783
32785
32795
32760
32739
32757
32766
32793
32815
32807
32785
32803
32849
32813
32839
32853
32839
32804
32870
32875
32855
32837
32846
32831
32825
32800
32862
32877
32836
32839
32841
32859
32917
32891
32831
32826
32816
32816
32855
32861
32899
32889
32872
32871
32898
32893
32899
32871
32879
32912
32970
32942
32953
32947
32927
32914
32907
32890
32909
32892
32910
32915
32903
32907
32910
32880
32877
32935
32947
32956
32941
32941
32922
32927
32891
32898
32935
32938
32932
32923
32957
32949
32944
32911
32921
32917
32942
32959
32987
32959
32948
32972
32963
32937
32955
32973
32986
32960
32987
32943
32961
32954
32968
32963
32998
32999
32962
32961
32980
32954
32942
32919
32949
32937
32951
33007
32995
32951
32953
32970
32954
32949
32966
32981
32971
32994
32982
32951
32965
32980
32995
33006
32965
33000
32997
32943
32911
32967
32967
32973
32970
32951
32953
32932
32973
32949
32951
32975
32993
33025
33008
32993
33015
33030
33024
32995
32985
32983
32982
33021
33019
33037
33068
33043
33038
33047
33068
33072
33021
32995
33032
33037
33053
33031
33068
33050
33057
33064
33093
33065
33044
33063
33055
33043
33054
33047
33096
33083
33099
33102
33072
33047
33061
33071
33080
33122
33168
33175
33102
33111
33099
33100
33114
33151
33127
33109
33096
33123
33183
33129
33121
33143
33137
33161
33123
33135
33162
33137
33151
33167
33169
33195
33139
33131
33141
33155
33156
33170
33133
33167
33163
33153
33183
33205
33209
33196
33193
33188
33143
33152
33139
33174
33225
33189
33189
33154
33143
33195
33196
33232
33239
33209
33213
33227
33223
33195
33215
33189
33197
33191
33199
33152
33159
33182
33164
33169
33172
33157
33147
33151
33137
33137
33131
33157
33129
33125
33151
33086
33047
33047
33093
33091
33096
33079
33077
33119
33076
33100
33087
33071
33037
33039
32995
33000
33011
32998
33015
32986
32974
33013
33034
33022
32999
33001
32959
32932
32915
32914
32977
32968
32959
32946
32983
33019
32959
32927
32907
32906
32908
32923
32928
32910
32899
32919
32911
32924
32912
32919
32897
32894
32893
32893
32899
32873
32876
32912
32917
32884
32924
32951
32926
32943
32934
32937
33017
33040
32997
33014
32997
32992
33033
33031
33036
33028
33051
33022
33025
33023
33050
33104
33095
33053
33067
33083
33089
33069
33079
33088
33107
33100
33078
33077
33069
33081
33059
33105
33143
33140
33143
33159
33127
33117
33125
33143
33143
33168
33147
33143
33145
33171
33173
33166
33179
33215
33204
33159
33157
33147
33151
33153
33137
33134
33166
33140
33151
33134
33126
33081
33144
33145
33149
33174
33140
33132
33168
33149
33151
33167
33149
33118
33107
33102
33117
33161
33214
33183
33137
33160
33215
33211
33173
33167
33168
33194
33192
33170
33201
33188
33178
33176
33204
33161
33172
33190
33168
33183
33195
33195
33262
33242
33263
33220
33161
33151
33199
33204
33208
33181
33157
33189
33215
33189
33151
33149
33141
33143
33169
33204
33219
33151
33178
33144
33117
33155
33155
33141
33153
33215
33176
33127
33090
33167
33169
33146
33171
33172
33184
33173
33181
33193
33219
33159
33153
33205
33192
33171
33208
33207
33215
33226
33225
33205
33191
33194
33167
33178
33207
33185
33143
33136
33158
33163
33187
33177
33166
33163
33146
33158
33163
33201
33198
33191
33190
33207
33187
33201
33182
33190
33157
33159
33173
33218
33192
33223
33180
33165
33185
33201
33189
33207
33229
33223
33208
33217
33197
33181
33179
33199
33212
33190
33199
33207
33197
33199
33169
33173
33196
33183
33172
33175
33213
33193
33165
33173
33183
33179
33201
33193
33200
33178
33165
33165
33172
33157
33204
33183
33191
33236
33219
33200
33184
33155
33120
33118
33173
33181
33221
33183
33153
33127
33117
33077
33094
33103
33177
33201
33187
33180
33159
33146
33138
33125
33158
33190
33185
33178
33128
33134
33144
33144
33137
33139
33143
33155
33189
33205
33201
33103
33096
33163
33177
33193
33223
33183
33166
33134
33138
33160
33159
33164
33115
33111
33121
33155
33181
33177
33151
33141
33161
33119
33130
33119
33170
33167
33111
33112
33149
33151
33143
33127
33134
33145
33159
33122
33123
33104
33132
33113
33117
33115
33127
33164
33155
33141
33099
33121
33135
33114
33148
33162
33151
33186
33193
33217
33223
33183
33167
33189
33213
33202
33178
33177
33191
33177
33155
33177
33160
33181
33190
33206
33221
33183
33183
33261
33232
33191
33190
33163
33164
33196
33223
33201
33239
33205
33196
33234
33243
33191
33227
33240
33263
33253
33293
33289
33245
33194
33201
33205
33257
33217
33180
33211
33210
33189
33181
33180
33167
33175
33172
33177
33221
33215
33229
33229
33256
33268
33227
33198
33243
33255
33217
33223
33223
33209
33217
33207
33203
33213
33229
33225
33247
33254
33247
33249
33205
33244
33237
33237
33217
33181
33207
33227
33246
33225
33211
33215
33222
33222
33240
33231
33239
33281
33273
33199
33233
33274
33259
33231
33250
33249
33220
33272
33299
33291
33297
33234
33195
33221
33263
33266
33259
33229
33231
33253
33263
33231
33267
33221
33231
33207
33251
33271
33243
33225
33231
33225
33189
33218
33232
33271
33259
33230
33240
33265
33290
33275
33282
33261
33251
33252
33261
33261
33230
33218
33244
33245
33252
33224
33235
33248
33220
33201
33207
33255
33258
33199
33235
33272
33266
33269
33247
33223
33229
33255
33255
33243
33233
33258
33257
33256
33269
33269
33267
33271
33259
33273
33247
33227
33230
33237
33231
33255
33215
33225
33215
33208
33215
33227
33240
33248
33228
33241
33207
33231
33257
33237
33257
33243
33223
33209
33196
33247
33255
33229
33211
33191
33199
33207
33209
33235
33251
33249
33237
33225
33227
33193
33179
33181
33211
33197
33194
33218
33229
33217
33183
33205
33226
33196
33217
33235
33211
33233
33175
33175
33206
33219
33185
33168
33170
33159
33143
33161
33177
33198
33172
33164
33157
33163
33131
33149
33190
33171
33139
33132
33167
33184
33155
33138
33143
33109
33155
33173
33127
33131
33171
33177
33144
33157
33149
33164
33147
33190
33178
33178
33167
33163
33205
33170
33185
33211
33209
33145
33128
33151
33180
33149
33135
33141
33124
33103
33117
33131
33151
33140
33101
33119
33111
33080
33097
33096
33127
33125
33079
33074
33032
33054
33063
33043
33075
33039
33011
33046
33067
33043
33040
33026
33023
33059
33052
33023
33011
33012
33063
33050
33020
33023
33026
33037
33064
33070
33044
33022
33023
33015
33047
33004
33017
33065
33066
33057
33055
33058
33067
33047
33061
33065
33051
33094
33109
33100
33097
33127
33061
33084
33129
33101
33099
33107
33071
33068
33066
33067
33093
33100
33069
33091
33110
33097
33093
33085
33060
33080
33084
33146
33088
33008
33078
33081
33079
33071
33037
33015
33066
33078
33054
33058
33041
33089
33109
33125
33129
33155
33127
33095
33069
33087
33073
33094
33077
33071
33037
33069
33105
33127
33072
33025
33082
33073
33031
33086
33094
33075
33075
33072
33092
33071
33070
33105
33125
33071
33031
33019
33065
33071
33041
33051
33048
33007
33039
33042
33061
33067
33075
33112
33094
33085
33071
33071
33072
33051
33031
33023
33041
33048
33084
33023
33015
33033
33064
33071
33043
33033
33033
33089
33055
33027
33026
33047
33019
33050
33053
33040
33063
33055
33049
33035
32999
32993
33018
33036
32989
33022
33069
33067
33059
33075
33034
33017
33019
33023
33015
32999
33039
33057
33023
33019
33041
33036
33067
33023
33019
33032
33006
33044
33063
33082
33026
33032
33007
32993
33025
33041
33002
32966
32969
32959
32980
32959
33001
32967
32964
32983
33018
32977
32972
32985
33025
33048
33035
32958
32989
33023
32980
32995
32967
32920
32969
32986
33025
33012
33004
32978
33021
33025
32999
33009
33010
33005
33023
33059
33034
32999
33012
33018
32997
32980
32998
33010
33031
33055
33054
33017
32956
33017
33010
32969
32972
32983
32967
32951
32935
32925
32964
32961
32974
32958
32949
32981
32983
32943
32948
32941
32953
32956
32929
32933
32930
32912
32955
32948
32935
32935
32921
32861
32893
32871
32910
32887
32888
32906
32882
32903
32915
32931
32919
32927
32925
32897
32871
32867
32850
32841
32885
32886
32905
32904
32880
32902
32877
32875
32881
32897
32877
32833
32837
32812
32792
32791
32853
32821
32813
32853
32855
32843
32770
32749
32797
32793
32767
32790
32822
32801
32775
32725
32743
32793
32801
32775
32734
32742
32751
32715
32729
32773
32774
32743
32745
32716
32719
32737
32713
32714
32709
32697
32737
32717
32693
32721
32703
32696
32686
32660
32655
32641
32598
32631
32650
32647
32647
32622
32663
32623
32621
32637
32626
32577
32560
32597
32597
32629
32581
32527
32591
32553
32559
32534
32527
32543
32529
32561
32513
32507
32563
32525
32483
32503
32493
32492
32443
32493
32520
32513
32442
32445
32461
32449
32406
32413
32433
32444
32423
32413
32404
32403
32376
32355
32352
32359
32341
32333
32287
32337
32325
32335
32310
32305
32321
32287
32271
32277
32295
32279
32310
32328
32316
32314
32264
32235
32248
32283
32215
32239
32269
32257
32240
32233
32202
32221
32221
32227
32187
32202
32235
32186
32179
32157
32135
32131
32131
32155
32189
32127
32154
32181
32153
32130
32146
32123
32119
32113
32130
32124
32077
32088
32115
32043
32074
32093
32111
32111
32063
32038
32102
32072
32047
32017
31991
31991
32014
32023
32058
32025
32055
32004
32061
32008
32057
32039
32001
31999
32023
32022
32017
32004
31971
31938
31927
31919
31945
31946
31926
31943
31923
31909
31944
32001
31975
31963
31972
31969
31909
31905
31960
31940
31905
31902
31863
31867
31891
31844
31897
31885
31876
31879
31949
31897
31951
31993
31934
31929
31895
31934
31915
31903
31879
31881
31932
31904
31912
31915
31904
31941
31961
31954
31916
31917
31931
31903
31916
31913
31897
31943
31887
31879
31908
31959
31931
31906
31941
31937
31975
31931
31967
31959
31944
31965
31994
32046
32081
32065
32097
32090
32023
31993
32044
32066
32067
32059
32055
32048
32039
32073
32073
32063
32037
32024
32016
32038
32039
32047
32045
32051
32099
32008
32022
32016
32026
32055
32033
32081
32095
32071
32084
32106
32093
32057
32087
32129
32135
32137
32142
32072
32097
32127
32106
32125
32122
32109
32126
32135
32151
32117
32146
32144
32137
32171
32180
32159
32179
32160
32167
32181
32187
32151
32205
32223
32214
32212
32281
32277
32239
32229
32263
32244
32280
32225
32218
32236
32249
32263
32239
32235
32282
32279
32276
32287
32279
32255
32267
32275
32275
32283
32289
32307
32293
32331
32319
32311
32312
32337
32369
32375
32343
32383
32347
32279
32300
32394
32377
32360
32361
32413
32425
32437
32449
32421
32423
32407
32409
32460
32482
32448
32445
32479
32489
32448
32433
32437
32463
32479
32498
32481
32519
32543
32503
32518
32527
32531
32509
32497
32452
32471
32487
32484
32495
32478
32460
32505
32466
32485
32509
32493
32487
32459
32498
32537
32525
32531
32467
32505
32528
32529
32547
32551
32558
32587
32555
32579
32566
32600
32567
32556
32583
32665
32647
32591
32691
32744
32717
32700
32778
32812
32794
32789
32803
32817
32806
32797
32839
32861
32827
32863
32897
32873
32891
32925
32924
32933
32939
32925
32901
32931
32940
32951
32948
32983
32992
32997
33005
33016
33004
32974
33034
33023
33027
33041
33054
33079
33069
33043
33025
33097
33084
33084
33082
33095
33104
33104
33100
33095
33076
33105
33094
33067
33079
33106
33170
33127
33143
33127
33137
33158
33193
33163
33159
33163
33148
33153
33148
33155
33168
33134
33156
33125
33199
33181
33163
33175
33208
33194
33181
33165
33191
33239
33206
33167
33173
33207
33239
33217
33200
33227
33209
33215
33227
33208
33215
33247
33277
33239
33196
33226
33209
33222
33213
33205
33242
33279
33249
33219
33259
33291
33273
33293
33243
33274
33271
33277
33290
33327
33287
33289
33283
33319
33352
33347
33325
33328
33333
33356
33328
33317
33354
33339
33315
33358
33351
33367
33352
33352
33351
33340
33364
33349
33317
33319
33352
33387
33368
33359
33383
33382
33407
33355
33329
33334
33337
33365
33373
33411
33413
33361
33361
33396
33415
33419
33434
33395
33419
33395
33397
33403
33371
33406
33439
33465
33475
33459
33451
33392
33429
33457
33475
33415
33459
33456
33465
33469
33431
33455
33473
33469
33463
33458
33466
33455
33518
33508
33503
33476
33493
33503
33511
33501
33531
33519
33507
33519
33512
33503
33523
33499
33524
33517
33469
33497
33509
33477
33479
33489
33479
33552
33523
33468
33523
33522
33501
33523
33467
33511
33515
33527
33511
33528
33511
33511
33534
33537
33523
33506
33510
33488
33543
33538
33510
33527
33575
33524
33513
33525
33512
33501
33500
33511
33527
33495
33485
33509
33570
33575
33561
33545
33567
33545
33527
33544
33551
33535
33495
33531
33532
33518
33495
33511
33495
33517
33505
33498
33479
33506
33553
33567
33540
33548
33512
33489
33520
33521
33524
33535
33514
33542
33543
33520
33547
33495
33500
33524
33531
33500
33473
33505
33518
33567
33503
33495
33490
33509
33527
33488
33460
33484
33461
33445
33469
33509
33520
33474
33488
33447
33453
33449
33461
33495
33477
33451
33474
33495
33478
33503
33477
33515
33517
33495
33448
33443
33511
33475
33460
33451
33456
33439
33460
33449
33485
33475
33448
33453
33446
33451
33471
33417
33423
33429
33445
33440
33450
33467
33483
33451
33430
33423
33410
33413
33421
33417
33374
33414
33425
33431
33435
33485
33457
33429
33425
33390
33383
33420
33432
33428
33390
33413
33426
33405
33442
33427
33435
33393
33386
33419
33383
33350
33407
33411
33421
33445
33379
33401
33371
33391
33415
33439
33384
33419
33400
33439
33426
33388
33403
33399
33399
33371
33375
33402
33410
33427
33399
33405
33370
33361
33383
33370
33367
33351
33425
33393
33383
33359
33367
33362
33344
33347
33315
33322
33319
33318
33351
33364
33304
33326
33347
33325
33323
33333
33359
33319
33303
33295
33341
33371
33375
33357
33361
33359
33366
33359
33307
33291
33342
33324
33273
33299
33295
33302
33308
33301
33350
33333
33297
33327
33320
33307
33312
33317
33323
33298
33338
33329
33280
33281
33271
33259
33264
33248
33264
33257
33271
33253
33247
33261
33271
33266
33250
33267
33266
33291
33260
33285
33274
33284
33273
33272
33272
33252
33263
33250
33220
33264
33255
33262
33204
33191
33253
33219
33206
33212
33199
33218
33243
33220
33261
33275
33236
33254
33310
33296
33279
33253
33215
33240
33206
33203
33205
33200
33223
33257
33223
33215
33175
33173
33219
33235
33191
33197
33212
33179
33207
33189
33188
33185
33209
33195
33232
33203
33155
33153
33145
33179
33167
33137
33143
33127
33143
33153
33140
33141
33175
33127
33100
33118
33163
33187
33154
33164
33102
33044
33142
33139
33119
33125
33111
33078
33081
33081
33079
33042
33062
33067
33067
33086
33090
33064
33026
33047
33049
33025
33047
33047
33039
33053
33025
33031
33011
33007
33009
32985
33039
33051
33018
33033
33030
32975
32953
33003
33030
32999
32964
32963
32957
32960
32937
32922
32991
32970
32967
32951
32976
32937
32964
32947
32913
32911
32937
32969
32965
32983
32932
32881
32903
32893
32937
32956
32957
32913
32909
32879
32903
32914
32889
32887
32865
32871
32846
32868
32873
32868
32866
32836
32847
32847
32827
32848
32836
32838
32834
32840
32871
32871
32867
32895
32879
32852
32895
32895
32873
32875
32843
32840
32859
32855
32845
32831
32751
32817
32847
32875
32831
32839
32851
32837
32869
32863
32856
32837
32841
32823
32809
32791
32816
32803
32799
32796
32844
32815
32811
32841
32879
32911
32903
32885
32883
32870
32883
32866
32871
32910
32909
32917
32871
32857
32889
32891
32888
32886
32915
32899
32887
32889
32889
32890
32901
32883
32907
32913
32959
32951
32925
32925
32917
32931
32953
32979
32969
32949
32911
32924
32959
32983
32967
32979
32957
32932
32913
32939
32910
32886
32895
32935
32934
32957
32933
32918
32946
32898
32887
32893
32916
32902
32882
32907
32893
32871
32876
32871
32895
32895
32860
32863
32878
32843
32825
32887
32924
32903
32904
32885
32895
32907
32897
32877
32887
32905
32954
32921
32874
32866
32870
32857
32901
32907
32926
32935
32930
32871
32911
32864
32847
32862
32847
32859
32898
32866
32855
32888
32899
32850
32873
32875
32828
32824
32828
32836
32844
32837
32840
32863
32857
32815
32817
32871
32861
32864
32830
32819
32810
32849
32793
32789
32775
32784
32784
32783
32757
32751
32763
32752
32797
32767
32757
32780
32746
32751
32728
32721
32753
32743
32717
32693
32721
32728
32727
32681
32673
32659
32677
32719
32671
32706
32697
32654
32633
32647
32745
32707
32703
32689
32713
32710
32696
32693
32685
32680
32658
32654
32677
32661
32657
32665
32638
32647
32581
32623
32599
32599
32613
32575
32575
32553
32579
32559
32591
32597
32566
32587
32583
32559
32590
32534
32564
32519
32505
32509
32539
32567
32498
32483
32500
32525
32532
32516
32503
32489
32467
32415
32455
32453
32441
32409
32393
32438
32471
32423
32412
32404
32370
32371
32344
32380
32369
32366
32331
32327
32343
32319
32279
32293
32287
32276
32295
32271
32295
32315
32296
32269
32224
32230
32255
32227
32232
32219
32239
32274
32270
32276
32271
32264
32269
32245
32279
32275
32270
32242
32250
32265
32267
32287
32309
32276
32310
32289
32294
32304
32330
32315
32247
32316
32287
32260
32287
32307
32279
32283
32271
32285
32298
32295
32305
32308
32380
32377
32321
32332
32321
32311
32301
32279
32325
32332
32324
32327
32339
32331
32297
32321
32340
32388
32358
32328
32363
32365
32351
32351
32379
32412
32427
32407
32408
32435
32437
32431
32430
32416
32430
32415
32444
32459
32486
32432
32429
32440
32494
32508
32479
32611
32655
32611
32555
32553
32552
32557
32605
32609
32586
32561
32555
32551
32565
32538
32602
32609
32574
32561
32583
32571
32619
32609
32600
32594
32577
32614
32589
32551
32591
32553
32535
32563
32560
32583
32579
32566
32565
32535
32565
32541
32538
32576
32581
32556
32549
32571
32552
32513
32539
32555
32569
32537
32541
32572
32580
32587
32626
32599
32525
32563
32578
32628
32570
32581
32580
32612
32608
32613
32590
32587
32631
32623
32639
32617
32589
32613
32613
32606
32645
32651
32661
32643
32643
32629
32606
32639
32663
32672
32657
32659
32649
32693
32693
32667
32685
32685
32685
32657
32669
32641
32605
32647
32641
32637
32639
32631
32650
32685
32654
32661
32679
32717
32724
32697
32680
32669
32644
32675
32709
32737
32679
32691
32673
32680
32701
32678
32713
32697
32723
32735
32691
32686
32677
32653
32670
32677
32686
32655
32689
32685
32661
32637
32597
32662
32705
32683
32695
32703
32689
32716
32677
32667
32691
32687
32659
32639
32640
32639
32642
32668
32647
32669
32639
32625
32663
32681
32623
32599
32615
32633
32651
32667
32685
32651
32641
32669
32703
32693
32703
32724
32681
32700
32658
32663
32695
32714
32700
32699
32663
32628
32668
32651
32728
32777
32757
32743
32790
32746
32711
32703
32750
32738
32750
32760
32774
32767
32791
32795
32767
32791
32819
32806
32831
32796
32799
32876
32907
32857
32783
32831
32834
32828
32815
32848
32889
32829
32867
32869
32874
32829
32834
32850
32868
32849
32878
32932
32905
32877
32882
32875
32896
32917
32915
32935
32958
32951
32939
33007
32975
32919
33014
32983
32967
33014
33009
33019
32998
33012
33020
32969
32938
33043
33015
33002
33006
33011
32987
32999
33039
33029
33000
32995
32978
33002
33047
33031
33047
33036
33087
33090
33055
33078
33090
33087
33064
33082
33126
33084
33068
33079
33105
33095
33059
33091
33077
33127
33069
33051
33104
33092
33146
33128
33075
33085
33083
33073
33087
33125
33150
33157
33145
33125
33115
33125
33118
33137
33091
33129
33117
33161
33134
33103
33139
33155
33171
33178
33151
33133
33126
33171
33173
33185
33177
33201
33187
33181
33171
33191
33189
33186
33200
33183
33199
33235
33218
33222
33220
33183
33225
33230
33163
33179
33226
33184
33217
33235
33229
33207
33219
33238
33229
33265
33235
33233
33242
33275
33276
33261
33298
33225
33224
33245
33231
33224
33231
33229
33225
33213
33227
33230
33225
33225
33210
33239
33241
33239
33255
33273
33245
33218
33207
33238
33243
33271
33261
33246
33271
33305
33253
33253
33282
33265
33267
33257
33258
33258
33266
33247
33319
33325
33301
33280
33263
33327
33337
33321
33255
33268
33257
33274
33290
33309
33273
33273
33291
33295
33319
33258
33279
33255
33265
33309
33321
33315
33293
33276
33277
33263
33269
33285
33258
33308
33303
33298
33291
33277
33259
33252
33285
33305
33271
33271
33289
33259
33293
33309
33316
33304
33303
33327
33301
33275
33316
33325
33323
33335
33315
33277
33287
33278
33263
33277
33275
33343
33351
33333
33340
33343
33283
33313
33330
33340
33351
33324
33327
33367
33396
33347
33329
33349
33319
33334
33323
33335
33357
33349
33358
33359
33392
33373
33316
33299
33375
33375
33328
33335
33359
33383
33360
33352
33361
33367
33367
33390
33381
33375
33347
33343
33364
33353
33399
33377
33349
33401
33365
33383
33387
33380
33379
33383
33378
33373
33365
33401
33397
33411
33350
33351
33382
33395
33366
33358
33383
33383
33376
33367
33358
33343
33363
33393
33357
33362
33369
33343
33325
33359
33370
33378
33345
33315
33335
33337
33367
33384
33348
33363
33325
33314
33372
33343
33291
33309
33335
33365
33360
33361
33416
33377
33359
33337
33327
33341
33383
33376
33385
33367
33340
33351
33293
33341
33419
33375
33366
33376
33360
33311
33307
33295
33326
33331
33297
33317
33297
33308
33316
33314
33308
33297
33332
33327
33359
33335
33303
33299
33279
33281
33299
33336
33341
33339
33339
33337
33333
33374
33372
33343
33293
33307
33315
33307
33286
33284
33242
33291
33271
33269
33292
33278
33280
33291
33271
33251
33225
33234
33264
33259
33259
33275
33263
33263
33271
33240
33255
33245
33239
33233
33277
33248
33241
33206
33163
33158
33191
33153
33140
33178
33183
33114
33127
33170
33163
33181
33174
33134
33136
33135
33146
33167
33141
33126
33093
33117
33159
33168
33117
33075
33079
33097
33097
33090
33122
33080
33040
33066
33071
33039
33041
33012
33010
33031
33011
33010
33042
32999
32993
33031
33016
33013
32992
33024
33011
32970
32947
32959
32949
32967
32971
32920
32943
32967
32949
32931
32897
32931
32926
32931
32915
32887
32900
32911
32903
32847
32884
32919
32906
32895
32845
32827
32826
32791
32839
32853
32817
32797
32783
32789
32797
32785
32823
32796
32767
32766
32765
32760
32707
32719
32751
32766
32776
32743
32758
32711
32695
32693
32672
32746
32709
32659
32686
32698
32643
32677
32682
32652
32634
32634
32641
32624
32607
32589
32573
32593
32613
32573
32616
32639
32615
32603
32609
32610
32595
32615
32567
32600
32590
32606
32597
32581
32618
32583
32575
32597
32579
32546
32569
32565
32597
32586
32551
32577
32551
32559
32568
32591
32575
32553
32547
32561
32567
32575
32554
32546
32538
32543
32562
32599
32589
32592
32553
32581
32585
32551
32536
32560
32571
32534
32494
32535
32618
32617
32600
32519
32529
32527
32539
32537
32601
32595
32573
32602
32568
32581
32559
32569
32543
32539
32554
32588
32587
32558
32557
32546
32570
32583
32571
32569
32511
32549
32553
32577
32566
32550
32595
32591
32544
32525
32519
32515
32506
32519
32526
32533
32545
32545
32563
32571
32559
32532
32536
32505
32471
32437
32487
32525
32520
32538
32538
32495
32491
32535
32519
32525
32563
32539
32593
32548
32495
32564
32559
32548
32547
32533
32563
32535
32499
32511
32551
32542
32515
32507
32516
32526
32547
32525
32503
32548
32571
32510
32519
32514
32521
32545
32541
32529
32528
32553
32558
32527
32533
32499
32543
32516
32505
32493
32543
32557
32545
32511
32499
32543
32531
32505
32487
32504
32495
32483
32512
32486
32509
32503
32517
32533
32538
32514
32513
32544
32555
32508
32549
32557
32513
32543
32551
32497
32523
32568
32561
32571
32567
32495
32501
32522
32529
32507
32532
32544
32532
32529
32502
32517
32511
32505
32527
32543
32559
32535
32535
32543
32565
32557
32505
32515
32519
32500
32525
32529
32496
32573
32559
32549
32609
32616
32560
32542
32585
32599
32584
32555
32601
32599
32619
32592
32571
32569
32585
32589
32559
32557
32537
32547
32511
32546
32570
32599
32655
32615
32602
32541
32541
32534
32565
32531
32535
32557
32599
32599
32673
32681
32619
32680
32715
32669
32664
32677
32639
32636
32676
32655
32659
32671
32647
32639
32643
32663
32651
32641
32621
32662
32658
32661
32647
32684
32699
32657
32624
32643
32625
32619
32631
32631
32589
32607
32612
32623
32602
32631
32616
32597
32605
32605
32575
32645
32627
32609
32573
32616
32605
32588
32607
32638
32649
32668
32664
32625
32604
32612
32563
32595
32661
32637
32615
32610
32631
32639
32619
32606
32585
32586
32628
32640
32645
32599
32637
32631
32654
32637
32629
32623
32631
32680
32659
32639
32703
32731
32681
32671
32677
32669
32649
32665
32674
32652
32679
32708
32678
32667
32633
32643
32688
32690
32662
32691
32657
32653
32687
32682
32685
32699
32715
32722
32729
32703
32706
32733
32717
32723
32720
32676
32711
32746
32703
32727
32719
32748
32743
32753
32743
32705
32678
32719
32743
32703
32766
32791
32743
32741
32765
32751
32727
32713
32745
32718
32691
32703
32717
32742
32765
32784
32762
32771
32749
32714
32725
32727
32711
32711
32740
32775
32779
32741
32799
32771
32769
32767
32774
32761
32761
32780
32755
32766
32789
32758
32775
32759
32775
32733
32755
32771
32795
32812
32851
32822
32809
32824
32793
32793
32789
32771
32789
32764
32797
32776
32800
32795
32780
32801
32840
32827
32847
32854
32831
32837
32841
32879
32840
32819
32817
32846
32848
32838
32879
32877
32841
32821
32785
32798
32799
32791
32798
32752
32759
32751
32778
32782
32759
32752
32743
32752
32746
32751
32756
32728
32730
32741
32727
32726
32666
32656
32681
32679
32667
32659
32643
32673
32664
32695
32687
32645
32653
32661
32664
32631
32679
32733
32725
32692
32663
32663
32725
32715
32699
32730
32727
32718
32701
32679
32709
32677
32655
32677
32733
32721
32719
32666
32715
32744
32732
32709
32694
32735
32683
32681
32735
32684
32657
32637
32667
32715
32669
32687
32710
32719
32650
32653
32690
32705
32719
32741
32710
32697
32730
32689
32684
32711
32687
32671
32718
32731
32673
32677
32723
32725
32703
32696
32710
32722
32701
32711
32693
32709
32739
32707
32698
32753
32775
32736
32706
32706
32735
32730
32729
32701
32718
32745
32759
32752
32739
32694
32711
32728
32741
32781
32798
32815
32797
32814
32843
32851
32840
32823
32791
32807
32801
32833
32839
32799
32845
32847
32839
32834
32820
32851
32841
32851
32836
32899
32857
32838
32900
32886
32885
32879
32897
32919
32913
32861
32897
32935
32905
32901
32889
32910
32925
32902
32943
32937
32926
32869
32891
32953
32959
32935
32926
32959
32929
32940
32951
32933
32929
32915
32903
32945
32925
32981
32965
32967
33033
33009
32995
33005
33008
32983
32955
32965
33023
33010
33023
33012
32966
33011
32998
32977
32959
32957
33003
32988
33017
33030
33034
33019
33007
32967
33018
33044
33038
33017
32995
33010
33037
33043
33043
33059
33107
33093
33062
33083
33131
33103
33075
33076
33116
33069
33071
33097
33164
33143
33093
33127
33160
33161
33149
33163
33159
33144
33150
33177
33139
33143
33151
33162
33177
33133
33142
33184
33163
33184
33175
33159
33149
33156
33167
33178
33221
33184
33169
33203
33205
33219
33198
33200
33221
33183
33145
33174
33209
33190
33200
33231
33218
33213
33240
33258
33239
33207
33185
33209
33199
33209
33255
33223
33223
33237
33266
33211
33206
33237
33212
33254
33212
33199
33293
33277
33241
33276
33297
33277
33287
33276
33252
33245
33271
33267
33284
33265
33269
33259
33281
33271
33287
33279
33289
33277
33273
33268
33270
33269
33259
33263
33269
33243
33238
33233
33245
33234
33238
33229
33229
33251
33256
33279
33271
33260
33234
33205
33214
33221
33215
33255
33269
33234
33245
33277
33247
33218
33207
33212
33183
33160
33185
33207
33247
33219
33236
33237
33223
33232
33240
33207
33173
33199
33185
33170
33198
33239
33231
33221
33214
33206
33213
33207
33218
33178
33190
33163
33143
33165
33215
33219
33228
33206
33215
33193
33178
33177
33221
33200
33121
33156
33161
33143
33179
33170
33182
33183
33225
33205
33215
33183
33127
33137
33160
33162
33155
33127
33143
33151
33157
33143
33162
33189
33201
33199
33193
33197
33155
33118
