33290
33773
33692
33758
33863
33540
33111
32647
32455
32793
33003
33025
33319
33343
33177
33128
32962
32955
33261
33655
33936
34044
33830
33484
33357
33342
32856
32455
32451
32724
33127
33541
33452
33284
33351
33274
33253
33298
33226
33163
33145
33173
33142
33033
33189
33301
33420
33467
33415
33301
33080
32767
32400
32243
32519
33058
33434
33285
33103
33102
33291
33501
33507
33361
33250
33165
33210
33314
32918
32551
32654
33147
33482
33277
33013
33133
33396
33383
33143
32950
33079
33588
34173
34224
33735
33070
32669
32709
32987
33126
33082
33173
33462
33731
33795
33401
32788
32732
32731
32914
33223
33096
33172
33348
33561
33744
33437
33206
33128
33137
33367
33487
33547
33410
33100
32946
32733
32495
32537
32806
33223
33361
33238
33183
33323
33647
33683
33573
33345
33013
33019
33122
33123
33042
33095
33245
33322
33044
32677
32721
32879
32924
33011
32864
32767
33035
33411
33609
33647
33412
33350
33601
33618
33553
33369
33149
33031
32955
32883
32888
32877
33158
33496
33442
33239
33093
33137
33357
33204
33059
33209
33316
33681
33922
33673
33392
33113
32807
32701
32703
32753
32920
33356
33731
33823
33512
33085
32922
32825
32770
32921
33024
33191
33363
33399
33354
33153
33211
33493
33567
33479
33241
33100
33238
33319
33287
33287
32967
32756
32841
32920
32921
32958
33119
33505
33681
33385
33012
32777
32921
33276
33471
33443
33265
33191
33327
33385
33177
32967
32844
32991
33182
33127
32946
32931
33031
33311
33489
33474
33383
33299
33259
33223
33073
32961
33042
33323
33539
33506
33311
33191
33137
33200
33285
33137
33047
33175
33349
33283
33045
32881
32831
33107
33323
33369
33371
33202
32993
33005
33175
33110
33107
33324
33538
33651
33789
33687
33335
33119
32889
32739
32803
32759
32843
33184
33343
33275
33165
33191
33257
33351
33631
33670
33527
33465
33121
32991
33007
32811
32903
33139
33233
33233
33009
32864
32934
33131
33210
33163
33140
33101
33079
33147
33149
33071
33181
33479
33587
33520
33278
32939
32844
32884
32895
33174
33358
33387
33455
33303
33157
33050
32998
33127
33319
33402
33309
33190
33104
33089
33112
33023
33097
33371
33639
33584
33400
33268
33110
33060
33151
33097
33004
33056
33101
33289
33471
33355
33195
33183
33229
33301
33229
33111
33145
33331
33537
33547
33360
33183
33172
33205
33222
33034
32738
32695
32939
33267
33429
33429
33383
33342
33273
33079
32823
32656
32829
33175
33383
33238
32873
32837
33019
33171
33254
33133
33079
33358
33622
33577
33211
32845
32842
33081
33266
33257
33127
33129
33191
33288
33273
33083
32935
32967
33180
33482
33451
33287
33335
33533
33613
33489
33303
33244
33338
33313
32995
32831
32871
32897
33023
33140
33206
33299
33369
33477
33567
33495
33239
33191
33228
33255
33263
33249
33309
33335
33329
33295
33144
32993
32937
32975
33047
33043
33047
33121
33138
33165
33222
33240
33196
33221
33195
33065
33096
33141
33238
33337
33163
32991
33027
33017
33136
33123
32960
32887
32919
33072
33142
33013
32975
33090
33319
33489
33412
33333
33326
33387
33501
33491
33314
33221
33192
33162
33186
33078
32890
32907
33147
33425
33460
33242
33094
33138
33295
33410
33395
33347
33389
33527
33656
33510
33126
32927
32949
33111
33193
33097
33007
32946
32994
33139
33103
33120
33325
33480
33539
33449
33203
33178
33179
33151
33185
33091
33082
33160
33209
33206
32979
32763
32803
32938
33157
33285
33240
33229
33185
33154
33127
32997
32968
33151
33283
33337
33315
33151
33057
33081
33047
33021
33092
33223
33419
33386
33175
33047
33066
33146
33249
33286
33294
33309
33367
33445
33439
33351
33315
33304
33367
33305
33174
33053
33079
33102
33121
33154
33108
33154
33285
33325
33285
33205
33119
33191
33317
33327
33355
33241
33135
33171
33183
33169
33133
33122
33203
33197
33068
32959
32968
33099
33207
33188
33189
33195
33285
33398
33358
33294
33223
33151
33139
33124
33075
32978
32983
33022
33087
33151
33132
33108
33160
33216
33232
33221
33160
33147
33191
33205
33203
33173
33134
33195
33264
33229
33131
33151
33212
33261
33315
33282
33246
33253
33259
33301
33239
33094
33023
33080
33213
33289
33251
33303
33376
33429
33351
33141
33050
33067
33167
33291
33307
33219
33125
33076
33135
33269
33204
33119
33129
33153
33202
33185
33167
33186
33159
33148
33149
33215
33220
33223
33271
33350
33298
33193
33143
33223
33257
33173
33021
32979
33066
33175
33231
33252
33225
33234
33221
33177
33156
33073
33044
33083
33135
33183
33183
33229
33279
33273
33236
33178
33165
33180
33127
33040
32995
33040
33133
33171
33217
33234
33183
33207
33228
33213
33234
33217
33223
33241
33270
33297
33343
33328
33303
33246
33146
33001
32993
33113
33159
33151
33156
33153
33183
33266
33313
33276
33207
33201
33209
33277
33336
33271
33187
33179
33167
33187
33204
33211
33265
33287
33219
33163
33145
33121
33120
33127
33169
33229
33203
33241
33360
33383
33294
33218
33144
33104
33075
33077
33086
33129
33164
33171
33091
33080
33061
33089
33127
33105
33079
33073
33092
33154
33209
33159
33091
33139
33265
33310
33225
33147
33098
33111
33195
33269
33227
33125
33081
33164
33271
33309
33293
33247
33253
33257
33209
33116
33094
33154
33249
33273
33241
33198
33197
33263
33313
33317
33231
33179
33187
33279
33317
33238
33157
33164
33224
33274
33287
33258
33221
33215
33171
33080
33031
33045
33139
33237
33309
33337
33340
33297
33302
33319
33250
33138
33012
32954
32994
33062
33100
33107
33097
33118
33139
33098
33029
32999
33053
33135
33190
33203
33158
33149
33159
33178
33167
33150
33231
33261
33223
33203
33167
33117
33067
33069
33077
33099
33100
33115
33215
33340
33378
33373
33334
33313
33334
33287
33265
33259
33258
33322
33332
33333
33334
33251
33151
33100
33057
33079
33063
33101
33235
33262
33234
33221
33215
33279
33327
33373
33392
33409
33350
33263
33150
33055
33063
33104
33048
33029
33035
33074
33112
33101
33089
33049
33037
33135
33261
33321
33321
33253
33217
33233
33211
33179
33043
32952
32984
33060
33089
33037
33012
33009
33066
33125
33133
33149
33175
33210
33231
33231
33235
33256
33265
33292
33295
33283
33258
33233
33287
33341
33299
33179
33097
33109
33175
33198
33183
33201
33257
33335
33370
33355
33296
33255
33232
33194
33185
33234
33283
33314
33337
33313
33200
33087
33039
33093
33107
33071
33089
33141
33163
33184
33194
33179
33189
33233
33255
33257
33269
33269
33245
33213
33146
33087
33019
32987
32992
33059
33080
33083
33132
33186
33200
33183
33140
33101
33111
33171
33213
33209
33173
33155
33161
33191
33123
33067
33103
33167
33159
33192
33207
33254
33267
33231
33168
33187
33272
33317
33313
33239
33206
33191
33173
33191
33263
33271
33259
33223
33259
33276
33240
33230
33219
33248
33239
33231
33183
33149
33172
33182
33171
33144
33127
33147
33144
33209
33220
33201
33199
33221
33239
33210
33191
33187
33181
33139
33101
33110
33153
33163
33159
33183
33177
33167
33149
33153
33167
33197
33199
33188
33186
33189
33179
33121
33098
33109
33151
33183
33175
33195
33193
33156
33133
33159
33153
33159
33174
33215
33230
33207
33173
33111
33119
33122
33106
33141
33201
33314
33351
33299
33263
33223
33198
33223
33225
33251
33209
33145
33125
33113
33155
33144
33175
33200
33221
33239
33245
33231
33247
33271
33265
33243
33191
33203
33165
33159
33135
33101
33083
33103
33180
33205
33189
33138
33122
33170
33211
33254
33271
33273
33261
33238
33223
33164
33143
33137
33177
33175
33184
33172
33125
33111
33051
33065
33143
33229
33290
33247
33175
33161
33124
33111
33053
33061
33122
33185
33199
33213
33157
33095
33075
33089
33121
33163
33223
33255
33243
33231
33196
33169
33113
33079
33120
33174
33231
33259
33219
33225
33218
33245
33275
33279
33258
33235
33201
33193
33159
33159
33153
33155
33179
33182
33207
33179
33189
33236
33259
33313
33302
33239
33226
33183
33192
33169
33134
33151
33199
33241
33299
33278
33241
33165
33119
33177
33158
33135
33158
33167
33238
33235
33231
33178
33117
33093
33067
33080
33099
33081
33100
33098
33128
33167
33182
33153
33173
33165
33170
33159
33121
33108
33084
33071
33015
32978
33015
33113
33175
33204
33232
33261
33270
33245
33243
33292
33242
33226
33215
33223
33275
33217
33209
33165
33107
33125
33166
33200
33235
33214
33261
33257
33255
33296
33259
33303
33334
33303
33328
33262
33238
33196
33110
33120
33159
33181
33203
33145
33157
33187
33179
33193
33200
33168
33187
33153
33167
33151
33159
33205
33223
33250
33245
33206
33166
33097
33071
33047
33019
33085
33083
33071
33089
33051
33089
33071
33015
33069
33115
33161
33239
33239
33221
33213
33167
33187
33209
33181
33183
33171
33119
33136
33098
33111
33111
33098
33149
33149
33181
33279
33336
33351
33401
33381
33377
33315
33261
33259
33212
33193
33215
33209
33237
33191
33126
33167
33155
33138
33136
33133
33227
33295
33269
33269
33233
33251
33277
33220
33175
33180
33155
33176
33176
33165
33150
33067
33063
33107
33107
33119
33137
33136
33173
33177
33149
33138
33087
33081
33109
33106
33145
33186
33181
33205
33200
33147
33125
33089
33044
33073
33059
33079
33104
33081
33143
33145
33183
33203
33187
33199
33277
33269
33277
33269
33241
33251
33209
33195
33200
33230
33255
33277
33246
33225
33213
33151
33137
33183
33193
33230
33250
33303
33351
33298
33255
33235
33187
33207
33175
33175
33173
33155
33182
33170
33154
33179
33145
33189
33217
33209
33246
33167
33154
33185
33135
33185
33121
33119
33136
33099
33144
33175
33145
33219
33225
33223
33200
33119
33092
33103
33107
33188
33167
33174
33157
33119
33112
33075
33069
33111
33143
33171
33223
33230
33233
33183
33169
33157
33159
33183
33213
33226
33215
33181
33207
33177
33159
33129
33118
33196
33213
33244
33219
33201
33267
33247
33215
33239
33223
33244
33221
33183
33239
33214
33209
33239
33194
33191
33187
33121
33161
33132
33163
33239
33206
33207
33191
33139
33173
33122
33136
33165
33183
33274
33294
33245
33225
33143
33160
33158
33137
33147
33138
33178
33184
33153
33142
33065
33091
33157
33181
33221
33228
33210
33244
33183
33151
33182
33125
33171
33165
33125
33122
33084
33121
33129
33094
33141
33127
33151
33171
33187
33203
33169
33171
33219
33199
33231
33193
33157
33189
33175
33232
33221
33194
33223
33198
33175
33135
33140
33169
33191
33202
33238
33287
33284
33236
33161
33151
33137
33159
33209
33231
33251
33239
33231
33210
33207
33201
33181
33203
33203
33217
33204
33191
33193
33207
33170
33154
33182
33189
33201
33228
33225
33243
33221
33195
33183
33149
33131
33135
33156
33167
33171
33163
33164
33162
33119
33087
33063
33068
33115
33127
33146
33161
33173
33131
33118
33111
33071
33102
33141
33178
33191
33170
33172
33151
33148
33149
33134
33131
33209
33234
33243
33205
33165
33175
33156
33179
33173
33197
33239
33267
33292
33279
33281
33273
33272
33301
33256
33210
33198
33217
33240
33235
33163
33127
33154
33225
33265
33237
33200
33183
33201
33268
33289
33231
33199
33193
33225
33255
33242
33169
33155
33142
33151
33133
33099
33084
33082
33088
33149
33157
33171
33181
33151
33153
33166
33103
33100
33110
33111
33157
33156
33159
33171
33091
33069
33021
33067
33091
33109
33113
33137
33167
33157
33165
33153
33167
33175
33195
33261
33285
33281
33260
33249
33243
33234
33207
33199
33215
33221
33239
33217
33215
33207
33191
33207
33201
33209
33221
33253
33315
33335
33326
33321
33281
33276
33219
33181
33151
33126
33147
33177
33175
33149
33113
33112
33118
33181
33175
33185
33231
33231
33235
33223
33149
33133
33158
33149
33185
33157
33129
33136
33113
33103
33070
33015
33026
33051
33094
33143
33116
33127
33143
33154
33192
33175
33142
33132
33167
33167
33141
33159
33155
33176
33182
33210
33183
33156
33189
33184
33225
33204
33215
33215
33224
33238
33213
33259
33235
33284
33299
33309
33308
33277
33292
33228
33194
33199
33201
33221
33212
33205
33169
33197
33190
33193
33183
33143
33179
33196
33242
33243
33214
33192
33185
33179
33171
33175
33163
33149
33151
33159
33147
33086
33081
33095
33145
33180
33133
33144
33154
33191
33214
33151
33143
33107
33099
33117
33121
33146
33131
33139
33151
33180
33180
33181
33143
33135
33164
33165
33172
33173
33195
33183
33151
33161
33136
33175
33210
33231
33228
33199
33220
33227
33249
33233
33220
33211
33230
33283
33269
33232
33165
33157
33183
33162
33159
33171
33209
33213
33226
33221
33223
33246
33214
33215
33213
33193
33167
33181
33175
33181
33188
33140
33158
33156
33135
33157
33153
33158
33135
33174
33168
33173
33151
33139
33157
33162
33183
33182
33191
33209
33207
33164
33141
33142
33132
33161
33161
33192
33212
33173
33147
33112
33101
33105
33117
33150
33145
33164
33193
33213
33213
33187
33158
33175
33195
33239
33219
33185
33158
33135
33167
33139
33153
33141
33133
33167
33194
33248
33244
33242
33233
33225
33237
33225
33201
33186
33220
33246
33250
33217
33180
33163
33153
33135
33141
33113
33137
33213
33229
33215
33195
33177
33162
33187
33191
33229
33203
33192
33208
33190
33197
33175
33172
33153
33177
33181
33218
33217
33217
33199
33201
33169
33151
33117
33130
33135
33161
33160
33165
33138
33151
33158
33164
33177
33180
33159
33139
33137
33129
33119
33105
33107
33095
33090
33125
33141
33181
33155
33135
33176
33183
33196
33198
33170
33173
33191
33203
33233
33222
33212
33211
33189
33179
33161
33167
33173
33196
33193
33227
33215
33209
33230
33216
33197
33191
33200
33219
33239
33261
33229
33186
33173
33211
33233
33246
33233
33225
33239
33226
33214
33173
33167
33159
33162
33144
33169
33166
33172
33203
33195
33199
33175
33151
33171
33186
33203
33175
33166
33159
33165
33165
33106
33059
33035
33044
33076
33082
33095
33109
33111
33139
33174
33167
33167
33150
33173
33200
33215
33203
33174
33151
33131
33128
33115
33141
33155
33177
33197
33173
33181
33185
33206
33224
33245
33240
33269
33280
33279
33275
33235
33241
33247
33238
33248
33233
33213
33215
33215
33217
33223
33205
33178
33194
33202
33213
33231
33195
33193
33194
33193
33191
33206
33207
33211
33212
33178
33183
33180
33185
33162
33121
33132
33096
33089
33081
33095
33088
33117
33133
33181
33180
33159
33156
33128
33135
33143
33133
33142
33144
33129
33111
33066
33077
33071
33093
33107
33125
33138
33138
33150
33167
33189
33179
33217
33227
33265
33269
33259
33223
33212
33225
33229
33223
33197
33181
33197
33239
33223
33232
33225
33273
33294
33278
33247
33211
33215
33233
33226
33223
33207
33189
33209
33233
33223
33212
33164
33154
33175
33181
33192
33160
33141
33155
33145
33159
33151
33132
33167
33168
33171
33157
33151
33137
33138
33144
33115
33122
33119
33111
33138
33145
33111
33100
33095
33101
33095
33073
33117
33148
33143
33167
33151
33155
33173
33189
33186
33175
33169
33159
33189
33199
33171
33165
33165
33210
33234
33232
33206
33183
33208
33233
33239
33233
33226
33232
33227
33234
33226
33235
33215
33218
33235
33223
33203
33193
33209
33237
33241
33223
33191
33208
33207
33181
33175
33149
33142
33143
33131
33137
33135
33143
33166
33191
33169
33191
33167
33181
33179
33154
33143
33138
33144
33159
33139
33132
33102
33105
33124
33119
33134
33141
33133
33145
33166
33155
33173
33151
33157
33173
33185
33197
33166
33173
33159
33157
33135
33129
33127
33151
33175
33179
33184
33185
33191
33220
33207
33202
33205
33199
33203
33210
33218
33205
33195
33217
33214
33196
33215
33221
33233
33228
33207
33165
33172
33172
33178
33173
33163
33174
33188
33205
33223
33219
33201
33197
33182
33197
33191
33167
33158
33175
33185
33189
33141
33137
33123
33137
33151
33155
33154
33186
33184
33203
33215
33173
33165
33191
33197
33199
33183
33187
33152
33153
33151
33133
33125
33139
33135
33147
33135
33136
33137
33167
33166
33191
33159
33163
33151
33155
33177
33159
33159
33143
33161
33160
33172
33171
33173
33183
33186
33188
33175
33157
33159
33162
33169
33166
33197
33192
33195
33207
33183
33178
33191
33208
33237
33215
33206
33215
33205
33213
33216
33194
33169
33161
33167
33185
33174
33159
33171
33198
33207
33212
33203
33199
33194
33213
33205
33207
33199
33208
33207
33205
33201
33154
33149
33140
33164
33181
33159
33129
33139
33147
33163
33149
33140
33128
33146
33159
33141
33154
33137
33127
33138
33138
33131
33121
33115
33151
33159
33159
33137
33143
33137
33135
33115
33104
33110
33141
33192
33180
33187
33162
33170
33191
33199
33204
33212
33232
33245
33245
33227
33172
33181
33181
33191
33201
33172
33174
33217
33231
33243
33214
33209
33214
33241
33257
33256
33227
33214
33228
33234
33213
33189
33164
33163
33181
33180
33177
33149
33156
33177
33165
33162
33166
33156
33183
33185
33183
33172
33168
33170
33159
33151
33113
33128
33132
33142
33128
33116
33134
33141
33126
33099
33063
33061
33083
33128
33131
33120
33138
33149
33179
33171
33155
33145
33157
33174
33214
33185
33171
33159
33148
33169
33187
33142
33143
33177
33220
33235
33247
33206
33225
33235
33251
33263
33245
33253
33257
33285
33249
33232
33192
33195
33177
33188
33183
33175
33187
33209
33222
33200
33194
33177
33196
33198
33201
33185
33195
33194
33190
33184
33166
33136
33111
33115
33127
33121
33139
33151
33143
33139
33131
33114
33107
33095
33103
33109
33128
33143
33149
33141
33125
33105
33098
33101
33125
33140
33135
33143
33151
33144
33149
33146
33132
33136
33120
33155
33181
33189
33178
33187
33191
33199
33211
33212
33237
33215
33225
33231
33238
33223
33230
33209
33186
33179
33201
33231
33256
33251
33205
33199
33203
33224
33222
33190
33168
33193
33219
33258
33235
33190
33158
33162
33166
33160
33155
33126
33151
33179
33191
33188
33151
33111
33127
33112
33136
33126
33139
33151
33153
33143
33120
33116
33119
33127
33141
33162
33145
33169
33159
33155
33146
33121
33095
33114
33116
33121
33155
33139
33135
33147
33161
33177
33164
33177
33177
33167
33195
33210
33231
33209
33199
33177
33180
33161
33199
33189
33174
33175
33197
33208
33203
33181
33187
33182
33196
33234
33247
33261
33246
33231
33189
33190
33185
33186
33175
33157
33169
33184
33189
33201
33169
33162
33140
33139
33151
33167
33154
33135
33137
33156
33165
33175
33151
33143
33183
33172
33179
33163
33187
33196
33167
33138
33127
33119
33116
33130
33145
33149
33151
33166
33143
33158
33157
33151
33150
33169
33163
33204
33191
33197
33150
33137
33127
33131
33139
33140
33135
33143
33159
33158
33177
33160
33177
33165
33202
33215
33223
33209
33205
33189
33195
33175
33175
33179
33167
33178
33195
33191
33185
33199
33191
33176
33168
33170
33167
33178
33185
33177
33199
33194
33201
33184
33175
33171
33175
33183
33175
33191
33201
33201
33191
33169
33167
33167
33161
33164
33151
33134
33133
33159
33156
33163
33161
33190
33157
33175
33183
33177
33176
33157
33137
33137
33139
33141
33117
33111
33102
33101
33141
33155
33159
33127
33138
33121
33167
33169
33183
33157
33164
33181
33173
33184
33167
33149
33137
33147
33163
33175
33191
33189
33183
33177
33159
33172
33192
33190
33209
33192
33186
33201
33209
33215
33191
33191
33189
33197
33223
33222
33240
33209
33228
33199
33188
33163
33176
33185
33195
33149
33170
33171
33189
33199
33207
33193
33191
33195
33215
33207
33221
33189
33160
33148
33165
33171
33141
33135
33111
33122
33114
33135
33128
33116
33114
33112
33135
33159
33167
33183
33163
33156
33149
33166
33153
33125
33085
33088
33109
33133
33141
33135
33104
33117
33133
33175
33173
33161
33171
33181
33186
33191
33182
33202
33203
33213
33203
33222
33218
33223
33223
33218
33206
33220
33208
33218
33201
33196
33187
33191
33205
33221
33254
33260
33235
33207
33195
33182
33211
33209
33211
33214
33192
33203
33190
33189
33185
33136
33136
33135
33152
33161
33149
33139
33140
33158
33182
33165
33188
33161
33139
33123
33119
33123
33126
33121
33111
33113
33099
33093
33117
33123
33127
33123
33127
33114
33146
33150
33139
33127
33126
33158
33175
33180
33173
33143
33133
33167
33189
33187
33204
33177
33211
33214
33223
33228
33223
33217
33223
33225
33220
33226
33220
33230
33247
33222
33201
33209
33225
33264
33255
33239
33199
33202
33211
33225
33190
33147
33140
33159
33192
33202
33203
33158
33159
33159
33191
33179
33166
33137
33137
33165
33176
33171
33161
33133
33142
33137
33122
33111
33099
33112
33103
33130
33126
33139
33127
33149
33146
33131
33105
33124
33146
33162
33145
33143
33125
33127
33151
33159
33175
33159
33151
33161
33179
33184
33193
33159
33172
33174
33189
33187
33177
33197
33206
33215
33214
33237
33257
33249
33235
33218
33210
33209
33230
33231
33213
33191
33193
33203
33180
33194
33179
33177
33193
33205
33201
33195
33175
33193
33198
33189
33191
33185
33190
33203
33151
33129
33118
33120
33135
33167
33143
33121
33113
33147
33171
33167
33139
33115
33128
33158
33171
33165
33157
33151
33159
33157
33142
33141
33135
33141
33151
33144
33139
33123
33140
33169
33143
33148
33138
33156
33175
33167
33178
33165
33185
33200
33205
33221
33208
33186
33211
33209
33237
33197
33194
33175
33191
33191
33173
33183
33188
33190
33209
33197
33195
33195
33239
33236
33225
33192
33197
33227
33223
33207
33183
33153
33170
33176
33188
33155
33153
33138
33157
33181
33167
33162
33159
33172
33191
33220
33187
33181
33169
33185
33166
33169
33161
33165
33155
33176
33172
33152
33165
33151
33162
33149
33165
33153
33166
33167
33157
33139
33139
33158
33157
33166
33153
33151
33165
33177
33183
33183
33161
33177
33168
33179
33157
33146
33146
33161
33193
33183
33171
33158
33155
33206
33233
33223
33203
33177
33214
33226
33232
33193
33184
33165
33197
33215
33191
33175
33168
33171
33183
33179
33175
33154
33171
33212
33203
33215
33199
33192
33204
33207
33189
33175
33167
33172
33191
33197
33186
33177
33179
33169
33173
33183
33145
33149
33145
33147
33139
33159
33167
33161
33155
33157
33159
33168
33183
33191
33170
33150
33129
33143
33139
33135
33123
33118
33119
33149
33156
33125
33108
33103
33131
33173
33163
33175
33172
33171
33200
33199
33193
33171
33161
33170
33166
33163
33156
33177
33175
33177
33167
33174
33201
33199
33205
33200
33221
33237
33253
33253
33193
33192
33203
33231
33223
33207
33195
33200
33199
33223
33205
33185
33159
33173
33175
33206
33206
33190
33167
33183
33176
33187
33169
33175
33167
33174
33167
33144
33175
33149
33163
33143
33124
33125
33141
33169
33159
33127
33105
33129
33137
33148
33137
33130
33105
33134
33179
33165
33145
33137
33134
33132
33148
33128
33131
33139
33131
33157
33171
33165
33157
33167
33163
33185
33183
33197
33223
33227
33197
33207
33200
33226
33229
33213
33184
33173
33219
33250
33241
33221
33179
33167
33228
33242
33248
33204
33179
33227
33251
33232
33192
33153
33183
33171
33200
33194
33190
33197
33185
33177
33179
33190
33168
33144
33146
33150
33139
33122
33143
33128
33145
33127
33127
33127
33153
33170
33154
33156
33127
33112
33149
33145
33119
33087
33094
33133
33159
33173
33127
33101
33127
33139
33181
33141
33107
33156
33175
33219
33228
33195
33181
33163
33207
33213
33213
33185
33160
33195
33214
33217
33227
33197
33209
33207
33231
33260
33234
33217
33217
33209
33221
33199
33191
33210
33178
33229
33219
33227
33223
33197
33175
33159
33181
33206
33187
33175
33146
33137
33187
33167
33155
33123
33112
33147
33155
33169
33135
33105
33151
33158
33153
33149
33113
33133
33141
33151
33125
33109
33095
33169
33145
33123
33079
33091
33137
33187
33215
33167
33153
33175
33211
33212
33153
33123
33115
33163
33227
33191
33196
33171
33161
33193
33188
33183
33195
33172
33190
33207
33218
33224
33219
33221
33222
33220
33223
33215
33225
33225
33211
33175
33169
33180
33214
33215
33167
33124
33147
33197
33237
33218
33137
33127
33129
33161
33171
33159
33141
33158
33192
33195
33189
33141
33127
33107
33092
33124
33159
33178
33147
33124
33117
33140
33151
33159
33157
33166
33166
33175
33204
33182
33145
33139
33127
33166
33195
33210
33195
33139
33106
33116
33172
33199
33183
33121
33143
33180
33206
33203
33185
33172
33180
33193
33238
33182
33179
33168
33167
33199
33191
33211
33190
33163
33175
33201
33225
33208
33148
33166
33149
33167
33177
33192
33181
33182
33169
33211
33212
33203
33176
33120
33135
33135
33239
33219
33153
33120
33121
33177
33214
33191
33134
33089
33127
33195
33217
33175
33107
33095
33150
33211
33291
33245
33159
33136
33143
33159
33155
33167
33126
33123
33157
33149
33175
33186
33164
33144
33155
33145
33169
33215
33172
33139
33080
33089
33179
33219
33201
33161
33118
33182
33171
33191
33183
33103
33092
33135
33195
33197
33174
33139
33121
33151
33231
33238
33251
33169
33128
33195
33218
33215
33178
33124
33137
33190
33216
33243
33179
33222
33169
33191
33204
33182
33175
33161
33111
33114
33123
33232
33302
33301
33209
33141
33128
33247
33232
33156
33157
33112
33115
33142
33270
33179
33059
33217
33132
33118
33148
33106
33122
33159
33190
33259
33248
33247
33117
33089
33110
32917
32904
33139
33118
33221
33271
33225
33189
33139
33121
33054
33111
33215
33191
33223
33141
33036
33029
32981
33117
33033
33075
33268
33287
33431
33381
33268
33205
33113
33208
33143
33087
32996
33015
33229
33269
33287
33121
33187
33255
33340
33413
33271
33246
33142
33122
33148
33094
33109
33171
33291
33187
33219
33311
33255
33321
33173
33061
33059
33094
33238
33231
33281
33168
33035
33177
33176
33118
33093
33111
33003
33177
33341
33311
33209
33043
33004
33057
33169
33159
33095
33051
33028
33165
33091
33051
33015
33056
33231
33209
33127
33007
33119
33263
33265
33194
33013
33033
33247
33363
33249
32963
33071
33111
33275
33345
33139
33111
33145
33337
33407
33277
33138
33095
33229
33379
33263
33182
33151
33135
33300
33443
33241
33095
33089
33212
33276
33223
33161
33147
33294
33454
33273
33143
33124
33107
33279
33225
32958
32816
32976
33263
33387
33343
33133
32990
33182
33268
33183
32973
32899
33031
33227
33367
33267
33094
33048
32981
32897
32906
32863
33111
33365
33368
33287
33041
33019
33175
33224
33219
33078
33011
33177
33358
33397
33157
32977
32942
33033
33209
33206
33167
33075
33179
33310
33290
33333
33231
33183
33275
33298
33211
33203
33217
33279
33356
33263
33113
33167
33217
33279
33161
32981
32983
33183
33439
33477
33302
33143
33053
33105
33256
33161
33153
33244
33229
33303
33285
33165
33087
33026
33089
33133
33190
33124
33103
33135
33094
33000
32948
33009
33148
33302
33194
33062
33023
33030
33186
33280
33179
33175
33196
33317
33245
33059
32858
32793
32981
33228
33227
33146
33078
33023
33186
33314
33143
33008
33141
33239
33309
33287
33162
33196
33266
33313
33248
33103
33163
33319
33309
33157
32933
32925
33206
33346
33363
33241
33119
33162
33300
33314
33255
33161
33198
33392
33389
33255
33134
33019
32993
33042
33127
33173
33219
33311
33331
33261
33147
33093
33033
33109
33129
33048
33077
33153
33211
33313
33283
33106
33079
33061
33060
33134
33095
33090
33047
33111
33289
33239
33183
33141
33057
33071
33087
33119
33217
33249
33152
33130
32977
32942
33049
33151
33213
33159
33155
33247
33315
33354
33245
33155
33077
33103
33224
33219
33156
33132
33117
33115
33235
33285
33237
33156
33175
33225
33138
33153
33166
33197
33222
33217
33255
33197
33184
33249
33315
33301
33169
33251
33288
33267
33143
32975
32993
33061
33191
33295
33191
33046
33041
33207
33280
33234
33174
33136
33248
33297
33245
33183
33097
33051
33096
33172
33127
33131
33219
33197
33039
32943
32980
33097
33195
33180
33067
33033
33130
33189
33255
33235
33173
33143
33239
33322
33303
33084
32967
32887
32982
33162
33194
33193
33053
33071
33202
33225
33177
33084
33155
33235
33281
33301
33232
33161
33079
33151
33190
33264
33299
33257
33259
33150
33095
33194
33190
33193
33187
33184
33195
33212
33224
33179
33124
33079
33208
33327
33381
33287
33173
33189
33165
33199
33240
33115
33121
33215
33259
33265
33141
33003
33050
33160
33217
33235
33115
33052
33057
33121
33235
33257
33178
33100
33057
33172
33199
33135
33115
33071
33035
33109
33197
33217
33175
33029
32971
33014
33033
33125
33253
33208
33145
33085
33099
33199
33161
33112
33107
33111
33175
33252
33300
33257
33123
33157
33243
33195
33228
33162
33122
33249
33231
33168
33177
33168
33175
33197
33229
33200
33175
33206
33329
33367
33301
33238
33180
33235
33213
33191
33220
33215
33187
33203
33203
33108
33039
33057
33147
33163
33141
33159
33196
33245
33241
33187
33121
33094
33151
33196
33223
33115
33041
33047
33075
33096
33100
33101
33071
33072
33094
33120
33112
33052
33082
33107
33113
33137
33131
33111
33097
33157
33143
33206
33279
33257
33204
33090
33029
33073
33115
33167
33187
33227
33252
33277
33279
33185
33057
33082
33147
33244
33341
33337
33263
33225
33207
33207
33237
33239
33242
33273
33333
33268
33233
33179
33143
33124
33132
33155
33194
33215
33242
33220
33185
33169
33165
33233
33227
33219
33163
33118
33121
33094
33108
33133
33138
33164
33179
33119
33087
33059
33079
33125
33144
33103
33089
33091
33116
33059
33051
33072
33062
33141
33207
33207
33195
33135
33104
33104
33151
33151
33177
33167
33152
33123
33101
33122
33100
33141
33183
33195
33203
33214
33208
33207
33207
33203
33195
33259
33303
33354
33299
33232
33167
33154
33242
33268
33248
33179
33144
33149
33191
33159
33148
33192
33214
33239
33315
33307
33247
33171
33130
33135
33197
33213
33252
33171
33103
33063
33100
33123
33111
33116
33144
33120
33150
33171
33145
33079
33049
33073
33147
33215
33175
33171
33115
33078
33102
33165
33143
33136
33113
33126
33133
33121
33083
33037
33057
33123
33149
33185
33167
33145
33163
33174
33203
33215
33184
33168
33177
33174
33202
33197
33226
33209
33183
33200
33196
33157
33143
33153
33182
33229
33267
33293
33229
33187
33178
33191
33223
33231
33228
33248
33250
33219
33223
33169
33087
33073
33147
33208
33225
33228
33191
33137
33151
33187
33214
33211
33205
33165
33171
33145
33123
33102
33093
33100
33171
33219
33179
33134
33116
33085
33111
33115
33154
33152
33229
33241
33191
33113
33039
33031
33063
33163
33195
33183
33143
33129
33119
33110
33113
33129
33138
33173
33188
33223
33213
33163
33119
33131
33162
33199
33214
33218
33199
33164
33157
33137
33157
33198
33219
33205
33207
33168
33165
33191
33191
33197
33239
33240
33252
33233
33212
33168
33187
33208
33189
33189
33219
33223
33207
33194
33145
33113
33152
33177
33203
33183
33143
33151
33159
33179
33217
33213
33203
33191
33197
33182
33152
33124
33101
33101
33111
33126
33143
33115
33102
33087
33115
33141
33171
33204
33183
33120
33143
33128
33126
33113
33122
33102
33128
33131
33162
33158
33140
33119
33117
33136
33153
33144
33145
33111
33090
33155
33208
33221
33219
33205
33162
33165
33179
33185
33175
33189
33213
33230
33235
33249
33214
33186
33174
33147
33186
33243
33271
33275
33231
33196
33174
33159
33169
33201
33197
33196
33211
33223
33239
33217
33187
33163
33169
33194
33195
33167
33162
33128
33146
33156
33149
33144
33127
33119
33133
33137
33123
33137
33132
33135
33171
33114
33103
33095
33080
33089
33088
33145
33156
33146
33164
33106
33087
33071
33074
33102
33123
33117
33133
33122
33111
33108
33115
33159
33179
33211
33205
33191
33176
33180
33191
33181
33191
33191
33213
33231
33253
33231
33175
33151
33149
33215
33249
33257
33222
33221
33217
33208
33207
33218
33261
33284
33287
33263
33232
33198
33199
33171
33147
33149
33151
33192
33207
33181
33145
33127
33138
33156
33183
33193
33185
33147
33148
33132
33102
33112
33114
33139
33162
33157
33119
33103
33079
33084
33082
33095
33123
33128
33146
33111
33095
33093
33068
33089
33129
33159
33153
33151
33161
33166
33149
33117
33127
33155
33187
33199
33207
33205
33188
33157
33180
33191
33177
33173
33190
33197
33220
33218
33230
33231
33224
33235
33223
33233
33234
33215
33239
33229
33226
33250
33254
33229
33191
33186
33180
33187
33206
33212
33207
33207
33175
33147
33137
33142
33164
33180
33175
33173
33176
33143
33137
33135
33137
33112
33124
33148
33133
33123
33111
33084
33074
33088
33083
33127
33130
33134
33133
33139
33107
33116
33143
33143
33135
33141
33152
33170
33159
33141
33149
33143
33151
33161
33163
33157
33135
33111
33144
33165
33207
33211
33183
33201
33195
33223
33235
33247
33254
33271
33248
33241
33201
33191
33158
33161
33193
33207
33239
33234
33234
33203
33180
33169
33147
33195
33226
33215
33215
33204
33197
33211
33163
33194
33189
33187
33171
33146
33131
33133
33122
33119
33112
33115
33114
33142
33165
33135
33108
33157
33164
33179
33174
33142
33132
33111
33105
33094
33074
33121
33159
33139
33164
33142
33116
33093
33103
33125
33135
33147
33169
33165
33164
33143
33157
33141
33177
33207
33204
33195
33214
33188
33153
33138
33131
33151
33189
33205
33208
33199
33191
33207
33198
33214
33201
33229
33232
33210
33201
33196
33165
33165
33191
33210
33200
33216
33191
33211
33190
33191
33184
33180
33175
33159
33163
33183
33179
33171
33183
33167
33176
33191
33181
33156
33117
33109
33119
33137
33151
33159
33145
33149
33147
33131
33115
33145
33151
33159
33163
33169
33154
33121
33119
33102
33112
33103
33122
33128
33171
33159
33158
33132
33129
33127
33149
33172
33151
33160
33147
33157
33159
33174
33160
33171
33157
33158
33151
33169
33173
33170
33164
33186
33207
33223
33185
33172
33163
33191
33230
33237
33221
33225
33191
33205
33191
33171
33172
33179
33207
33223
33208
33214
33189
33205
33195
33195
33193
33207
33205
33199
33173
33159
33134
33143
33164
33177
33182
33163
33155
33162
33171
33153
33123
33106
33129
33147
33159
33135
33113
33141
33150
33137
33127
33123
33144
33146
33141
33135
33111
33083
33119
33151
33150
33131
33101
33117
33127
33144
33175
33161
33166
33157
33159
33135
33143
33141
33158
33151
33173
33197
33208
33207
33192
33143
33143
33153
33191
33218
33243
33249
33227
33207
33218
33217
33207
33204
33211
33203
33206
33210
33195
33181
33182
33168
33193
33203
33207
33199
33203
33198
33207
33191
33175
33165
33158
33158
33161
33161
33158
33141
33131
33123
33135
33131
33147
33115
33096
33108
33129
33120
33146
33133
33124
33122
33105
33129
33113
33091
33073
33103
33136
33139
33127
33135
33121
33119
33131
33133
33141
33143
33138
33143
33139
33159
33154
33177
33163
33183
33176
33185
33185
33194
33201
33209
33201
33189
33215
33215
33235
33215
33195
33213
33213
33223
33232
33228
33231
33227
33236
33225
33199
33191
33215
33207
33224
33205
33185
33167
33159
33171
33197
33175
33162
33150
33149
33151
33154
33153
33164
33147
33130
33131
33125
33109
33108
33101
33110
33115
33136
33107
33119
33105
33107
33107
33100
33116
33134
33149
33124
33129
33106
33103
33112
33125
33107
33143
33124
33121
33137
33137
33143
33150
33144
33162
33180
33197
33203
33193
33161
33173
33181
33213
33190
33170
33175
33177
33202
33210
33223
33197
33210
33209
33233
33232
33231
33210
33228
33218
33224
33216
33216
33192
33212
33189
33178
33195
33171
33175
33184
33173
33157
33145
33149
33167
33159
33173
33169
33157
33159
33153
33123
33129
33129
33133
33131
33137
33126
33111
33127
33103
33100
33069
33093
33105
33119
33136
33127
33125
33125
33119
33136
33143
33151
33139
33159
33155
33147
33139
33138
33133
33137
33151
33140
33137
33135
33149
33174
33176
33177
33190
33200
33183
33219
33199
33192
33199
33216
33225
33223
33203
33218
33185
33175
33155
33167
33188
33194
33207
33211
33190
33191
33185
33197
33206
33210
33222
33191
33194
33192
33175
33151
33141
33153
33162
33175
33167
33148
33140
33161
33129
33134
33128
33136
33172
33172
33143
33115
33111
33137
33142
33159
33136
33119
33138
33159
33135
33145
33101
33106
33131
33145
33159
33138
33130
33129
33131
33135
33162
33156
33161
33161
33154
33163
33164
33149
33165
33166
33157
33175
33175
33177
33175
33157
33173
33185
33192
33191
33191
33185
33177
33186
33195
33211
33212
33186
33215
33209
33208
33207
33189
33180
33201
33205
33206
33178
33185
33170
33185
33191
33197
33194
33201
33192
33187
33179
33170
33169
33155
33153
33165
33165
33165
33161
33139
33158
33178
33172
33175
33175
33157
33145
33137
33120
33110
33135
33132
33129
33136
33125
33147
33119
33137
33127
33121
33129
33143
33153
33159
33141
33125
33124
33145
33159
33147
33141
33161
33155
33139
33137
33131
33170
33153
33167
33154
33169
33182
33176
33181
33176
33192
33201
33215
33216
33210
33186
33179
33189
33185
33189
33211
33222
33214
33215
33221
33193
33198
33205
33207
33217
33205
33207
33203
33196
33187
33197
33203
33201
33207
33183
33188
33157
33143
33154
33150
33162
33151
33156
33157
33155
33149
33124
33135
33131
33156
33133
33128
33124
33134
33111
33118
33116
33113
33108
33113
33128
33127
33099
33101
33115
33111
33129
33129
33122
33133
33143
33151
33148
33137
33156
33159
33169
33169
33170
33147
33156
33165
33156
33162
33175
33177
33198
33194
33189
33199
33187
33207
33213
33223
33227
33200
33216
33210
33220
33199
33208
33195
33209
33233
33231
33210
33190
33190
33189
33199
33193
33197
33167
33189
33186
33175
33168
33159
33167
33150
33135
33143
33139
33131
33155
33151
33141
33131
33114
33116
33140
33143
33111
33103
33123
33141
33139
33124
33107
33107
33122
33107
33111
33122
33132
33118
33119
33131
33143
33140
33133
33125
33151
33157
33164
33166
33165
33136
33169
33167
33184
33187
33170
33191
33183
33205
33202
33199
33195
33200
33199
33217
33208
33217
33207
33222
33217
33242
33219
33216
33198
33201
33187
33195
33182
33195
33207
33231
33214
33197
33167
33171
33171
33178
33163
33168
33157
33155
33146
33145
33117
33135
33127
33144
33147
33158
33120
33111
33097
33129
33102
33103
33107
33127
33129
33143
33117
33114
33120
33115
33121
33119
33119
33121
33127
33131
33123
33112
33125
33141
33151
33145
33146
33159
33143
33166
33177
33177
33167
33170
33173
33163
33175
33170
33199
33206
33210
33197
33193
33205
33173
33198
33186
33195
33224
33214
33223
33213
33199
33193
33197
33203
33197
33208
33194
33207
33193
33193
33185
33175
33161
33154
33158
33164
33180
33177
33191
33158
33139
33147
33137
33159
33164
33157
33141
33132
33154
33143
33135
33105
33103
33117
33129
33111
33115
33113
33118
33129
33125
33131
33109
33119
33114
33137
33142
33151
33127
33152
33153
33167
33139
33114
33127
33141
33170
33157
33151
33153
33163
33160
33167
33169
33171
33174
33183
33182
33195
33169
33186
33183
33203
33185
33191
33196
33203
33214
33197
33188
33190
33175
33184
33174
33175
33169
33183
33187
33197
33193
33191
33203
33193
33177
33157
33159
33161
33171
33175
33154
33143
33163
33154
33159
33139
33151
33163
33167
33171
33138
33111
33111
33133
33127
33127
33129
33125
33159
33150
33141
33137
33109
33113
33117
33129
33137
33156
33154
33159
33131
33132
33121
33135
33137
33146
33141
33145
33143
33163
33151
33147
33143
33151
33167
33175
33169
33185
33160
33168
33176
33191
33178
33177
33171
33176
33165
33170
33175
33185
33197
33197
33211
33203
33194
33185
33209
33207
33205
33215
33205
33207
33205
33191
33169
33175
33164
33186
33175
33185
33161
33158
33169
33179
33169
33171
33133
33164
33166
33179
33185
33145
33139
33139
33151
33163
33121
33146
33154
33151
33127
33111
33111
33097
33126
33140
33141
33104
33125
33123
33141
33144
33129
33140
33127
33143
33136
33148
33141
33149
33149
33114
33130
33135
33149
33159
33151
33143
33133
33159
33178
33211
33179
33169
33161
33189
33207
33209
33183
33179
33191
33195
33205
33193
33173
33172
33193
33191
33219
33202
33191
33192
33181
33177
33189
33196
33212
33215
33199
33191
33187
33169
33175
33184
33169
33164
33151
33165
33181
33161
33149
33150
33144
33149
33131
33142
33127
33118
33131
33137
33153
33145
33116
33089
33100
33111
33122
33113
33103
33119
33136
33127
33118
33114
33109
33126
33121
33116
33139
33125
33158
33141
33148
33140
33136
33159
33162
33151
33167
33167
33170
33167
33166
33190
33175
33193
33215
33206
33201
33181
33192
33201
33214
33192
33221
33215
33213
33200
33213
33207
33209
33211
33221
33211
33215
33191
33192
33213
33213
33197
33199
33187
33197
33200
33173
33139
33145
33166
33154
33131
33153
33132
33161
33146
33136
33119
33128
33143
33133
33154
33133
33126
33119
33129
33103
33113
33105
33102
33126
33127
33121
33117
33090
33124
33111
33133
33107
33115
33137
33151
33140
33137
33127
33147
33171
33176
33173
33149
33141
33154
33175
33195
33159
33163
33175
33193
33207
33233
33201
33215
33207
33215
33234
33225
33226
33195
33205
33199
33223
33246
33239
33212
33189
33183
33188
33209
33215
33201
33163
33151
33199
33227
33219
33160
33123
33135
33195
33215
33197
33127
33090
33123
33166
33173
33111
33107
33105
33124
33163
33151
33098
33074
33086
33141
33143
33139
33115
33091
33125
33119
33124
33135
33095
33131
33144
33123
33113
33128
33127
33151
33145
33136
33141
33180
33173
33185
33145
33135
33179
33207
33221
33191
33163
33145
33175
33211
33211
33189
33154
33185
33184
33221
33185
33186
33185
33195
33220
33228
33239
33205
33197
33193
33178
33184
33188
33233
33193
33181
33177
33163
33193
33191
33203
33167
33138
33162
33191
33180
33143
33131
33135
33157
33179
33162
33127
33117
33128
33135
33144
33143
33117
33113
33146
33151
33156
33115
33108
33105
33153
33151
33135
33111
33115
33107
33129
33151
33143
33132
33137
33158
33171
33171
33148
33143
33153
33165
33161
33143
33171
33156
33158
33163
33162
33179
33181
33205
33198
33161
33177
33190
33214
33197
33169
33151
33214
33229
33207
33207
33186
33174
33197
33215
33197
33172
33177
33192
33199
33183
33173
33177
33172
33175
33189
33180
33180
33171
33173
33164
33151
33171
33163
33183
33171
33132
33132
33127
33185
33187
33148
33114
33114
33162
33185
33166
33116
33127
33127
33179
33184
33152
33110
33111
33149
33143
33163
33129
33134
33140
33128
33150
33127
33133
33135
33131
33135
33147
33151
33149
33153
33156
33164
33155
33185
33186
33164
33144
33135
33155
33175
33205
33202
33163
33161
33161
33194
33173
33177
33172
33178
33219
33196
33186
33185
33194
33223
33230
33210
33191
33183
33215
33210
33202
33205
33187
33195
33207
33193
33191
33160
33164
33179
33184
33175
33146
33181
33187
33175
33173
33130
33143
33167
33180
33180
33158
33121
33119
33147
33157
33136
33128
33113
33127
33151
33145
33117
33104
33110
33145
33149
33135
33117
33111
33157
33142
33143
33120
33111
33135
33146
33184
33169
33144
33132
33153
33162
33169
33183
33178
33186
33167
33154
33168
33182
33217
33175
33165
33178
33201
33226
33227
33204
33184
33195
33211
33235
33223
33197
33183
33200
33221
33209
33200
33183
33201
33225
33231
33193
33149
33153
33193
33207
33209
33175
33166
33177
33193
33182
33161
33125
33133
33175
33182
33159
33127
33115
33117
33127
33127
33128
33113
33141
33132
33132
33129
33106
33115
33135
33141
33121
33120
33119
33133
33124
33120
33111
33137
33164
33155
33141
33106
33128
33169
33180
33178
33127
33130
33167
33205
33204
33185
33140
33160
33191
33207
33211
33160
33169
33219
33225
33219
33192
33175
33206
33225
33237
33199
33169
33201
33199
33249
33225
33181
33183
33187
33233
33213
33190
33173
33165
33196
33201
33177
33161
33163
33168
33178
33142
33143
33135
33133
33177
33159
33127
33131
33134
33149
33127
33134
33112
33143
33142
33131
33117
33091
33113
33141
33147
33129
33111
33107
33128
33169
33155
33108
33121
33128
33157
33180
33134
33151
33151
33179
33189
33175
33137
33137
33165
33205
33197
33167
33163
33163
33191
33221
33199
33175
33192
33221
33239
33230
33198
33169
33186
33207
33212
33213
33197
33213
33223
33241
33207
33173
33187
33201
33211
33205
33182
33167
33176
33186
33195
33190
33155
33159
33153
33173
33161
33145
33140
33143
33142
33136
33133
33148
33167
33159
33127
33097
33108
33146
33149
33150
33128
33103
33129
33148
33137
33125
33116
33127
33167
33157
33119
33104
33113
33178
33175
33145
33128
33124
33155
33185
33199
33159
33119
33141
33199
33223
33172
33167
33167
33204
33198
33189
33165
33173
33199
33215
33213
33161
33157
33175
33229
33215
33196
33159
33173
33196
33235
33223
33179
33184
33196
33213
33201
33191
33164
33169
33186
33170
33163
33154
33163
33197
33172
33151
33115
33139
33176
33175
33178
33141
33119
33130
33162
33171
33139
33139
33137
33157
33161
33145
33133
33129
33143
33159
33151
33121
33107
33153
33155
33157
33135
33110
33127
33152
33159
33163
33144
33149
33153
33175
33169
33166
33156
33170
33169
33157
33172
33148
33154
33163
33148
33146
33151
33167
33177
33197
33193
33171
33171
33194
33206
33200
33171
33193
33198
33220
33205
33173
33176
33169
33185
33205
33176
33167
33163
33189
33191
33196
33197
33175
33169
33187
33183
33171
33147
33151
33161
33173
33173
33163
33155
33142
33139
33144
33135
33169
33160
33180
33153
33125
33097
33122
33135
33163
33144
33138
33119
33135
33139
33127
33141
33142
33143
33125
33118
33114
33127
33144
33147
33147
33142
33151
33165
33163
33129
33113
33131
33159
33175
33167
33165
33158
33147
33171
33203
33207
33185
33175
33183
33193
33189
33157
33151
33160
33201
33203
33204
33195
33191
33209
33191
33181
33187
33215
33197
33193
33191
33175
33181
33197
33191
33193
33213
33203
33198
33190
33171
33169
33140
33161
33181
33163
33154
33156
33168
33172
33173
33163
33139
33119
33136
33155
33137
33118
33128
33145
33145
33139
33122
33127
33101
33112
33109
33117
33130
33135
33143
33146
33131
33128
33144
33146
33134
33119
33121
33150
33145
33147
33148
33167
33163
33156
33145
33163
33167
33175
33171
33171
33181
33182
33172
33154
33175
33190
33213
33236
33225
33209
33187
33173
33196
33181
33191
33189
33201
33200
33228
33207
33201
33193
33192
33203
33179
33195
33176
33176
33143
33153
33181
33199
33193
33175
33161
33155
33155
33143
33159
33130
33115
33115
33115
33125
33129
33125
33107
33147
33147
33151
33124
33127
33111
33121
33135
33108
33111
33119
33121
33135
33139
33116
33111
33133
33142
33126
33119
33133
33155
33151
33164
33163
33175
33170
33187
33192
33172
33175
33183
33191
33209
33200
33185
33171
33198
33214
33205
33183
33177
33193
33205
33215
33215
33213
33194
33196
33205
33236
33218
33195
33179
33209
33215
33213
33183
33144
33159
33166
33191
33179
33143
33144
33141
33177
33175
33171
33128
33132
33131
33149
33156
33137
33128
33126
33143
33155
33135
33127
33119
33103
33095
33122
33116
33119
33109
33128
33132
33143
33143
33147
33154
33148
33133
33135
33145
33141
33140
33155
33160
33152
33161
33161
33151
33172
33173
33176
33179
33179
33175
33169
33169
33186
33184
33183
33195
33197
33205
33197
33193
33193
33199
33201
33187
33188
33182
33186
33199
33193
33189
33165
33193
33179
33189
33191
33163
33158
33163
33188
33184
33170
33155
33165
33155
33164
33151
33144
33159
33156
33169
33135
33153
33125
33150
33145
33131
33097
33109
33129
33145
33147
33131
33129
33127
33146
33143
33131
33115
33099
33143
33129
33167
33155
33127
33123
33146
33160
33159
33149
33147
33165
33165
33174
33159
33154
33160
33167
33175
33181
33175
33155
33185
33214
33213
33188
33165
33171
33191
33186
33191
33173
33183
33199
33198
33195
33181
33175
33171
33182
33187
33185
33183
33193
33207
33191
33185
33181
33170
33181
33183
33167
33165
33146
33159
33158
33158
33174
33174
33147
33141
33163
33170
33165
33145
33129
33126
33130
33149
33167
33143
33126
33144
33151
33159
33161
33137
33119
33111
33139
33143
33131
33136
33121
33176
33174
33165
33143
33120
33141
33158
33159
33139
33120
33127
33170
33176
33168
33154
33168
33175
33168
33164
33141
33143
33179
33184
33193
33167
33158
33178
33173
33198
33192
33191
33173
33205
33208
33205
33173
33169
33185
33195
33215
33205
33187
33161
33178
33197
33191
33149
33169
33178
33194
33187
33190
33171
33173
33191
33177
33156
33143
33156
33165
33174
33147
33135
33143
33165
33183
33162
33127
33132
33131
33145
33131
33113
33113
33113
33128
33154
33146
33138
33135
33142
33163
33146
33129
33134
33125
33123
33111
33135
33141
33160
33161
33167
33144
33128
33159
33165
33185
33177
33143
33135
33179
33182
33185
33151
33149
33198
33215
33232
33183
33136
33147
33196
33215
33219
33156
33155
33160
33207
33249
33233
33182
33183
33203
33246
33203
33151
33117
33132
33193
33231
33214
33184
33163
33189
33181
33155
33129
33127
33133
33179
33169
33146
33107
33131
33172
33185
33180
33147
33142
33115
33118
33111
33085
33061
33102
33165
33219
33163
33111
33102
33109
33177
33162
33109
33078
33103
33109
33147
33142
33149
33173
33205
33219
33207
33159
33103
33115
33139
33172
33178
33152
33159
33148
33182
33211
33209
33201
33209
33208
33206
33181
33147
33153
33151
33183
33213
33254
33267
33238
33188
33141
33163
33182
33241
33191
33183
33151
33139
33188
33207
33210
33201
33211
33185
33180
33204
33166
33080
33061
33127
33209
33253
33172
33111
33074
33095
33157
33187
33183
33087
33051
33109
33143
33207
33150
33076
33050
33122
33231
33202
33136
33071
33039
33084
33168
33209
33174
33095
33087
33156
33187
33155
33164
33147
33143
33159
33180
33148
33161
33177
33193
33235
33194
33199
33184
33175
33157
33127
33140
33177
33275
33272
33221
33189
33108
33188
33239
33249
33183
33113
33191
33226
33233
33244
33137
33141
33207
33247
33303
33181
33035
33043
33141
33237
33253
33175
33104
33079
33204
33215
33155
33147
33117
33129
33171
33219
33167
33013
33052
33143
33215
33245
33124
33083
33087
33103
33179
33138
33120
33038
33089
33215
33223
33163
33137
33069
33185
33233
33160
33073
33027
33192
33113
33154
33207
33086
33320
33216
33105
33243
33101
33191
33316
33103
33111
32973
33125
33237
33145
33337
33089
33079
33271
33321
33367
33195
33142
33032
33138
33247
33121
33217
33158
33085
33362
33223
33235
33111
32967
33274
33137
33207
33257
33017
33127
33086
33205
33329
33137
33194
33106
33249
33351
33061
33204
33043
33102
33268
32881
33147
33231
33173
33270
33010
33263
33178
33009
33417
33011
33023
33062
33016
33570
33229
33070
33169
32951
33425
33292
33023
33047
32685
33260
33516
33271
33159
32774
33175
33293
33235
33203
32689
32957
33193
33214
33560
32987
33034
33233
33208
33621
32964
33017
33263
33103
33609
33089
32924
33181
32984
33439
33183
32925
33153
32875
33301
33371
33140
33194
33037
33369
33299
33121
33321
33109
33397
33343
33023
33230
33005
33265
33245
32975
33231
32931
33325
33483
32979
33227
32920
32989
33373
33175
33402
33103
33069
33428
33193
33388
33232
33019
33232
33077
33195
33202
32896
33018
32950
33197
33200
33036
33279
32916
33127
33379
33046
33139
32812
32875
33181
33078
33267
33042
33011
33274
33186
33427
33190
32973
33193
33011
33053
32899
32946
33163
33208
33512
33347
33181
33170
33101
33303
33179
33103
33265
33259
33439
33375
33296
33350
33188
33403
33313
33017
33071
33053
33431
33443
33064
33070
32987
33215
33343
33108
33101
33034
33407
33549
33336
33279
32975
33147
33351
33221
33169
32791
32944
33253
33296
33299
32823
32809
33035
33016
33225
33009
32903
33103
33195
33414
33244
33024
33083
32990
33173
33027
32803
32911
32869
33263
33524
33287
33095
32831
32882
33047
33117
33098
32962
33021
33295
33317
33366
33263
33103
33390
33421
33409
33265
32913
33027
33159
33243
33304
33201
33305
33340
33417
33407
33187
33214
33111
33100
33243
33051
33115
33151
33328
33504
33271
33231
33184
33145
33351
33319
33169
33093
33045
33061
33211
33031
33043
33159
33172
33245
33263
33118
33165
33077
33007
32975
32751
32939
33176
33271
33443
33218
33187
33281
33036
33060
33067
32867
32879
32773
32812
33014
33183
33331
33264
33237
33122
33080
33047
32959
32974
32943
33155
33266
33282
33279
33168
33177
33349
33277
33221
33209
32996
33255
33303
33175
33177
32942
33221
33391
33362
33528
33351
33247
33275
33067
33144
33037
32981
33296
33385
33493
33457
33346
33335
33207
33165
33046
32999
33015
32918
33080
33212
33227
33321
33267
33195
33018
32983
33074
33031
33161
33199
33119
33279
33249
33233
33227
33051
33054
33076
33062
33063
32981
32959
33054
32998
33007
33072
33020
33083
33255
33259
33175
33059
32949
33079
33160
33195
33220
33094
33111
33229
33295
33354
33235
33013
32983
32978
32943
33080
33070
33121
33346
33434
33428
33268
33169
33176
33206
33275
33305
33287
33291
33301
33181
33225
33240
33240
33315
33223
33189
33216
33093
33056
33021
32958
33053
33171
33270
33401
33311
33283
33289
33303
33361
33205
33029
33016
32997
33116
33133
33039
33087
33111
33264
33280
33080
32886
32861
33135
33335
33269
33077
33071
33203
33278
33278
33081
32938
33033
33146
33217
33135
32977
32991
33065
33160
33173
33011
32933
32915
33097
33289
33189
33139
33219
33167
33238
33171
33071
33157
33191
33207
33227
33215
33197
33213
33207
33081
33075
33177
33333
33335
33277
33220
33155
33254
33348
33250
33133
33031
33091
33304
33400
33305
33129
33041
33301
33399
33318
33135
32878
33029
33322
33317
33209
33004
32941
33139
33297
33366
33263
33155
33226
33189
33124
33073
32974
33025
33141
33149
33115
33067
33092
33236
33289
33184
33085
33066
33125
33189
33053
32941
32881
32995
33232
33231
32993
32913
33008
33197
33311
33123
32999
32990
33081
33243
33240
33073
32919
33045
33317
33392
33312
33201
33122
33164
33228
33143
32967
32991
33184
33365
33343
33158
33171
33228
33328
33347
33279
33233
33257
33321
33335
33214
33109
33173
33214
33242
33168
33097
33143
33239
33307
33217
33053
32983
33145
33383
33372
33200
33102
33092
33209
33239
33201
33105
32980
33074
33184
33194
33141
33059
33151
33223
33163
33095
32930
32907
32983
33007
33039
33065
33064
33215
33271
33247
33077
32973
33033
33109
33151
33014
32917
33015
33151
33214
33153
33028
33014
33127
33223
33261
33198
33077
33063
33119
33205
33226
33207
33224
33241
33371
33413
33326
33287
33219
33130
33154
33111
33177
33287
33274
33248
33271
33276
33350
33351
33190
33041
33045
33152
33278
33301
33247
33162
33195
33299
33342
33189
32995
32943
33063
33249
33279
33155
33055
32991
33199
33313
33201
33093
33009
33024
33104
33041
32970
32951
33040
33248
33295
33135
33034
33012
33124
33167
33048
33005
32936
33043
33126
33123
33064
32962
33057
33237
33287
33153
33023
32999
33105
33207
33138
33079
33109
33263
33410
33360
33213
33132
33136
33203
33281
33282
33171
33174
33223
33300
33319
33207
33184
33245
33327
33364
33245
33144
33171
33241
33292
33211
33126
33166
33245
33279
33246
33155
33119
33143
33199
33232
33146
33117
33121
33119
33116
33104
33105
33158
33169
33153
33093
33086
33060
33118
33112
33023
33028
33065
33177
33231
33175
33092
32999
33021
33112
33094
33005
32991
33030
33124
33185
33102
33069
33106
33191
33209
33146
33068
33021
33038
33133
33189
33171
33183
33195
33316
33354
33209
33079
33097
33218
33324
33290
33149
33102
33193
33321
33319
33233
33143
33161
33285
33331
33271
33135
33118
33211
33298
33301
33226
33177
33239
33263
33230
33171
33125
33172
33191
33182
33086
32959
33020
33187
33253
33215
33078
33066
33165
33249
33225
33127
33037
33095
33211
33199
33120
33033
33029
33119
33173
33161
33014
32931
33005
33119
33127
33041
33003
33097
33253
33272
33156
33062
33079
33135
33209
33151
33043
33046
33119
33207
33193
33081
33075
33133
33247
33245
33148
33105
33093
33181
33228
33161
33170
33237
33335
33341
33289
33249
33253
33269
33299
33197
33069
33062
33175
33319
33309
33163
33149
33194
33291
33323
33199
33098
33081
33175
33270
33255
33173
33138
33181
33277
33309
33198
33075
33071
33127
33182
33145
33047
33041
33127
33191
33174
33113
33073
33125
33188
33227
33199
33129
33145
33141
33125
33091
33035
33077
33127
33191
33147
33046
32977
33052
33122
33143
33113
33077
33128
33180
33175
33159
33079
33075
33125
33191
33183
33129
33110
33192
33204
33199
33139
33122
33199
33273
33256
33227
33147
33152
33247
33304
33276
33184
33133
33190
33297
33344
33262
33152
33145
33228
33246
33178
33127
33147
33233
33303
33265
33220
33176
33209
33251
33191
33119
33115
33125
33180
33177
33136
33151
33141
33176
33191
33124
33109
33127
33177
33195
33160
33088
33079
33095
33099
33107
33039
33044
33127
33189
33197
33163
33058
33051
33053
33017
33044
33034
33067
33123
33136
33145
33169
33161
33159
33142
33141
33127
33102
33139
33166
33185
33181
33165
33163
33175
33199
33161
33146
33174
33247
33293
33273
33223
33225
33240
33249
33265
33227
33223
33285
33312
33310
33251
33178
33160
33195
33265
33257
33196
33179
33117
33165
33209
33209
33151
33157
33173
33218
33226
33187
33187
33154
33160
33183
33130
33094
33079
33081
33083
33077
33092
33133
33141
33152
33168
33103
33042
33017
33066
33126
33070
33059
33041
33055
33113
33135
33106
33099
33104
33125
33131
33115
33118
33063
33030
33023
33097
33159
33193
33186
33218
33237
33226
33221
33212
33166
33145
33134
33177
33257
33289
33299
33275
33242
33276
33302
33266
33213
33201
33191
33209
33199
33229
33247
33255
33257
33271
33271
33258
33242
33211
33151
33132
33135
33151
33180
33214
33193
33183
33161
33172
33167
33176
33115
33079
33031
33059
33107
33143
33179
33154
33134
33115
33089
33092
33070
33045
33001
33008
33071
33159
33177
33145
33097
33071
33075
33102
33078
33063
33061
33039
33062
33126
33160
33171
33142
33131
33161
33170
33163
33176
33159
33165
33167
33168
33197
33217
33255
33248
33216
33243
33251
33249
33221
33195
33165
33188
33219
33281
33321
33315
33277
33249
33234
33251
33243
33210
33157
33120
33149
33183
33223
33219
33191
33186
33205
33195
33198
33175
33129
33099
33095
33138
33167
33191
33145
33097
33071
33107
33137
33133
33105
33093
33054
33037
33081
33123
33135
33121
33125
33120
33147
33145
33126
33072
33031
33021
33071
33095
33143
33187
33149
33124
33119
33140
33205
33161
33106
33097
33107
33167
33203
33212
33199
33211
33228
33213
33223
33187
33173
33179
33191
33232
33215
33189
33203
33256
33255
33231
33160
33190
33258
33269
33255
33227
33187
33195
33259
33260
33238
33159
33159
33193
33183
33197
33159
33131
33095
33117
33146
33173
33165
33122
33141
33149
33173
33153
33146
33147
33153
33148
33129
33113
33140
33127
33087
33093
33100
33095
33099
33093
33110
33097
33095
33108
33119
33131
33138
33145
33139
33152
33155
33159
33139
33115
33151
33143
33125
33097
33097
33114
33142
33175
33188
33205
33181
33187
33169
33155
33187
33191
33201
33229
33190
33216
33238
33222
33239
33223
33231
33238
33233
33215
33195
33203
33157
33177
33174
33191
33205
33210
33231
33247
33231
33211
33189
33195
33183
33163
33141
33138
33135
33177
33184
33195
33172
33137
33136
33139
33151
33158
33103
33092
33129
33135
33139
33113
33121
33139
33174
33169
33139
33121
33097
33093
33075
33067
33089
33097
33125
33112
33118
33113
33097
33114
33124
33115
33090
33087
33131
33160
33159
33136
33121
33124
33132
33141
33144
33137
33150
33191
33244
33240
33217
33191
33202
33218
33211
33185
33191
33189
33222
33203
33205
33197
33233
33243
33260
33239
33213
33204
33198
33214
33249
33197
33191
33204
33220
33241
33193
33159
33168
33177
33183
33164
33138
33150
33142
33132
33111
33139
33163
33172
33157
33137
33117
33115
33108
33117
33111
33073
33076
33087
33106
33107
33095
33077
33078
33089
33112
33087
33089
33068
33067
33095
33089
33113
33112
33114
33107
33125
33137
33158
33157
33143
33133
33151
33152
33161
33181
33151
33161
33193
33200
33197
33207
33205
33201
33221
33207
33269
33269
33257
33241
33247
33259
33276
33233
33183
33193
33221
33239
33231
33233
33227
33211
33200
33205
33189
33165
33179
33189
33219
33194
33180
33173
33165
33175
33169
33149
33131
33109
33113
33141
33127
33115
33074
33080
33083
33133
33115
33093
33069
33073
33087
33091
33102
33072
33081
33076
33073
33083
33087
33106
33125
33143
33107
33087
33084
33105
33151
33127
33113
33118
33123
33174
33169
33151
33135
33131
33182
33183
33237
33225
33235
33217
33219
33252
33231
33245
33232
33207
33223
33219
33247
33237
33245
33225
33215
33216
33259
33269
33217
33201
33208
33227
33224
33219
33207
33176
33165
33175
33207
33186
33181
33157
33125
33122
33125
33121
33112
33089
33143
33153
33127
33126
33091
33100
33101
33107
33095
33114
33111
33105
33099
33092
33090
33111
33101
33070
33067
33089
33114
33110
33110
33105
33079
33095
33115
33127
33141
33133
33144
33129
33148
33175
33201
33173
33175
33169
33194
33173
33189
33205
33188
33190
33163
33191
33220
33245
33231
33240
33226
33230
33247
33255
33245
33227
33219
33211
33214
33233
33220
33207
33165
33186
33217
33193
33197
33151
33142
33149
33161
33191
33198
33185
33159
33144
33129
33149
33144
33133
33135
33119
33110
33111
33107
33110
33117
33091
33091
33106
33113
33121
33128
33118
33125
33121
33126
33098
33117
33107
33103
33122
33119
33127
33118
33109
33107
33087
33104
33138
33135
33147
33149
33143
33171
33167
33166
33175
33151
33169
33159
33177
33222
33232
33221
33175
33168
33195
33213
33226
33189
33194
33197
33211
33226
33210
33247
33242
33233
33231
33223
33224
33199
33196
33181
33201
33191
33197
33172
33176
33191
33173
33167
33164
33173
33156
33137
33125
33135
33149
33159
33163
33167
33148
33149
33135
33116
33111
33131
33111
33107
33089
33089
33127
33143
33125
33095
33108
33107
33132
33139
33127
33087
33086
33093
33141
33150
33136
33103
33110
33128
33151
33134
33125
33114
33131
33142
33123
33130
33149
33174
33173
33170
33173
33179
33177
33207
33217
33211
33199
33196
33212
33201
33195
33218
33206
33218
33222
33249
33229
33219
33208
33193
33197
33223
33225
33223
33199
33189
33186
33191
33220
33209
33193
33171
33180
33201
33198
33173
33129
33135
33155
33160
33175
33135
33153
33145
33145
33131
33135
33118
33123
33137
33127
33105
33104
33095
33111
33133
33128
33101
33105
33101
33130
33108
33123
33111
33111
33119
33123
33111
33110
33100
33059
33091
33109
33133
33143
33135
33143
33137
33159
33178
33179
33185
33164
33176
33176
33207
33215
33200
33191
33197
33191
33237
33241
33233
33220
33204
33223
33223
33213
33215
33203
33226
33226
33239
33239
33237
33230
33234
33212
33215
33188
33169
33173
33163
33169
33185
33193
33175
33169
33145
33143
33113
33125
33139
33151
33145
33123
33124
33135
33121
33111
33079
33087
33078
33122
33132
33126
33103
33080
33061
33086
33094
33103
33097
33097
33086
33113
33116
33111
33104
33115
33127
33147
33134
33141
33143
33122
33113
33115
33151
33163
33139
33179
33187
33193
33196
33203
33225
33217
33207
33197
33191
33220
33217
33231
33239
33241
33263
33256
33253
33239
33229
33233
33211
33207
33205
33189
33215
33199
33165
33183
33201
33205
33222
33188
33186
33179
33167
33148
33114
33131
33111
33121
33157
33163
33159
33153
33115
33095
33103
33104
33077
33062
33087
33093
33111
33103
33104
33097
33091
33107
33121
33103
33097
33079
33089
33107
33115
33110
33107
33123
33144
33113
33119
33117
33120
33157
33143
33156
33141
33151
33155
33185
33189
33205
33205
33231
33240
33247
33206
33180
33181
33219
33249
33242
33243
33210
33210
33230
33251
33239
33209
33197
33231
33245
33243
33211
33159
33199
33222
33210
33223
33199
33190
33203
33183
33176
33139
33131
33135
33159
33171
33135
33131
33102
33151
33137
33132
33118
33075
33079
33137
33115
33128
33099
33107
33124
33101
33104
33069
33073
33097
33088
33111
33114
33106
33128
33130
33137
33119
33094
33102
33131
33130
33139
33144
33127
33157
33183
33195
33159
33153
33151
33157
33167
33177
33185
33173
33135
33180
33215
33230
33210
33221
33236
33243
33253
33241
33220
33199
33202
33193
33213
33215
33213
33203
33211
33240
33243
33211
33184
33183
33191
33193
33169
33161
33143
33151
33178
33204
33211
33182
33150
33159
33170
33165
33111
33083
33077
33085
33148
33112
33095
33091
33121
33199
33178
33135
33094
33063
33093
33127
33105
33075
33071
33111
33137
33139
33138
33104
33109
33111
33141
33145
33109
33111
33123
33151
33201
33171
33127
33119
33133
33171
33183
33163
33141
33172
33207
33201
33255
33255
33215
33182
33201
33208
33209
33189
33145
33162
33191
33200
33257
33272
33262
33277
33263
33267
33240
33176
33142
33116
33106
33143
33175
33191
33213
33218
33227
33247
33243
33201
33159
33115
33076
33111
33111
33079
33103
33101
33153
33231
33192
33195
33165
33146
33128
33078
33072
33055
33081
33076
33089
33119
33117
33151
33153
33131
33128
33119
33114
33121
33118
33062
33047
33105
33141
33151
33153
33153
33140
33167
33172
33144
33148
33135
33176
33189
33187
33163
33136
33191
33213
33223
33225
33177
33175
33217
33215
33223
33167
33209
33244
33258
33263
33203
33201
33209
33217
33255
33207
33203
33175
33191
33207
33202
33217
33216
33223
33195
33159
33146
33130
33142
33175
33197
33151
33134
33168
33195
33176
33116
33057
33039
33115
33141
33116
33139
33149
33091
33081
33145
33111
33153
33117
33080
33075
33076
33109
33157
33037
32991
33047
33241
33321
33260
32953
32838
33041
33335
33265
32949
32893
32958
33303
33537
33242
32916
32965
33236
33463
33365
32976
32899
32986
33362
33604
33222
32952
33009
33268
33603
33383
33022
33063
33081
33389
33430
33256
33137
33116
33189
33239
33303
33275
33093
33100
33175
33239
33323
33275
33165
33029
33124
33182
33213
33213
32933
33055
33171
33302
33593
33192
32951
32947
32860
33211
33126
32999
33079
33000
33301
33351
33175
33186
32983
33119
33141
33112
33133
32821
33023
33129
33087
33279
33159
33173
33117
33087
33141
33049
33077
32918
33045
33220
33207
33361
33248
33170
33239
33103
33129
33106
33023
33160
33146
33297
33340
33124
33349
33224
33196
33422
33117
33169
33071
33107
33377
33163
33247
33321
33201
33332
33256
33248
33250
33064
33039
33073
33117
33201
33154
33223
33343
33283
33247
33217
33119
33017
33004
33065
33167
33257
33172
33103
33087
33031
33291
33148
33010
33033
32831
33084
33191
33197
33271
33023
33207
33287
33232
33255
32877
32831
33005
33133
33287
33104
33038
33166
33190
33297
33209
32964
32939
33070
33245
33277
33166
33120
33125
33373
33409
33291
33192
33041
33067
33035
33071
33105
33169
33332
33315
33424
33299
33196
33295
33195
33205
33231
33205
33332
33249
33242
33112
33025
33195
33102
33097
33219
33165
33316
33298
33155
33191
33125
33200
33223
33014
33101
33068
33121
33258
33015
33006
33053
33102
33268
33180
32969
32965
33050
33223
33271
33093
33036
33093
33197
33319
33141
32985
32935
32932
33073
33095
33015
33037
33098
33255
33390
33276
33122
33035
32954
33151
33239
33197
33190
33055
33117
33242
33201
33163
33013
33009
33229
33278
33319
33186
33061
33246
33367
33397
33289
33039
33061
33209
33303
33235
33078
33072
33205
33383
33418
33237
33075
33076
33277
33363
33273
33121
33065
33143
33281
33256
33079
33006
33047
33196
33335
33275
33123
33035
33080
33177
33191
33132
33110
33056
33149
33223
33162
33190
32979
32955
33087
33130
33220
33093
33002
33077
33153
33304
33217
32990
32983
33055
33223
33268
33081
32971
33063
33163
33200
33111
32936
32947
33099
33319
33315
33119
33071
33233
33293
33285
33131
32955
33050
33194
33287
33308
33115
33124
33188
33269
33319
33201
33189
33263
33243
33319
33278
33147
33211
33171
33200
33211
33155
33189
33123
33103
33235
33197
33193
33269
33211
33157
33192
33237
33295
33191
33105
33151
33065
33084
33066
33018
33092
33143
33155
33154
33076
33091
33175
33108
33177
33149
33113
33200
33132
33145
33111
33027
33083
32997
33039
33130
33050
33059
33063
33101
33147
33107
33109
33169
33143
33115
33122
33149
33167
33129
33151
33161
33182
33143
33141
33204
33203
33182
33076
33051
33145
33191
33263
33221
33115
33185
33233
33196
33175
33159
33209
33335
33359
33305
33195
33133
33151
33192
33273
33247
33157
33185
33260
33277
33192
33109
33027
33056
33133
33207
33262
33128
33155
33207
33286
33301
33201
33116
33123
33141
33137
33096
33015
32970
32995
33092
33185
33079
33065
33103
33116
33193
33203
33078
33067
33110
33147
33161
33111
33095
33050
33046
33129
33127
33117
33104
33019
33041
33120
33187
33214
33163
33062
33095
33143
33233
33277
33185
33152
33145
33223
33286
33207
33065
33038
33153
33295
33281
33157
33127
33167
33249
33364
33278
33205
33226
33215
33265
33279
33159
33178
33171
33239
33267
33174
33185
33185
33147
33212
33155
33146
33225
33231
33229
33132
33068
33115
33093
33142
33153
33100
33151
33253
33191
33172
33105
33059
33127
33089
33093
33015
32935
33055
33108
33067
33091
33075
33113
33287
33193
33149
33156
33059
33145
33112
33055
33090
33025
33085
33193
33202
33209
33139
33043
33083
33095
33189
33189
33101
33139
33154
33247
33310
33271
33284
33221
33239
33245
33277
33188
33116
33183
33169
33236
33191
33161
33199
33169
33279
33271
33253
33301
33254
33227
33207
33229
33239
33199
33174
33177
33130
33207
33247
33143
33121
33041
33087
33163
33161
33120
33043
33128
33202
33201
33159
33071
33059
33129
33171
33163
33060
33014
33041
33103
33143
33126
33095
33081
33107
33126
33069
33063
33112
33077
33092
33060
33065
33237
33262
33207
33080
33062
33159
33265
33222
33124
33016
33075
33192
33283
33273
33129
33077
33164
33301
33335
33152
33063
33079
33233
33339
33311
33263
33145
33223
33307
33298
33246
33148
33105
33155
33231
33255
33198
33131
33173
33179
33215
33191
33127
33193
33202
33202
33225
33167
33176
33124
33113
33126
33085
33087
33084
33122
33153
33171
33143
33099
33072
33075
33098
33130
33137
33141
33113
33102
33147
33169
33091
33035
33026
33135
33155
33120
33104
33023
33093
33167
33216
33213
33095
33107
33104
33168
33213
33143
33095
33114
33167
33258
33255
33148
33119
33113
33155
33198
33199
33206
33175
33203
33279
33275
33252
33175
33159
33171
33204
33238
33222
33177
33175
33229
33239
33274
33263
33201
33161
33127
33173
33227
33199
33179
33181
33156
33189
33201
33141
33140
33075
33129
33193
33215
33259
33172
33127
33140
33097
33167
33129
33047
33055
33061
33143
33219
33155
33063
33048
33065
33162
33161
33119
33087
33079
33120
33155
33161
33142
33140
33158
33143
33116
33079
33105
33122
33153
33174
33105
33137
33131
33145
33184
33138
33157
33221
33229
33213
33176
33151
33163
33207
33189
33173
33174
33193
33219
33271
33253
33204
33195
33173
33195
33210
33219
33183
33198
33207
33168
33155
33179
33205
33233
33271
33225
33239
33201
33175
33225
33159
33101
33079
33095
33159
33138
33140
33123
33081
33136
33171
33122
33096
33124
33131
33125
33132
33163
33146
33122
33123
33132
33133
33095
33085
33069
33085
33079
33052
33081
33073
33126
33109
33098
33141
33143
33177
33169
33161
33170
33140
33173
33163
33127
33138
33097
33107
33157
33181
33145
33141
33196
33243
33220
33211
33195
33113
33161
33221
33231
33234
33224
33211
33255
33275
33279
33249
33159
33181
33196
33210
33211
33166
33151
33175
33201
33235
33230
33174
33181
33215
33196
33198
33171
33143
33084
33164
33179
33202
33214
33175
33113
33160
33135
33108
33007
32931
33006
33145
33194
33257
33051
32991
33061
33247
33367
33102
32933
32877
33026
33322
33301
33015
32811
32988
33282
33416
33202
32864
32782
33041
33451
33425
33053
32825
32918
33367
33537
33329
33035
32853
33109
33398
33425
33161
32825
32980
33175
33453
33512
33076
33075
33175
33376
33513
33215
33090
32957
33196
33496
33351
33204
32999
33023
33291
33326
33311
33120
33022
33183
33207
33306
33238
33045
33223
33169
33265
33355
33091
33141
33033
33007
33242
33062
33212
33083
33010
33237
33011
33063
33026
32919
33172
33118
33257
33243
33034
33124
33058
33136
33153
32939
33013
33071
33198
33303
33151
33094
33013
32987
33220
33192
33197
33090
33008
33258
33182
33231
33218
33015
33196
33249
33361
33267
33025
33111
33097
33279
33391
33123
33129
33119
33187
33369
33303
33230
33119
33117
33367
33349
33254
33181
33053
33186
33306
33237
33194
33071
33183
33246
33214
33253
33175
33200
33219
33207
33139
33104
33081
33130
33252
33146
33167
33122
33041
33174
33149
33158
33086
33017
33196
33113
33111
33073
32930
33114
33145
33182
33271
33160
33181
33165
33093
33082
32937
32995
33087
33059
33221
33124
33115
33229
33137
33314
33233
33148
33203
33068
33199
33167
33077
33170
33087
33215
33302
33289
33305
33188
33239
33191
33131
33175
33059
33123
33253
33227
33275
33221
33256
33336
33273
33323
33133
33014
33135
33115
33233
33151
33037
33259
33297
33371
33329
33130
33095
33069
33167
33183
33057
33057
33085
33143
33320
33217
33137
33159
33087
33202
33181
33061
33025
32936
33116
33177
33198
33193
33057
33114
33183
33147
33163
33046
32993
33093
33113
33147
33135
33012
33105
33188
33248
33329
33179
33174
33143
33098
33141
33025
33037
33160
33224
33380
33339
33223
33174
33025
33108
33149
33100
33191
33143
33257
33325
33259
33240
33129
33085
33223
33230
33270
33228
33115
33174
33201
33215
33191
33095
33120
33148
33208
33259
33181
33101
33073
33149
33231
33231
33235
33111
33160
33275
33251
33249
33097
33064
33139
33129
33133
33045
33020
33102
33191
33249
33178
33053
33109
33143
33179
33213
33099
33061
33113
33228
33289
33187
33079
33068
33089
33140
33064
33018
33017
33065
33123
33105
33098
33079
33127
33207
33249
33201
33158
33188
33145
33179
33227
33183
33221
33181
33164
33133
33093
33150
33147
33127
33167
33172
33183
33211
33176
33211
33215
33209
33300
33308
33281
33229
33172
33204
33173
33232
33224
33220
33263
33179
33201
33146
33039
33047
33029
33157
33221
33238
33297
33279
33247
33215
33129
33144
33180
33175
33157
33120
33041
33087
33082
33127
33139
33072
33055
33050
33073
33023
33015
33111
33153
33231
33215
33167
33120
33137
33135
33064
33039
33025
33055
33164
33193
33179
33085
33047
33104
33211
33221
33143
33079
33138
33208
33199
33220
33177
33203
33332
33367
33289
33153
33009
33043
33153
33222
33215
33173
33202
33280
33337
33304
33181
33100
33207
33313
33368
33285
33159
33151
33204
33247
33245
33159
33143
33171
33187
33169
33104
33049
33069
33137
33203
33247
33166
33143
33175
33154
33157
33161
33116
33167
33168
33133
33089
33018
33005
33029
33039
33060
33079
33117
33085
33039
33011
32996
33093
33180
33219
33276
33218
33192
33183
33153
33109
33104
33082
33079
33157
33165
33187
33156
33100
33137
33153
33175
33189
33169
33203
33222
33225
33279
33271
33279
33383
33321
33278
33243
33158
33195
33159
33149
33115
33087
33175
33148
33167
33181
33153
33199
33240
33287
33274
33222
33154
33162
33211
33232
33205
33196
33190
33188
33125
33095
33072
33023
33004
33060
33059
33127
33144
33073
33101
33049
33103
33159
33175
33196
33161
33171
33151
33112
33125
33067
33083
33123
33127
33107
33085
32985
33009
33045
33165
33232
33179
33167
33137
33157
33204
33161
33226
33208
33259
33369
33250
33208
33132
33117
33143
33183
33199
33215
33209
33213
33219
33143
33134
33137
33218
33261
33288
33283
33220
33250
33242
33263
33223
33185
33208
33187
33224
33161
33106
33097
33095
33134
33155
33155
33125
33119
33165
33193
33251
33218
33145
33134
33155
33173
33186
33087
33062
33088
33129
33219
33153
33074
33019
33019
33130
33149
33137
33087
33043
33128
33194
33199
33153
33094
33069
33187
33256
33254
33195
33105
33088
33079
33115
33092
33104
33151
33185
33251
33233
33193
33175
33150
33197
33183
33209
33221
33184
33207
33168
33186
33199
33200
33211
33217
33180
33195
33148
33131
33142
33128
33219
33202
33231
33193
33159
33241
33241
33239
33200
33155
33189
33225
33167
33125
33104
33105
33203
33214
33174
33125
33103
33132
33106
33115
