32792
32747
32727
32710
32724
32751
32808
32890
32945
32993
33020
33019
32998
32990
33015
33024
32993
32976
32982
33010
32999
32998
32999
33039
33085
33151
33107
33027
32959
32924
32907
32885
32890
32877
32911
32899
32915
32889
32865
32849
32821
32764
32702
32636
32603
32586
32564
32522
32475
32498
32545
32597
32609
32531
32445
32392
32398
32416
32399
32359
32337
32335
32375
32417
32460
32471
32493
32511
32527
32535
32507
32479
32487
32511
32557
32588
32606
32656
32719
32755
32785
32789
32799
32819
32852
32850
32835
32855
32885
32899
32957
32991
32999
32989
32983
32965
32993
33014
33037
33074
33071
33058
33009
32946
32929
32932
32955
32981
33027
33045
33047
33005
32941
32886
32853
32816
32763
32766
32791
32822
32766
32707
32664
32669
32711
32719
32703
32643
32587
32517
32505
32497
32459
32422
32423
32460
32500
32490
32439
32419
32456
32521
32554
32528
32440
32425
32427
32420
32387
32375
32459
32572
32667
32706
32661
32612
32618
32667
32712
32695
32673
32675
32709
32754
32795
32833
32844
32887
32941
32995
32993
32953
32943
32915
32928
32915
32884
32869
32897
32959
33026
33065
33081
33065
33031
33012
32967
32896
32845
32805
32850
32905
32930
32939
32906
32898
32867
32871
32890
32868
32827
32773
32706
32665
32643
32637
32617
32631
32653
32685
32679
32669
32647
32596
32516
32445
32453
32505
32506
32518
32452
32411
32402
32416
32496
32549
32566
32555
32515
32486
32521
32521
32521
32547
32575
32597
32599
32580
32627
32665
32703
32692
32707
32807
32831
32831
32777
32752
32751
32733
32777
32864
32924
32942
32925
32931
32906
32899
32887
32910
32967
32986
32925
32879
32855
32897
33007
33009
32949
32880
32911
32971
33006
33001
32972
32865
32763
32803
32873
32899
32861
32797
32755
32761
32778
32791
32754
32707
32741
32733
32691
32634
32613
32599
32571
32531
32476
32461
32474
32575
32605
32590
32583
32534
32489
32443
32491
32492
32447
32463
32487
32443
32398
32449
32563
32619
32615
32603
32631
32619
32643
32673
32634
32549
32566
32663
32661
32653
32763
32786
32759
32823
32941
32966
32873
32820
32775
32774
32798
32825
32904
32987
33047
33051
32983
32959
32921
32859
32861
32979
33077
33081
33048
32911
32762
32771
32879
32976
32983
32973
32945
32946
32908
32847
32772
32752
32695
32689
32774
32783
32744
32669
32645
32713
32729
32690
32653
32561
32546
32561
32479
32387
32401
32477
32509
32584
32614
32482
32315
32319
32378
32441
32574
32571
32531
32559
32486
32435
32438
32384
32463
32588
32746
32713
32587
32647
32622
32575
32727
32820
32829
32779
32837
32956
32841
32727
32742
32690
32663
32831
32986
33045
33067
33129
33099
32927
32881
32949
33012
32999
32919
32905
32903
32893
32992
33026
33161
33229
33110
32935
32709
32626
32777
32805
32630
32626
32896
33044
33067
33115
32911
32685
32613
32601
32649
32851
32641
32101
32169
32383
32526
32651
32463
32542
32759
32543
32302
32277
32094
32389
32582
32471
32442
32273
31976
32298
32359
32265
32393
32261
32598
33056
32927
32910
32709
32503
32327
32303
32141
32181
32948
33368
33156
32995
32459
32177
32350
32464
33028
33542
33873
33632
33099
32959
32706
32370
32313
32300
32146
32249
32881
33362
33803
33962
33593
33305
33157
32798
32583
32583
32613
32582
33056
33185
33114
33402
33501
33231
33215
32935
32272
32052
32327
32915
33571
33771
33477
32880
32544
32267
31945
31734
31471
31912
32679
33346
33677
33658
33221
32666
31942
31234
31045
31532
32462
33371
33947
33829
33049
31970
31417
31305
31436
32073
33010
33283
33188
32786
32303
32503
32797
32817
32791
32559
32684
32631
32475
32173
31941
31925
32005
32061
31687
31596
31481
31683
32521
33527
34192
34515
34371
34031
33309
32456
31970
32065
32716
33656
34114
34584
34507
33983
33668
33776
34119
34471
34511
34203
33629
32946
32623
32164
31795
31599
32011
32711
33065
33319
33091
32485
32043
31727
31345
31255
31333
31304
31674
31888
32048
31785
31813
31824
31945
32095
32042
32010
32311
32903
33970
34689
35023
35003
34510
34205
34294
34336
34516
34875
34764
34334
33942
32985
32227
31659
31361
31191
31369
31035
30627
30305
30566
31103
31734
32022
31911
31255
30369
29395
28569
28319
28499
29366
30385
31367
32452
33469
34174
34670
34911
34521
34033
33309
33006
33606
34357
35545
36769
37579
38335
38769
38759
38373
37465
36117
35122
34737
34599
34513
34149
33211
32503
32081
31842
31781
32074
32017
31445
30302
28787
27244
26232
26129
26514
27613
29173
30570
31584
32350
32842
32845
32943
32893
32342
31646
31152
31247
31707
32752
33913
34671
35353
36133
36367
36687
36617
36163
35605
35683
35768
35465
34815
33607
32115
31107
30571
30595
30893
31157
31419
31593
31255
30274
28763
27783
27471
27619
28329
29172
29792
30586
31031
31423
31991
32807
33473
34175
35079
35531
35799
36261
36420
36375
36488
36782
36945
37211
37292
37109
37240
37742
37608
36852
35278
33329
32010
31727
31638
31467
31337
31524
32103
32456
32213
31278
30375
29363
28527
27469
26278
25411
25416
26341
27589
28655
29724
31057
32597
34016
34859
35023
34790
34330
34277
34360
34491
34493
34322
34509
35300
36473
37448
37752
37265
36215
35000
33659
32431
31749
31581
31777
32077
32045
31619
30961
30492
30261
30179
30161
29816
29529
29173
28362
28291
28912
29473
30322
31646
32991
34313
35369
35700
34980
34228
34008
34247
35071
35936
36147
36231
36634
36889
36844
37215
37301
37329
37575
37022
35686
34107
32815
32261
31995
31535
30579
29477
29075
29044
29072
29098
29101
28951
28787
28735
28927
29251
29426
29167
29152
29481
29983
30666
31407
32049
32901
33694
34376
34695
34792
35123
35527
35687
35759
35729
35631
35402
35364
35512
35643
35345
34947
34607
34215
34216
34011
33026
31803
30778
30043
29815
29998
30376
30579
30581
30663
30603
30231
29969
29680
29613
30299
30608
30397
30738
31633
32719
34311
35702
36738
37617
38009
37641
36862
35963
35051
34279
34129
34492
34874
35717
36284
35566
34530
33824
33402
33556
33687
33151
32261
31231
30161
29125
28587
28564
28871
29711
30179
29867
29304
28779
28414
28284
28567
29238
30139
31279
32112
32445
32694
33141
33793
34517
35235
35799
36144
36435
36350
35584
34798
34553
34735
35217
35598
35660
35513
35217
34535
33540
32890
32519
32201
31688
30824
30225
30191
30367
30361
30125
30105
30191
30413
30744
30911
31178
31295
31446
31634
31911
32158
32323
32441
32679
33263
34051
34858
35467
35962
36467
36955
37039
36803
36215
35484
34900
34642
34728
34573
33735
33319
33351
33125
32695
31841
30891
30313
29957
29706
29695
29839
29946
29637
28975
28739
29191
29948
30694
31083
31144
31163
31153
30971
30897
31188
31920
32937
33935
34719
35303
35926
36559
36623
36053
35691
35365
34993
34829
34514
34123
34108
34093
33855
33561
33605
33658
33542
33121
32154
30930
30197
29911
29943
30302
30467
30242
29977
30086
30331
30572
31151
31667
31968
32207
32327
32525
32890
33303
33617
34104
34949
35616
35792
35694
35488
35515
35742
35677
35259
34986
34993
34925
34739
34246
33548
32953
32608
32423
32441
32357
31926
31311
30428
29691
29210
29139
29270
29272
29276
29263
29524
30135
30797
31387
31803
32020
32009
31930
31882
31959
32335
32960
33466
33835
34294
34895
35475
35805
35735
35619
35649
35688
35368
34963
34780
34381
33871
33164
32271
31856
32096
32488
32594
32301
31771
31179
30759
30495
30219
30083
30165
30310
30673
31310
31724
32137
32651
32862
32835
32811
32728
32724
33075
33664
34144
34670
35103
35397
35590
35872
36059
35950
35679
35163
34679
34519
34307
33646
32847
32545
32527
32608
32395
31937
31558
31428
31299
30794
30077
29476
29208
29370
29469
29347
29376
29694
30093
30609
31129
31361
31609
31803
32061
32431
32853
33439
33952
34479
34879
34976
34977
34793
34359
34239
34333
34514
34814
35051
34920
34685
34323
33926
33381
32996
32975
32945
32910
32559
31907
31194
30743
30547
30671
31101
31534
31831
31905
31594
31254
31089
31235
31697
32290
32813
33323
33843
34391
34602
34675
34670
34494
34306
34321
34489
34754
34851
34897
34667
34494
34265
34145
34055
33863
33413
32699
32015
31621
31283
31021
30717
30315
29929
29677
29831
30077
30227
30461
30341
30353
30593
30697
30759
30713
30694
30994
31498
31984
32343
32830
33575
34205
34660
34713
34589
34577
34656
34823
35029
35133
35109
35026
34941
34875
34709
34213
33523
33196
33110
33333
33497
33174
32599
31845
31277
30985
30973
31041
31342
31759
31981
31867
31704
31481
31343
31394
31638
32191
32619
32991
33090
32945
33185
33655
34231
34826
35086
35187
35043
34834
34525
33929
33488
33208
33095
33251
33349
33232
32847
32267
32101
32096
32011
32031
31883
31500
31079
30283
29525
29217
29285
29679
30097
30635
31183
31523
31545
31315
31314
31578
31877
32153
32361
32845
33371
34001
34496
34515
34817
35136
35403
35645
35561
35228
34863
34469
34109
33628
33576
33695
33769
33958
33775
33360
33214
32959
32787
32466
31809
31395
30981
30913
30919
31001
31287
31428
31767
32065
32092
32243
32355
32440
32407
32205
32105
32257
32447
32735
33214
33713
34206
34602
34723
34845
34807
34769
34675
34197
33593
32995
32363
32154
32221
32215
32228
32136
32071
32065
31843
31570
31048
30455
30215
30141
30275
30557
30914
31260
31509
31786
31937
32015
32283
32519
32754
32941
32900
32482
32127
32207
32925
34086
35079
35642
35792
35722
35465
35197
34972
34418
33867
33551
33534
33698
33775
33693
33333
33081
32915
32705
32529
32291
31937
31559
31040
30566
30213
30311
30859
31353
31857
32148
32030
32011
32231
32548
32787
32958
32871
32615
32409
32619
32839
33218
33541
33900
34357
34721
34887
34540
34086
33693
33223
32999
32790
32767
32935
32975
32855
32545
32280
32111
32041
32006
31763
31393
31043
30487
30133
30189
30397
30811
31332
31841
32242
32444
32703
32862
32878
33004
33033
33075
33209
33375
33462
33557
33732
33957
34337
34525
34685
34800
34839
34735
34475
34027
33503
33112
32932
32791
32589
32409
32303
32297
32369
32442
32417
32297
31777
31119
30752
30630
30763
31159
31490
31811
32177
32361
32402
32444
32673
33026
33151
33207
33176
33120
33231
33435
33633
33727
33833
34135
34425
34580
34567
34274
33891
33394
33067
32957
32731
32393
32159
31952
31845
31887
31917
32045
32179
32173
31933
31406
30965
30572
30519
30847
31160
31458
31543
31541
31745
32183
32767
33345
33519
33495
33393
33266
33329
33441
33505
33531
33483
33648
33849
34207
34497
34423
34220
33869
33591
33468
33222
32991
32706
32381
32179
32058
32158
32318
32549
32647
32408
31975
31515
31156
31184
31575
31802
31975
32133
32157
32237
32581
33031
33359
33582
33722
33787
33743
33595
33480
33439
33532
33663
33767
33795
33835
33867
33844
33799
33631
33352
33037
32811
32708
32335
31866
31531
31272
31279
31496
31678
31751
31667
31524
31253
30835
30698
30937
31361
31750
31927
31797
31625
31725
32044
32471
32920
33274
33474
33607
33733
33735
33727
33713
33746
33763
33845
34045
34243
34303
34178
33823
33439
33250
33245
33247
33119
32930
32743
32463
32281
32289
32341
32363
32291
32213
32055
31854
31917
32195
32441
32524
32495
32383
32170
32177
32498
32871
33294
33479
33414
33263
33313
33455
33737
33949
33894
33746
33647
33481
33154
32911
32721
32623
32644
32587
32511
32373
32185
32096
31863
31581
31336
31322
31399
31479
31357
31145
30845
30735
30998
31509
32001
32397
32489
32314
32134
32093
32211
32492
32927
33351
33587
33647
33626
33569
33729
34033
34261
34430
34496
34497
34431
34211
33851
33396
33113
33116
33429
33719
33645
33273
32891
32613
32411
32265
32135
32007
31998
32129
32170
32111
31989
31927
32113
32500
32707
32733
32572
32389
32377
32550
32755
32850
32827
32823
32855
32956
33103
33159
33205
33336
33431
33407
33175
32863
32773
32788
32657
32407
32081
31839
31860
31937
32026
31871
31642
31458
31423
31469
31493
31454
31483
31551
31661
31923
32236
32446
32513
32485
32559
32662
32917
33332
33641
33865
33975
33810
33551
33339
33433
33847
34194
34411
34477
34378
34253
34112
33871
33518
33255
33243
33356
33382
33218
32795
32431
32363
32375
32281
32228
32220
32110
32003
31783
31502
31365
31500
31810
32127
32350
32436
32433
32454
32527
32657
32849
32983
33025
33043
32955
32897
32856
32780
32701
32731
32931
33141
33207
33108
32895
32784
32733
32626
32422
32194
32028
31989
32017
32035
32031
32057
32106
32111
31991
31911
31861
31892
31970
32039
32167
32389
32616
32778
32918
33058
33263
33529
33786
33849
33841
33775
33725
33646
33597
33652
33797
33927
33977
33917
33797
33616
33431
33247
33123
33018
32951
32859
32611
32289
32119
32062
32087
32167
32200
32211
32119
32025
31869
31727
31666
31737
31922
32131
32244
32271
32281
32331
32478
32685
32877
33033
33170
33139
33039
33016
33011
33025
33113
33173
33181
33183
33103
32944
32808
32782
32735
32683
32657
32559
32460
32325
32094
31882
31775
31839
32023
32342
32552
32482
32307
32185
32103
32174
32388
32560
32593
32665
32725
32848
33059
33311
33488
33527
33535
33587
33654
33681
33612
33524
33429
33391
33375
33345
33239
33173
33155
33063
32972
32959
33047
33049
32848
32501
32086
31822
31783
31889
32029
32131
32243
32265
32167
32088
32062
32127
32259
32393
32503
32597
32591
32609
32617
32631
32759
32991
33287
33469
33529
33477
33347
33193
33059
32930
32841
32816
32853
32847
32815
32759
32691
32672
32613
32531
32425
32284
32182
32039
31879
31856
31885
31933
31995
32038
32093
32139
32293
32543
32705
32787
32855
32767
32599
32487
32485
32724
33055
33335
33531
33710
33817
33824
33783
33623
33471
33454
33364
33229
33061
32947
32893
32859
32869
32927
32941
32979
32990
32805
32480
32199
32105
32125
32161
32173
32209
32228
32310
32419
32523
32653
32807
32943
32945
32795
32592
32391
32326
32422
32695
33012
33223
33333
33369
33307
33230
33157
32999
32831
32787
32741
32708
32607
32276
32049
32015
32170
32359
32479
32491
32425
32247
32032
31674
31632
31755
31780
31920
32044
31959
32117
32356
32562
32857
33082
33074
33139
33052
32997
32946
32987
33059
33158
33282
33439
33571
33778
33778
33629
33476
33511
33556
33562
33467
33125
32932
32863
32883
32898
32927
33031
33022
33051
32846
32553
32303
32197
32203
32149
32187
32220
32235
32319
32368
32519
32751
32887
32906
32902
32765
32615
32632
32657
32660
32719
32755
32755
32671
32597
32617
32672
32697
32761
32788
32702
32703
32593
32451
32123
31764
31747
31843
31988
32175
32225
32325
32306
32307
32279
32165
32140
32125
32159
32156
32151
32322
32643
32862
33077
33181
33255
33270
33253
33455
33533
33517
33593
33460
33496
33546
33437
33509
33547
33513
33590
33683
33662
33431
33229
32958
32791
32641
32616
32807
32773
32757
32709
32520
32387
32401
32421
32515
32467
32253
32167
32097
32245
32273
32280
32389
32411
32599
32637
32505
32416
32463
32569
32838
32971
32925
32717
32509
32431
32398
32559
32577
32575
32565
32509
32517
32332
32151
32043
32042
32357
32543
32457
32478
32313
32126
32117
32007
32188
32327
32474
32734
32886
32994
32876
32799
32807
32954
33163
33359
33369
33425
33465
33415
33430
33439
33437
33691
33841
33759
33781
33613
33324
33292
33147
33052
33067
32943
32779
32691
32623
32760
32819
32967
32762
32497
32319
32013
31923
32031
32071
32154
32283
32408
32423
32372
32291
32185
32205
32377
32349
32431
32514
32563
32528
32537
32526
32501
32637
32825
32814
32713
32590
32457
32421
32527
32619
32627
32629
32473
32367
32321
32296
32358
32514
32603
32647
32607
32441
32275
32243
32359
32591
32835
33059
32997
32935
32909
32895
32935
33105
33264
33425
33474
33479
33373
33252
33299
33357
33516
33719
33711
33613
33551
33329
33070
32863
32749
32851
33085
33323
33171
32871
32572
32215
32188
32257
32407
32508
32591
32473
32238
32057
31888
31846
32038
32299
32406
32387
32333
32195
32249
32427
32540
32555
32615
32651
32615
32565
32479
32448
32559
32774
32913
32927
32939
32798
32603
32560
32615
32588
32623
32609
32471
32432
32343
32193
32263
32435
32698
33043
32989
32732
32432
32225
32340
32463
32677
32831
32809
32889
33031
32984
32909
33041
33203
33606
33743
33597
33285
32977
32891
33021
33106
33216
33355
33421
33625
33549
33207
32939
32713
32770
32947
32944
32817
32603
32321
32372
32467
32543
32587
32511
32451
32469
32329
32200
32091
32116
32318
32583
32742
32735
32535
32476
32523
32555
32705
32795
32837
32856
32807
32695
32445
32301
32274
32494
32811
33010
32983
32837
32624
32452
32367
32287
32351
32353
32470
32479
32268
32135
32067
32189
32514
32753
32713
32575
32420
32363
32387
32486
32667
32789
32859
32929
32866
32890
32981
32995
33127
33388
33485
33616
33608
33553
33413
33271
33221
33189
33103
33191
33271
33255
33167
33081
32968
32973
33055
33082
32964
32769
32486
32335
32375
32492
32679
32897
32965
32819
32660
32492
32276
32243
32321
32389
32427
32322
32110
32082
32253
32473
32646
32861
32919
32879
32827
32684
32458
32339
32253
32265
32306
32387
32335
32281
32263
32238
32186
32239
32343
32423
32514
32462
32201
31916
31784
31893
32232
32612
32823
32897
32785
32708
32777
32865
32937
33068
33052
33021
32964
32977
33050
33151
33296
33527
33627
33721
33677
33567
33657
33673
33633
33576
33382
33243
33174
33127
33135
33082
33029
33069
33167
33271
33201
32834
32551
32277
32071
32096
32247
32346
32405
32477
32467
32474
32490
32480
32508
32576
32641
32445
32208
31950
31810
31955
32230
32373
32315
32261
32301
32361
32540
32663
32567
32430
32395
32321
32247
32129
32017
31929
32031
32235
32391
32571
32721
32606
32549
32555
32405
32315
32425
32531
32689
32863
32876
32819
32893
33161
33489
33773
33836
33611
33324
33191
33148
33261
33409
33474
33575
33732
33765
33655
33557
33515
33533
33529
33399
33235
33012
32897
32805
32720
32663
32614
32609
32729
32831
32780
32667
32429
32220
32116
32019
32071
32114
32044
32003
32023
32075
32196
32338
32463
32536
32482
32355
32200
32056
32063
32187
32253
32294
32300
32287
32369
32412
32430
32504
32453
32428
32467
32515
32494
32438
32407
32422
32464
32565
32702
32690
32770
32777
32649
32664
32727
32844
33018
33196
33179
33120
33077
33025
33106
33257
33523
33703
33767
33694
33511
33379
33358
33367
33351
33383
33332
33201
33190
33201
33161
33159
33154
33087
32987
32903
32844
32743
32589
32499
32304
32149
32231
32265
32282
32309
32294
32301
32321
32287
32269
32223
32119
32026
31878
31849
31990
32252
32536
32673
32596
32523
32447
32395
32493
32521
32525
32479
32432
32397
32472
32565
32651
32739
32780
32776
32653
32636
32627
32594
32585
32607
32577
32607
32677
32727
32845
32963
32995
33033
33014
33019
33111
33111
33043
32919
32762
32799
33015
33207
33456
33537
33509
33398
33249
33199
33203
33225
33307
33303
33181
33033
32809
32642
32687
32786
32947
33018
32907
32695
32587
32517
32431
32349
32216
32163
32182
32267
32342
32361
32294
32259
32255
32345
32445
32425
32407
32359
32265
32266
32227
32349
32595
32704
32717
32699
32530
32484
32539
32632
32779
32825
32756
32607
32523
32503
32571
32579
32634
32626
32679
32737
32703
32599
32569
32595
32615
32615
32593
32557
32653
32738
32816
32840
32847
32895
33023
33147
33186
33161
33086
33030
33065
33025
33027
33046
33083
33091
33177
33246
33226
33245
33241
33273
33161
33049
32875
32794
32767
32792
32831
32830
32746
32593
32547
32523
32551
32563
32544
32504
32485
32415
32330
32357
32318
32389
32490
32553
32567
32553
32583
32555
32525
32499
32437
32420
32464
32460
32459
32457
32439
32450
32568
32693
32743
32711
32619
32455
32342
32330
32397
32495
32551
32530
32529
32493
32487
32505
32499
32505
32605
32671
32692
32703
32687
32621
32647
32697
32758
32885
33052
33124
33217
33281
33255
33255
33215
33185
33221
33263
33297
33244
33179
33131
33160
33199
33267
33194
33143
33074
33003
33000
32995
32913
32893
32852
32814
32722
32623
32596
32571
32585
32602
32529
32465
32439
32359
32339
32315
32212
32182
32263
32363
32415
32504
32507
32453
32419
32409
32453
32459
32436
32383
32310
32235
32279
32311
32393
32463
32497
32471
32425
32332
32282
32305
32420
32519
32535
32503
32449
32442
32530
32616
32651
32691
32715
32805
32899
32973
32995
32997
33003
33071
33130
33170
33203
33229
33261
33283
33365
33445
33432
33435
33486
33525
33513
33375
33229
33153
33179
33232
33223
33119
32934
32836
32840
32849
32862
32772
32669
32510
32449
32443
32448
32383
32323
32321
32337
32313
32275
32323
32327
32286
32263
32221
32178
32191
32177
32185
32228
32223
32205
32235
32323
32444
32466
32445
32423
32395
32341
32348
32345
32355
32387
32420
32438
32461
32468
32552
32669
32759
32741
32713
32743
32750
32736
32789
32815
32881
32992
33137
33173
33109
33095
33163
33298
33424
33509
33474
33383
33372
33369
33367
33370
33331
33269
33295
33311
33353
33320
33266
33140
33061
32978
32993
32905
32823
32764
32622
32503
32461
32447
32383
32429
32455
32474
32456
32353
32324
32267
32103
31985
31965
31994
32041
32130
32151
32119
32255
32387
32400
32408
32222
32072
32122
32224
32387
32423
32365
32356
32436
32687
32728
32769
32719
32605
32575
32563
32439
32529
32613
32741
32877
32881
32845
32874
32909
32979
33066
33046
32989
33053
32999
33109
33352
33417
33326
33201
33139
33228
33351
33503
33473
33203
33023
33050
33251
33407
33353
33259
33220
33091
32916
32983
32826
32767
32863
32657
32615
32661
32589
32841
32781
32530
32430
32169
32038
32004
31781
31900
31974
31949
32191
32170
32045
32301
32287
32097
32099
31898
32009
32499
32683
32665
32843
32520
32468
32515
32323
32375
32316
32392
32639
32508
32399
32525
32683
32857
32919
32806
32733
32762
32835
32983
33190
33135
33169
33155
32967
32969
32951
32925
33080
32883
32785
32885
32939
33275
33441
33344
33267
32998
33066
33145
33191
33418
33558
33514
33383
33101
32954
33019
33184
33162
32989
32718
32511
32407
32482
32553
32637
32626
32633
32631
32428
32450
32399
32360
32266
31959
31905
31954
32095
32434
32389
32329
32179
32076
32215
32245
32307
32418
32325
32258
32167
32083
32270
32502
32679
32619
32441
32361
32407
32631
32923
33103
33079
33007
32928
32910
33029
33105
32942
32891
32771
32622
32797
32847
32880
32959
32887
33007
33165
33275
33343
33331
33258
33221
33189
33109
33095
33233
33090
32983
32967
32763
32771
33003
33102
33253
33183
33043
32941
32861
32858
32734
32611
32667
32698
32744
32851
32741
32565
32421
32271
32158
32193
32143
32132
32091
32135
32230
32365
32441
32542
32490
32491
32436
32261
32112
31991
31846
31911
32056
32181
32317
32399
32535
32759
32923
33026
33010
32947
32899
32871
32739
32696
32636
32622
32741
32785
32777
32867
32851
32913
32975
32925
33013
33191
33336
33474
33258
33103
33037
32858
32857
32808
32793
32983
32855
32852
32979
32991
33076
33234
33248
33285
33105
32924
33069
32908
32880
32825
32452
32425
32393
32341
32603
32844
32828
32881
32639
32478
32597
32617
32654
32513
32271
32167
32191
32250
32291
32160
31997
32004
31990
32043
32095
32093
32173
32357
32412
32568
32663
32491
32735
32799
32823
32873
32732
32586
32460
32455
32476
32507
32623
32589
32575
32671
32941
33011
33192
33287
33394
33321
33321
33239
32971
32913
32889
32894
32924
32765
32743
32894
33066
33240
33166
33059
33017
32868
32993
33171
33040
32815
32727
32607
32696
32781
32911
33071
33050
32965
32901
32799
32786
32823
32931
32880
32703
32482
32319
32310
32353
32461
32527
32563
32375
32288
32363
32423
32438
32331
32394
32331
32407
32643
32811
32958
32819
32560
32309
32216
32151
32223
32363
32374
32344
32265
32277
32437
32676
32983
33071
33006
32875
32689
32727
32905
33005
32913
32740
32615
32626
32773
32825
32787
32664
32603
32737
32871
33120
33191
33073
33033
32997
32853
32856
32783
32778
32899
32837
32842
32894
32845
32954
33046
33089
33249
33204
33039
32959
32823
32689
32645
32562
32577
32655
32847
33109
33047
32863
32721
32579
32733
32889
32814
32607
32421
32323
32331
32465
32474
32562
32621
32647
32663
32461
32356
32301
32191
32293
32239
32151
32340
32447
32414
32572
32575
32543
32559
32555
32657
32659
32625
32572
32393
32385
32493
32646
32837
32907
32830
32833
32898
32975
32995
32948
32799
32668
32597
32587
32673
32763
32855
32821
32901
32987
33093
33253
33207
33106
32921
32871
32761
32687
32695
32800
32953
33181
33224
33017
32898
32751
32739
32848
32807
32695
32703
32815
32947
33042
32994
32866
32797
32663
32620
32605
32683
32703
32599
32472
32456
32416
32541
32545
32458
32381
32255
32119
32123
32247
32332
32563
32689
32563
32407
32257
32266
32391
32589
32617
32553
32559
32572
32511
32504
32533
32530
32544
32652
32647
32635
32768
32848
32837
32752
32612
32571
32740
32945
33182
33222
33195
33063
32897
32972
33005
33008
33034
33022
32855
32683
32679
32789
32940
33063
33092
32971
32941
32932
32983
33129
33197
33133
32988
32871
32719
32738
32844
32919
32895
32791
32801
32786
32721
32611
32547
32474
32466
32414
32367
32402
32477
32616
32663
32531
32398
32363
32383
32461
32495
32401
32315
32200
32161
32255
32245
32313
32479
32579
32609
32489
32283
32254
32327
32497
32655
32634
32688
32761
32775
32835
32793
32663
32635
32753
32932
33129
33177
33126
32990
32847
32791
32741
32808
32947
32953
32975
33006
32979
33009
33068
33120
33193
33241
33167
33021
32847
32853
32897
32951
32973
32840
32713
32762
32901
32968
32948
32791
32708
32721
32843
32940
32815
32677
32542
32459
32525
32553
32527
32531
32563
32609
32603
32578
32487
32331
32271
32235
32251
32256
32223
32273
32395
32520
32549
32422
32326
32276
32376
32621
32695
32525
32293
32188
32231
32489
32743
32789
32793
32831
32903
32993
32983
32801
32680
32673
32817
32927
32912
32906
32899
32927
32982
32967
32962
33028
33105
33137
33100
33013
32899
32820
32833
32969
33059
33049
32977
32769
32687
32755
32901
33046
33068
33023
32923
32872
32858
32807
32711
32668
32623
32583
32567
32584
32569
32615
32717
32831
32816
32777
32730
32599
32533
32431
32327
32203
32183
32262
32381
32529
32691
32597
32376
32303
32272
32395
32579
32563
32496
32411
32383
32423
32469
32545
32614
32662
32761
32804
32733
32733
32803
32844
32885
32713
32439
32388
32514
32755
32983
33032
32995
32968
33008
33159
33254
33192
32990
32755
32631
32653
32673
32813
32891
32910
32943
32965
33009
33055
33084
33081
33001
32833
32606
32467
32547
32746
32828
32851
32818
32748
32839
33014
33041
33007
32885
32766
32617
32535
32498
32415
32423
32486
32505
32510
32537
32553
32626
32710
32728
32678
32615
32540
32441
32421
32421
32378
32343
32326
32367
32469
32590
32663
32673
32658
32574
32479
32415
32423
32494
32541
32584
32587
32588
32647
32774
32963
33067
33038
32926
32780
32692
32649
32706
32762
32782
32852
32827
32749
32726
32816
32987
33114
33136
33027
32913
32913
32947
32917
32757
32571
32519
32633
32847
33077
33199
33109
32958
32854
32863
32933
32955
32863
32726
32592
32529
32527
32575
32698
32844
32974
33033
32963
32806
32726
32689
32655
32575
32421
32272
32247
32407
32567
32657
32639
32535
32499
32511
32549
32468
32382
32355
32345
32354
32447
32501
32511
32525
32501
32481
32482
32523
32624
32715
32739
32684
32599
32524
32536
32603
32721
32825
32855
32880
32876
32847
32887
32865
32855
32843
32735
32658
32705
32785
32887
32948
32983
32999
32985
33016
33061
33037
33007
32950
32892
32881
32879
32885
32875
32854
32836
32860
32887
32925
32940
32936
32955
32868
32775
32681
32619
32694
32815
32879
32848
32727
32582
32501
32503
32544
32559
32533
32482
32485
32486
32507
32510
32448
32310
32235
32253
32302
32333
32391
32410
32438
32519
32513
32525
32588
32613
32613
32526
32409
32344
32371
32515
32735
32803
32743
32617
32567
32633
32747
32825
32839
32769
32757
32819
32946
33038
33078
33045
33043
32989
32979
32983
32980
32981
32958
32887
32796
32777
32847
32991
33085
33087
33023
32922
32907
32979
33069
33048
32910
32803
32759
32791
32877
32897
32861
32789
32731
32703
32612
32583
32611
32657
32703
32690
32567
32413
32318
32339
32429
32503
32499
32431
32376
32389
32471
32534
32491
32364
32247
32245
32337
32451
32518
32511
32453
32399
32360
32369
32383
32455
32559
32615
32655
32674
32722
32823
32921
32954
32845
32695
32616
32661
32823
33031
33113
33055
32908
32791
32785
32887
33029
33138
33067
32942
32844
32822
32905
33004
33069
33072
33033
33003
33002
32997
32999
32905
32801
32747
32733
32755
32854
32927
32918
32892
32834
32775
32738
32694
32672
32642
32583
32525
32455
32475
32551
32633
32634
32538
32399
32327
32377
32513
32647
32658
32552
32405
32253
32143
32107
32150
32311
32470
32610
32657
32596
32547
32549
32553
32557
32499
32423
32445
32582
32738
32824
32855
32776
32687
32727
32840
32947
32935
32895
32809
32803
32845
32909
32920
32937
32949
32925
32902
32904
32926
32987
33069
33096
32982
32868
32797
32831
32927
33002
33007
32957
32887
32824
32813
32827
32837
32810
32804
32783
32779
32775
32748
32709
32647
32609
32578
32595
32637
32699
32755
32762
32712
32625
32555
32505
32487
32484
32427
32359
32341
32357
32434
32538
32551
32527
32494
32477
32492
32491
32539
32544
32489
32441
32416
32422
32537
32645
32733
32725
32683
32671
32659
32679
32715
32734
32724
32723
32707
32717
32736
32761
32832
32866
32891
32911
32943
32990
33042
32998
32937
32900
32859
32835
32834
32849
32826
32829
32855
32859
32884
32935
32955
32941
32900
32804
32708
32675
32712
32767
32833
32934
32961
32891
32823
32780
32723
32716
32696
32678
32628
32601
32606
32623
32668
32675
32609
32526
32495
32524
32582
32638
32649
32581
32513
32462
32481
32538
32569
32557
32455
32343
32327
32409
32519
32631
32685
32632
32555
32471
32466
32521
32594
32679
32673
32643
32643
32667
32723
32767
32783
32811
32780
32794
32879
32909
32911
32846
32728
32652
32664
32813
32971
32979
32901
32816
32789
32857
32935
32976
32979
32955
32943
32919
32875
32795
32757
32759
32810
32899
32929
32921
32945
32965
32967
32899
32810
32687
32600
32617
32698
32759
32783
32773
32725
32723
32746
32775
32709
32575
32523
32499
32465
32457
32436
32453
32520
32613
32614
32544
32451
32417
32425
32475
32477
32424
32346
32339
32415
32529
32605
32601
32544
32517
32551
32615
32655
32677
32639
32633
32641
32672
32731
32776
32765
32750
32751
32748
32756
32804
32875
32936
32932
32902
32846
32844
32889
32933
32963
32938
32900
32903
32943
32982
32989
33025
33015
32971
32937
32904
32889
32893
32887
32839
32805
32826
32855
32874
32864
32847
32817
32788
32766
32719
32712
32739
32743
32705
32655
32585
32524
32497
32494
32506
32489
32495
32488
32494
32487
32464
32422
32385
32347
32343
32348
32391
32447
32485
32485
32490
32489
32519
32561
32567
32550
32552
32536
32493
32478
32497
32607
32717
32810
32831
32779
32742
32780
32813
32844
32862
32859
32853
32893
32933
32975
32993
32990
33021
33020
33063
33005
32943
32891
32870
32865
32879
32926
32964
32997
33020
33049
33004
32896
32813
32785
32853
32919
32967
32911
32804
32725
32727
32725
32742
32693
32657
32633
32628
32629
32612
32588
32555
32495
32459
32451
32472
32485
32523
32511
32449
32407
32354
32349
32406
32447
32471
32434
32432
32393
32412
32434
32459
32473
32495
32529
32551
32569
32583
32591
32583
32619
32715
32781
32869
32893
32862
32836
32780
32773
32807
32853
32929
32977
32963
32958
32950
32937
32913
32909
32915
32935
32961
32974
32983
32949
32959
32973
32971
32949
32945
32941
32953
32919
32869
32799
32737
32731
32752
32799
32829
32852
32855
32803
32731
32660
32610
32598
32584
32599
32579
32565
32537
32528
32537
32559
32567
32541
32494
32435
32413
32409
32409
32438
32447
32471
32472
32476
32452
32414
32388
32399
32411
32483
32559
32671
32721
32697
32621
32543
32534
32601
32684
32776
32818
32791
32784
32795
32812
32791
32804
32833
32885
32909
32918
32903
32894
32891
32888
32889
32911
32950
32995
33009
32984
32907
32855
32844
32865
32889
32927
32951
32907
32868
32846
32846
32837
32791
32760
32727
32697
32730
32765
32795
32801
32782
32724
32667
32629
32591
32591
32621
32656
32655
32659
32643
32651
32615
32556
32487
32405
32375
32405
32467
32523
32541
32523
32521
32503
32530
32527
32532
32547
32558
32555
32564
32563
32511
32499
32520
32585
32612
32667
32683
32719
32754
32770
32773
32730
32695
32715
32734
32774
32774
32809
32857
32897
32921
32940
32935
32923
32905
32879
32881
32867
32847
32825
32821
32829
32858
32864
32863
32864
32865
32875
32919
32913
32867
32791
32735
32714
32745
32797
32829
32855
32845
32855
32854
32808
32731
32648
32587
32581
32599
32625
32639
32639
32631
32625
32624
32625
32606
32593
32570
32575
32556
32531
32478
32435
32437
32467
32503
32519
32511
32523
32525
32532
32536
32536
32526
32533
32574
32631
32653
32617
32590
32582
32617
32669
32699
32746
32769
32793
32807
32838
32816
32797
32779
32787
32819
32827
32862
32845
32844
32855
32873
32863
32879
32903
32920
32920
32905
32876
32859
32876
32912
32934
32922
32911
32883
32855
32843
32834
32851
32849
32847
32855
32837
32828
32793
32757
32702
32683
32658
32687
32713
32717
32724
32715
32647
32583
32512
32496
32493
32480
32487
32509
32522
32551
32551
32547
32535
32503
32447
32432
32399
32403
32412
32431
32474
32503
32535
32553
32583
32607
32632
32645
32623
32611
32587
32604
32620
32669
32723
32760
32787
32807
32806
32823
32845
32851
32825
32824
32844
32866
32899
32951
32982
33015
32998
32993
32964
32942
32925
32906
32897
32899
32920
32911
32922
32937
32936
32939
32917
32879
32865
32863
32848
32812
32781
32753
32713
32717
32733
32761
32755
32737
32676
32635
32619
32607
32597
32564
32543
32514
32469
32464
32456
32441
32459
32440
32433
32440
32433
32465
32454
32445
32443
32425
32437
32472
32490
32535
32517
32549
32578
32564
32575
32583
32583
32591
32611
32639
32687
32751
32800
32849
32888
32912
32904
32859
32866
32855
32865
32880
32903
32952
32969
32989
32987
32974
32961
32957
32951
32943
32948
32930
32938
32937
32951
32933
32893
32873
32866
32871
32881
32868
32819
32817
32811
32785
32789
32774
32759
32713
32682
32644
32599
32577
32559
32543
32557
32584
32584
32565
32535
32497
32435
32426
32459
32471
32462
32439
32437
32449
32461
32447
32413
32426
32445
32462
32514
32505
32513
32514
32529
32597
32620
32624
32632
32641
32701
32753
32791
32789
32776
32766
32803
32840
32855
32839
32828
32845
32925
32962
32959
32951
32943
32959
32989
33002
32944
32879
32872
32904
32919
32926
32893
32892
32932
32984
32984
32942
32877
32849
32839
32845
32803
32736
32694
32681
32720
32741
32762
32758
32725
32711
32686
32631
32564
32507
32510
32543
32587
32582
32565
32525
32507
32534
32541
32508
32473
32437
32469
32485
32491
32476
32461
32492
32502
32534
32533
32551
32549
32555
32565
32579
32587
32617
32617
32645
32685
32701
32699
32695
32723
32763
32805
32850
32837
32846
32845
32839
32843
32840
32833
32812
32841
32882
32911
32940
32956
32944
32929
32937
32919
32898
32891
32871
32858
32831
32839
32847
32848
32839
32827
32831
32794
32796
32776
32747
32731
32738
32749
32739
32738
32707
32684
32684
32673
32655
32629
32593
32610
32601
32598
32609
32591
32588
32592
32567
32527
32487
32481
32491
32503
32508
32503
32509
32535
32551
32573
32572
32562
32549
32533
32560
32581
32607
32615
32618
32598
32626
32667
32679
32687
32697
32717
32724
32744
32757
32763
32783
32810
32841
32844
32859
32849
32845
32863
32879
32884
32844
32829
32813
32815
32851
32884
32887
32875
32863
32870
32863
32871
32867
32849
32838
32862
32853
32847
32835
32815
32780
32794
32775
32766
32759
32740
32747
32754
32753
32719
32662
32641
32640
32631
32641
32609
32601
32601
32615
32601
32571
32527
32493
32495
32507
32520
32538
32575
32571
32557
32539
32480
32454
32454
32487
32513
32537
32551
32545
32597
32626
32639
32660
32654
32646
32633
32652
32673
32683
32668
32703
32721
32757
32798
32833
32841
32847
32826
32825
32829
32831
32853
32859
32875
32873
32895
32907
32910
32922
32931
32921
32898
32895
32895
32887
32860
32850
32865
32892
32892
32873
32850
32844
32833
32833
32815
32783
32761
32742
32715
32711
32693
32659
32641
32655
32645
32643
32647
32653
32618
32585
32551
32515
32465
32461
32469
32487
32489
32494
32503
32517
32525
32485
32459
32449
32437
32457
32487
32521
32514
32506
32531
32575
32617
32634
32633
32638
32650
32664
32668
32653
32659
32723
32777
32827
32839
32841
32847
32875
32889
32886
32863
32863
32873
32894
32935
32935
32950
32965
32972
32970
32947
32935
32901
32893
32887
32900
32894
32891
32884
32871
32871
32859
32839
32802
32791
32779
32775
32782
32771
32767
32735
32723
32663
32635
32605
32590
32602
32581
32577
32551
32539
32522
32501
32485
32461
32468
32467
32473
32477
32478
32459
32432
32439
32426
32452
32475
32511
32507
32507
32508
32526
32558
32572
32599
32602
32613
32629
32670
32688
32708
32730
32759
32792
32827
32851
32874
32883
32876
32873
32887
32892
32882
32899
32901
32911
32952
32951
32952
32935
32940
32967
32949
32926
32897
32881
32871
32890
32928
32934
32927
32911
32885
32839
32819
32785
32743
32710
32695
32717
32723
32723
32710
32661
32649
32647
32630
32595
32599
32559
32521
32499
32503
32507
32532
32525
32527
32492
32481
32481
32470
32439
32439
32461
32471
32464
32492
32524
32546
32553
32582
32553
32574
32597
32614
32608
32649
32673
32665
32679
32712
32747
32763
32767
32813
32838
32866
32874
32837
32823
32845
32864
32869
32869
32907
32901
32935
32955
32926
32911
32913
32959
32929
32882
32803
32775
32783
32787
32809
32819
32841
32863
32865
32831
32781
32721
32687
32673
32687
32703
32685
32633
32615
32585
32579
32618
32629
32584
32556
32554
32519
32476
32504
32530
32557
32574
32567
32532
32489
32476
32512
32541
32527
32489
32515
32571
32601
32607
32568
32563
32551
32559
32567
32583
32659
32695
32739
32749
32743
32716
32760
32816
32839
32832
32843
32808
32781
32820
32852
32901
32945
32904
32860
32855
32903
32961
32998
32989
32915
32823
32810
32859
32916
32964
32904
32841
32815
32826
32867
32915
32918
32880
32817
32702
32627
32629
32702
32737
32752
32741
32732
32699
32690
32723
32785
32762
32669
32531
32501
32588
32679
32689
32614
32503
32460
32496
32587
32626
32626
32603
32541
32518
32506
32477
32491
32538
32600
32598
32564
32511
32529
32603
32676
32677
32613
32548
32511
32527
32590
32701
32748
32753
32696
32631
32631
32707
32797
32847
32831
32801
32774
32789
32810
32830
32870
32829
32773
32735
32735
32823
32925
32945
32886
32807
32753
32764
32795
32852
32900
32899
32840
32827
32820
32827
32887
32877
32847
32771
32717
32721
32759
32807
32794
32725
32646
32625
32649
32734
32789
32822
32779
32663
32551
32542
32595
32659
32710
32659
32575
32511
32483
32491
32541
32579
32582
32552
32501
32439
32446
32533
32577
32560
32560
32515
32541
32561
32573
32547
32565
32595
32583
32630
32669
32697
32720
32699
32631
32575
32605
32711
32791
32878
32869
32829
32799
32767
32765
32817
32907
32963
32961
32907
32819
32829
32903
32969
32959
32933
32875
32813
32854
32903
32925
32915
32886
32835
32812
32852
32880
32867
32863
32853
32825
32801
32787
32757
32740
32728
32699
32635
32602
32629
32663
32665
32628
32561
32506
32480
32533
32623
32647
32612
32531
32447
32413
32423
32407
32421
32459
32484
32445
32439
32471
32507
32524
32527
32503
32471
32490
32495
32547
32589
32631
32649
32643
32685
32713
32724
32745
32733
32734
32767
32775
32815
32873
32901
32899
32902
32873
32882
32915
32953
32976
32982
32967
32916
32905
32955
32993
32983
32981
32968
32924
32911
32905
32857
32849
32847
32849
32842
32833
32809
32815
32800
32774
32751
32729
32701
32709
32703
32673
32625
32555
32572
32599
32585
32553
32531
32511
32498
32471
32409
32387
32432
32473
32481
32479
32455
32447
32458
32471
32513
32528
32540
32521
32479
32486
32467
32495
32502
32551
32615
32643
32655
32695
32724
32731
32737
32775
32795
32801
32793
32799
32855
32868
32894
32888
32906
32954
33023
33026
32975
32876
32842
32875
32927
32964
32967
32943
32923
32929
32929
32924
32915
32876
32855
32872
32869
32819
32809
32789
32802
32813
32801
32756
32663
32627
32613
32597
32607
32620
32621
32602
32582
32600
32567
32543
32546
32551
32531
32494
32483
32475
32493
32498
32515
32484
32449
32453
32463
32471
32493
32501
32473
32487
32521
32593
32630
32659
32646
32597
32579
32620
32703
32765
32765
32720
32657
32648
32684
32746
32822
32882
32871
32859
32852
32877
32900
32929
32946
32907
32865
32860
32875
32917
32941
32937
32906
32857
32874
32887
32901
32919
32889
32821
32759
32741
32759
32805
32809
32754
32719
32712
32743
32762
32765
32743
32705
32661
32607
32574
32563
32595
32657
32668
32632
32575
32529
32525
32544
32562
32559
32514
32530
32573
32609
32615
32613
32567
32497
32504
32541
32584
32573
32548
32531
32551
32595
32629
32619
32610
32605
32634
32661
32669
32684
32668
32680
32729
32787
32815
32796
32751
32727
32765
32814
32821
32799
32751
32739
32775
32854
32915
32888
32879
32892
32910
32913
32903
32829
32743
32723
32775
32837
32857
32847
32819
32779
32773
32790
32780
32798
32791
32775
32782
32783
32717
32658
32661
32687
32725
32759
32747
32727
32695
32671
32683
32667
32625
32595
32567
32570
32587
32596
32583
32557
32571
32609
32641
32649
32631
32563
32523
32520
32532
32575
32590
32595
32567
32529
32535
32542
32589
32629
32656
32665
32634
32603
32591
32575
32653
32699
32737
32733
32721
32767
32813
32806
32783
32711
32692
32746
32811
32821
32810
32775
32767
32747
32792
32845
32855
32876
32885
32869
32856
32865
32887
32895
32879
32843
32841
32810
32815
32803
32778
32781
32803
32815
32820
32787
32779
32793
32791
32790
32749
32681
32608
32626
32652
32713
32752
32728
32677
32640
32606
32591
32592
32529
32485
32449
32501
32554
32588
32615
32600
32553
32527
32538
32516
32498
32469
32485
32508
32543
32555
32531
32555
32575
32607
32598
32599
32597
32615
32655
32689
32709
32681
32659
32657
32693
32745
32800
32831
32851
32847
32864
32876
32897
32921
32905
32873
32829
32776
32784
32865
32944
32982
32934
32900
32895
32919
32965
32990
32945
32899
32831
32783
32781
32795
32759
32735
32753
32796
32827
32829
32788
32754
32689
32669
32620
32603
32537
32581
32639
32671
32652
32593
32565
32577
32583
32562
32497
32421
32403
32393
32439
32496
32510
32469
32434
32421
32484
32545
32613
32615
32583
32587
32555
32531
32536
32553
32549
32550
32575
32647
32708
32745
32792
32815
32837
32807
32775
32764
32781
32841
32861
32904
32935
32951
32946
32931
32944
32936
32956
32956
32935
32933
32965
32980
32957
32855
32744
32652
32731
32871
33028
33050
32984
32889
32827
32789
32805
32775
32750
32715
32691
32671
32670
32645
32615
32557
32541
32517
32490
32497
32572
32672
32676
32615
32525
32473
32449
32478
32459
32429
32416
32447
32519
32580
32602
32596
32511
32441
32360
32324
32375
32465
32588
32706
32743
32711
32624
32593
32655
32731
32829
32842
32772
32728
32741
32805
32841
32823
32779
32747
32757
32807
32897
32967
33002
32995
32974
32955
32951
32930
32894
32890
32872
32855
32894
32927
32983
32983
32943
32882
32782
32687
32669
32691
32775
32838
32814
32714
32631
32618
32659
32727
32781
32799
32742
32660
32583
32545
32542
32541
32533
32510
32475
32477
32495
32525
32533
32507
32484
32500
32523
32585
32623
32586
32560
32535
32525
32499
32528
32543
32554
32583
32608
32575
32553
32577
32643
32728
32773
32762
32670
32647
32635
32681
32735
32831
32900
32917
32893
32863
32842
32894
32901
32855
32813
32797
32804
32838
32833
32820
32788
32823
32885
32949
33003
32976
32902
32820
32767
32743
32767
32803
32833
32830
32809
32799
32749
32657
32609
32623
32655
32690
32712
32695
32656
32653
32675
32687
32688
32622
32583
32577
32615
32655
32655
32643
32637
32584
32532
32501
32467
32468
32487
32527
32572
32608
32615
32609
32599
32615
32617
32606
32600
32572
32607
32652
32693
32661
32635
32599
32607
32642
32660
32678
32667
32679
32730
32797
32777
32772
32793
32813
32827
32808
32781
32773
32808
32883
32883
32847
32807
32793
32825
32841
32831
32795
32751
32734
32749
32771
32777
32809
32831
32862
32902
32893
32870
32822
32785
32770
32739
32680
32667
32670
32727
32761
32735
32655
32614
32607
32650
32661
32675
32673
32664
32663
32638
32607
32587
32565
32635
32674
32719
32680
32604
32529
32503
32483
32440
32439
32473
32552
32596
32626
32609
32584
32591
32625
32623
32647
32631
32635
32663
32681
32671
32646
32629
32608
32617
32659
32688
32705
32718
32740
32775
32842
32832
32793
32733
32713
32754
32819
32873
32871
32901
32943
32961
32951
32867
32793
32767
32772
32803
32791
32783
32804
32863
32890
32865
32811
32781
32785
32828
32841
32828
32807
32809
32871
32867
32806
32672
32527
32489
32565
32631
32685
32669
32637
32623
32616
32599
32551
32514
32497
32531
32568
32591
32619
32629
32628
32619
32566
32494
32467
32475
32489
32475
32441
32432
32443
32503
32573
32615
32643
32615
32643
32705
32764
32775
32765
32721
32681
32661
32647
32685
32747
32787
32844
32834
32814
32811
32809
32845
32876
32891
32879
32871
32901
32929
32937
32935
32912
32893
32905
32957
32961
32944
32919
32862
32845
32834
32784
32729
32695
32705
32757
32765
32775
32734
32737
32769
32815
32810
32742
32677
32603
32567
32570
32590
32595
32572
32545
32514
32503
32487
32499
32460
32469
32456
32456
32485
32495
32511
32532
32530
32510
32502
32519
32598
32651
32633
32582
32527
32521
32574
32591
32636
32620
32634
32637
32631
32645
32702
32778
32860
32919
32911
32893
32880
32898
32941
32934
32851
32792
32791
32857
32930
32973
32937
32873
32863
32877
32913
32951
32940
32899
32850
32818
32836
32860
32879
32861
32830
32803
32767
32757
32763
32785
32781
32740
32687
32632
32584
32577
32580
32562
32551
32529
32535
32563
32606
32606
32619
32593
32573
32541
32505
32460
32436
32413
32419
32445
32478
32547
32556
32591
32595
32567
32555
32531
32511
32529
32565
32630
32645
32646
32654
32694
32759
32769
32787
32763
32756
32766
32764
32773
32797
32807
32827
32834
32809
32795
32821
32890
32975
33028
33005
32927
32844
32825
32861
32913
32902
32837
32797
32776
32799
32837
32856
32879
32890
32863
32839
32823
32767
32703
32651
32641
32651
32673
32693
32666
32675
32663
32625
32595
32580
32611
32627
32639
32593
32504
32499
32513
32559
32615
32627
32590
32513
32487
32513
32559
32608
32590
32581
32572
32539
32507
32511
32528
32578
32619
32657
32667
32665
32655
32647
32651
32695
32735
32757
32763
32735
32737
32743
32760
32745
32757
32813
32847
32880
32865
32823
32784
32743
32760
32791
32825
32867
32891
32886
32863
32871
32871
32876
32887
32899
32855
32801
32723
32672
32685
32714
32748
32759
32777
32769
32727
32716
32713
32702
32688
32661
32679
32687
32715
32726
32741
32726
32670
32615
32567
32521
32575
32605
32616
32591
32571
32550
32571
32588
32597
32580
32583
32599
32599
32607
32608
32588
32599
32622
32657
32667
32645
32619
32575
32562
32580
32594
32615
32641
32687
32733
32731
32682
32648
32607
32639
32716
32811
32863
32883
32856
32833
32776
32765
32767
32783
32807
32775
32748
32730
32774
32833
32863
32841
32841
32793
32806
32779
32779
32795
32837
32847
32861
32857
32857
32849
32839
32816
32744
32643
32629
32651
32707
32762
32741
32709
32647
32621
32642
32663
32705
32715
32711
32683
32638
32623
32623
32622
32615
32589
32558
32578
32550
32592
32599
32575
32523
32492
32487
32543
32593
32625
32603
32569
32567
32583
32629
32662
32685
32651
32644
32615
32647
32683
32689
32689
32689
32669
32663
32646
32671
32719
32784
32859
32903
32903
32845
32777
32743
32742
32780
32877
32918
32940
32931
32894
32889
32880
32856
32809
32777
32782
32821
32860
32895
32877
32827
32768
32761
32823
32853
32844
32787
32765
32732
32762
32747
32751
32735
32683
32607
32540
32542
32543
32609
32635
32647
32604
32575
32526
32480
32475
32438
32431
32402
32429
32444
32499
32486
32475
32419
32392
32411
32441
32510
32541
32559
32520
32486
32473
32447
32519
32583
32661
32685
32682
32713
32721
32751
32742
32711
32673
32717
32771
32879
32945
32936
32903
32891
32903
32958
32985
32987
33043
33059
33049
33058
33004
32969
32948
32984
32955
32934
32883
32915
33002
33071
33087
32981
32901
32797
32747
32763
32782
32805
32753
32776
32813
32834
32783
32693
32652
32591
32581
32511
32459
32466
32476
32499
32476
32437
32419
32415
32449
32467
32476
32438
32427
32471
32475
32474
32430
32441
32418
32484
32513
32527
32526
32542
32589
32565
32590
32548
32561
32615
32683
32755
32787
32783
32730
32755
32823
32885
32891
32894
32893
32939
32945
32963
32979
32956
32929
32879
32855
32881
32898
32957
32976
32993
32988
32951
32936
32940
32915
32893
32868
32885
32861
32829
32841
32827
32791
32713
32688
32683
32631
32679
32668
32683
32637
32587
32527
32477
32500
32527
32582
32610
32573
32552
32519
32531
32511
32506
32517
32464
32479
32416
32417
32429
32514
32559
32591
32564
32545
32551
32543
32595
32609
32650
32655
32624
32569
32605
32647
32692
32755
32788
32785
32728
32697
32679
32767
32823
32805
32771
32723
32802
32848
32884
32901
32887
32869
32825
32862
32853
32888
32874
32843
32818
32776
32819
32816
32887
32891
32865
32789
32734
32691
32711
32815
32901
32905
32814
32780
32744
32766
32797
32741
32655
32597
32649
32676
32733
32759
32725
32657
32600
32589
32619
32675
32699
32693
32662
32629
32578
32577
32619
32644
32687
32687
32605
32540
32507
32521
32597
32637
32636
32550
32527
32569
32626
32667
32628
32583
32574
32664
32697
32711
32681
32601
32607
32622
32685
32643
32619
32650
32661
32714
32715
32679
32632
32657
32735
32766
32774
32736
32699
32720
32808
32866
32875
32856
32843
32837
32839
32860
32822
32774
32759
32797
32847
32879
32872
32845
32865
32900
32908
32849
32822
32799
32899
32914
32892
32825
32789
32827
32848
32890
32795
32695
32587
32597
32650
32707
32695
32604
32590
32544
32581
32617
32647
32625
32575
32522
32500
32487
32492
32503
32532
32504
32455
32417
32445
32492
32522
32459
32398
32359
32411
32513
32574
32551
32483
32459
32531
32588
32689
32697
32691
32663
32679
32712
32703
32735
32734
32760
32767
32805
32810
32825
32874
32913
32964
32929
32919
32938
32977
33047
33111
33070
33015
32978
32976
33023
33051
33081
33059
33031
32979
32942
32911
32884
32875
32801
32831
32832
32880
32861
32863
32811
32745
32687
32639
32609
32599
32619
32645
32647
32618
32524
32439
32361
32345
32365
32406
32414
32393
32391
32359
32370
32385
32371
32345
32352
32358
32368
32415
32439
32457
32463
32496
32514
32483
32469
32522
32569
32647
32655
32619
32605
32647
32733
32822
32840
32806
32807
32835
32947
33061
33057
33000
32929
32901
32903
32957
33063
33114
33140
33119
33073
33039
33007
33007
33007
33047
32979
32935
32915
32938
33071
33091
32982
32872
32732
32637
32616
32723
32794
32804
32783
32736
32607
32473
32427
32391
32402
32477
32504
32548
32537
32434
32404
32397
32319
32274
32195
32167
32347
32441
32439
32547
32395
32271
32273
32371
32423
32453
32472
32471
32551
32582
32628
32561
32639
32759
32676
32675
32635
32647
32678
32784
32855
32851
32919
32880
32943
32941
32919
32949
32903
32953
32959
33089
33113
33031
32943
32981
33031
33063
33167
33138
33067
33075
32934
32842
32785
32783
32849
32914
32949
32983
32981
32961
32855
32714
32604
32515
32519
32606
32679
32759
32757
32669
32613
32487
32379
32265
32245
32421
32539
32684
32567
32448
32343
32264
32423
32381
32511
32496
32413
32414
32479
32546
32582
32546
32466
32445
32479
32524
32559
32594
32615
32654
32655
32659
32658
32743
32753
32743
32675
32705
32771
32822
32985
32935
32900
32756
32694
32815
32921
33075
33007
32883
32835
32699
32705
32806
32913
32997
33015
33071
33052
33054
32992
32750
32607
32581
32659
32927
32989
32887
32919
32815
32693
32583
32431
32603
32785
32931
32878
32565
32447
32519
32615
32745
32817
32812
32715
32697
32525
32379
32328
32352
32636
32844
32876
32832
32684
32471
32314
32345
32376
32574
32583
32686
32789
32719
32808
32667
32456
32504
32594
32583
32707
32653
32559
32629
32775
32801
32703
32624
32571
32568
32715
32651
32489
32667
32847
33007
33065
32855
32711
32619
32817
32950
32846
32853
32755
32749
32837
32763
32629
32532
32511
32610
32871
33077
33109
33027
33033
32844
32732
32903
32843
32834
32919
32851
32796
32739
32722
32680
32717
32857
32858
32741
32723
32701
32705
32793
32741
32585
32571
32631
32766
32901
33015
32959
32873
32851
32666
32417
32279
32187
32210
32406
32589
32621
32654
32672
32493
32591
32719
32695
32655
32646
32511
32313
32286
32235
32295
32458
32607
32719
32795
32849
32759
32691
32641
32411
32266
32372
32563
32797
33009
32933
32656
32609
32701
32981
33197
33231
33054
32935
32951
32853
32817
32830
32860
33052
33148
33146
33023
32863
32807
32794
32849
32945
33010
33141
33310
33237
33077
32917
32630
32615
32803
32903
32899
32853
32871
32835
32831
32822
32623
32443
32451
32538
32563
32568
32465
32379
32453
32569
32695
32611
32495
32449
32466
32553
32391
32263
32217
32231
32304
32316
32201
32116
32317
32553
32705
32754
32617
32508
32497
32585
32647
32539
32374
32207
32262
32558
32796
32867
32905
32943
33057
33143
33016
32785
32681
32654
32806
32951
32989
32900
32896
33052
33199
33239
33182
33071
33063
33111
33211
33071
32837
32672
32723
33010
33220
33233
33141
33080
32981
32839
32702
32525
32443
32513
32712
32911
32992
32877
32573
32403
32504
32665
32666
32564
32361
32253
32398
32417
32271
32167
32173
32379
32587
32687
32588
32363
32255
32313
32348
32377
32319
32240
32311
32567
32719
32742
32618
32400
32405
32503
32651
32673
32555
32441
32506
32805
33192
33271
33155
33038
32797
32727
32729
32539
32565
32741
32926
33162
33199
33183
33099
33083
33142
33095
33033
33061
33045
32935
32851
32681
32615
32688
32947
33005
33104
33223
33089
33075
32869
32519
32524
32533
32533
32577
32477
32461
32731
32867
32915
32708
32494
32479
32369
32249
32199
32107
32164
32362
32570
32667
32703
32713
32695
32738
32675
32504
32341
32234
32051
32010
32108
32283
32615
32813
32885
32863
32839
32843
32791
32785
32802
32703
32607
32509
32447
32649
32823
32939
32843
32757
32875
33007
33175
33223
32959
32823
32802
32746
32820
32762
32653
32795
32979
33167
33175
33153
33022
32815
32705
32679
32712
32771
32833
32861
32825
32798
32757
32587
32602
32639
32715
32879
32925
32908
32799
32599
32416
32389
32436
32567
32539
32635
32619
32497
32455
32515
32564
32719
32824
32707
32604
32463
32287
32259
32271
32371
32544
32698
32895
33069
33124
33023
32756
32541
32435
32373
32391
32470
32402
32400
32559
32665
32847
33063
33167
33170
33185
33034
32836
32748
32654
32647
32663
32636
32606
32625
32751
32849
32959
33038
33099
33053
32938
32821
32596
32487
32411
32443
32688
32857
33033
33154
33188
33085
32853
32714
32601
32495
32525
32572
32581
32625
32662
32707
32725
32702
32685
32695
32702
32769
32812
32831
32774
32665
32513
32394
32319
32387
32535
32687
32893
33050
33005
32901
32755
32551
32475
32285
32300
32347
32499
32683
32749
32731
32700
32697
32753
32910
32966
32975
32892
32695
32527
32454
32407
32458
32530
32669
32693
32733
32813
32871
32877
32841
32723
32663
32629
32625
32583
32602
32592
32711
32820
32947
32931
32919
32902
32782
32708
32619
32575
32607
32641
32685
32737
32871
33020
33091
33165
33133
33011
32877
32791
32654
32573
32563
32505
32543
32713
32914
33040
33073
33088
32930
32833
32805
32747
32695
32604
32453
32415
32458
32584
32728
32796
32791
32714
32585
32507
32489
32508
32589
32585
32527
32496
32513
32570
32597
32525
32413
32473
32565
32684
32754
32723
32578
32475
32454
32489
32527
32520
32503
32471
32572
32647
32727
32803
32829
32850
32813
32703
32575
32562
32573
32699
32824
32908
32967
32991
32962
32940
32896
32880
32895
32964
33001
32971
32845
32685
32553
32571
32690
32918
33150
33286
33358
33297
33125
32929
32746
32651
32633
32631
32630
32606
32567
32559
32590
32635
32756
32884
32949
32896
32764
32525
32314
32167
32177
32315
32461
32551
32568
32521
32511
32552
32635
32686
32635
32459
32331
32245
32180
32182
32261
32421
32565
32743
32920
32957
32879
32740
32552
32427
32479
32568
32666
32701
32657
32637
32743
32863
33027
33145
33213
33177
33043
32879
32681
32543
32567
32639
32805
32937
33111
33250
33336
33343
33191
33029
32935
32855
32864
32816
32817
32833
32821
32895
32895
32853
32822
32778
32788
32747
32687
32705
32742
32725
32679
32578
32443
32374
32390
32505
32585
32531
32459
32458
32447
32459
32469
32403
32293
32279
32335
32404
32406
32429
32460
32511
32548
32578
32567
32519
32487
32494
32544
32598
32611
32681
32752
32779
32747
32643
32608
32651
32821
32987
33055
33057
33044
33005
32876
32759
32614
32585
32699
32928
33127
33196
33180
33100
33055
33059
33095
33015
32901
32806
32750
32725
32728
32709
32747
32898
33086
33187
33116
32941
32745
32607
32535
32513
32507
32515
32573
32636
32677
32641
32552
32517
32596
32681
32688
32551
32358
32243
32277
32327
32440
32459
32471
32533
32624
32649
32628
32514
32401
32342
32331
32408
32459
32511
32593
32610
32686
32786
32847
32929
32923
32846
32768
32646
32574
32622
32700
32807
32875
32871
32828
32795
32819
32910
33031
33064
33015
32919
32882
32913
32921
32916
32885
32843
32823
32807
32808
32829
32855
32897
32931
32919
32863
32793
32698
32606
32581
32599
32605
32679
32779
32907
32903
32769
32615
32535
32519
32609
32659
32685
32647
32561
32497
32465
32468
32510
32563
32605
32611
32553
32506
32473
32467
32528
32625
32639
32618
32590
32537
32539
32628
32732
32763
32765
32749
32703
32655
32656
32599
32565
32562
32598
32677
32785
32883
32887
32827
32807
32797
32866
32928
32941
32938
32877
32743
32629
32577
32607
32709
32821
32895
32859
32759
32722
32770
32842
32889
32879
32775
32657
32620
32647
32716
32753
32766
32780
32809
32817
32823
32784
32750
32730
32693
32667
32683
32689
32709
32711
32665
32620
32631
32695
32755
32838
32867
32753
32621
32525
32495
32535
32639
32722
32761
32718
32677
32604
32627
32690
32719
32684
32628
32574
32543
32567
32547
32544
32625
32682
32711
32753
32755
32743
32713
32695
32647
32623
32596
32573
32567
32577
32591
32587
32624
32699
32771
32853
32848
32791
32727
32674
32606
32581
32631
32696
32739
32761
32735
32705
32727
32782
32804
32851
32881
32868
32800
32755
32725
32771
32837
32855
32831
32849
32840
32847
32861
32879
32888
32849
32780
32731
32713
32735
32771
32781
32804
32847
32865
32878
32839
32743
32628
32564
32530
32571
32630
32672
32665
32597
32513
32513
32561
32579
32631
32655
32619
32525
32481
32465
32492
32543
32563
32525
32531
32518
32501
32488
32520
32534
32562
32660
32719
32759
32735
32665
32538
32496
32527
32557
32597
32663
32696
32733
32804
32857
32887
32934
32956
32909
32838
32757
32704
32700
32753
32813
32907
32979
32991
33036
33059
33039
32953
32875
32806
32769
32774
32791
32835
32899
32982
33015
33019
33009
32946
32853
32775
32661
32593
32550
32524
32523
32562
32611
32660
32677
32681
32678
32679
32653
32610
32504
32410
32327
32250
32240
32308
32455
32554
32615
32619
32604
32569
32569
32518
32469
32417
32362
32362
32382
32451
32567
32669
32733
32760
32784
32803
32782
32778
32725
32671
32665
32708
32778
32857
32895
32876
32879
32841
32868
32901
32962
33017
33063
33053
32957
32843
32767
32782
32897
33025
33093
33111
33072
33006
32947
32899
32839
32792
32749
32728
32749
32759
32760
32729
32718
32716
32699
32670
32664
32651
32673
32671
32611
32545
32471
32425
32412
32385
32363
32358
32383
32461
32541
32574
32556
32521
32500
32455
32447
32405
32390
32411
32441
32466
32506
32545
32583
32693
32750
32787
32773
32737
32661
32621
32631
32651
32679
32741
32813
32859
32891
32931
32937
32956
32975
32988
32954
32935
32879
32838
32818
32823
32849
32902
32957
33020
33075
33079
33053
32948
32855
32773
32730
32712
32719
32722
32749
32773
32826
32874
32923
32927
32879
32765
32621
32500
32397
32409
32422
32456
32509
32571
32635
32691
32697
32669
32615
32541
32486
32435
32399
32381
32377
32373
32409
32471
32561
32637
32665
32659
32625
32609
32571
32545
32564
32561
32599
32622
32661
32705
32761
32835
32863
32855
32807
32785
32762
32751
32747
32735
32749
32772
32839
32878
32878
32903
32899
32899
32929
32930
32918
32878
32827
32764
32735
32737
32753
32795
32810
32856
32877
32850
32796
32757
32739
32735
32745
32749
32704
32647
32623
32589
32576
32617
32665
32748
32800
32833
32778
32690
32613
32519
32500
32509
32498
32511
32515
32573
32635
32665
32656
32631
32627
32641
32639
32643
32613
32567
32527
32551
32578
32641
32699
32697
32685
32681
32710
32711
32693
32699
32670
32682
32679
32658
32665
32691
32727
32763
32791
32829
32853
32851
32825
32780
32741
32670
32608
32597
32668
32700
32742
32773
32809
32831
32837
32841
32805
32765
32721
32692
32693
32683
32680
32685
32697
32718
32754
32789
32831
32850
32879
32865
32814
32715
32629
32619
32636
32654
32685
32713
32733
32750
32757
32761
32786
32775
32781
32745
32684
32620
32559
32555
32558
32577
32657
32735
32754
32753
32742
32699
32627
32543
32525
32523
32553
32587
32614
32625
32628
32641
32645
32688
32716
32680
32689
32627
32583
32529
32535
32517
32569
32639
32691
32737
32760
32775
32767
32717
32678
32665
32659
32690
32674
32656
32665
32693
32761
32767
32792
32825
32877
32905
32884
32860
32797
32735
32720
32775
32818
32859
32879
32888
32887
32871
32869
32869
32819
32807
32814
32828
32845
32839
32821
32778
32741
32695
32697
32713
32741
32764
32770
32731
32663
32598
32571
32580
32567
32565
32565
32573
32586
32586
32576
32538
32517
32515
32497
32529
32533
32537
32503
32483
32487
32502
32571
32600
32616
32591
32575
32567
32584
32608
32633
32632
32651
32671
32668
32671
32661
32670
32697
32727
32784
32838
32873
32897
32915
32890
32870
32839
32818
32844
32838
32855
32873
32868
32890
32920
32973
33012
33020
32979
32934
32901
32863
32825
32788
32779
32799
32853
32913
32925
32872
32815
32751
32721
32710
32655
32591
32543
32523
32559
32579
32605
32596
32583
32575
32571
32560
32525
32495
32451
32421
32388
32388
32402
32408
32469
32520
32533
32555
32568
32558
32536
32527
32481
32447
32447
32500
32593
32675
32721
32728
32730
32736
32741
32764
32759
32757
32765
32777
32817
32821
32833
32830
32863
32903
32915
32938
32924
32919
32937
32933
32951
32943
32931
32937
32943
32957
32937
32917
32885
32875
32845
32857
32827
32813
32813
32809
32801
32787
32759
32711
32668
32660
32653
32659
32610
32606
32601
32586
32573
32553
32521
32522
32514
32513
32473
32445
32430
32422
32426
32421
32458
32480
32527
32573
32570
32552
32532
32511
32489
32499
32517
32541
32561
32592
32645
32684
32729
32753
32771
32789
32783
32785
32763
32738
32728
32741
32789
32872
32911
32951
32942
32937
32944
32915
32891
32885
32884
32884
32885
32873
32841
32841
32838
32845
32865
32894
32929
32927
32884
32830
32778
32727
32674
32655
32671
32711
32750
32756
32752
32710
32689
32660
32611
32602
32586
32565
32545
32513
32517
32519
32561
32577
32614
32619
32619
32578
32567
32520
32489
32468
32455
32461
32504
32551
32615
32652
32650
32635
32637
32643
32667
32671
32660
32664
32674
32691
32695
32708
32719
32745
32772
32786
32800
32815
32825
32817
32804
32798
32815
32807
32809
32795
32813
32811
32821
32817
32823
32819
32829
32836
32835
32815
32799
32759
32732
32735
32741
32741
32747
32747
32747
32729
32725
32727
32742
32737
32736
32731
32705
32654
32631
32615
32612
32631
32657
32700
32703
32727
32717
32693
32649
32602
32548
32550
32559
32610
32633
32677
32653
32654
32647
32662
32685
32679
32662
32652
32611
32606
32597
32599
32609
32638
32640
32681
32727
32726
32743
32727
32711
32695
32686
32670
32665
32644
32659
32675
32710
32736
32738
32755
32760
32757
32755
32737
32711
32697
32695
32694
32675
32680
32707
32754
32782
32822
32827
32823
32807
32797
32769
32719
32700
32682
32703
32730
32764
32795
32851
32852
32863
32836
32791
32779
32737
32727
32711
32689
32694
32710
32713
32729
32749
32773
32788
32793
32789
32763
32718
32662
32614
32587
32581
32583
32605
32613
32646
32677
32704
32743
32685
32645
32619
32551
32534
32513
32515
32542
32564
32615
32651
32654
32661
32627
32608
32618
32599
32592
32586
32607
32621
32641
32649
32667
32675
32712
32744
32747
32782
32778
32745
32723
32671
32683
32697
32731
32771
32791
32841
32881
32885
32889
32864
32843
32843
32846
32851
32841
32823
32853
32838
32819
32798
32820
32839
32864
32847
32871
32836
32807
32789
32758
32709
32709
32668
32650
32661
32689
32684
32667
32647
32646
32627
32635
32609
32559
32555
32531
32486
32484
32479
32482
32509
32527
32544
32551
32570
32569
32548
32532
32543
32540
32517
32524
32537
32540
32572
32625
32672
32717
32735
32733
32731
32697
32698
32682
32676
32713
32748
32796
32836
32880
32895
32917
32898
32911
32938
32943
32930
32900
32860
32847
32845
32861
32855
32853
32899
32959
33020
33025
32993
32927
32863
32827
32791
32745
32710
32698
32711
32759
32783
32793
32761
32751
32751
32718
32655
32587
32519
32487
32476
32495
32520
32528
32533
32535
32572
32570
32557
32516
32484
32429
32435
32434
32439
32437
32459
32495
32538
32555
32579
32591
32631
32635
32621
32581
32575
32597
32619
32639
32676
32711
32751
32808
32839
32859
32860
32847
32810
32785
32787
32823
32848
32865
32891
32884
32903
32933
32949
32975
32968
32927
32903
32889
32891
32891
32879
32880
32861
32853
32831
32852
32845
32821
32791
32780
32756
32745
32748
32739
32711
32663
32645
32607
32591
32586
32582
32612
32605
32569
32561
32539
32563
32563
32510
32486
32465
32463
32505
32517
32511
32463
32487
32511
32548
32569
32586
32583
32573
32559
32570
32576
32579
32580
32599
32619
32685
32743
32759
32761
32761
32771
32791
32761
32749
32737
32731
32757
32806
32835
32858
32887
32933
32946
32927
32899
32859
32838
32834
32813
32799
32787
32825
32856
32885
32895
32883
32865
32843
32833
32833
32811
32767
32711
32687
32693
32724
32705
32723
32709
32711
32705
32699
32668
32655
32628
32630
32618
32597
32557
32571
32576
32571
32583
32581
32591
32624
32627
32618
32601
32549
32518
32507
32517
32550
32557
32585
32613
32645
32681
32683
32657
32639
32601
32612
32633
32643
32675
32681
32692
32721
32724
32744
32743
32734
32738
32751
32757
32759
32751
32749
32763
32755
32762
32758
32786
32822
32837
32834
32814
32797
32801
32791
32781
32766
32771
32785
32799
32823
32828
32781
32763
32751
32736
32750
32759
32758
32775
32779
32771
32767
32731
32696
32711
32717
32710
32695
32678
32675
32670
32677
32671
32668
32657
32647
32661
32667
32641
32631
32587
32575
32591
32620
32631
32613
32611
32598
32627
32628
32608
32586
32567
32578
32588
32588
32597
32614
32633
32647
32639
32637
32642
32646
32663
32669
32658
32645
32654
32674
32690
32705
32722
32711
32725
32751
32755
32764
32769
32763
32741
32748
32783
32789
32773
32769
32796
32855
32875
32888
32862
32832
32829
32812
32781
32767
32787
32795
32839
32859
32875
32855
32838
32815
32777
32775
32759
32747
32754
32756
32750
32725
32711
32699
32701
32699
32681
32692
32665
32657
32626
32575
32563
32551
32526
32546
32565
32582
32585
32592
32585
32583
32559
32550
32535
32510
32516
32541
32538
32525
32534
32541
32565
32593
32613
32632
32611
32618
32628
32629
32633
32661
32657
32690
32717
32738
32748
32765
32781
32793
32791
32790
32792
32805
32829
32822
32841
32873
32861
32874
32887
32887
32901
32889
32876
32880
32871
32869
32897
32889
32864
32877
32879
32855
32836
32797
32790
32777
32761
32770
32765
32737
32749
32728
32693
32686
32652
32628
32583
32571
32571
32553
32567
32561
32535
32560
32566
32545
32555
32507
32489
32479
32453
32454
32445
32433
32494
32536
32584
32603
32590
32593
32602
32579
32581
32553
32553
32601
32612
32635
32679
32691
32739
32775
32786
32823
32791
32817
32813
32782
32815
32810
32827
32868
32881
32898
32929
32944
32962
32970
32922
32897
32886
32885
32887
32873
32869
32883
32877
32891
32910
32904
32911
32852
32829
32819
32781
32751
32717
32695
32680
32665
32673
32702
32693
32703
32671
32616
32591
32551
32519
32513
32499
32507
32493
32499
32535
32532
32529
32531
32509
32515
32507
32479
32484
32476
32485
32524
32535
32539
32543
32559
32632
32623
32639
32649
32647
32664
32672
32677
32706
32726
32737
32761
32764
32780
32797
32814
32849
32857
32879
32877
32855
32864
32865
32873
32897
32881
32887
32904
32891
32897
32898
32903
32899
32865
32865
32877
32874
32855
32839
32782
32776
32759
32744
32759
32730
32733
32733
32716
32740
32695
32649
32641
32626
32599
32593
32562
32572
32577
32553
32566
32561
32570
32585
32582
32599
32567
32505
32503
32501
32496
32518
32506
32520
32569
32594
32639
32650
32644
32648
32639
32625
32611
32574
32613
32621
32628
32684
32699
32733
32804
32840
32860
32827
32799
32778
32763
32751
32758
32722
32798
32825
32865
32911
32879
32895
32913
32858
32895
32811
32758
32774
32738
32790
32792
32755
32835
32824
32878
32897
32849
32836
32775
32695
32711
32641
32679
32687
32665
32721
32698
32695
32720
32663
32712
32719
32656
32673
32587
32561
32599
32555
32566
32590
32598
32661
32647
32673
32681
32608
32595
32547
32544
32590
32575
32583
32591
32586
32622
32615
32631
32689
32698
32741
32703
32651
32643
32606
32612
32618
32645
32690
32710
32760
32759
32750
32747
32751
32775
32754
32742
32755
32718
32729
32759
32743
32767
32749
32783
32837
32823
32842
32809
32782
32803
32771
32769
32797
32777
32820
32790
32743
32752
32735
32774
32819
32817
32827
32805
32773
32783
32751
32721
32692
32675
32685
32699
32703
32701
32711
32696
32717
32701
32691
32691
32655
32653
32607
32545
32609
32581
32595
32649
32615
32681
32624
32585
32662
32581
32641
32609
32517
32586
32496
32535
32603
32549
32695
32659
32669
32774
32631
32663
32674
32549
32651
32561
32608
32714
32637
32749
32719
32671
32815
32714
32795
32827
32755
32817
32699
32672
32747
32709
32821
32811
32817
32920
32893
32933
32899
32813
32845
32800
32783
32810
32787
32811
32823
32821
32886
32856
32855
32871
32821
32825
32791
32731
32724
32681
32668
32705
32657
32690
32701
32676
32740
32655
32600
32607
32537
32567
32511
32481
32552
32520
32578
32538
32511
32586
32519
32543
32533
32476
32553
32508
32527
32543
32498
32573
32573
32593
32655
32597
32631
32632
32599
32664
32656
32659
32742
32735
32761
32737
32705
32787
32783
32834
32874
32819
32882
32851
32835
32886
32830
32882
32900
32859
32972
32922
32943
32954
32883
32907
32841
32845
32925
32869
32949
32897
32839
32885
32791
32785
32790
32740
32789
32755
32713
32723
32674
32671
32657
32636
32671
32653
32616
32607
32528
32560
32557
32485
32525
32523
32525
32566
32503
32532
32533
32477
32506
32409
32415
32523
32511
32597
32525
32492
32617
32573
32681
32649
32573
32688
32625
32647
32641
32563
32709
32691
32721
32796
32753
32838
32829
32831
32899
32787
32814
32811
32792
32895
32869
32876
32909
32871
32957
32984
32953
32962
32879
32883
32891
32829
32867
32828
32839
32864
32856
32885
32860
32817
32814
32781
32781
32753
32693
32709
32680
32695
32693
32650
32629
32607
32611
32635
32599
32575
32557
32521
32559
32552
32510
32502
32488
32537
32592
32575
32562
32545
32515
32535
32498
32509
32548
32540
32596
32599
32573
32635
32581
32647
32673
32629
32691
32642
32663
32695
32674
32767
32774
32735
32761
32735
32816
32868
32827
32826
32775
32794
32843
32804
32877
32835
32817
32903
32853
32885
32898
32828
32875
32823
32833
32871
32775
32868
32849
32845
32902
32781
32770
32776
32725
32831
32757
32759
32765
32638
32716
32672
32647
32745
32644
32676
32643
32587
32665
32570
32604
32601
32519
32632
32549
32572
32621
32544
32633
32576
32533
32587
32523
32573
32565
32545
32601
32551
32605
32633
32615
32699
32651
32669
32628
32599
32650
32665
32696
32685
32647
32657
32682
32752
32775
32818
32849
32761
32758
32740
32761
32817
32767
32754
32715
32749
32790
32823
32903
32876
32877
32855
32765
32805
32780
32806
32805
32756
32781
32735
32796
32872
32863
32935
32810
32781
32753
32681
32797
32759
32734
32686
32615
32703
32687
32748
32786
32699
32749
32661
32667
32667
32621
32693
32653
32622
32597
32543
32614
32637
32669
32681
32617
32581
32527
32563
32634
32663
32618
32583
32519
32526
32572
32650
32685
32684
32624
32585
32598
32639
32709
32725
32683
32639
32569
32593
32623
32701
32752
32761
32732
32641
32661
32735
32797
32908
32823
32705
32650
32647
32759
32813
32870
32852
32765
32756
32727
32767
32887
32887
32899
32843
32756
32748
32768
32836
32847
32818
32788
32733
32781
32848
32861
32911
32815
32775
32694
32638
32718
32699
32749
32747
32659
32667
32613
32687
32747
32756
32751
32620
32599
32549
32554
32575
32553
32591
32559
32544
32603
32604
32639
32605
32559
32535
32494
32541
32557
32588
32612
32547
32543
32525
32543
32611
32695
32756
32749
32659
32612
32539
32557
32635
32679
32741
32729
32695
32701
32715
32814
32877
32895
32828
32753
32716
32735
32817
32865
32865
32839
32771
32787
32870
32939
32961
32952
32867
32833
32839
32809
32859
32861
32872
32858
32787
32784
32785
32839
32903
32885
32809
32742
32655
32669
32689
32683
32671
32627
32614
32607
32609
32667
32679
32644
32593
32507
32515
32495
32529
32529
32518
32551
32535
32531
32518
32519
32521
32523
32561
32551
32543
32539
32567
32559
32583
32578
32587
32601
32638
32668
32695
32727
32699
32684
32693
32720
32743
32770
32799
32788
32783
32775
32760
32775
32860
32913
32954
32938
32899
32887
32863
32879
32888
32921
32899
32855
32879
32877
32919
32905
32899
32881
32823
32827
32817
32829
32861
32834
32791
32708
32680
32702
32723
32768
32735
32677
32644
32627
32626
32625
32611
32602
32560
32507
32522
32513
32539
32576
32551
32555
32497
32528
32502
32519
32513
32493
32525
32483
32492
32485
32528
32598
32608
32661
32649
32610
32633
32631
32654
32630
32661
32666
32673
32684
32724
32746
32782
32845
32819
32800
32820
32863
32878
32883
32875
32827
32791
32788
32830
32885
32928
32931
32925
32911
32884
32861
32870
32900
32879
32833
32790
32759
32773
32827
32864
32857
32821
32763
32747
32711
32718
32687
32687
32669
32620
32657
32649
32661
32671
32629
32593
32567
32577
32561
32557
32571
32577
32551
32514
32485
32493
32517
32557
32579
32574
32577
32588
32586
32595
32589
32575
32541
32533
32571
32621
32661
32702
32703
32709
32705
32693
32691
32713
32727
32747
32788
32787
32781
32765
32745
32789
32815
32821
32815
32807
32837
32846
32849
32862
32855
32842
32846
32850
32838
32843
32846
32831
32808
32791
32807
32815
32825
32822
32831
32784
32744
32706
32726
32755
32786
32772
32733
32675
32634
32662
32707
32727
32705
32650
32614
32607
32615
32633
32619
32604
32578
32572
32566
32607
32623
32628
32617
32588
32554
32549
32569
32624
32643
32611
32586
32554
32592
32629
32676
32673
32649
