24940
26711
27192
26945
32531
32223
32033
31769
31751
31766
32079
32425
32460
32356
32275
32219
32063
31777
31670
31673
31865
32062
32145
32087
32049
32006
31972
31953
31719
31700
31677
31745
31877
32114
32223
32326
32357
32211
32149
31948
31833
31890
31847
31973
32181
32336
32349
32212
32134
31905
31842
31987
32313
32679
32662
32453
32439
32323
32217
32147
32122
32058
32419
32633
32724
32725
32425
32297
32365
32424
32481
32456
32555
32810
32814
32483
32039
31862
31954
32239
32279
32383
32452
32519
32515
32177
31783
31578
31862
32221
32477
32430
32327
32161
32199
31888
31685
31537
31631
31946
32263
32376
32364
32167
31930
31735
31727
31699
31962
32087
32323
32277
32157
31997
31926
31999
31932
31882
31915
32144
32270
32247
32273
32273
32186
32319
32417
32362
32033
31901
31985
32333
32432
32425
32263
32340
32459
32407
32275
32155
31985
32181
32535
32555
32534
32423
32450
32287
32300
32209
32351
32338
32418
32625
32698
32553
32403
32277
32177
32279
32127
32259
32479
32604
32536
32219
32104
32225
32279
32416
32357
32169
32153
31931
31991
31952
31978
32081
32159
32229
32252
32201
32033
31915
31794
31927
31961
32100
32034
32183
32215
32045
31947
31697
31778
32109
32292
32343
32250
32254
32163
32046
31819
31777
31883
32256
32606
26817
32656
32344
31917
31856
31732
31750
32024
32525
32909
27079
32773
32448
32014
31886
31993
32029
32075
32434
32539
32737
32652
32481
32196
32140
32146
32211
32447
32397
32538
32527
32337
32245
32231
32417
32437
32422
32361
32408
32257
32309
32204
32224
32123
31990
31854
32123
32343
26685
26912
32513
32332
32268
32156
32075
31683
31565
31719
32035
32405
27071
27343
26963
32355
31947
31625
31607
31734
32013
32185
32132
32169
32475
32408
32204
32039
31896
32021
32140
32053
32146
32294
32413
32207
31992
31942
32037
32417
32494
32476
32339
32189
32263
32331
32472
32377
32446
32391
32141
32143
32231
32311
32436
32666
32795
32843
32631
32364
32216
31901
31677
31768
32201
26878
27763
27594
32689
32345
31930
31607
31665
31821
32342
27062
27631
27416
26510
32267
31995
31689
31387
31527
32057
32472
27037
27411
27377
26724
32211
31672
31885
31901
31734
31748
32127
32338
26797
27129
26957
32397
31903
31424
31266
31475
31682
32151
32531
27378
27688
27063
32140
31533
31159
30880
31105
31857
32595
27713
27922
27424
32618
32073
31416
30947
31305
32103
27153
27719
27871
27433
32796
32106
31095
30738
31272
32292
26935
28039
28523
28423
26970
32131
31315
31001
31262
31993
32566
32795
27994
28567
28315
27021
31948
31165
30871
31117
31831
32091
32533
27515
28604
28317
27429
32295
31533
30821
30288
30490
31316
32351
27787
28351
28200
27367
32117
31415
30303
29699
30381
31349
26678
28819
29153
28625
27053
31610
31011
30859
30493
30634
31502
32682
27768
28391
27253
32487
32497
32416
31819
31066
31482
32880
27672
27008
32033
31619
31756
32166
32435
32037
32453
27215
28321
28511
27682
32560
31897
31666
31109
31577
31734
32727
27570
28251
28455
27051
32295
31592
31527
31788
32071
32063
32870
27746
28801
29367
27616
31793
30670
30699
30691
29788
30125
31248
28437
30841
30970
30401
28583
26439
30809
32261
30008
29593
31671
31745
29569
27300
28665
29057
27131
28340
30577
31389
29541
30805
32471
31336
28505
30606
27402
30249
27266
30978
29059
31891
31983
30524
27322
30357
27972
28747
31094
28263
29661
30357
29494
30823
28946
31165
28464
27947
30142
27903
27489
30183
32645
33153
30878
31040
32487
29537
31879
31383
33238
33001
29594
29765
32200
31425
29995
30532
29453
28455
28451
32657
32613
32642
30342
31891
31425
32540
30630
29352
27937
29321
31474
28539
31391
28291
31431
29634
27839
29352
29296
27071
26807
28131
32006
30295
30897
29895
29585
28377
28129
29314
31833
28261
31157
30276
31092
32791
28790
30905
29046
29717
30364
29870
32487
29727
30816
30692
31031
28360
26503
27309
29488
31651
32179
31408
32111
30239
26911
29773
27453
28898
27778
28637
29460
31318
31095
32557
31102
33319
29655
30774
30059
33590
31351
33238
32687
33713
32283
30875
30491
31826
30521
32533
28706
31138
33085
32841
31389
27603
29156
29047
28261
27924
31465
28241
29299
29335
29211
27535
29471
29602
28070
26465
31145
29867
31265
31250
29239
26657
30113
30579
29602
28572
32395
29494
31291
30607
31819
29857
31832
33335
29815
31233
31117
29304
32415
30498
29768
30547
31813
27319
27917
27092
27715
27438
31015
28493
30282
27493
29879
30821
30903
30753
26398
27293
27159
31697
26141
27951
29808
30844
29889
32070
31559
30234
32376
31296
34511
29335
31004
33741
31914
30681
31152
34061
33503
29757
31097
30733
30343
29506
28583
31849
31743
29479
30459
27997
28924
29134
29851
26860
26525
28366
27351
29095
28165
27797
27405
30018
27068
29764
30083
30854
28907
30467
31455
31439
29152
31386
31155
32882
32370
29671
32767
30761
30448
32349
34483
30941
32977
32343
30205
33641
31468
29751
31612
31452
29655
30829
30592
29580
29977
29013
28816
29845
29012
27027
29671
29217
29878
29902
30861
27658
29177
30957
27757
28838
30103
33463
31138
32352
29503
32355
31949
32551
32713
34437
33055
31455
32639
32651
33182
33591
29615
29261
31475
28129
31936
30417
30791
28443
27159
30404
30131
28292
27965
27024
27397
26073
26669
29403
28717
28679
28790
27004
27925
28118
29847
28069
31025
31466
32815
29244
32350
30978
28875
30742
29842
30879
30071
30477
29414
31809
32091
32233
31778
27746
31648
31677
31191
32407
31954
27395
29838
27765
27587
30655
29725
30148
29776
27386
27485
28450
28018
28051
27617
30170
31275
31814
28329
30083
30651
32172
30990
30531
32552
32463
33118
32732
30391
34670
30591
31233
31535
33815
33489
31553
31556
31733
30834
32137
28665
32095
31837
30057
29033
29007
29215
29778
29917
28799
29929
28655
25293
27583
29206
26484
29437
27596
29007
29318
28433
31131
31362
27445
26957
33217
29087
30775
29959
33503
31447
29897
33838
34036
31185
33587
30316
32868
29890
28625
29536
31698
32085
29845
30138
29219
29049
28989
29542
26599
30909
29715
29913
28250
29521
30603
28393
30167
28973
27817
27518
31174
30457
29727
32083
31651
28973
32615
30986
30388
30313
33847
33847
33443
32025
31214
35001
32797
31395
32469
31249
28823
30176
32073
32625
31835
29152
31777
28699
30055
30044
28675
25783
29026
29539
26327
30105
29971
27112
28363
26339
29690
27169
26879
27533
28239
28829
28927
27783
31394
28394
32109
29239
29516
29315
33331
32547
33589
31840
31253
33052
31306
29535
33181
29024
33177
32069
31770
29136
30853
27350
29927
31263
30855
28871
29679
28292
31327
29104
30003
29365
26333
29257
31011
31583
30671
27591
29835
29265
32977
32506
32197
30991
33983
31406
29421
30395
32399
33167
33927
34061
32502
33295
31608
34168
31663
29918
30235
31725
27207
29144
31278
28127
31435
29585
27583
27095
28612
29903
29567
27486
28958
29127
27903
27167
28474
27133
28054
29786
30159
28827
31350
32504
28966
32379
31708
30888
31348
31591
33544
33306
31147
32351
32041
30925
29529
30377
32751
30678
29815
29623
30655
33193
30361
31065
30087
32029
28481
30539
30429
30733
27785
29352
30907
26682
27814
27491
26960
27487
28113
27593
32063
31038
31467
32764
27933
28407
27859
28271
28570
28575
33793
31827
30294
31239
33557
30267
32415
28465
31483
29951
28706
33044
31183
28967
29040
31515
28987
26634
30335
28137
30893
29493
27407
30191
30638
30067
28019
25871
26544
29646
28219
30759
31271
29919
31694
32105
30154
31267
30155
28615
33286
32134
30565
34065
30847
33605
31467
32844
31121
33270
29830
32684
32688
29675
31963
28326
29983
30015
28659
32489
31223
30056
29813
30449
30817
30885
30789
31137
31180
30983
31325
32304
27930
28333
27201
32369
32049
32213
32787
33576
29063
30885
31161
29273
33304
31981
31260
31459
32893
28999
30868
30714
28934
33239
32537
32144
31703
32133
27802
30135
26865
30344
27802
30213
27143
29914
30067
27757
30478
27440
28638
27818
26151
31387
26191
31709
31200
30952
32231
28816
29839
28260
32585
30823
30539
31548
32688
34139
29476
28575
33399
32367
32129
32172
32743
34137
29959
30466
29995
27993
31750
29362
28475
30476
32363
29173
30087
29367
26471
29651
30714
29397
31077
30984
29109
28311
29587
27469
27329
28979
31289
31448
29288
32873
29975
31448
31495
30726
28415
32330
30342
30135
32221
28439
30357
30284
28441
33039
32471
32183
31974
31862
31475
31070
31223
31729
27379
28995
29641
28484
26233
30255
27973
30474
30446
28463
31223
29445
27644
27607
30007
32155
32349
30355
30413
29306
28953
28643
30433
29435
30805
33433
29941
32250
32205
30578
28295
31663
32451
31695
29133
32691
29798
32489
32779
31125
28195
31222
27944
30685
28421
31542
28693
30487
29967
31490
30519
27645
29984
30599
29821
28135
32199
30172
28901
30309
32499
27959
29700
30065
28705
33415
32577
31628
30961
31280
32287
32867
33191
33703
27857
28124
28748
28813
27928
27036
32140
31247
29963
30222
31444
27291
28658
28289
26973
30822
29413
31176
30945
28697
31518
28804
30249
27267
26999
29126
31614
32750
32587
30140
33464
30381
31055
30517
29207
33852
32348
30649
33868
30829
33359
29660
31719
31711
30614
28567
32023
29657
32727
29368
30993
32551
29159
30830
31138
29739
31927
28575
30347
30332
31821
31207
27677
30043
30471
29071
32165
29991
32301
32706
31043
33266
29961
31243
30775
28711
32886
31239
30596
31427
32713
33624
28632
28177
33014
31759
30625
30727
32076
27541
28707
28633
27563
26399
26318
32015
26187
26930
27320
26793
31743
30808
30225
30037
30364
31353
27175
29130
29401
28136
32167
30721
31415
32919
28123
29541
30009
29845
28687
33357
31619
30735
31577
32779
28447
30063
30299
29165
32880
30719
33257
29639
31506
33055
29031
29596
29135
28057
32080
30303
28449
31822
29317
31669
28207
28849
28055
32225
31449
30772
30715
30674
31865
27324
29625
30260
29697
28071
32308
30797
30759
31723
32967
28286
29368
29899
29327
27877
32601
31463
31735
32633
27597
28143
28125
27627
31987
30939
30765
31449
27111
28249
28063
27425
32028
31237
30110
29578
30215
31572
27525
29267
29565
28417
32205
30558
29684
30051
31777
27623
29333
30047
29705
29006
33661
32320
31146
30866
31903
33015
27593
28051
27687
32871
31769
30473
30287
31375
32581
27317
28332
29421
29611
28854
32530
30501
28279
28333
29788
31459
27171
28775
29162
28393
32685
31663
30611
30519
31550
33020
29938
31697
31935
30069
33427
32051
30724
30359
31479
33106
29230
30948
30805
28665
32343
30706
30235
30576
31661
27342
29135
29305
28505
27278
32025
31319
30523
29999
30305
31205
32050
26809
26367
32027
31724
31825
31943
32311
32303
32301
32251
32609
33422
28698
28668
33303
32157
32151
32293
32471
32697
33223
28021
28890
29063
28295
32989
31621
30074
29351
30273
32280
28853
29763
29559
28905
28083
32303
30975
30031
30392
31454
32525
28322
29512
29413
27967
32189
31245
30852
31079
31814
32947
29175
30650
30855
29847
33494
31962
31227
31246
32058
33289
29117
30041
30110
29013
33031
31233
29101
28635
30249
31931
27472
29237
29407
27918
31865
31055
30494
30480
30620
31308
32015
27159
27594
32467
31121
29635
29871
31058
32101
32671
33111
27541
27847
33417
32889
32643
32695
33061
33343
33604
27729
28100
33678
33174
32903
33007
33023
33115
32925
33037
33051
32889
32969
27079
27589
27331
27652
27871
27461
26754
32453
31962
31688
31949
32656
27360
27361
32659
32157
32315
32583
32757
32979
27613
28759
29225
28275
33039
32158
31487
31644
32409
33169
28267
29143
28975
33269
32085
30715
30126
30717
31720
32601
28071
28367
27741
32168
30695
29425
29591
30936
32208
27957
28703
28247
32497
31315
29799
28702
29644
31478
27741
29661
29730
29045
33357
32389
31429
31478
32404
33785
29293
29705
29515
28685
33643
32582
31666
31865
33072
28615
29380
28735
33310
32393
31686
31573
31965
32537
27697
28607
28658
28668
27779
32341
31417
31145
31896
32316
26855
27369
32760
32311
31855
31225
31297
31640
32463
27577
28750
29149
29011
33490
32631
31772
31677
32227
32685
33173
27481
27470
33027
32421
31505
30902
31010
31414
31963
32537
27169
27165
26577
32319
32340
32409
32115
31683
31832
32435
26798
32634
32252
32119
32420
32736
32765
32735
32532
32723
33189
33596
27665
27661
27857
28062
27703
33711
33523
33277
33070
33083
33217
33322
33579
27711
27733
33497
33243
32660
32007
31617
31543
31640
32164
32725
28165
28386
27789
32665
31997
31239
31266
31515
31892
32451
27471
28511
28206
27388
32117
30690
29939
31038
32400
33279
28728
29479
29239
28077
32861
32071
31295
31146
31980
32843
28207
29039
28661
27488
32205
31153
30942
31079
31661
32247
26783
27801
28213
27985
26721
31926
31185
31110
31579
32387
32954
28286
28933
28775
27485
32741
31607
30921
31075
32111
33407
28870
29831
29904
28904
33433
32274
31205
31097
31863
33358
28599
29319
28959
33481
32177
30916
30380
30840
31941
33033
28655
29293
28631
26989
31817
30519
30132
30940
32373
27870
28527
28293
27624
32608
31518
30839
31027
31877
32973
28382
29461
29371
28433
32953
32338
32069
32406
32861
27432
28335
28581
28191
27141
32591
32171
31957
31945
31961
32219
26898
27895
27439
32663
32124
32055
31988
32182
32140
31993
32172
32750
26801
27020
33045
32880
32503
31723
31485
31834
32816
33235
33246
33372
33343
33345
33201
32905
32457
32495
32747
33383
28313
28697
28133
33215
32479
32057
31896
32055
32425
32783
33235
27203
27235
32725
32205
31890
31953
32239
32789
27703
28005
27869
27281
32649
32325
32197
32394
32909
27822
28091
28057
33275
32769
32491
32279
32495
32907
27687
28585
28705
28279
33139
32605
31791
31564
32189
32919
28279
28459
27539
32578
31849
31164
30869
31025
31783
32643
27909
27965
27191
32482
31819
31173
31213
31806
32923
27918
28041
33283
32541
31775
31667
32065
32791
33196
33632
28045
28454
33735
32909
32178
32024
32751
33423
28325
28888
28446
33271
32681
32340
32118
32242
32777
27957
28606
28308
27519
32800
32632
32310
32009
31943
32456
27461
28231
28045
27175
32687
32576
32743
32673
32767
33067
27343
33237
33031
32853
32751
32693
32849
32894
32893
32974
27243
27606
33099
32712
32095
31944
32015
32369
32533
32301
31963
31975
32459
32775
32710
32150
31764
31945
32083
32269
32097
31988
32370
32735
33133
27390
27327
33178
33191
32720
31877
31463
31751
32919
33653
28051
27957
33655
28161
27760
33433
32744
32625
33191
27965
28373
28793
28612
27779
33137
32553
32386
32747
33036
27265
26980
33077
33035
27118
27361
32767
32398
32371
32615
26895
27425
27695
27541
32790
32641
32804
33106
32939
32866
32653
32343
32459
32402
32155
32323
32771
33160
32851
32675
32671
33151
33058
32733
32178
31787
32262
32719
32575
32328
32135
32151
32053
32223
32587
32669
32559
32681
32377
32289
31861
32013
32485
32705
32758
32925
33182
27693
27695
33337
32842
32712
32851
33360
33499
33277
33335
33363
33192
33271
33457
27756
28253
27956
33393
33121
33019
33021
32889
32620
32494
33014
28074
28314
27905
27268
32739
32383
32257
32393
32527
32555
32609
32389
32477
32753
32871
32941
32901
33057
33157
32949
32767
32583
32199
32241
32502
32781
33105
32880
32854
32714
32522
32347
32269
32725
27696
27993
27016
32305
31699
31269
31423
31694
32365
32909
28383
28989
28591
33003
31811
30487
29963
30878
32423
27340
28951
29351
28965
27423
32600
31303
30384
31137
32690
28529
30043
30083
28793
33798
33175
32058
31303
30962
32079
27527
29615
30344
29569
28277
32695
32194
31659
31512
31975
32782
27265
28138
28759
28763
27527
32445
31432
31342
31779
32383
32925
27767
27960
28073
27981
32861
32319
31535
31649
32281
32880
27609
28069
28126
27267
32710
32263
31963
31927
32352
27341
28205
28600
27775
32909
32631
32159
31842
32209
32464
27040
27897
27933
33000
32248
31728
31501
31971
32711
27250
28219
28695
27895
33089
32417
31466
31715
31967
32987
27591
28162
28583
27919
33337
32383
31583
31441
32277
33203
28180
28903
28817
27791
32935
31995
31487
31712
32422
33024
27956
28929
29055
28050
32583
31417
30759
31132
32355
27529
28715
28587
27775
32911
32348
32193
31907
31647
32291
27293
28703
29321
28315
27153
32775
32713
32730
32751
32814
33033
33041
27605
33017
32688
32421
32523
32537
32723
33047
27471
27651
27377
32876
32625
32551
32594
32792
32887
32879
32665
32407
31939
31697
31636
32285
32965
27785
27953
27749
33229
32799
32446
31805
31359
31433
32522
33651
29262
29183
27815
32898
31929
31163
31541
32403
33347
28607
29457
29082
27865
32657
31564
31358
31768
32601
33078
28181
28771
28976
27965
32549
31583
31441
32325
27111
28407
28725
28607
27941
27277
32704
32424
32367
32716
33084
27001
27198
27403
27503
33063
32642
32625
27467
28299
28343
27220
32805
32429
32165
32351
32450
32841
27256
27079
32912
33041
32971
32775
32175
31704
32065
32422
32802
32875
32983
33075
32977
32721
32142
32008
32407
32813
32966
32755
33183
27839
28459
27929
33190
32535
32138
32219
32518
33106
33827
28460
28561
27775
33357
32405
31913
31520
31726
32754
28108
29520
30143
29419
27873
32483
31570
31459
31733
32477
27627
28820
29671
29058
27311
32108
31390
31187
31548
32458
28197
29677
29833
28791
27091
32313
32079
31978
32079
32599
26965
27892
27761
33074
32567
32039
31917
31883
32283
32733
27474
27159
32785
32541
32279
32407
32734
32801
33151
33093
32983
32625
32397
32121
32159
32335
32768
33310
27744
28172
33610
32999
32680
32429
32552
32802
33311
27614
28773
29033
27886
33265
32655
32249
32485
32925
33396
27779
29116
29626
28787
33310
32013
31015
31451
32282
33087
28041
28612
28942
29027
28322
32799
31585
31004
31421
32261
27147
28229
28150
27767
27058
32392
31625
31365
31575
32347
33025
28183
28371
27877
33131
32589
32175
31973
32275
32725
33067
27218
33085
32785
32531
32077
32141
32397
32847
27379
27797
27697
33207
32733
32421
32463
32895
33148
27215
27743
27903
33426
32718
32282
32167
32495
32921
33473
28305
29009
28500
33635
33119
32567
32631
33033
33529
27905
28473
28301
27711
33370
32666
32081
31863
32162
32860
27825
28813
28681
27753
32959
32541
32060
31865
31983
32387
32963
27407
27511
27161
32737
32409
31818
31664
31923
32620
33111
27533
27209
33004
32819
32403
32239
32210
32357
32948
27689
28209
27774
33128
32787
32577
32497
32527
32749
32915
27704
28388
27970
32959
32269
32148
32441
32827
33082
33102
27675
28141
28128
27553
32965
32423
32161
32608
33283
28329
28439
27909
33521
33031
32700
32471
32407
32511
33055
27758
28940
28926
33837
33207
32597
32040
31771
32634
33159
27689
28353
27607
33178
32695
31834
31399
31530
32184
32991
28307
28473
27745
33207
32585
31963
31617
31597
32301
27153
28472
28375
27713
32591
31912
31806
32197
32551
32967
27803
28310
28817
28567
27351
32565
31894
32027
32759
27483
28032
28307
27947
27299
32953
32656
32274
32439
32870
33313
27829
28050
28069
27479
33031
32661
32409
32675
32999
33386
27949
27845
33627
33147
32815
32831
32749
32544
32871
33367
33389
33727
33569
33443
33203
32951
32549
32498
32753
33208
33656
33639
33356
33160
33116
32756
32422
32449
32583
33045
33351
27267
33311
32976
32638
32471
32401
32451
32762
27113
27631
27797
27495
32679
32263
32228
32591
33046
27849
27829
27677
27521
33013
32709
32228
32137
32698
27756
28747
28940
28445
33102
32485
31955
31952
32419
33015
28037
28799
28515
27461
32774
32017
31646
31898
32590
33156
28217
28422
27882
33278
32667
31913
31873
32444
33256
33737
27856
33725
33223
32695
32257
32239
32647
32895
33291
33755
27968
27765
33541
33054
32648
32861
33211
33501
33676
33454
33247
33113
33021
33049
32995
32963
33015
33252
27163
33266
33162
32962
32802
32788
32898
33116
27322
27613
27345
33114
32899
32771
32757
32643
32490
32574
32771
33161
27405
27575
27245
33223
32881
32689
32479
32601
32814
27244
27442
27189
33142
32891
32692
32381
32051
32059
32565
33045
27985
28287
27969
32993
32325
31748
31639
32017
32817
33425
28162
28951
28579
33692
32771
32271
32005
32353
33005
33790
28439
28541
27935
33484
32746
32142
32229
32801
33522
28238
28738
28869
28474
33544
33032
32603
32583
32793
33273
33311
27362
27269
27237
33312
33111
32728
32464
32515
32739
32807
33131
33070
27159
27465
27440
32993
32744
32497
32631
32706
32739
32742
32830
32999
33137
32948
32829
32593
32531
32541
32679
32903
32963
33046
33065
32973
32841
32979
32916
32983
32857
32790
32841
32860
32935
33207
33433
27293
33528
33343
33184
33127
32895
32877
32986
33407
27742
27863
33801
33687
33477
33149
33225
33283
33473
27662
28451
28497
27880
33460
33100
32941
32879
33340
33659
28079
28412
28330
27357
32884
32473
32159
32259
32535
33091
27797
28344
28019
33245
32517
32054
31965
32127
32322
32747
33111
27342
33164
32783
32375
31964
32034
32295
32701
33109
27601
27612
33193
32751
32262
31896
32119
32287
32569
33263
28011
27977
33363
33203
33015
33031
32881
32823
32887
33153
33407
33511
33178
32845
32846
33237
33662
27937
28339
28291
28151
27685
33533
33018
32744
32937
33233
33429
33809
28415
29221
29161
28063
33009
32375
32325
32668
32855
33461
33721
27929
28229
28088
33383
32903
32454
32287
32323
32683
27413
27755
33261
32889
32361
31827
31939
32247
32697
27211
27922
27671
32945
32419
31734
31517
31412
31701
32541
27847
28948
29152
27927
32592
31863
31436
31659
32510
27245
28573
29520
28515
27400
32821
32337
31987
32119
32417
32888
27527
28730
29566
28943
27689
32723
32514
33219
33711
28171
28271
28051
33607
27613
33558
33247
33499
33489
33139
32255
32239
33410
28775
29084
28312
27907
33737
33679
27731
33279
32175
31755
32780
33366
27879
28324
28073
27935
32623
31697
31682
31987
32622
32995
33090
27240
27849
27824
27433
32443
31607
31243
31460
31987
32713
27641
33135
32763
32793
33045
27325
33185
32513
32109
32340
32729
33158
27241
33222
27213
33343
33077
32571
32419
32853
27343
33187
32337
32605
27811
29039
28955
33497
32978
33379
27767
28061
27702
33421
32823
32881
32727
32724
32786
33265
33327
33271
33133
33295
33905
27786
27893
33717
33411
33555
33702
33807
33638
33404
33243
32963
33028
33385
33376
32800
32679
32544
32523
33161
33493
27485
27211
33243
32925
32813
32510
31923
32401
32462
32559
32955
27018
27895
28203
27873
32833
32308
31962
32269
32821
32526
32287
32672
27372
27945
27686
32881
32485
32368
32136
32109
32713
27423
28959
29647
29367
28135
33649
33063
32307
31677
31799
32807
28248
29316
29052
28101
33113
32606
32399
32476
32919
33775
29415
30256
30478
29703
33899
32615
31087
30115
30851
32415
33545
28851
29825
29283
28585
33314
32527
32370
32655
33085
33745
28293
29041
29463
28814
32919
31363
30252
30419
31627
32589
33278
28445
29399
29155
28412
33334
32927
32852
32505
32119
32191
33063
28065
27453
32236
31184
31096
31533
31845
32486
33149
28372
29543
29610
29089
28079
27595
33021
32525
31548
31623
32675
33493
33460
32799
32825
32564
32976
33405
33443
33392
33514
28178
29114
29143
28425
33673
33135
32590
32370
32687
33400
33788
27736
27707
33737
33407
32863
33169
33621
33811
33598
33639
28322
28413
28117
33009
32211
31620
32271
33459
28435
28265
27562
27327
33485
33363
32847
32857
33183
27345
27931
27615
33173
27189
32874
32017
30837
30726
31991
27703
29309
28987
28133
28011
27573
33209
32925
32526
32413
32975
27657
28022
33175
32663
32340
31820
31057
31128
32825
28547
29788
29369
27842
33089
33079
33151
32837
32348
32032
32755
33632
29035
28839
33373
32298
31468
31759
32600
33382
28459
28664
28241
33581
33301
33334
33302
33059
32769
32538
32759
33370
28009
28311
33311
32674
32837
33588
28461
29223
28460
33365
32796
32836
33458
33571
33371
33181
33043
33060
33301
33161
32975
32676
32630
32598
33127
28729
29799
29977
28777
32986
32407
32482
32352
31858
31812
32443
33311
28065
28247
27565
32751
32407
32085
32349
32672
33381
28172
28567
28203
33135
32505
32213
32521
32899
33105
33263
33742
27559
33540
33074
32322
31812
32269
33016
33620
27725
28119
33758
33391
32993
32441
32123
32778
33575
28553
28580
27942
27613
33613
33388
32805
32542
33049
27753
28633
28657
27671
33744
33501
33246
32556
31871
32270
33307
28796
29249
28311
27797
27957
28182
33555
32819
32138
32235
32719
33537
28247
27915
27636
27615
33367
33119
32473
31959
32016
32903
27786
28103
28058
33439
33021
32795
32450
32231
32354
32765
33445
27897
27735
33559
33203
33062
32523
31686
31955
32813
27895
28432
27919
33317
32856
32757
32425
31997
32217
32970
33620
28291
28219
27842
33654
33412
33146
32593
32111
32767
33481
28379
28659
28079
33388
33105
32989
33047
32729
32687
32805
33377
28414
29278
29200
28391
33377
32849
32903
32959
33333
27583
28003
28303
27907
33481
33251
33168
32812
32575
32377
32481
33207
28597
28842
28197
33116
32767
32637
32743
32660
32288
32326
32867
28079
29107
29070
28142
33261
32343
31211
30983
31918
33231
28821
28913
28263
33447
32829
32471
31815
31257
31703
32927
29109
30483
30268
28946
33087
31564
30767
30819
32086
33717
29488
30000
29080
33639
32963
32358
31783
31740
32133
33405
29399
30631
30355
28305
32841
32101
32349
32895
33234
33328
27872
28440
28161
33697
33421
33297
32890
32719
32840
33174
33479
27400
27665
28269
28171
27611
33287
32915
32583
32093
31967
32225
33097
28839
29770
29503
27831
32675
31951
31625
31855
32405
32958
28052
28865
28885
27814
32968
32407
31549
31286
31932
33470
29601
30227
28570
33151
32471
32344
32535
32609
32629
33185
28071
29119
29208
33711
32637
32043
32427
32879
33405
33783
28312
28391
33783
33396
33223
33442
33433
33495
33169
33401
33634
28210
28398
27626
33151
32653
32587
33070
33513
27711
27833
33821
33752
33662
33523
32947
32680
32815
32943
33281
27716
28423
28585
28148
33323
32516
32156
32581
33408
28033
28141
27767
27732
27659
33338
32555
31529
31655
32488
33411
28362
28699
28535
27705
33158
32511
31824
31930
32875
28022
28719
28439
33521
33244
33191
32878
32287
31832
32506
33448
28529
29029
28367
33816
33215
32871
32953
33374
33414
33565
33477
33599
33697
33767
33655
33458
32951
32975
33051
33413
33689
27914
33783
33191
32973
33113
33380
33429
33459
33238
33143
33046
33415
33637
33793
33559
33327
33012
33174
33177
33479
33611
33515
33253
33071
33345
27987
27913
33423
32905
32608
32851
33290
27513
33392
33060
32961
33103
33230
33529
27413
33481
33270
32953
32619
32825
33267
27571
33401
33044
32806
32975
33146
33343
33492
33285
33219
33491
27534
28166
33595
32918
32225
32455
33112
27899
28767
28443
33612
32758
32082
32445
33086
33607
33823
28170
28327
28095
33594
32903
31911
31195
31815
33377
28961
29944
29611
28103
33043
32039
31562
32029
32987
28151
29425
29664
28988
33437
32503
31920
31823
32368
33144
28233
29586
29931
29029
33173
31865
31585
32237
33177
28506
29163
28935
28212
33252
32799
32519
32546
32679
33044
27693
28228
28165
27402
33075
32407
32199
32709
33488
28327
28374
27677
33239
33032
33041
33018
32878
32897
33128
33439
33639
27565
33677
33475
33288
33055
33119
33061
33377
33650
33628
33187
33018
33173
33340
33450
33255
33127
32995
33553
27809
28419
28034
33501
32840
32717
32871
33367
33743
27972
28256
28042
33663
33306
33201
32911
32950
33183
33684
28516
28995
28885
33735
32880
32123
32053
32919
27767
28946
29035
28550
27752
33167
32731
32105
31988
32561
33393
28759
29373
29060
28015
32853
31929
31608
32055
32987
28097
28869
28754
27577
33117
32651
32471
32362
32684
33151
28057
29025
29095
27864
32945
32269
31998
32134
32852
33495
28067
28477
27922
33553
33022
32807
32965
33206
33501
33568
33713
27759
28023
33815
33400
33075
33025
33145
33136
33262
33538
33624
33621
33689
27631
27703
33790
33585
33537
33483
33370
33451
33715
27875
27919
33479
33170
32862
33058
33300
33398
33457
27411
27572
33463
33291
32991
32962
33020
33203
33167
33359
27716
28087
33511
32733
32177
32267
33137
27850
28327
27758
33449
33221
33049
32779
32751
32785
33271
33434
27685
27607
33329
33032
32849
32813
33103
33619
28207
28379
27715
33630
33169
33030
32797
33015
33526
28215
28684
28109
33431
32962
32721
32975
33431
33670
27814
28433
28503
28181
33684
32900
32527
32526
33247
28029
28913
28998
28193
33607
33063
32948
32949
33016
33277
27649
28707
29034
28705
33489
32628
31892
31991
32635
33298
28199
28689
28616
27989
33427
33018
32636
32098
32222
32651
33485
28849
29251
28328
33231
32575
32143
32159
32419
32698
33329
28143
28542
28413
27703
33337
32889
32469
32417
32828
33622
28527
28959
28304
33483
32902
32703
32716
32949
33065
33407
27821
28541
28477
33899
33345
32942
32927
33160
33532
27801
28632
28383
33956
33472
32888
32901
33047
33428
33919
28176
28329
28074
33753
33251
32673
32444
32657
33415
28414
29271
29063
27764
33079
32834
32751
32638
32895
33407
28377
28972
28939
28206
33208
32679
32071
31994
32548
33407
28789
29397
28954
27787
33151
32652
32243
32067
32434
33207
28337
28912
28927
28162
33387
32869
32538
32317
32424
33197
27889
28939
28877
28334
33769
33231
32827
32525
32663
33141
33745
28547
28864
28561
33679
33031
32615
32403
32648
33256
33972
28687
29039
28667
33916
33509
32869
32559
32617
33053
33798
28491
28575
28065
33516
33091
32754
32849
33159
33531
33795
28039
28055
27885
33479
32841
32788
33187
33579
28142
28225
27510
33390
33095
33023
32820
33151
33423
27571
27707
27663
33551
33351
33119
32857
32904
33227
27685
28369
28195
33595
33081
32972
33065
33314
33385
33592
33677
33637
33388
33228
33175
33103
33301
33387
33591
33658
33853
33765
33449
33231
33089
33003
33379
33889
28039
27887
33853
33531
33324
33175
33206
33025
33027
33596
27812
28597
28361
33763
33171
32840
32788
33100
33520
33931
28519
28401
28011
33676
33392
32971
33016
32975
33247
33651
28287
28666
28208
33641
33127
32831
32957
33154
33527
27951
28670
28873
28263
33536
33085
32831
32846
32985
33207
33576
28025
28331
27962
27421
33113
32675
32722
32916
33263
33478
27435
27743
27641
33671
33359
33183
33013
32955
33123
33461
33654
33801
33833
33585
33361
33114
33031
33149
33548
33729
33751
33863
33907
33749
33462
33033
32849
32986
33305
33699
27733
28105
27852
33857
33595
33144
33137
33261
33744
27953
28135
27781
33754
33415
33107
33195
33159
33399
33781
28167
28402
27889
33639
33101
32965
33061
33393
33731
28178
28323
27932
33660
33393
33197
33025
33066
33183
33525
27991
28239
27918
33410
32886
32815
32697
32990
33338
27464
28025
28051
33690
33281
32952
32680
32627
32937
33413
27628
27913
27767
33613
33281
33021
32971
32933
33051
33553
27831
28311
28022
33801
33574
33185
33049
33070
33369
33719
27833
28203
28149
34001
33863
33518
33135
33155
33488
33585
33772
33781
33837
27841
27834
33829
33549
33175
33295
33671
33903
28066
27738
33925
33694
33505
33369
33385
33359
33585
33634
33698
33727
33805
33747
33375
33003
32851
33213
33547
27536
33621
33285
33198
33237
33266
33328
33321
33392
33314
33447
33354
33370
33389
33254
33328
33259
33441
33543
33467
33349
33059
32855
32851
33062
33503
27639
27835
27695
33612
33311
33111
33142
33395
33629
33978
28388
28183
33891
33593
33232
33007
33059
33027
33678
28115
28802
28679
34020
33501
33167
32941
33047
33333
33706
27902
28546
28807
28408
33679
33183
32720
32846
33231
33727
28199
28558
28423
27687
33554
33083
32903
32864
33274
33594
27853
28503
28441
27737
33334
32785
32663
32780
33239
33647
28213
28589
28477
27905
33338
32727
32320
32399
32849
33502
27913
28249
28241
27785
33271
32677
32335
32468
33165
27741
28569
28686
28440
33884
33454
33071
32707
32741
33077
33803
28634
28877
28615
27849
33542
32967
32733
32927
33595
28053
28681
28540
28049
33936
33492
32987
32824
33087
33641
28107
28783
28671
27795
33571
33294
32953
32935
33116
33622
28237
28804
28579
33877
33337
33109
32983
33081
33471
33659
27585
27887
28243
27727
33437
32866
32879
33025
33414
33550
27679
28104
28058
33623
33231
33035
32967
32991
33035
33209
33343
33683
28012
27937
33527
33190
33078
33139
33394
33349
33408
33565
27690
28087
27827
33737
33420
33307
33225
33135
33240
33623
27822
28246
27863
33744
33437
33407
33362
33361
33329
33361
33593
34011
27878
33938
33658
33576
33473
33456
33565
33555
33768
33811
33677
33487
33367
33567
33731
33695
33680
33558
33425
33601
33509
33835
27788
27768
27766
27653
33841
33583
33385
33123
33178
33370
27600
28223
28219
33773
33432
33323
33225
33221
33491
27591
28107
28269
27534
33435
33285
33201
33013
32861
33111
33700
28252
28366
33812
33297
33123
33037
32967
33119
33431
33759
28011
28259
27705
33760
33299
33112
33052
33144
33339
33687
34043
28327
28071
33955
33481
33283
33277
33364
33521
33687
33954
34085
27839
33823
33546
33300
33087
33198
33510
33704
27887
28413
28368
27819
33740
33413
33165
33291
33497
33799
27847
28252
28409
27769
33699
33209
33017
33067
33559
33846
28265
28400
28094
33703
33254
32903
32929
33113
33460
27793
28407
28510
28287
33702
33207
32887
32886
33088
33464
27637
28010
28161
27739
33543
33075
32821
32843
33073
33373
33770
28071
28261
27812
33575
33116
32959
33217
33195
33548
33787
27961
28187
33901
33526
33262
33076
33169
33292
33627
33883
27772
27877
27852
33847
33591
33443
33415
33655
33746
33925
33999
33997
33907
33761
33552
33616
33716
33657
33815
33978
27788
27933
34043
33865
33711
33549
33614
33600
33703
33791
33783
33724
33744
33605
33537
33654
33677
33694
33690
33703
33759
33557
33331
33063
33151
33343
33555
33575
33518
33397
33354
33351
33224
33319
33525
33626
33743
33714
33578
33357
33277
33049
33139
33352
33442
33727
33922
33751
33505
33111
33141
33207
33674
33897
34039
34047
33949
33788
33667
33465
33227
33543
33841
28069
28301
27755
33925
33664
33381
33339
33640
33807
27985
28251
28145
34042
33630
33411
33278
33467
33580
33800
27987
28289
28061
33976
33649
33416
33327
33410
33624
33787
27863
28293
27715
33616
33283
33053
33089
33229
33467
33584
33715
27717
27719
33559
33312
33061
33115
33246
33247
33418
33637
33655
33783
33705
33603
33359
33220
33140
33059
33263
33430
33628
33827
27804
33853
33600
33389
33243
33207
33420
33701
33892
27953
27991
34089
33885
33546
33137
33343
33445
33673
34034
28225
28003
34057
33884
33711
33661
33537
33584
33679
33963
28012
27985
34007
33744
33565
33464
33609
33589
33819
27818
27865
33927
33807
33480
33351
33305
33372
33469
33625
33781
33809
33831
33707
33475
33321
33250
33320
33421
33706
27751
27733
33535
33340
33132
33119
33320
33430
33740
27560
33855
33668
33451
33465
33453
33461
33413
33393
33721
33819
33833
33607
33518
33505
33407
33461
33526
33757
33821
27766
33878
33829
33695
33557
33597
33697
33657
33844
34053
34032
33979
33717
33495
33521
33760
33830
34067
34158
34024
34015
33881
33623
33586
33545
33791
33867
33991
33977
33939
33887
33737
33507
33473
33431
33655
33921
27755
27944
33919
33823
33759
33510
33622
33413
33479
33733
33866
27890
33744
33570
33307
33238
33343
33295
33557
33870
28129
28007
33657
33430
33149
33194
33327
33511
33513
27646
28037
28071
33827
33494
33279
33173
33367
33460
33677
27743
27987
27863
33849
33544
33271
33123
33372
33504
33749
33897
34013
33991
33797
33731
33478
33500
33693
33735
33961
34104
34140
34029
33714
33461
33351
33404
33565
33753
33831
34071
27936
34126
33754
33564
33491
33641
33673
33815
33941
34028
33909
33828
33766
33640
33514
33489
33567
33796
27671
27733
33839
33657
33550
33478
33526
33597
33603
33737
33817
33898
33666
33538
33497
33455
33579
33621
33683
33790
33633
33626
33431
33191
33312
33395
33560
33496
33539
33757
33730
33741
33513
33319
33229
33375
33571
33574
33834
33831
34019
33876
33688
33439
33237
33367
33666
33764
33815
33945
33874
33955
33852
33698
33644
33600
33711
33803
34072
34059
34107
34080
33955
33823
33729
33519
33662
33821
34111
34112
27967
27909
27927
34037
33808
33661
33415
33655
33790
33909
27799
33926
33813
33771
33504
33519
33446
33576
33667
33775
33849
33817
33727
33591
33362
33285
33281
33369
33411
33616
33743
33757
33602
33596
33495
33283
33295
33300
33526
33558
33645
33687
33703
33557
33575
33388
33368
33345
33461
33560
33717
33801
33854
33719
33606
33534
33523
33444
33664
33763
34015
34178
34140
33943
33821
33935
33960
33973
33911
33958
33996
34007
33877
33711
33709
33818
33930
33983
34025
33953
33927
33865
33880
33831
33813
33828
33917
33937
33869
33719
33815
33847
33718
33675
33730
33746
33751
33779
33810
33577
33357
33343
33562
33577
33525
33661
33691
33718
33553
33412
33279
33264
33435
33522
33688
33753
33849
33791
33647
33452
33317
33289
33487
33579
33696
33748
33753
33673
33709
33591
33441
33353
33575
33826
33975
34151
33927
33887
33831
33662
33696
33815
33962
34064
34007
33938
33911
33959
33897
33895
33787
33790
33909
34091
34127
33971
33799
33793
33957
33964
34101
34099
34014
33874
33803
33843
33831
33814
33846
33906
33881
33978
33844
33833
33679
33575
33575
33648
33791
33902
27719
27745
33771
33479
33446
33453
33380
33443
33543
33679
33770
33751
33779
33591
33471
33406
33413
33379
33402
33562
33530
33795
33841
33811
33639
33594
33639
33623
33611
33613
33669
33835
33955
34017
33973
33721
33619
33441
33511
33657
33954
34085
34245
34133
34087
33935
33813
33655
33550
33645
33783
34039
34115
28121
34221
33994
33705
33663
33763
33881
34082
33967
34007
34071
33899
33744
33561
33594
33643
33829
33902
33977
34055
27807
33989
33731
33635
33557
33477
33519
33568
33527
33618
33541
33663
33720
33783
33741
33565
33431
33301
33495
33610
33707
33731
33688
33823
33823
33817
33686
33505
33453
33603
33847
33964
33863
33863
33881
33746
33655
33705
33687
33803
33791
33800
33838
33919
33958
34090
34018
33953
33880
33901
33958
33829
33797
33798
33735
33745
33951
33911
33999
33975
33943
33927
33762
33597
33773
33742
33837
33975
33737
33825
33987
34016
33957
33582
33280
33311
33699
33901
34035
33943
33911
33831
33668
33626
33593
33587
33549
33654
33735
33859
27799
27665
33747
33555
33559
33381
33345
33385
33588
33884
27865
27958
27767
33734
33646
33388
33287
33346
33571
33630
33895
27697
33923
33799
33789
33564
33617
33479
33644
33799
34023
34095
33953
33821
33847
33731
33727
33643
33709
33873
34092
34176
34079
33959
33837
33833
33759
33871
33967
33841
33837
33850
34034
34193
33999
33841
33747
33749
33889
33879
33706
33709
33876
34107
33975
33819
33807
33909
33913
33797
33641
33751
33931
28243
27838
33674
33477
33352
33615
33607
33959
27879
28210
28047
33968
33655
33524
33425
33511
33433
33538
33743
28142
28442
27812
33559
33103
32936
33141
33223
33679
33767
34035
27997
34060
33697
33443
33263
33176
33377
33514
33973
28012
28245
34096
33777
33602
33445
33104
33058
33490
33971
28271
28491
28073
34147
33759
33405
33293
33251
33705
34000
28359
28457
28295
34217
33799
33255
33097
33222
33834
28295
28843
28853
28481
34173
33735
33294
33184
33172
33543
34021
28718
29173
29149
28671
33807
33352
33167
33293
33688
33901
28151
28414
28287
27975
33807
33355
33155
33130
33578
33777
27931
28269
28422
28191
33717
33215
32842
33046
33361
33615
33767
33863
33967
33953
33799
33582
33227
33307
33313
33546
33827
34070
34081
33935
33725
33582
33371
33551
33721
33741
33758
33895
33833
34236
27948
34170
33943
33687
33652
33792
34144
34306
34161
34177
33993
33919
34052
34002
33834
33699
33784
34079
28072
28159
34143
33937
33828
33670
33706
33954
34056
34087
34082
33969
33917
33841
33930
33887
33899
33769
33908
27937
34019
33861
33509
33484
33483
33395
33521
33473
33675
33859
33907
33816
33575
33599
33625
33557
33727
33649
33615
33613
33621
33735
33659
33535
33432
33517
33649
33790
33858
34005
33841
33790
33801
33759
33873
33905
33789
33805
33830
33890
33967
34105
34186
34248
34204
34102
33931
33865
33929
33873
34011
33887
34079
34295
28077
27935
34092
33867
33799
33886
33918
34137
28023
28335
28147
34095
33865
33768
33844
33681
33807
33994
34157
34047
33959
33988
33837
33639
33347
33413
33660
33870
28202
28368
28122
33950
33716
33559
33609
33530
33559
33651
33759
33918
33895
33793
33655
33429
33451
33527
33568
33737
33869
27779
27883
34089
33804
33623
33379
33327
33381
33739
34081
28147
28235
34249
33959
33824
33833
33745
33626
33678
34009
28261
28551
28256
34191
33849
33539
33576
33725
33940
34174
27965
28162
34239
34041
33791
33365
33391
33705
33833
34076
27986
28199
28059
34030
33735
33552
33530
33661
33863
34046
34159
34114
27864
34023
33941
33693
33439
33465
33665
33905
27877
27865
27727
33837
33579
33575
33531
33580
33781
33895
33901
33764
33643
33629
33726
33755
33653
33365
33519
33882
34087
33987
33843
33743
33641
33713
33822
33943
33993
34109
34097
34047
34003
33970
33809
33821
33895
34085
34010
34033
33973
33997
33886
33803
33861
33893
33946
33939
34103
34087
34160
33927
33858
33729
33625
33925
34233
34167
34001
33812
33649
33802
34097
34053
34020
33910
33981
34063
34116
33970
33827
33684
33591
33759
34017
28057
28035
33963
33866
33864
33873
34050
34023
33833
33759
33733
33810
27837
33887
33823
33705
33551
33674
33865
33805
33779
33675
33766
33998
27879
34071
33819
33712
33597
33698
33841
33927
34000
33916
33857
33765
33738
33729
33911
33991
33887
33961
34005
33979
33799
33753
33623
33767
33991
34155
34031
34141
34024
33847
33892
33835
33669
33746
33847
33779
34105
34237
34338
34267
33957
33825
33583
33711
33841
34131
34167
34158
27959
27971
33941
33865
33659
33689
33783
33777
33969
34159
28403
28336
28117
33903
33531
33189
33567
33875
34160
28129
28228
27976
27815
33887
33619
33194
33203
33423
33791
28144
28681
28739
28251
33811
33551
33321
33144
33367
33636
33910
28023
28313
28422
27997
33801
33363
33106
33347
33715
33959
34283
34273
28063
34336
34087
33614
33168
33106
33479
33945
34259
28367
28461
28463
28128
34091
33899
33576
33504
33695
33973
34005
34241
34357
34351
34110
33907
33746
33767
33870
34019
34129
34163
28170
28295
28183
34100
33997
33865
33668
33784
33834
33959
34157
28249
28371
28303
34117
33887
33761
33639
33617
33585
33552
33695
33866
28277
28298
33859
33601
33343
33397
33661
33793
33749
33817
33998
34020
33887
33649
33359
33322
33575
33751
34120
28209
28006
34005
33689
33280
33426
33782
33869
34045
34208
34281
28220
34407
34006
33431
33223
33375
34047
28317
28735
28722
28240
34164
33909
33770
33461
33589
33886
28084
28927
29308
28943
28387
34036
33709
33475
33363
33737
34260
28357
28507
28417
28386
28199
34007
33793
33581
33607
33791
34129
28095
28128
34086
33737
33777
33573
33383
33356
33547
33739
27903
28100
34053
33816
33663
33625
33415
33316
33335
33524
33831
27930
33982
33905
33857
33965
33849
33813
33741
33522
33734
33907
34199
34117
33936
33917
33895
33870
33955
33983
34089
34157
34229
34113
34208
34163
33997
33831
33921
34037
34213
28252
34423
34271
34121
33931
34073
34122
34173
34212
34096
34075
34273
28054
28107
34327
34115
34119
34093
33969
33960
33973
34081
34139
34118
34247
34127
34101
33865
33841
33681
33473
33663
33961
28079
28324
27961
34105
33969
33720
33471
33168
33295
33648
33981
28094
27912
34067
33779
33629
33608
33584
33683
33805
33982
33899
33811
33983
34010
34020
33943
33865
33835
33819
33819
34010
33982
34097
33871
34118
34216
34223
34000
33791
33735
33841
34005
34137
34350
34369
34367
34375
34251
34023
33992
33969
34067
34093
34245
34242
34415
34267
34172
33955
33897
34054
34003
33944
33891
34009
34087
34219
34194
34209
34215
34106
33927
33892
33813
33656
33529
33759
33998
28155
28465
27987
34076
33840
33772
33701
33661
33713
34103
28520
28405
27808
33892
33754
33639
33475
33340
33509
33952
28408
28601
28002
33846
33730
33599
33453
33664
33888
34254
28215
28393
28246
34083
33775
33507
33320
33788
33992
34309
28164
28196
34309
34061
33699
33547
33625
34041
34207
34460
28239
28235
34342
34075
33674
33419
33665
33908
34249
28343
28402
28283
34345
34013
33645
33518
33703
34013
34336
28106
34315
34223
34220
33979
33840
33517
33490
33898
34282
28503
28507
28017
33909
33761
33836
33750
33684
33740
33903
28179
28285
28363
27958
33913
33694
33588
33613
33744
33917
33959
34069
34065
34117
34090
34001
34061
33823
33737
33468
33615
34023
34165
33979
33851
33855
34057
34229
34163
34027
33999
33796
33893
34007
33930
33864
34023
34058
34171
33906
33794
33745
33784
33871
33979
34015
34185
28067
34422
34130
33991
33875
33887
33981
34253
34295
34369
34403
34301
34181
33937
33723
33702
33922
28054
28390
28459
28201
27959
34189
33924
33685
33636
33822
34210
28410
28661
28779
28571
34118
33735
33231
33162
33453
33815
28311
28366
28243
28087
34138
33919
33687
33405
33414
33775
27901
28471
28279
34055
33749
33595
33446
33519
33495
33711
33921
34321
28287
34363
34127
33946
33990
33943
33857
33933
34149
34343
34245
34291
34123
34069
34167
34111
34033
33940
33985
34271
34437
34256
34239
34287
34346
28127
34427
34333
34165
34135
34144
34141
34171
34171
28275
28489
28547
34352
34157
33999
33993
33935
34017
34043
34207
28056
28195
28051
34071
33815
33797
33737
33947
34171
27873
28067
28115
27949
33954
33790
33441
33482
33675
33859
34018
27902
27914
34085
33819
33535
33479
33767
34017
34077
34051
33980
34111
34215
34046
33812
33799
33686
33674
33868
34119
34196
34168
34094
34117
33951
34071
33966
34015
34046
33959
34162
34331
28430
28714
28459
34226
33903
33807
33931
33985
34217
34231
34313
28325
28247
28141
34212
34062
33927
33999
34084
34319
28215
28289
34207
34065
34021
34008
34171
34101
34027
33921
34015
34102
34116
34061
34055
34041
34021
34036
34022
33953
33878
33542
33507
33756
34079
28204
28184
34127
33943
33989
33807
33751
33599
33626
33737
34027
34241
27964
34259
34040
33945
33925
33924
33789
33775
33999
34237
34417
28187
28133
34287
34153
33981
33869
33860
33991
34062
34252
34360
34377
34375
34327
34151
34039
33959
33911
34019
34148
34263
34293
34431
34221
34210
34003
33991
34252
34218
34263
34135
34021
33934
34047
34242
34376
28095
34349
34138
34145
34036
33911
33799
33758
33809
28092
28417
28069
33895
33814
33863
33878
33817
33972
34295
28310
28484
28239
34111
33880
33790
33543
33611
33975
34285
28425
28325
34283
33811
33437
33335
33535
33875
33934
34252
28513
28983
28558
34000
33430
33279
33467
33922
34356
28534
28691
28642
28435
34285
33819
33579
33732
34011
34381
28121
28390
28153
34322
34157
33837
33609
33583
33978
34417
28531
28601
34462
34207
34009
33845
33593
33641
33923
34303
28223
28108
34247
34274
34177
33905
33650
33434
33874
34215
28455
28471
34311
34018
34047
34071
34070
33835
33815
33942
34152
27997
34206
33949
33873
34025
33997
33864
33896
34057
28056
28294
28107
34073
33943
33923
33974
34010
33947
33937
34137
28311
28343
34197
34129
34079
33960
33959
33865
33955
34072
34243
34333
34189
34201
34176
34236
34126
33947
33911
34093
34168
34423
28386
34485
34385
34229
34387
34231
33877
33689
33737
33928
34261
34356
34139
34309
34344
34443
34231
33882
33780
33926
34265
34399
34294
34107
34234
27987
28037
34184
33957
33875
34063
34039
34088
33937
34110
34318
27987
28133
34267
34142
34277
34267
33983
33807
33885
33999
34169
34320
34184
33877
33825
34039
34161
33990
33883
33655
33799
34076
34109
34150
34049
34088
33998
33966
33753
33799
33869
34133
34249
34175
33976
34121
34062
33959
33857
33820
34047
34201
34417
34215
33983
33937
33991
34115
34037
33967
34104
34261
28487
28550
34455
34223
34224
34311
34363
34061
33985
34093
34333
28323
34521
34137
34136
34156
33994
33971
33751
33827
34260
28321
28455
28171
34397
34164
34092
34042
33897
33847
33965
34215
28671
28656
28325
34138
33929
33909
33839
33878
33905
34268
28663
28863
28235
33958
33832
33838
33665
33559
33725
34102
28507
28855
28473
34122
33837
33921
33925
33727
33456
33610
34133
28266
28302
34235
34113
34125
33975
33817
33657
33777
33986
28447
28790
28597
34434
34207
34090
34073
34101
34006
34377
28541
29101
28870
34573
34075
34019
34045
34095
34211
34479
28899
29220
28941
28194
34101
33999
33997
34037
33964
34305
28622
29079
28867
28221
34043
33862
33783
33953
34038
34231
34194
34092
33946
33907
33853
33769
33737
33811
33983
34043
33996
33936
33988
34023
33910
33996
33877
33807
33775
33732
33859
33892
33937
33971
34062
34131
34150
34062
33931
33740
33675
33803
34258
28397
28280
34416
34323
34205
34181
34125
34058
34047
34511
28711
29048
28901
34495
34198
33684
33869
34093
34231
28566
28865
29001
28627
28171
34405
34166
33845
33705
34092
28231
29139
29329
29093
34477
34064
33756
33541
33607
33746
34255
28571
28909
28941
28325
33997
33485
33054
33157
33614
28031
29055
29192
28753
28166
33875
33409
33393
33315
33763
34021
28215
28741
28845
28489
33825
33422
33213
33468
33907
34222
28381
28652
28330
34119
33697
33539
33769
34251
34407
34273
34409
34465
28631
28206
34012
33631
33647
34023
34423
28583
28353
34527
34343
34107
34152
34147
34212
34183
34129
33896
33971
34492
28358
28445
34311
33917
33937
34241
34226
34022
34086
34099
34153
34293
34415
28276
34365
33860
33669
33622
33990
34379
28372
28143
34145
33951
34062
34262
34157
34045
34005
34130
28106
28925
28976
28551
34143
33729
33641
33855
28095
28483
28342
34159
34142
28163
28351
28201
33991
33815
33969
33997
34193
27979
28559
28255
34043
33911
33871
34119
34197
34183
33962
33756
34105
28173
28987
28522
34215
33865
33643
33740
34015
34060
34084
34234
34328
34493
28415
34497
34117
33720
33158
33361
33895
28381
29155
29229
28386
34158
33676
33737
33803
33989
34020
34401
28813
29460
29449
28320
34005
33399
33121
33518
34217
29035
29679
29676
28850
34391
33941
33629
33706
33815
34045
34239
28578
29177
29165
28511
33669
33297
33357
33887
28433
28767
28603
28022
34341
34061
34016
33827
33719
33645
33897
34238
28320
28734
28263
33955
33575
33185
33678
33943
34225
34333
34249
34285
34101
34167
33991
34097
33894
33867
34011
34247
34441
34510
34341
34173
33983
33895
33864
34231
34373
34420
34369
34197
34403
34616
28264
34427
34379
34199
34359
34495
28368
28323
34449
34504
34346
34505
28401
28503
28192
34223
34185
34177
34083
34165
34415
28329
28727
28817
28195
34293
34251
34234
33907
33729
33713
34141
28697
28825
28178
33841
33571
33496
33681
33699
33727
33770
33820
33907
34077
34196
34162
33691
33351
33177
33443
34056
34400
28257
34074
33758
33581
33623
33672
33859
33984
34160
34382
28179
28183
34421
34061
33752
33727
33962
34175
34617
28905
28782
28613
34474
34205
34125
34266
28399
28349
34581
34279
34518
28376
28671
28591
34271
34195
34224
34636
28883
28903
28483
34263
34243
34141
34297
28479
28691
28506
34255
34075
34071
34254
34375
34111
34021
33879
34129
28253
28504
28053
33797
33563
33343
33477
33831
28489
28589
28052
33991
33706
33839
33913
33869
33669
33657
33945
28176
28620
28287
34267
33831
33437
33517
33893
28367
28683
28466
34245
33973
34083
34103
34394
34169
34131
34435
28377
29223
29455
28927
34377
33881
33371
33428
33965
34551
28873
29285
29623
29541
29370
34690
33996
33295
33237
33631
34215
29160
29683
29697
28891
34247
34021
33880
34221
34185
34143
34035
34442
28999
29059
34197
33400
33055
33709
34289
28933
28823
28921
28276
33886
33335
33087
33404
33770
34023
34197
28192
28963
29022
34218
33365
33541
33525
33896
34250
28593
28770
28164
33969
33669
34021
28531
29083
28533
34003
34040
34031
34206
34031
34099
34239
34653
29271
29052
28882
34639
33971
33162
32728
33709
34625
29763
30103
29418
28355
34125
33890
33383
33353
33594
34346
29180
29917
30298
29496
34334
32997
32504
32706
33538
28747
29883
30277
29703
28636
33947
32888
32717
32773
33432
34253
29669
30625
30430
29639
33947
32708
31969
32715
33937
28880
29719
29401
28999
28340
34238
33919
33523
33503
33844
28583
29306
29415
28607
33987
33411
33240
33464
34132
29265
30497
30262
28999
33655
32865
33026
33607
34226
28408
28714
29263
29675
29446
34339
33013
32252
32755
33719
28584
29799
29801
28632
33878
33255
33258
34037
28500
29589
29881
29255
28417
33891
32699
32026
32237
33262
28575
30595
31685
31015
29051
33413
31655
31196
32725
28283
30929
31535
31525
29939
33862
32327
31178
31255
32517
28391
31301
32382
32393
31125
34301
31262
33620
30532
33510
31042
28543
32924
31265
29090
33418
31017
33766
34083
32996
30105
32695
29585
32562
30229
33011
33968
32469
33833
33315
30519
32279
32643
32214
30279
33925
31409
33915
34169
31887
34402
31117
32383
32176
29971
33191
30705
34372
31302
33495
29214
30671
31396
31310
30208
33989
32168
30714
30708
32796
29025
31660
32709
32237
29985
33400
31375
30855
32084
33231
28418
30533
31927
32063
30674
34265
32423
31409
32137
33423
28748
31139
32166
31657
29429
33118
31191
30407
31839
33639
29117
30860
31811
31354
29573
33625
32331
31455
31965
33426
29341
31154
31089
29744
33615
32392
32043
32488
32865
33569
28627
29904
30288
29727
28429
33643
32909
32855
33595
34349
29003
28687
34384
33733
33788
34176
34207
34327
34363
34327
34485
34387
34207
34128
34431
28273
29341
29723
29729
29016
34475
33763
33354
33713
34524
29526
30256
29931
28745
34047
33463
33429
33669
34174
29119
30091
30695
30407
29571
34102
32589
32048
32430
33371
28655
30617
31315
30649
28999
33867
33129
32420
32137
32469
33702
28586
30111
30701
30223
28921
33745
32521
32227
32385
33223
34301
29428
30048
29881
29122
33977
33126
32109
31825
32200
33417
28735
30630
31321
30699
28645
32979
31867
32063
33188
34315
29859
31447
32279
31687
29708
33288
30814
34088
31014
33520
30012
32495
32932
32392
29847
33621
31769
31005
31924
33799
29991
32100
32874
32353
29837
33531
31607
30583
31598
33728
29787
31708
32019
30929
28300
32793
31877
31871
32858
34420
30669
31582
30777
29461
33751
31999
30495
31230
33045
28983
31091
31591
30691
28790
33499
32203
31231
32033
33563
29151
30747
31077
29997
34332
33147
32433
32188
32727
33911
29571
30669
30753
29872
34495
33694
33271
32951
33579
34261
29021
29510
29462
34626
33959
33833
33991
34279
34605
29154
29897
29705
28606
34326
33839
33540
33535
34035
34442
29003
30317
30057
28482
33903
33933
34232
34249
34523
28877
29311
29119
29020
34157
33436
33127
33256
33561
34263
29853
30563
29426
33960
32552
32090
32518
33843
29000
29831
30931
31403
30507
34263
32453
31267
31327
32372
33929
30135
31087
31071
29587
33507
32312
32179
33175
33991
29143
30359
30980
31008
29564
33630
31817
31301
32243
33927
29531
31179
31787
31141
29481
33739
32111
32199
32815
33607
34327
30037
31617
31789
30617
34355
32843
31781
31670
32463
33783
29215
31100
31286
30334
29209
34187
33041
32099
32273
33265
28341
30528
31326
30810
29367
33887
32615
31579
32405
33759
28999
30588
31138
30409
29001
34114
33026
31990
32094
33445
29319
30664
30981
29997
28116
33541
33057
33591
34116
29281
30372
30303
29115
34037
33148
32486
32615
33543
28919
30462
31170
30591
28425
33000
32059
32538
33876
29535
31049
31780
31284
29182
33364
31519
30561
31613
33837
29993
31625
31926
31044
34725
32785
31419
31039
32151
33997
30204
31993
32257
31048
28501
32855
31444
31290
32457
33732
28493
29904
30061
29593
28599
34318
33810
33746
33937
34492
28815
29106
29197
29056
34335
33999
33815
33748
33759
34017
34135
34522
28911
29423
29627
29100
28189
34082
33723
33758
34195
28283
28451
28591
28374
28385
34377
34119
34003
34051
34073
28383
29009
28639
34308
34156
34113
34291
28263
28720
28937
28703
34351
33735
33039
32927
33444
34402
29551
30607
30793
29849
34450
32984
31674
31205
32027
33875
29662
31270
31583
31195
28991
32835
30972
30947
32613
34313
30079
31557
31758
31223
29099
33365
31379
30716
32240
34313
30300
31757
31594
30147
34541
33443
32796
32787
33737
28883
30677
31560
31339
29867
33999
32938
32569
32781
33681
28829
30174
30417
29987
28669
33789
33293
33588
33971
34431
28890
29512
29060
34485
33937
33699
33359
33631
34159
34575
28825
28739
34295
33715
33481
33362
33688
34435
29353
29657
29061
34470
34015
33287
32736
32656
33095
34363
29767
30585
30135
29014
34331
33721
33233
33003
33503
34275
29597
30702
30824
30055
34697
33650
32814
32914
33405
34359
29216
30568
30920
30248
28769
34132
33407
33053
33695
34643
29509
30303
30504
29415
34271
33701
33327
33281
33607
34413
29539
30161
29865
29081
34077
33416
33003
33432
34011
28629
29486
29544
28772
34281
33830
33475
33401
33930
28311
29049
29109
28741
34153
33655
33201
33404
33791
34324
28769
29205
28579
34151
33789
33837
33790
34327
34448
28737
29568
29637
28877
34325
34047
33884
34126
34346
34512
34696
28475
34779
34397
34204
34335
34665
29045
29279
28983
28569
34637
34593
34545
34399
34557
34718
28359
34670
34262
34373
34464
34563
34585
34456
34719
28690
28783
34565
34213
33962
34092
34435
28844
28769
34579
34067
33755
33777
34167
34447
34569
34606
34481
34456
34150
33819
33791
33640
34101
28683
29717
29616
28545
33990
33691
33427
33451
33899
28675
29968
30103
29433
34446
33790
33569
33655
33971
34614
29317
29806
29827
28885
34212
33881
33747
33799
34463
29087
30071
29845
28859
34159
33551
33573
34213
28663
29406
29565
29280
28611
34323
33910
33761
33863
34195
34824
29695
30075
29983
28719
34029
33416
33301
33683
34099
34439
34567
34563
34635
28463
28250
34323
34171
33966
33973
34151
34493
28468
28976
28680
28183
34216
34137
33920
33778
33668
34036
28361
29297
29678
29465
28344
33906
33559
33539
33894
34585
29428
30124
30251
29396
34475
33591
32995
32845
33463
34297
29188
30343
30499
29831
34640
33595
32723
33131
34230
29265
30645
30884
30233
28785
33935
33140
32595
32808
33819
28695
29929
30471
29978
34731
33800
33159
33087
33800
34491
29237
30019
29979
28945
34247
33458
33271
33319
33915
34632
29371
29765
29276
34733
34231
33699
33759
33910
34263
28567
29143
29025
34489
34090
33985
34045
34306
28522
28595
28533
28365
34421
34263
34131
34161
28453
29057
29103
28895
34476
34051
33686
33609
33852
28377
29759
30423
29968
29069
34452
34063
33668
33474
33848
34396
28551
29223
29516
28951
34173
33524
33108
33373
33913
34709
29273
29766
29765
29279
34639
33851
33284
33095
33551
34242
28859
29857
29834
28991
34350
33825
33619
33598
33764
34277
29025
29918
30322
29887
28823
34149
33539
33285
33487
34184
28731
29771
29887
29465
28677
34205
33424
33266
33777
34635
29520
30261
30046
29449
28347
33967
33637
33469
33701
34169
28677
29294
29297
28823
34423
33974
33735
33869
34410
28311
28707
28780
28531
34482
34300
34111
33865
33789
34113
34538
28671
28615
34697
34340
34149
33995
34151
34152
34123
33993
34057
34401
34650
34802
34707
34415
34117
34291
34375
34565
34565
34669
34784
34823
34800
34512
34365
34189
34327
34452
28521
28987
29525
29311
28739
34542
34113
33881
34131
34471
28861
29642
29785
29403
28509
34207
33809
33823
34064
34333
28811
29478
29253
28894
34406
33960
33810
34268
34615
29029
29445
29031
28324
34065
33665
33327
33501
33911
34569
29258
29507
29173
34472
33819
33362
33440
33933
34571
29250
29469
29143
34631
33874
33345
33058
33375
34059
28529
29327
29639
29301
34587
33903
33503
33367
34067
28647
29850
30317
29975
29109
34261
33804
33716
33935
34405
28560
29337
29600
29359
28902
34609
34264
34174
34305
34536
28764
29246
29127
28535
34589
34327
34406
34351
34505
34503
34567
34459
34729
34619
34542
34587
34504
34451
34335
34471
34264
34337
34284
34263
34439
34476
34586
34451
34360
34245
34181
34149
34218
34350
34223
34295
34318
34463
34425
28331
28632
28330
34577
34339
34307
34258
34189
34404
34669
28696
29245
29039
34640
34008
33840
33886
34040
34575
29201
29831
30119
29543
34625
33859
33327
33529
34141
28759
30087
30790
30874
30093
34700
33640
33062
33016
33757
34587
29665
30649
30594
29563
34523
33581
33063
33503
34065
28610
29551
29862
29450
28378
34119
33491
33104
33370
33973
34528
28903
29365
29086
34537
33983
33745
33569
33807
34183
28398
28917
28965
28637
34377
34131
33947
33885
34125
34291
34615
28601
29133
28994
34545
34217
34134
34367
34722
28525
28535
28464
34649
34451
34292
34166
34255
34448
34656
28695
29300
29247
28840
34508
34097
33942
34201
34555
28668
29253
29324
29279
28565
34324
34083
33989
34066
34407
34645
29065
29369
29265
28631
34457
33923
33694
33835
34281
34753
29170
29390
28995
34657
34188
33862
33839
34117
34426
28477
28995
29317
28803
34489
33975
33591
33575
33858
34303
28515
29052
29196
28893
34487
34261
34101
34194
34450
28368
28635
28966
29125
29064
28453
34499
34199
34111
34399
34672
28557
28429
34741
34667
34623
34565
34594
34648
34511
34506
34600
34793
28529
34759
34558
34410
34311
34428
34495
34568
34623
34687
34827
34871
34835
34655
34523
34311
34477
34473
34759
28606
28573
34740
34598
34337
34071
33967
34258
34519
28586
28887
28813
28447
34699
34399
34081
34046
34231
34562
28731
29216
29057
28666
34532
34271
34175
34127
34377
34637
28858
28859
28623
34628
34487
34429
34398
34453
34509
34707
28496
28436
34484
34441
34447
34525
34679
34563
34473
34250
34351
34035
34071
34250
34495
28602
28922
28833
34719
34306
33934
33891
34139
34324
28395
29148
29279
28959
34591
34025
33825
33681
33879
34413
34785
29229
29423
29135
34714
34169
33786
33552
33955
34529
28693
29695
29929
29546
28575
34351
33924
33813
33942
34252
34858
29354
29761
29571
28903
34427
33984
33747
33963
34271
28633
29423
29843
29991
29337
34663
33943
33755
33650
33823
34463
29072
29795
29931
29407
34549
33993
33599
33478
33733
34335
28975
29659
30018
29383
34657
33978
33471
33405
33701
34303
28459
29375
29611
29213
34623
34006
33697
33591
33877
34377
28611
29156
29281
28557
34391
33783
33555
33762
34166
34772
29057
29442
29497
29059
34562
34038
33844
33961
34340
34834
29053
29261
29103
28942
34909
34621
34429
34431
34616
28728
29215
29215
29000
34751
34502
34348
34431
34497
34693
28704
28931
28818
28749
28398
34493
34311
34263
34252
34245
34449
34673
28338
28356
34647
34567
34393
34291
34171
34038
34195
34309
34383
34557
34715
34696
34607
34481
34231
34085
33951
34191
34405
34442
34545
34741
34740
34616
34351
34189
34057
34143
34322
34537
34781
28919
29136
28935
34927
34594
34311
34243
34270
34348
34671
28735
29292
29111
28559
34459
34287
34231
34393
34602
34818
29329
29441
29344
28581
34575
34211
34064
34079
34321
34588
29011
29514
29599
29049
34511
34079
33829
33871
34094
34487
28730
29279
29093
28545
34476
34241
33878
33930
33883
34069
34581
28591
28760
28439
34491
34296
34073
34134
34042
34209
34393
34735
28523
28583
34681
34450
34263
34047
34087
34363
34639
28573
28807
28655
34762
34514
34302
34302
34365
34409
34536
28709
29097
29200
28893
34855
34676
34373
34419
34655
34873
28974
29087
29013
28775
34659
34435
34285
34286
34365
34711
28597
29021
29179
28725
34726
34316
34164
34426
34423
34691
28679
29241
29112
34787
34406
33953
33912
34000
34457
28412
28944
28973
28775
34575
34183
33949
33901
34235
34551
28675
29170
28771
28541
34369
34211
34103
34081
34239
34487
28566
28663
28457
34693
34393
34291
34239
34349
34492
34629
28549
28550
34778
34617
34640
34583
34566
34684
34707
34763
34705
34591
34651
34615
34793
34861
28713
34859
34764
34571
34441
34487
34573
34695
34761
34922
28633
34745
34503
34311
34214
34281
34341
34669
34789
34902
34870
34779
34567
34357
34241
34403
34557
34601
34741
34635
34583
34520
34576
34465
34412
34297
34499
34503
34645
34602
34569
34521
34536
34495
34585
34513
34622
28276
34771
34567
34623
34644
34674
34671
34602
34407
34398
34526
34526
34535
34500
34591
34639
34685
34679
34535
34404
34461
34556
34642
34714
34655
34701
34805
34815
34506
34465
34551
34567
34697
34841
28494
34782
34815
34671
34442
34351
34476
34663
34850
28641
34995
34833
34643
34477
34447
34215
34350
34507
34879
28847
28969
28646
34720
34447
34389
34383
34545
34839
29032
29132
28802
34791
34515
34407
34243
34385
34535
28515
28845
29119
29183
28762
34718
34410
34247
34345
34619
28420
28969
29206
29031
28562
34411
34296
34299
34310
34419
34642
28812
28879
28759
28369
34495
34395
34287
34369
34279
34616
34881
28885
28722
34789
34431
34331
34269
34333
34399
34456
34733
34741
34775
34469
34359
34347
34518
34635
34637
34651
34711
34775
34715
34505
34434
34584
34669
35004
28827
28561
34731
34733
34405
34518
34519
34735
28554
28981
29003
28551
34756
34413
34417
34503
34621
34788
28557
28921
28889
28464
34488
34375
34381
34457
34751
28731
28956
28782
28828
28532
34429
34369
34435
34503
34761
34713
34714
34732
34681
34611
34460
34342
34311
34436
34529
34607
34599
34376
34425
34415
34419
34479
34307
34496
34520
34650
34682
34631
34670
34733
34548
34464
34541
34491
34475
34568
34605
34529
34679
34876
28765
28847
34855
34811
34742
34818
34868
34913
34843
34789
34839
34963
34868
34918
28708
28622
28579
34887
34999
34890
34983
34758
34647
34727
34789
28526
28543
34813
34569
34555
34631
34517
34423
34527
34736
28442
28611
34629
34519
34423
34401
34339
34311
34260
34467
34718
28477
34588
34374
34301
34170
34282
34288
34465
34702
34810
28437
34797
34540
34411
34293
34223
34227
34127
34462
34631
28460
34931
34909
34731
34583
34519
34557
34714
34736
34798
34868
34871
34916
34775
34693
34513
34647
34563
34733
34828
35015
28707
28671
28774
28977
28773
34936
34815
34757
34604
34643
34717
34730
34785
34783
34776
34804
34703
34698
34751
34906
34911
28502
34837
34748
34675
34563
34493
34421
34396
34348
34509
34547
34668
34653
34503
34498
34643
34717
34618
34649
34441
34298
34300
34377
34413
34639
34731
34783
34626
34458
34445
34367
34413
34461
34603
34758
28639
28819
34847
34727
34529
34325
34521
34483
34768
34993
28997
28820
34847
34638
34448
34405
34647
34640
34774
28802
29081
29147
28700
34805
34481
34461
34664
34731
34978
28699
28725
35046
34874
34821
34757
34565
34557
34755
34903
28723
28566
34757
34551
34437
34379
34526
34765
34767
28527
28447
34687
34539
34469
34423
34391
34514
34639
28563
28721
28480
34612
34387
34259
34263
34306
34474
34455
28599
28682
28666
34743
34443
34313
34414
34652
34773
34818
28644
28519
28557
34788
34588
34467
34419
34663
34719
34901
28719
28623
34890
34768
34601
34554
34637
34800
34707
34687
34615
34635
34643
34773
34533
34649
34677
34762
34775
34863
34871
34869
34747
34683
34722
34647
34671
34661
34668
34790
34663
34640
34667
34602
34609
34751
34732
34762
34652
34504
34417
34431
34429
34513
34751
34793
28595
28435
28533
34897
34652
34424
34378
34420
34598
28575
28518
28487
34847
34856
34739
34639
34412
34529
34515
34667
34815
28549
28725
28767
34738
34439
34253
34375
34503
34672
34749
34640
34629
34743
34723
34631
34517
34455
34373
34524
34500
34606
34765
34889
28678
34837
34633
34523
34451
34544
34527
34587
34815
34876
34955
34919
34649
34353
34310
34488
34780
34983
29077
28943
28823
34941
34648
34502
34465
34571
34692
34839
28900
28998
29114
28640
34789
34608
34509
34635
34775
34791
34817
28520
34911
28491
34774
34559
34665
28546
28845
28606
34706
34549
34471
34575
34595
34563
34573
34761
28588
28509
34633
34506
34493
34575
34633
34587
34576
34661
34677
34557
34535
34487
34413
34407
34641
34779
34668
34496
34656
34560
34490
34607
34615
34550
34501
34695
34703
34761
34807
34733
34663
34534
34556
34815
34771
34882
34835
34789
34718
34850
34899
34864
34743
34703
34837
34911
28711
28762
28854
28670
35039
35032
34930
34859
34736
34828
34921
28687
28625
28623
34907
28469
34704
34603
34576
34631
34862
34909
34904
28590
28557
28575
34786
34625
34626
34603
34552
34509
34680
34715
34632
34449
34347
34320
34375
34399
34545
34521
34585
34591
34534
34485
34431
34519
34539
34540
34721
34855
34861
34909
34656
34495
34563
34553
34751
34875
34905
34823
34853
34862
34868
34789
34890
34983
34948
35075
34943
34893
34905
34826
34703
34689
34764
34946
28893
28823
28791
34921
34807
34847
34850
34911
34905
34840
34895
28661
34809
34631
34547
34673
34779
28554
28485
34844
34945
34867
34798
34569
34544
34579
34695
34822
34894
34701
34502
34605
34607
34560
34530
34597
34712
34887
28483
34677
34471
34400
34283
34210
34313
34403
34709
34739
34877
34745
34473
34429
34658
34737
34671
34607
34655
34895
34975
34875
34796
34663
34565
34629
34619
34798
34961
28909
29191
28875
35047
34817
34794
34724
34785
34759
34810
35061
29026
28815
35013
34826
34771
34581
34740
34934
28654
28689
34876
34849
34826
34878
34835
34955
34927
34829
34712
34713
34827
34753
34621
34662
34681
34720
34835
34791
34727
34674
34616
34506
34480
34647
34595
34591
34623
34629
34484
34638
34494
34657
34543
34558
34572
34800
34805
34857
34746
34689
34675
34655
34714
34839
34825
34887
34949
34847
34860
34859
34934
34885
34935
34899
34802
34658
34753
34750
34798
34797
34879
35100
28706
28680
35022
34845
34813
34892
35008
35051
35081
34823
34815
34690
34740
34664
34641
34769
34994
35063
35019
34866
34829
34753
34637
34630
34753
34735
34931
28652
34908
34742
34734
34641
34789
34823
34820
34810
34841
34974
34860
34776
34583
34619
34622
34695
34628
34687
34787
34770
34795
34815
34761
34791
34850
34864
34741
34617
34569
34730
34847
28678
28945
28710
28573
34801
34655
34492
34567
34664
34704
34803
34861
34879
34934
34895
34853
34715
34631
34689
34751
34819
35021
34968
34883
34861
34777
34649
34629
34631
34764
34926
35055
34988
34875
34943
34907
34878
34805
34811
34764
34863
34809
34861
34845
34871
34867
34935
34983
34940
35020
34939
34943
34902
34826
28687
28745
28812
28556
34935
34794
34734
34755
34677
34707
34663
34788
34979
28719
34904
34738
34581
34511
34493
34625
34844
28798
28858
28718
34711
34590
34589
34614
34730
34775
34911
34886
34805
34647
34655
34543
34557
34633
34715
34871
35058
34967
34853
34716
34515
34679
34553
34835
35045
34961
35036
34968
34747
34839
34751
34691
34706
34769
35007
28742
28871
34987
34797
34749
34817
35099
28733
34965
34869
34815
34809
34956
34920
34993
34919
34935
35033
34911
34980
34871
34743
34815
35035
28690
28759
28509
34803
34819
34963
34853
34880
34755
34719
34920
34809
34522
34641
34625
34657
34703
34751
34832
34851
34739
34583
34409
34542
34571
34661
34526
34532
34653
34861
34905
34806
34617
34604
34629
34739
34857
34771
34747
34828
34917
34917
34785
34686
34647
34705
34727
34763
34920
34941
34975
34911
34841
34783
35038
28759
28979
28724
35039
34943
35096
35061
35018
35009
35022
28713
28881
28987
28797
34974
34973
34837
34745
34757
34840
28601
28771
28799
28633
34903
34713
34711
34753
34754
34676
34719
34775
34725
34855
34701
34457
34520
34639
34861
34987
34911
34874
34793
34533
34578
34431
34413
34736
34820
34903
34815
34793
34839
34697
34503
34441
34581
34879
28555
28598
34875
34846
34831
34646
34803
34926
34939
35114
35001
35009
35025
34891
35061
34909
34842
34980
34961
35172
35065
34817
34901
34840
34963
35087
35038
28741
28701
28788
35046
34770
34739
34875
34946
35170
34882
28740
35073
28699
34983
34714
34743
34793
34941
29047
35058
34994
34795
34615
34685
34701
34715
34871
35013
28869
34895
34732
34536
34548
34523
34599
34584
34726
34711
28501
34927
34809
34538
34487
34631
34801
34798
34782
34815
34887
34918
34551
34533
34503
34693
35011
28956
28720
34999
34876
34873
34849
34873
34647
34765
34989
28752
35003
34961
34905
35007
35033
34953
34901
35185
29199
29229
28918
34987
34755
34913
35069
35022
35064
35077
35046
35105
35051
34975
34901
34947
34891
34919
34891
34988
28694
34951
34813
34517
34676
35045
28911
28771
34901
34973
34765
34727
34743
34631
34727
34738
34791
34835
34809
34809
34707
34685
34526
34514
34663
34769
28807
28849
34812
34662
34567
34628
34665
34921
28901
28621
34879
34595
34650
34683
34813
34968
34973
34891
34925
34846
35050
34900
34927
34864
34846
35001
35196
28913
35071
34756
34719
34631
34679
34866
35111
28878
29049
28854
35023
34791
34759
34847
35063
35045
35042
35053
35174
28869
34985
34813
34787
34717
35064
28892
29027
28951
29058
34990
34701
34433
34616
34943
28639
28703
35005
34826
34878
34873
34889
34689
34504
34759
34906
28883
28611
28633
28703
35014
34755
34540
34731
34859
28831
28601
34631
34711
34754
34847
34887
34829
34619
34759
34872
28717
28822
28801
34893
34775
34603
34629
34743
35027
28707
34956
34879
34800
35015
35176
34967
34982
34835
34839
34926
34929
35058
34815
34699
34689
34721
34952
35127
28957
29004
35121
35155
34911
34825
34901
35050
28817
35165
35119
34944
34970
35039
34967
34948
34871
35053
28925
29166
28708
35040
34951
28777
28715
34817
34809
34735
35031
28809
28807
34840
34733
34874
28691
28600
34847
34751
34869
28929
35027
34739
34682
34907
34973
34903
34815
34653
34998
28846
34943
34702
34693
34824
35070
34958
34821
34807
34789
34788
34831
34691
34734
34741
34935
34943
34827
34811
34728
34960
34869
34807
34573
34727
34963
28885
29071
35150
34941
34905
34946
35071
34983
34855
34934
35028
28729
29244
29012
28831
35115
34963
34756
34741
34928
35167
29147
29062
35095
28783
35059
35175
34935
34707
34516
34721
28917
29183
28953
28627
34905
28692
34783
34578
34421
34607
34857
28909
28766
34893
34815
34829
34714
34601
34661
34699
34917
28981
28721
34945
34645
34593
34481
34655
34714
34827
28817
29014
28957
34830
34571
34566
34584
34811
34832
35035
34937
35085
28702
34985
34766
34574
34713
34941
35039
34915
34843
35011
34789
34919
34965
34823
35105
28918
29095
35217
34982
35013
35240
29063
28751
35103
35015
28851
28997
35223
35047
34849
34923
34915
35057
28793
28848
29080
28999
28745
34913
34911
34899
35014
28791
28738
35056
34963
34945
35041
34745
34697
34571
34563
34939
28803
35053
34849
34867
34727
34648
34519
34483
34664
34881
35081
34955
34830
34860
34921
34711
34559
34517
34631
34863
28679
35088
34855
34852
34913
34855
34791
34799
34880
35037
35060
35024
34968
35029
35032
35021
34935
34939
34815
35054
35115
28871
28943
35135
35131
35174
35117
35006
35034
35119
35183
29215
29192
29198
29030
28930
35124
35059
34863
34758
34969
28908
29214
28824
35131
35117
34983
34875
34541
34615
34869
35122
28913
35055
34833
34869
34801
34581
34514
34529
34812
28938
28870
28833
34745
34702
34564
34608
34648
34671
34929
28782
28926
28927
28701
35009
34788
34596
34487
34630
34914
28676
28887
34983
34813
34548
34541
34718
35085
28814
28854
29007
28869
29071
35073
34907
34800
34744
35125
28786
29054
35126
35175
34979
34999
34955
34967
35300
29004
29343
28935
35103
35271
35113
35233
34771
34707
34920
28823
29443
28987
35242
34911
34957
34863
34876
35039
34992
28781
35009
35028
35025
35009
35035
34789
34603
34481
34809
34999
28674
28596
34789
34803
34871
28704
34911
34868
34743
34760
34797
34803
34998
28723
34987
34723
34661
34569
34745
34971
28689
29095
35031
34975
35042
35048
35187
34872
34679
34622
34814
35105
28715
28979
35083
34813
34790
34709
34831
34850
34967
34984
34933
34992
35030
35007
35047
35011
34847
34828
34849
35077
35100
35013
35067
35006
35221
