33991
34029
34028
34026
34027
34003
34000
33999
33996
34001
33999
34013
34009
34007
33983
33993
34035
33985
34007
34012
34023
34028
34026
34025
34036
34050
34042
34070
34045
34057
34031
34014
34049
34055
34039
34015
34022
34041
34025
34041
34024
34001
34007
34016
34012
34010
34014
33981
33975
33982
33976
33985
33989
33996
34003
34009
33999
33996
33999
33991
33996
34023
34021
34019
34010
34021
34038
34017
33999
34020
34015
34039
34057
34037
34039
34033
34025
34055
34051
34026
34015
34007
34011
34013
34011
34009
33998
33997
33999
33987
34001
34005
34013
34017
33997
33981
33994
34005
33983
33991
34007
34023
34005
34012
34030
34025
34027
34047
34059
34054
34039
34033
34055
34045
34015
34037
34022
34031
34024
34026
34008
34028
34033
34016
34017
34014
34023
34023
34012
34014
34006
34011
33995
33999
34005
34001
34025
33991
33991
34031
34053
34027
34037
34014
34047
34042
34028
34035
34069
34062
34042
34046
34053
34065
34043
34030
34038
34041
34066
34055
34029
34031
34012
34006
34001
34007
34030
34025
33984
33978
33985
34000
33996
34007
34024
34021
34023
33999
34009
34017
34012
34032
34071
34045
34047
34043
34033
34048
34076
34091
34072
34087
34101
34129
34118
34098
34090
34105
34087
34119
34107
34113
34099
34073
34087
34115
34109
34068
34070
34053
34055
34061
34053
34019
34027
34051
34040
34048
34036
34008
33989
33993
33975
33999
33987
33991
33981
33991
33973
33956
34001
33987
33948
33956
33953
33963
33958
33927
33925
33959
33938
33943
33941
33922
33917
33907
33895
33880
33879
33898
33895
33873
33870
33860
33877
33885
33880
33895
33887
33872
33843
33851
33877
33859
33863
33851
33867
33871
33871
33860
33880
33885
33877
33855
33869
33875
33882
33884
33893
33870
33876
33854
33791
33807
33807
33824
33818
33818
33864
33876
33876
33877
33859
33841
33844
33836
33821
33843
33863
33833
33825
33811
33843
33855
33853
33866
33834
33853
33891
33882
33893
33939
33943
33947
33954
33971
33981
33961
33939
33943
33898
33895
33921
33957
33969
33983
33976
34012
34011
34010
34000
34000
33955
33946
33957
33958
33977
33972
33939
33903
33916
33910
33881
33867
33864
33861
33911
33909
33881
33973
33998
34042
34072
34074
34078
34097
34081
34059
34055
34067
34096
34113
34089
34073
34063
34088
34064
34030
34007
34005
34038
34051
34047
34059
34041
34057
34084
34099
34071
34064
34039
34015
33991
33951
33951
33969
33972
33984
33983
33994
34028
34057
34038
34031
34054
34102
34107
34125
34133
34153
34191
34173
34158
34125
34097
34068
34074
34061
34060
34101
34071
34069
34101
34088
34100
34102
34083
34075
34089
34084
34084
34083
34075
34069
34054
34047
34043
34025
34013
34007
33979
33993
34023
34047
34047
34077
34100
34104
34151
34164
34152
34134
34138
34143
34141
34135
34103
34107
34101
34091
34075
34079
34067
34038
34023
34031
34029
34061
34057
34082
34071
34077
34055
34069
34048
34038
34033
34027
33999
33991
33993
33999
33993
34036
34044
34041
34081
34079
34106
34121
34133
34143
34171
34181
34163
34167
34134
34128
34133
34087
34063
34055
34053
34055
34063
34042
34036
34034
34023
34069
34091
34055
34055
34055
34065
34059
34058
34043
33996
34015
34015
34009
34027
34001
33991
34010
34040
34049
34057
34066
34115
34123
34130
34128
34139
34155
34159
34151
34124
34095
34082
34081
34080
34091
34072
34043
34074
34042
34015
34033
34014
34000
34007
34005
34023
34021
34037
34061
34026
34017
34006
34012
34015
33987
34029
34019
34014
34069
34050
34042
34071
34087
34100
34105
34113
34124
34135
34135
34141
34137
34116
34102
34092
34092
34083
34042
34037
34009
34001
33987
33973
34007
34029
34032
34022
34013
34013
34036
34014
33993
34003
34013
34025
34055
34010
33988
34015
34019
34034
34053
34049
34076
34110
34089
34088
34148
34159
34143
34163
34138
34133
34124
34119
34073
34051
34048
34029
34009
33984
33979
33961
33948
33908
33900
33903
33906
33929
33927
33925
33934
33951
33961
33975
33955
33951
33959
33943
33945
33961
33969
33967
33959
34005
34015
34034
34007
34040
34067
34079
34076
34095
34099
34076
34060
34067
34065
34040
34028
34024
34041
34025
34009
34009
33996
33999
33995
34018
33998
34013
34023
34008
34007
33993
33979
33999
33986
33992
33983
33983
33975
33993
33987
33999
33987
34003
34004
33993
33995
33993
33975
34005
34012
34023
34036
34021
34017
34015
34007
34002
34017
33980
33987
33991
33992
33974
33963
33947
33943
33957
33948
33948
33941
33964
33975
33985
33998
34002
33983
33981
33974
33982
33996
33999
33995
34008
34017
34024
34025
34041
34031
34066
34069
34068
34080
34097
34108
34068
34048
34063
34056
34011
34027
34033
34003
33998
34015
34011
34029
34009
34013
34013
34020
33993
34004
33996
34025
34016
34031
34013
34028
34028
34039
34053
34041
34063
34043
34051
34072
34070
34071
34074
34083
34091
34105
34107
34087
34103
34111
34139
34111
34110
34097
34066
34051
34016
34020
34044
34031
34014
34055
34017
34023
34011
34035
34039
34040
34049
34046
34035
34046
34057
34048
34055
34073
34075
34089
34070
34072
34073
34063
34075
34091
34095
34089
34117
34136
34164
34127
34126
34119
34119
34083
34063
34091
34071
34060
34069
34055
34031
34045
34043
34040
34058
34039
34007
34035
34071
34057
34055
34059
34055
34061
34071
34069
34055
34079
34085
34074
34061
34059
34074
34080
34107
34089
34079
34111
34122
34111
34104
34126
34130
34126
34119
34090
34090
34070
34071
34075
34047
34045
34020
34031
34028
34027
34027
34023
34038
34035
34046
34077
34045
34053
34056
34055
34038
34074
34087
34069
34069
34070
34067
34079
34085
34084
34080
34087
34082
34098
34101
34109
34099
34105
34087
34117
34105
34083
34058
34037
34051
34047
34057
34063
34037
34030
34037
34047
34012
34027
34035
34043
34018
34046
34074
34046
34051
34062
34061
34063
34057
34055
34054
34063
34066
34069
34089
34083
34074
34110
34079
34087
34091
34074
34087
34102
34085
34080
34100
34069
34047
34055
34039
34039
34047
34037
34013
34004
34026
34028
34022
34033
34053
34025
34031
34017
34023
34051
34057
34055
34056
34052
34047
34091
34050
34055
34077
34055
34039
34070
34089
34081
34057
34050
34084
34071
34068
34093
34071
34061
34041
34067
34069
34037
34043
34036
34039
34029
34029
34017
33992
34015
34021
34017
34016
34015
34030
34026
34029
34033
34032
34039
34057
34067
34071
34047
34041
34047
34060
34065
34065
34056
34070
34088
34081
34073
34072
34080
34067
34057
34039
34060
34070
34054
34044
34035
34037
34025
34012
34017
33999
33987
33999
33981
34007
34000
34021
34025
34020
34043
34049
34062
34064
34062
34064
34054
34045
34061
34095
34084
34092
34091
34072
34069
34078
34082
34093
34098
34072
34087
34087
34053
34081
34055
34014
34040
34019
34000
34018
34008
34023
34049
34054
34039
34050
34060
34030
34067
34068
34049
34030
34030
34023
34035
34013
34017
34034
34036
34021
34012
34005
34019
34011
34005
34007
34007
33989
33997
33980
33995
33999
33999
33991
33988
33991
33978
33964
33976
33981
33973
33948
33949
33941
33928
33943
33963
33978
33993
33981
33978
33997
34009
34011
34021
34035
34005
34000
34034
34058
34044
34009
34010
34039
34039
34029
34031
34035
34038
34027
34014
34015
34031
34028
34020
33995
33991
34004
33997
34005
33980
33969
33978
33975
33987
33982
33979
33965
33966
33975
33995
33997
34023
34037
34039
34055
34062
34087
34075
34064
34072
34063
34069
34062
34039
34023
34009
34031
34032
34015
34001
33998
33974
33952
33945
33946
33931
33927
33943
33935
33915
33922
33926
33927
33920
33918
33907
33934
33935
33941
33938
33969
33961
33946
33962
33976
33978
33975
33988
33991
33991
34017
33997
34001
34014
33997
33997
34037
34011
34010
34029
34018
34001
33999
34005
34005
34018
33999
33984
33990
33995
33977
33976
33987
33961
33957
33973
33963
33969
33975
33992
33980
33963
33983
34011
34015
33997
34004
33996
34010
34020
34043
34032
34041
34035
34043
34047
34045
34063
34059
34057
34078
34085
34057
34047
34055
34057
34025
34033
34019
34015
34029
34039
34030
34018
33985
33979
33983
33985
33978
33998
33994
33991
33990
34011
34015
34009
34014
34039
34053
34046
34087
34067
34069
34083
34094
34087
34089
34091
34095
34097
34067
34062
34050
34053
34055
34057
34035
34037
34024
34021
34047
34027
34023
34011
33993
33989
33983
33980
33998
34029
34009
33986
33992
33992
33994
34016
34039
34048
34039
34056
34085
34094
34083
34081
34079
34083
34087
34093
34102
34103
34089
34072
34107
34099
34101
34068
34037
34075
34077
34023
34013
34023
34039
34023
34021
34002
33993
33991
33983
34007
34009
34001
34021
34010
34030
34008
34018
34031
34071
34063
34067
34086
34074
34070
34087
34087
34089
34077
34085
34079
34050
34078
34063
34063
34054
34097
34102
34079
34075
34057
34047
34051
34063
34026
34030
34027
34027
34039
34031
33998
34003
34023
34013
34029
34012
34018
34031
34025
34023
34025
34009
34036
34029
34059
34075
34073
34092
34064
34041
34085
34090
34048
34071
34057
34062
34058
34075
34072
34055
34038
34047
34047
34062
34075
34047
34009
34013
34009
34015
34003
33972
33997
33997
34001
33990
33999
33992
34029
34014
34015
34015
34053
34042
34046
34073
34051
34078
34076
34083
34081
34045
34071
34087
34085
34089
34089
34065
34085
34078
34069
34059
34050
34064
34042
34010
34021
34037
34047
34037
33995
33985
34007
33995
33999
34001
34002
34008
34033
34027
34009
34041
34037
34061
34055
34041
34077
34082
34048
34068
34069
34065
34076
34080
34084
34088
34076
34080
34081
34083
34069
34057
34071
34047
34037
34031
34049
34028
34031
34034
34029
34017
34007
34018
34021
34001
34009
34015
33999
34008
34019
34045
34047
34028
34039
34054
34049
34053
34071
34062
34075
34081
34075
34089
34087
34090
34095
34069
34087
34080
34072
34073
34068
34056
34050
34073
34060
34039
34012
34005
33994
34010
34025
34013
34027
33998
33991
34008
34009
34015
34003
34029
34021
34030
34032
34032
34042
34060
34053
34071
34080
34089
34078
34087
34079
34081
34085
34075
34045
34066
34067
34055
34079
34079
34055
34069
34029
34014
34015
33995
34005
34003
34016
34001
33997
34001
33997
34004
34021
34025
34023
34033
34016
34038
34044
34041
34030
34061
34036
34047
34063
34062
34027
34025
34044
34058
34054
34049
34071
34079
34055
34053
34056
34071
34097
34091
34073
34111
34087
34070
34059
34035
34011
33999
33973
33925
33945
33970
33948
33972
33963
33951
33927
33961
33959
33950
33921
33933
33936
33948
33981
33980
33975
33989
33985
34007
34028
34015
34015
34016
34003
33997
34013
34013
34007
33977
33992
33987
33975
33961
33970
33976
33972
33965
33972
33965
33951
33933
33933
33973
33937
33935
33976
33948
33962
33981
33973
33963
33973
33972
33967
33971
34004
34008
34019
34005
34013
34011
34017
34007
33993
34004
34019
34023
34014
34003
33995
33997
33987
33997
33975
33969
33975
33952
33957
33954
33959
33951
33973
33969
33963
33977
33989
33973
33977
33987
33982
34005
34008
34027
34021
34031
34035
34027
34054
34021
34023
34037
34044
34047
34056
34077
34029
34022
34023
34045
34042
34021
34047
34052
34038
34035
34008
34016
34017
34040
34015
33998
34022
34023
34025
34017
34000
34014
34049
34059
34067
34074
34073
34055
34067
34065
34053
34087
34093
34099
34089
34098
34089
34094
34094
34090
34055
34040
34079
34067
34054
34059
34061
34058
34037
34021
34015
34009
34019
34035
34026
34028
34015
34013
34022
34031
34031
34033
34027
34047
34052
34052
34062
34053
34064
34061
34089
34066
34054
34068
34056
34063
34089
34066
34069
34050
34048
34054
34061
34067
34061
34052
34047
34031
34044
34036
34030
34015
34047
34065
34035
34028
33994
33999
34009
34017
34033
34031
34060
34074
34053
34071
34053
34062
34079
34087
34088
34077
34058
34091
34127
34111
34095
34093
34095
34099
34073
34084
34061
34064
34077
34057
34060
34055
34078
34035
34029
34054
34045
34039
34021
34033
34025
34047
34024
34039
34033
34034
34051
34064
34071
34035
34039
34043
34067
34075
34079
34071
34085
34099
34103
34115
34102
34109
34110
34080
34083
34064
34062
34056
34055
34051
34074
34042
34049
34057
34039
34031
34033
34006
34008
34045
34021
34025
34037
34051
34063
34071
34039
34034
34047
34033
34024
34063
34091
34085
34061
34057
34071
34097
34095
34085
34091
34089
34079
34061
34099
34092
34071
34070
34047
34057
34078
34057
34042
34039
34047
34039
34023
34056
34061
34039
34053
34065
34031
34044
34048
34045
34063
34040
34061
34065
34070
34044
34056
34071
34077
34061
34081
34073
34071
34077
34094
34077
34073
34065
34063
34060
34071
34072
34070
34031
34043
34051
34044
34035
34037
34047
34055
34062
34056
34042
34038
34033
34026
34039
34058
34045
34028
34035
34045
34063
34071
34042
34037
34041
34055
34032
34073
34084
34072
34079
34063
34069
34073
34102
34073
34066
34081
34085
34071
34071
34059
34050
34046
34037
34021
34018
34043
34052
34030
34027
34020
34039
34038
34015
34031
34055
34041
34037
34039
34044
34054
34032
34055
34061
34058
34064
34074
34087
34076
34056
34099
34103
34065
34082
34087
34081
34069
34060
34061
34067
34067
34048
34049
34049
34037
34033
34031
34035
34017
34036
34023
34014
34015
34036
34037
34009
34014
34023
34027
34017
34051
34041
34033
34032
34063
34071
34070
34089
34103
34081
34085
34082
34076
34052
34065
34087
34053
34058
34050
34073
34077
34066
34054
34065
34063
34055
34047
34033
34020
34030
34039
34021
34050
34048
34027
34035
34023
34037
34023
34045
34038
34037
34042
34034
34059
34041
34064
34085
34067
34066
34055
34065
34067
34080
34077
34069
34043
34048
34053
34071
34075
34049
34060
34043
34026
34040
34028
34015
34016
34007
34019
34010
34014
34018
34021
34031
34018
34015
34015
34039
34047
34001
34031
34051
34043
34048
34039
34050
34047
34052
34071
34039
34039
34025
34046
34046
34046
34052
34024
34031
34048
34039
34028
34003
34021
34029
34067
34049
34019
34018
34015
33999
33997
34019
33993
33986
34007
34005
34027
34012
34009
34027
34063
34033
34014
34022
34047
34050
34024
34024
34049
34035
34051
34069
34047
34041
34020
34032
34050
34060
34033
34046
34035
34022
34063
34007
34023
34027
34015
34004
34023
34031
34039
34023
33979
33996
34014
33991
34015
34018
33991
33999
34025
34027
34017
34018
34027
34039
34033
34033
34038
34061
34067
34039
34029
34037
34042
34065
34040
34047
34057
34047
34065
34033
34023
34023
34031
34024
34027
34021
34012
34021
34019
34040
34033
34009
34001
34028
34019
34021
34033
34043
34045
34041
34020
34047
34019
34025
34029
34039
34032
34037
34054
34051
34048
34045
34048
34065
34058
34071
34067
34055
34035
34023
34015
34040
34043
34023
34015
34017
34021
34023
34006
34025
34017
34043
34030
34019
34015
34015
33997
33991
34047
34040
34031
34013
34032
34037
34034
34065
34088
34109
34065
34069
34083
34083
34061
34066
34041
34064
34056
34053
34059
34044
34046
34039
34037
34015
34039
34043
34041
34021
34020
34019
34039
34026
34010
34016
34003
34007
34021
34022
34023
34009
34021
34047
34041
34024
34008
34034
34035
34062
34081
34055
34070
34071
34061
34064
34041
34037
34045
34079
34069
34039
34047
34027
34047
34022
34039
34033
34030
34021
34032
34047
34017
34015
34039
34039
34030
34027
34016
34012
34031
34025
34013
34025
34025
34017
34051
34047
34013
34029
34047
34052
34047
34028
34049
34075
34083
34073
34049
34060
34051
34065
34076
34064
34052
34025
34045
34047
34025
34028
34039
34043
34041
34019
34036
34026
34019
34024
34031
34018
34027
34018
34010
34022
34027
34012
34032
34043
34059
34081
34064
34064
34085
34071
34059
34070
34066
34047
34062
34052
34043
34047
34065
34054
34053
34055
34043
34047
34051
34060
34043
34018
34019
34043
34051
34033
34042
34036
34040
34021
34037
34057
34047
34033
34047
34027
34019
34023
34039
34043
34039
34058
34047
34040
34028
34047
34042
34035
34045
34073
34055
34047
34055
34055
34046
34081
34055
34028
34055
34041
34027
34039
34055
34033
34019
34016
34006
34021
34030
34024
34026
34027
34027
34039
34037
34061
34050
34045
34037
34038
34066
34068
34026
34031
34060
34063
34075
34063
34069
34067
34058
34056
34059
34102
34079
34048
34043
34071
34063
34039
34047
34029
34017
34006
34031
34005
33999
33989
33993
34018
34020
34022
34015
34018
34014
34023
34041
34039
34048
34041
34050
34060
34054
34057
34065
34067
34080
34068
34053
34052
34059
34074
34066
34049
34047
34051
34055
34064
34046
34049
34039
34041
34020
34001
34025
34035
34048
34029
34027
34023
34031
34025
34022
33999
34036
34043
34019
34023
34050
34039
34053
34058
34070
34052
34083
34043
34059
34051
34070
34063
34071
34068
34071
34068
34065
34057
34026
34040
34051
34050
34067
34061
34055
34042
34022
34028
34047
34030
34017
34039
34019
34005
34012
34027
34019
34011
34021
34039
34024
34032
34032
34042
34041
34037
34042
34047
34033
34035
34055
34055
34075
34065
34053
34030
34019
34038
34057
34047
34040
34046
34065
34031
34027
34047
34044
34035
34047
34040
34007
33996
34022
34043
34023
34011
34030
34040
34021
34023
34037
34026
34028
34012
34029
34030
34035
34045
34028
34039
34047
34013
34020
34051
34062
34076
34064
34051
34040
34043
34039
34047
34073
34066
34036
34036
34036
34028
34024
34011
33995
33995
34023
34019
34028
34025
34007
34019
34027
34013
34000
34027
34039
34016
34029
34039
34043
34031
34039
34031
34039
34038
34056
34054
34071
34077
34057
34048
34011
34031
34035
34059
34066
34057
34063
34063
34038
34018
34041
34047
34033
33994
34008
34030
34033
34007
33999
34004
34009
33995
34000
34025
34003
34039
34031
34026
34028
34015
34020
34044
34056
34067
34035
34061
34077
34075
34077
34064
34051
34063
34071
34033
34029
34026
34050
34043
34041
34044
34041
34009
34039
34049
34050
34033
34024
33998
34014
34015
34028
34032
34031
34037
34041
34022
34041
34033
34035
34038
34053
34047
34031
34047
34052
34040
34058
34063
34064
34084
34073
34050
34056
34054
34069
34057
34059
34054
34047
34032
34024
34041
34032
34029
34014
34022
34023
34031
34031
34037
34033
34021
34007
33998
34013
34023
34026
34039
34037
34018
34023
34045
34052
34059
34047
34033
34041
34059
34058
34046
34066
34076
34054
34067
34067
34069
34069
34063
34067
34057
34037
34018
34031
34044
34046
34021
34019
34019
34017
34035
34031
34025
34028
34027
34042
34046
34025
34017
34033
34023
34007
34029
34013
34017
34037
34042
34059
34049
34053
34055
34061
34059
34052
34061
34052
34057
34069
34047
34032
34041
34014
33998
34032
34054
34031
34029
34032
33991
34001
34031
34026
34019
34021
34021
34033
34051
34047
34033
34009
34031
34063
34047
34052
34051
34023
34047
34045
34027
34031
34046
34039
34035
34059
34068
34045
34047
34042
34051
34063
34031
34025
34060
34056
34042
34035
34033
34045
34042
34024
34043
34035
34039
34043
34005
34001
34020
34016
34005
34022
34031
34034
34029
34047
33959
34035
34037
34052
34047
34065
34045
34031
34038
34059
34052
34043
34044
34051
34037
34039
34036
34035
34039
34036
34035
34053
34038
34015
34013
34013
34047
34039
34027
34020
34033
34017
34022
34042
34027
34029
34032
34011
33999
34011
34031
34029
34031
34056
34053
34044
34027
34028
34041
34051
34046
34031
34039
34043
34039
34018
34050
34039
34046
34060
34055
34023
34007
34013
34016
34005
33991
33995
33999
34011
34015
34015
34033
34020
34033
34019
34013
34039
34048
34053
34063
34035
34044
34039
34049
34076
34071
34053
34039
34071
34083
34071
34047
34053
34044
34075
34056
34051
34057
34047
34018
34038
34032
34040
34039
34043
34031
34040
34057
34025
34017
34027
34037
34028
34025
34019
34026
34048
34031
34039
34061
34058
34047
34044
34071
34073
34059
34045
34055
34047
34047
34043
34061
34046
34029
34029
34020
34040
34024
34021
34021
34039
34044
34037
34035
34039
34011
34007
34016
34027
34014
34000
34007
34028
34031
34035
34042
34007
34015
34018
34035
34045
34031
34027
34029
34023
34029
34059
34070
34055
34037
34039
34073
34056
34059
34057
34054
34043
34030
34054
34042
34041
34035
34041
34055
34051
34011
34011
33998
34009
34017
34007
34013
34009
33991
34015
34007
34020
34052
34025
34028
34009
34016
34039
34037
34042
34062
34045
34040
34056
34064
34051
34033
34029
34047
34038
34055
34077
34064
34047
34034
34037
34017
34028
34019
33997
34003
34011
34009
33983
33989
34019
34038
34021
33989
34015
34004
34020
33996
33993
34024
34017
34017
34015
34018
34005
34042
34047
34044
34053
34046
34026
34044
34040
34007
34023
34023
34029
34041
34037
34023
34023
34039
34015
34003
33994
34016
34013
34001
34004
34016
34017
34000
34001
33989
33994
34003
34012
33997
33996
34027
34040
34047
34033
34033
34019
34022
34040
34030
34053
34043
34030
34031
34037
34046
34048
34034
34057
34047
34010
34010
34040
34071
34031
34047
34050
34030
34025
34011
34007
34002
34029
34012
34008
34012
33973
34013
34017
34025
34025
33991
34000
34007
34036
34011
34010
34019
34039
34007
34027
34047
34039
34032
34024
34051
34073
34068
34027
34025
34059
34032
34017
34031
34027
34031
34019
34007
34005
34023
34022
34011
34021
33999
33999
34010
34009
33990
34011
34023
34020
34035
34016
34020
34027
34051
34047
34055
34044
34039
34049
34059
34051
34028
34035
34041
34059
34048
34045
34041
34033
34035
34007
34016
34031
34031
34025
34006
34008
34023
34021
34023
33994
33999
34048
34016
34010
34013
34027
34023
34037
34012
34023
34030
34028
34059
34047
34017
34030
34025
34025
34002
34025
34045
34068
34072
34076
34078
34055
34056
34052
34052
34055
34056
34060
34059
34063
34058
34049
34027
34041
34021
34017
34040
34053
34015
34031
34016
34020
34031
34029
34027
34017
34037
34034
34041
34024
34023
34011
34015
34023
34023
34031
34029
34027
34044
34058
34040
34043
34049
34048
34046
34038
34029
34031
34042
34016
34023
34047
34043
34021
34029
34041
34046
34019
34011
34005
34003
34015
34014
34009
34026
34032
34024
34006
34010
34030
34010
34025
34033
34036
34030
34049
34045
34019
34038
34064
34061
34027
34036
34058
34065
34057
34034
34017
34023
34022
34013
34012
33997
34017
34032
34041
34046
34059
34043
34023
34035
34027
34025
34016
33983
34019
34004
34029
34040
34038
34045
34059
34007
34023
34031
34031
34038
34028
34033
34040
34038
34057
34049
34050
34051
34047
34061
34041
34019
34026
34045
34057
34039
34025
34025
34046
34017
34031
34045
34015
34012
34003
33996
34023
34029
34023
34038
34017
34042
34040
34026
34031
34025
34027
34031
34031
34033
34009
34028
34057
34061
34029
34039
34057
34049
34057
34053
34040
34031
34043
34068
34056
34055
34027
34025
34023
34036
34041
34015
34027
34013
34027
34039
34020
34015
34015
34021
34007
34032
34033
34023
34023
34036
34029
34048
34047
34057
34043
34059
34067
34053
34063
34058
34068
34064
34053
34061
34069
34071
34066
34055
34039
34048
34052
34039
34033
34059
34044
34050
34057
34030
34030
34038
34027
34027
34039
34011
34043
34047
34051
34019
34009
34023
34035
34027
34034
34052
34032
34037
34037
34066
34051
34065
34063
34046
34051
34057
34057
34056
34055
34060
34047
34045
34028
34041
34057
34039
34039
34052
34067
34029
34023
34048
34020
34015
34025
34048
34024
34026
34039
34015
34016
34047
34076
34039
34015
34031
34055
34052
34045
34053
34069
34063
34059
34035
34037
34049
34051
34054
34046
34063
34048
34050
34091
34067
34032
34043
34049
34044
34045
34039
34072
34047
34014
34025
34034
34042
34019
34031
34027
34028
34058
34055
34033
34019
34033
34067
34035
34035
34044
34043
34055
34055
34065
34059
34035
34047
34037
34029
34053
34103
34057
34061
34076
34047
34023
34031
34035
34033
34063
34013
34005
34023
34037
34026
34036
34027
34008
34035
34032
34033
34040
34041
34023
34034
34040
34031
34039
34055
34054
34039
34011
34039
34044
34029
34033
34069
34047
34059
34061
34051
34063
34054
34047
34047
34043
34043
34037
34047
34056
34035
34035
34016
34026
34038
34019
34033
34049
34021
34041
34023
34047
34050
34061
34046
34038
34042
34041
34037
34049
34061
34059
34061
34041
34052
34045
34053
34064
34051
34069
34047
34032
34028
34027
34038
34045
34063
34049
34055
34040
34025
34044
34015
34018
34017
34051
34044
34041
34010
34011
34015
34029
34039
34062
34029
34006
34017
34007
34029
34030
34021
34029
34015
34029
34027
34043
34047
34047
34036
34036
34023
34008
34052
34060
34023
34033
34040
34048
34053
34039
34038
34033
34015
34013
34016
34033
34007
34029
34019
34008
33999
34014
34030
34015
34023
34041
34017
34003
34017
34024
34039
34035
34052
34052
34051
34060
34034
34058
34041
34071
34081
34055
34053
34048
34057
34064
34083
34070
34065
34073
34071
34057
34030
34032
34060
34038
34041
34067
34029
34015
34026
34038
34013
34013
34019
34051
34039
34036
34066
34055
34034
34012
34023
34033
34074
34068
34045
34047
34053
34055
34083
34057
34050
34053
34062
34085
34085
34077
34057
34071
34075
34082
34066
34064
34029
34014
34007
34031
34045
34025
34011
33999
34014
34009
34007
34005
34000
34035
34030
34016
34025
34044
34025
34039
34039
34071
34055
34063
34058
34056
34053
34068
34065
34053
34048
34067
34077
34063
34055
34051
34062
34040
34039
34052
34038
34034
34047
34036
34046
34019
34033
34057
34053
34053
34033
34031
34027
34015
34041
34039
34036
34031
34033
34055
34073
34057
34041
34060
34060
34040
34045
34028
34051
34053
34062
34059
34055
34047
34056
34058
34050
34031
34025
34023
34028
34029
34015
34045
34051
34045
34026
34017
33994
34052
34039
33993
34019
34011
34015
34004
34019
34025
34020
34041
34064
34032
34017
34047
34045
34068
34073
34055
34062
34048
34061
34046
34043
34045
34045
34050
34063
34078
34048
34041
34033
34047
34035
34037
34045
34047
34040
34007
34024
34043
34013
34019
34005
34017
34017
34009
34001
34027
34045
34030
34033
34047
34014
34049
34021
34043
34048
34043
34065
34043
34052
34037
34027
34039
34043
34061
34031
34032
34044
34049
34046
34064
34053
34037
34025
34017
34003
34006
33980
33991
34030
34019
34027
34025
34007
33999
34009
34019
33999
33993
34009
34023
34027
34033
34041
34011
34003
34039
34077
34061
34060
34045
34040
34031
34052
34046
34048
34056
34029
34005
34034
34031
34039
34047
34051
34027
34001
33996
33999
34004
34023
34017
34005
34031
34031
34017
34031
34023
34023
34051
34055
34021
34032
34045
34062
34015
34021
34043
34047
34045
34033
34055
34063
34046
34059
34033
34059
34050
34056
34045
34025
34029
34035
34051
34039
34021
34016
34060
34055
34027
33999
33993
34027
34035
34045
34029
34008
34033
34030
33988
33999
34029
34043
34045
34043
34066
34063
34065
34079
34071
34055
34055
34057
34056
34076
34072
34044
34026
34046
34059
34072
34042
34035
34040
34053
34067
34037
34033
34030
34004
33988
34021
34024
34022
34016
34015
34034
33999
34008
34019
34037
34034
34013
34011
34025
34035
34053
34050
34037
34039
34055
34047
34035
34048
34043
34037
34056
34069
34063
34039
34028
34038
34034
34035
34030
34047
34050
34027
34029
34032
34018
34013
34015
34015
34020
34027
34005
33999
34024
34047
34021
34023
34035
34015
33991
33991
34001
34007
34017
34021
34035
34039
34018
34025
34024
34038
34045
34050
34024
34044
34046
34039
34026
34031
34039
34023
34059
34050
34033
34039
34019
34024
34041
34015
34010
33985
34003
34007
34023
34009
34016
34020
33999
34004
33985
34006
34015
34009
34025
34032
34039
34037
34007
34039
34047
34047
34048
34039
34045
34060
34031
34030
34039
34039
34033
34009
34032
34037
34035
34017
34013
34016
34000
34023
34020
34003
34012
34009
33995
33999
33990
34010
34018
34022
34013
34001
34024
34035
34045
34050
34064
34026
34034
34047
34047
34049
34051
34059
34069
34049
34034
34040
34048
34043
34035
34037
34039
34017
34009
34010
34019
34042
34034
34025
34024
34007
33990
33976
34004
34028
34039
34023
34015
34023
34052
34019
34023
34037
34045
34061
34039
34045
34058
34075
34047
34038
34062
34045
34033
34051
34045
34025
34033
34048
34055
34082
34055
34020
34031
34033
34028
34012
34029
34027
34007
34028
33991
34010
34021
34021
34015
34039
34009
34046
34043
34035
34019
34024
34030
34052
34069
34087
34061
34047
34056
34071
34073
34051
34066
34081
34058
34058
34071
34069
34048
34048
34059
34044
34029
34059
34017
34038
34029
34035
34036
34015
34011
34010
34016
34035
34027
34039
34004
34001
34039
34015
33988
34000
34021
34042
34029
34030
34040
34051
34045
34048
34042
34047
34047
34035
34043
34031
34043
34054
34047
34048
34047
34028
34039
34038
34029
34058
34042
34036
34029
34039
34033
34039
34025
34016
34017
34007
34003
34008
33983
34005
34038
34031
34035
34040
34031
34049
34021
34037
34055
34048
34045
34055
34047
34040
34052
34047
34048
34035
34062
34061
34064
34035
34039
34030
34058
34071
34055
34072
34059
34023
34041
34015
34023
34032
34023
34054
34032
34020
34026
34018
34022
34040
34036
34057
34053
34019
34037
34050
34037
34051
34053
34049
34049
34042
34033
34019
34063
34038
34033
34039
34059
34058
34039
34069
34073
34043
34027
34035
34033
34029
34048
34031
34013
34004
34043
34040
34023
34023
34034
34009
34019
34031
34017
34011
34026
34039
34026
34031
34051
34055
34058
34082
34063
34049
34074
34079
34073
34082
34081
34065
34056
34061
34062
34067
34051
34020
34030
34028
34031
34035
34027
34019
34029
34037
34011
34001
34008
34032
34037
34033
34053
34045
34051
34063
34057
34049
34059
34061
34034
34045
34071
34070
34053
34069
34074
34039
34063
34071
34065
34065
34049
34042
34063
34055
34057
34071
34034
34047
34031
34030
34048
34049
34045
34061
34052
34039
34039
34031
34027
34043
34045
34053
34054
34047
34029
34035
34043
34046
34051
34068
34074
34048
34058
34055
34062
34077
34087
34062
34057
34058
34045
34051
34068
34047
34035
34051
34050
34032
34047
34064
34045
34050
34039
34030
34032
34047
34055
34055
34035
34039
34052
34032
34027
34040
34051
34006
34017
34023
34039
34047
34039
34030
34080
34061
34053
34057
34059
34051
34063
34057
34067
34055
34043
34057
34065
34050
34059
34071
34055
34050
34045
34043
34039
34045
34050
34047
34049
34045
34032
34042
34041
34049
34065
34065
34039
34047
34045
34051
34054
34047
34053
34033
34066
34047
34045
34060
34065
34063
34047
34069
34066
34073
34085
34061
34071
34064
34066
34079
34076
34060
34041
34039
34023
34040
34047
34018
34014
34027
34023
34037
34057
34028
34035
34005
34023
34041
34021
34039
34025
34034
34047
34039
34047
34060
34072
34078
34071
34074
34088
34078
34085
34059
34054
34064
34056
34078
34058
34021
34037
34054
34049
34047
34057
34032
34023
34046
34063
34045
34029
34011
34042
34049
34023
34030
34020
34022
34015
34045
34048
34057
34039
34043
34041
34071
34073
34069
34065
34043
34040
34055
34065
34062
34081
34071
34055
34055
34045
34042
34055
34062
34045
34063
34069
34046
34041
34053
34034
34024
34031
34044
34047
34031
34029
34023
34033
34041
34015
34037
34048
34040
34057
34075
34065
34066
34067
34071
34068
34054
34069
34080
34071
34027
34064
34079
34051
34057
34072
34091
34054
34047
34029
34047
34063
34049
34051
34050
34036
34047
34031
34005
34024
34037
34053
34031
34017
34039
34045
34039
34054
34048
34041
34039
34039
34075
34073
34069
34061
34062
34071
34063
34069
34053
34062
34063
34063
34072
34035
34060
34063
34039
34044
34055
34042
34070
34050
34023
34047
34051
34019
34043
34033
34029
34044
34032
34018
34023
34039
34060
34066
34060
34041
34069
34059
34055
34056
34050
34049
34045
34066
34063
34048
34053
34058
34077
34079
34061
34060
34065
34070
34063
34052
34050
34034
34045
34071
34054
34056
34048
34055
34040
34041
34041
34053
34047
34034
34053
34039
34051
34053
34036
34025
34029
34033
34053
34048
34047
34040
34059
34062
34075
34059
34072
34067
34064
34057
34063
34031
34045
34071
34049
34053
34079
34093
34061
34053
34061
34063
34055
34039
34039
34053
34077
34056
34056
34064
34069
34039
34055
34033
34061
34053
34053
34058
34066
34050
34050
34075
34055
34053
34075
34054
34051
34074
34092
34094
34061
34071
34078
34083
34075
34083
34077
34067
34049
34066
34075
34089
34046
34041
34018
34055
34056
34015
34030
34030
34037
34032
34039
34026
34037
34040
34063
34066
34063
34055
34040
34037
34025
34065
34057
34059
34069
34063
34051
34059
34099
34092
34053
34049
34067
34065
34085
34049
34069
34071
34071
34054
34045
34060
34053
34053
34039
34059
34043
34056
34047
34012
34041
34048
34045
34037
34060
34047
34043
34042
34047
34047
34034
34063
34057
34045
34051
34049
34067
34063
34076
34071
34056
34062
34084
34081
34071
34059
34048
34043
34031
34047
34063
34048
34045
34055
34070
34049
34021
34039
34040
34037
34037
34049
34056
34047
34023
34023
34064
34057
34025
34027
34029
34037
34063
34062
34053
34069
34091
34089
34075
34071
34055
34047
34042
34052
34069
34056
34055
34063
34055
34034
34057
34049
34028
34039
34049
34057
34068
34063
34053
34025
34013
34047
34029
34045
34043
34048
34035
34053
34055
34034
34065
34064
34070
34057
34068
34051
34047
34048
34049
34061
34071
34077
34065
34045
34060
34058
34063
34073
34071
34069
34056
34055
34048
34057
34059
34054
34048
34053
34048
34055
34036
34043
34034
34019
34015
34022
34038
34031
34051
34069
34035
34017
34033
34037
34055
34069
34069
34043
34048
34083
34067
34055
34055
34062
34032
34047
34039
34038
34039
34075
34050
34037
34031
34039
34027
34045
34022
34007
34019
34042
34025
34047
34023
34017
33995
34005
34035
34025
34012
34002
34017
34033
34060
34057
34027
34025
34057
34049
34063
34047
34039
34044
34062
34045
34092
34044
34035
34045
34047
34063
34055
34049
34057
34041
34022
34037
34033
34014
34032
34037
34013
34043
34049
34022
34011
34003
34020
34021
34024
34038
34039
34031
34044
34031
34037
34062
34064
34058
34047
34033
34046
34041
34039
34051
34070
34059
34038
33995
34024
34036
34034
34051
34046
34027
34015
34014
34015
34019
34039
34033
34023
34033
34035
34033
34029
34037
34032
34040
34025
34034
34032
34044
34023
34034
34021
34015
34049
34029
34027
34055
34049
34061
34042
34023
34055
34057
34071
34052
34069
34044
34047
34057
34039
34048
34034
34022
34030
34022
34023
34011
34031
34009
34035
34007
34051
34027
34032
34039
34053
34058
34056
34051
34035
34041
34046
34036
34041
34063
34054
34031
34033
34037
34045
34069
34049
34045
34033
34056
34051
34037
34055
34047
34031
34039
34055
34051
34019
34018
34019
34032
34029
34031
34006
34007
34044
34052
34048
34017
34007
34036
34040
34035
34023
34021
34027
34027
34037
34031
34032
34055
34056
34077
34059
34063
34053
34039
34079
34064
34056
34056
34047
34053
34060
34045
34059
34061
34036
34044
34080
34038
34026
34013
34001
34032
34059
34061
34033
34021
34049
34043
34039
34049
34053
34059
34049
34031
34057
34047
34044
34072
34085
34090
34071
34069
34049
34082
34071
34087
34074
34063
34049
34039
34055
34075
34090
34055
34051
34059
34035
34045
34048
34047
34032
34008
34065
34063
34024
34019
34028
34050
34046
34047
34055
34060
34033
34022
34029
34027
34037
34042
34042
34051
34046
34051
34045
34056
34064
34051
34062
34068
34065
34078
34072
34053
34063
34057
34035
34040
34023
34047
34046
34039
34038
34058
34047
34046
34031
34045
34051
34047
34043
34046
34051
34040
34046
34053
34061
34032
34065
34048
34063
34058
34068
34078
34067
34069
34071
34071
34062
34051
34054
34047
34055
34053
34072
34056
34049
34041
34049
34038
34019
34027
34041
34054
34041
34047
34061
34047
34048
34032
34024
34034
34022
34041
34059
34049
34061
34052
34062
34067
34063
34072
34081
34078
34084
34053
34059
34086
34053
34049
34066
34058
34045
34051
34056
34055
34047
34053
34050
34068
34055
34045
34051
34045
34048
34022
34059
34040
34061
34036
34043
34029
34048
34039
34028
34036
34034
34045
34041
34034
34035
34053
34056
34065
34033
34045
34064
34063
34074
34071
34059
34041
34043
34041
34051
34030
34031
34051
34044
34042
34030
34048
34064
34072
34045
34054
34014
34008
34036
34042
34043
34036
34043
34033
34037
34029
34043
34067
34086
34043
34071
34062
34055
34077
34069
34083
34071
34075
34037
34063
34062
34076
34079
34074
34077
34059
34062
34059
34054
34051
34059
34063
34067
34044
34059
34071
34047
34037
34045
34044
34026
34021
34011
34031
34053
34038
34046
34071
34054
34033
34033
34038
34037
34055
34063
34061
34059
34037
34073
34052
34039
34075
34055
34071
34061
34065
34073
34039
34071
34075
34043
34027
34069
34067
34043
34047
34027
34043
34041
34026
34047
34043
34040
34021
34009
34032
34010
34019
34029
34045
34059
34047
34052
34049
34035
34045
34059
34064
34079
34070
34053
34045
34043
34057
34031
34046
34043
34051
34045
34037
34055
34071
34085
34051
34043
34047
34053
34060
34041
34046
34048
34025
34005
34019
34023
34031
34020
34023
34055
34019
34033
34033
34041
34041
34033
34039
34042
34061
34031
34048
34075
34061
34055
34055
34054
34065
34047
34056
34058
34067
34057
34057
34033
34030
34049
34031
34051
34062
34033
34034
34065
34025
34023
34038
34043
34030
34007
34054
34027
34039
34057
34051
34063
34061
34064
34068
34047
34046
34057
34083
34056
34055
34041
34047
34046
34044
34059
34054
34037
34048
34049
34039
34039
34050
34071
34072
34050
34039
34027
34060
34050
34061
34037
34053
34053
34066
34047
34036
34039
34000
34011
34041
34046
34045
34055
34053
34048
34062
34047
34060
34072
34030
34045
34069
34064
34097
34055
34055
34094
34075
34056
34071
34068
34073
34033
34087
34055
34032
34032
34033
34030
34032
34053
34061
34041
34043
34031
34043
34039
34039
34041
34039
34023
34035
34029
34051
34041
34066
34075
34071
34049
34073
34083
34043
34048
34025
34045
34064
34074
34075
34071
