31817
31821
31827
31822
31819
31821
31817
31814
31815
31815
31816
31819
31820
31822
31817
31816
31817
31820
31816
31823
31823
31825
31832
31825
31823
31829
31826
31828
31829
31829
31827
31835
31822
31831
31831
31826
31825
31829
31827
31822
31818
31823
31821
31820
31815
31823
31823
31816
31817
31822
31823
31835
31824
31817
31819
31817
31819
31819
31815
31821
31823
31826
31829
31824
31827
31825
31824
31828
31825
31830
31829
31836
31831
31830
31829
31827
31827
31831
31831
31832
31831
31825
31827
31825
31821
31815
31816
31815
31812
31818
31817
31817
31817
31813
31812
31811
31815
31815
31812
31812
31815
31817
31819
31820
31818
31823
31827
31827
31828
31833
31826
31832
31827
31831
31831
31830
31826
31831
31831
31823
31828
31831
31828
31819
31825
31823
31825
31825
31823
31815
31811
31816
31813
31817
31813
31817
31813
31818
31819
31821
31820
31819
31821
31822
31823
31821
31823
31827
31828
31825
31829
31829
31829
31827
31831
31828
31828
31827
31831
31826
31827
31823
31819
31819
31823
31817
31822
31820
31819
31816
31813
31815
31815
31811
31815
31815
31815
31818
31814
31817
31823
31821
31817
31814
31823
31823
31823
31828
31831
31825
31821
31821
31825
31823
31828
31824
31817
31816
31822
31823
31830
31823
31817
31815
31817
31819
31820
31809
31812
31805
31813
31818
31813
31809
31810
31806
31812
31810
31816
31816
31806
31810
31815
31815
31822
31822
31817
31813
31818
31825
31829
31825
31819
31819
31817
31817
31824
31812
31807
31819
31828
31816
31804
31803
31807
31807
31807
31799
31798
31793
31790
31801
31805
31785
31778
31775
31783
31787
31780
31772
31774
31786
31786
31780
31768
31772
31771
31784
31793
31791
31778
31771
31779
31785
31781
31777
31788
31796
31794
31787
31781
31770
31759
31761
31780
31792
31775
31764
31761
31763
31759
31743
31748
31747
31758
31753
31751
31743
31731
31727
31735
31752
31755
31743
31743
31751
31757
31765
31754
31769
31782
31781
31797
31795
31793
31782
31771
31783
31789
31782
31782
31776
31775
31777
31783
31782
31792
31803
31811
31819
31824
31833
31831
31827
31826
31825
31827
31817
31807
31813
31817
31815
31807
31797
31795
31791
31805
31823
31846
31873
31885
31906
31925
31938
31946
31949
31959
31965
31971
31967
31978
31995
32004
31999
31995
31982
31967
31942
31917
31893
31879
31879
31906
31913
31932
31967
31977
31988
31975
31947
31919
31899
31883
31875
31833
31783
31767
31750
31746
31743
31738
31733
31759
31780
31810
31821
31827
31832
31839
31837
31827
31833
31837
31846
31840
31840
31839
31835
31833
31839
31849
31857
31885
31917
31943
31986
31973
31951
31939
31937
31931
31881
31840
31831
31811
31788
31761
31754
31727
31725
31717
31727
31729
31735
31736
31749
31766
31779
31797
31807
31826
31831
31827
31827
31830
31814
31813
31815
31783
31789
31794
31792
31792
31769
31775
31799
31795
31799
31801
31823
31856
31844
31823
31829
31825
31831
31807
31791
31791
31782
31779
31773
31766
31764
31770
31781
31797
31807
31815
31823
31835
31857
31869
31851
31851
31861
31855
31847
31840
31835
31829
31816
31805
31783
31794
31807
31801
31827
31811
31809
31825
31831
31837
31831
31831
31841
31825
31821
31813
31807
31795
31792
31776
31767
31774
31778
31779
31794
31803
31804
31815
31829
31847
31863
31866
31865
31863
31865
31849
31841
31832
31839
31833
31815
31807
31807
31806
31798
31795
31798
31812
31821
31826
31828
31833
31837
31827
31821
31817
31815
31810
31806
31807
31794
31792
31786
31788
31790
31787
31794
31809
31821
31833
31833
31839
31844
31853
31861
31865
31860
31849
31841
31834
31831
31822
31813
31802
31806
31801
31796
31792
31797
31809
31813
31815
31822
31823
31824
31832
31837
31831
31825
31817
31809
31811
31800
31803
31807
31805
31803
31798
31805
31811
31823
31824
31833
31846
31855
31863
31857
31851
31853
31849
31831
31826
31821
31815
31810
31802
31801
31800
31796
31796
31803
31803
31811
31822
31815
31819
31829
31835
31829
31829
31823
31816
31815
31815
31800
31798
31791
31787
31793
31793
31802
31807
31806
31815
31816
31824
31830
31831
31831
31839
31839
31826
31819
31811
31803
31799
31789
31792
31786
31783
31782
31786
31791
31787
31789
31792
31799
31803
31811
31814
31815
31811
31801
31788
31789
31789
31787
31786
31780
31775
31779
31781
31777
31788
31795
31803
31809
31811
31817
31818
31822
31818
31815
31815
31811
31805
31792
31784
31783
31769
31767
31767
31769
31770
31773
31773
31786
31791
31783
31786
31792
31791
31795
31796
31793
31796
31785
31775
31773
31774
31769
31770
31771
31773
31780
31783
31791
31798
31804
31807
31817
31815
31821
31822
31821
31813
31806
31807
31791
31805
31833
31893
31983
32111
32147
32040
31915
31833
31792
31795
31828
31901
31986
32003
31935
31865
31821
31780
31759
31758
31751
31752
31752
31755
31765
31775
31774
31779
31794
31806
31810
31811
31812
31816
31819
31819
31820
31823
31813
31806
31799
31795
31790
31790
31783
31781
31783
31785
31783
31787
31797
31799
31806
31807
31805
31814
31815
31819
31823
31812
31815
31816
31815
31820
31821
31825
31830
31825
31819
31837
31855
31891
31963
32055
32120
32116
32047
31960
31885
31841
31814
31809
31840
31881
31949
31994
31971
31915
31851
31811
31778
31767
31765
31759
31762
31770
31778
31779
31791
31788
31789
31796
31798
31799
31793
31793
31796
31800
31801
31807
31816
31811
31819
31816
31822
31828
31826
31825
31823
31825
31827
31823
31817
31811
31801
31797
31793
31793
31791
31793
31797
31799
31801
31803
31807
31807
31815
31814
31821
31821
31822
31831
31832
31826
31823
31815
31818
31826
31815
31813
31809
31814
31819
31815
31824
31831
31829
31830
31832
31831
31827
31826
31825
31824
31819
31821
31815
31811
31809
31813
31806
31805
31803
31804
31809
31816
31811
31817
31821
31823
31822
31819
31826
31825
31823
31821
31819
31813
31813
31813
31808
31813
31815
31813
31815
31823
31821
31827
31823
31827
31833
31832
31825
31823
31823
31823
31822
31815
31812
31811
31806
31807
31805
31807
31807
31804
31799
31806
31806
31807
31810
31817
31815
31819
31819
31816
31814
31815
31812
31814
31815
31815
31811
31809
31811
31818
31822
31819
31827
31827
31829
31831
31833
31828
31829
31832
31829
31824
31822
31822
31811
31807
31796
31799
31801
31798
31801
31794
31803
31807
31803
31800
31803
31807
31809
31813
31815
31813
31818
31815
31818
31813
31811
31817
31816
31815
31818
31818
31823
31822
31825
31823
31827
31831
31825
31829
31830
31827
31819
31813
31810
31805
31801
31801
31799
31796
31794
31797
31795
31800
31798
31807
31801
31809
31819
31817
31815
31815
31821
31821
31819
31819
31815
31815
31815
31818
31822
31825
31821
31825
31821
31822
31825
31826
31822
31822
31823
31815
31816
31815
31813
31803
31803
31800
31797
31796
31791
31795
31795
31796
31791
31800
31806
31813
31813
31816
31813
31815
31825
31821
31825
31829
31831
31826
31827
31827
31820
31831
31827
31821
31819
31823
31820
31824
31819
31818
31818
31813
31815
31812
31806
31801
31803
31795
31795
31793
31791
31790
31789
31790
31789
31790
31789
31787
31794
31799
31799
31802
31802
31803
31803
31805
31803
31807
31799
31806
31803
31801
31799
31793
31794
31803
31799
31801
31802
31799
31799
31801
31798
31799
31799
31795
31791
31794
31794
31787
31785
31787
31789
31789
31790
31786
31791
31791
31788
31791
31792
31797
31799
31806
31806
31805
31811
31804
31811
31809
31807
31807
31813
31804
31806
31809
31809
31811
31810
31810
31809
31807
31814
31816
31809
31808
31809
31807
31805
31799
31805
31805
31798
31802
31803
31802
31798
31795
31803
31825
31867
31951
32133
32144
31940
31847
31800
31793
31816
31881
32032
32060
31901
31835
31796
31777
31769
31769
31771
31774
31775
31778
31785
31787
31787
31789
31785
31791
31789
31786
31788
31781
31782
31783
31779
31777
31773
31779
31781
31783
31780
31787
31788
31789
31791
31799
31799
31803
31806
31803
31805
31807
31804
31813
31813
31803
31812
31815
31815
31821
31813
31813
31821
31813
31823
31817
31815
31816
31815
31813
31807
31807
31811
31807
31803
31805
31805
31799
31798
31809
31806
31811
31818
31816
31811
31816
31829
31867
31933
32069
32228
32065
31907
31843
31811
31824
31875
32005
32139
32011
31899
31849
31815
31791
31780
31781
31782
31784
31786
31783
31789
31793
31787
31788
31785
31787
31792
31783
31785
31785
31795
31797
31798
31800
31801
31805
31813
31816
31821
31819
31824
31826
31828
31831
31829
31829
31831
31833
31831
31827
31825
31822
31825
31827
31818
31815
31818
31815
31814
31811
31813
31811
31805
31799
31803
31799
31804
31799
31801
31799
31803
31803
31805
31805
31811
31807
31815
31813
31814
31815
31823
31823
31823
31819
31821
31823
31819
31818
31815
31822
31819
31817
31823
31821
31813
31813
31811
31813
31817
31818
31817
31814
31807
31807
31804
31807
31803
31801
31808
31804
31800
31801
31805
31807
31807
31802
31807
31805
31806
31809
31816
31816
31817
31823
31816
31814
31820
31817
31819
31815
31819
31819
31817
31819
31818
31819
31818
31827
31820
31817
31817
31816
31815
31815
31812
31812
31813
31807
31807
31805
31799
31793
31803
31799
31797
31803
31803
31807
31809
31805
31803
31809
31813
31815
31812
31813
31815
31819
31821
31825
31820
31825
31823
31827
31825
31821
31823
31824
31823
31830
31821
31817
31822
31813
31813
31811
31807
31801
31805
31807
31803
31797
31795
31797
31799
31803
31803
31796
31805
31804
31809
31808
31809
31816
31815
31819
31824
31822
31822
31826
31827
31831
31824
31827
31820
31820
31821
31822
31819
31819
31817
31818
31811
31813
31813
31805
31801
31803
31799
31798
31797
31795
31793
31795
31793
31794
31796
31793
31797
31800
31801
31806
31813
31819
31815
31815
31821
31826
31827
31824
31831
31831
31827
31822
31829
31823
31819
31824
31815
31817
31815
31815
31814
31809
31814
31805
31807
31803
31801
31803
31797
31791
31793
31795
31800
31799
31799
31799
31800
31801
31809
31809
31810
31814
31817
31815
31821
31822
31826
31826
31825
31823
31828
31822
31821
31821
31819
31817
31815
31811
31813
31810
31804
31813
31813
31809
31806
31811
31805
31808
31799
31803
31805
31803
31806
31801
31797
31802
31807
31805
31805
31806
31809
31815
31814
31814
31815
31815
31813
31816
31821
31815
31815
31819
31817
31815
31814
31817
31812
31811
31815
31811
31813
31811
31811
31814
31810
31803
31806
31805
31799
31799
31799
31806
31805
31799
31795
31800
31803
31801
31801
31802
31803
31807
31799
31807
31804
31801
31806
31799
31806
31794
31804
31811
31802
31795
31799
31799
31805
31802
31799
31797
31801
31798
31796
31797
31795
31787
31792
31785
31783
31783
31778
31776
31781
31776
31779
31779
31775
31783
31778
31781
31781
31777
31778
31783
31781
31786
31787
31784
31788
31786
31781
31785
31789
31789
31783
31781
31783
31783
31791
31784
31778
31777
31777
31780
31775
31775
31768
31769
31771
31771
31771
31772
31767
31771
31767
31772
31769
31769
31771
31775
31777
31777
31780
31781
31783
31787
31789
31789
31791
31797
31799
31803
31806
31803
31803
31807
31812
31806
31811
31807
31813
31807
31799
31797
31805
31839
31903
32018
32272
32273
32012
31886
31799
31758
31743
31742
31784
31856
31999
32123
31964
31875
31831
31794
31783
31777
31773
31777
31793
31793
31805
31814
31817
31816
31812
31817
31818
31823
31830
31833
31837
31827
31825
31825
31824
31831
31827
31823
31827
31835
31824
31827
31815
31809
31807
31805
31800
31801
31805
31805
31803
31803
31799
31791
31791
31799
31798
31799
31803
31799
31800
31810
31809
31805
31799
31804
31807
31809
31806
31802
31796
31791
31791
31791
31792
31795
31794
31784
31785
31784
31783
31783
31791
31791
31789
31793
31788
31784
31785
31792
31789
31796
31801
31799
31802
31807
31806
31807
31807
31807
31818
31819
31822
31822
31815
31812
31820
31821
31804
31805
31813
31812
31809
31815
31805
31797
31808
31809
31805
31804
31802
31803
31800
31797
31802
31800
31796
31802
31807
31810
31809
31810
31810
31817
31815
31821
31819
31820
31831
31831
31831
31834
31835
31833
31835
31833
31831
31831
31835
31838
31837
31834
31823
31823
31821
31821
31820
31821
31807
31803
31807
31803
31803
31802
31804
31802
31804
31797
31795
31796
31799
31803
31803
31803
31805
31802
31799
31806
31805
31809
31811
31809
31807
31810
31813
31813
31815
31813
31807
31806
31807
31811
31803
31801
31805
31807
31805
31805
31803
31802
31798
31799
31803
31805
31793
31796
31799
31803
31803
31799
31796
31800
31799
31802
31807
31805
31804
31807
31811
31813
31808
31808
31815
31809
31808
31817
31810
31807
31811
31807
31814
31813
31810
31807
31805
31802
31802
31800
31801
31805
31800
31799
31798
31802
31799
31799
31805
31801
31805
31803
31799
31799
31801
31803
31799
31800
31805
31805
31801
31797
31805
31804
31807
31804
31805
31804
31803
31807
31807
31806
31807
31807
31810
31809
31805
31807
31803
31799
31799
31801
31805
31799
31799
31801
31791
31791
31791
31793
31794
31790
31795
31799
31799
31799
31800
31799
31800
31799
31803
31804
31805
31807
31806
31805
31811
31814
31812
31810
31810
31813
31813
31815
31815
31807
31804
31809
31804
31800
31806
31803
31802
31799
31799
31797
31800
31798
31792
31801
31793
31793
31793
31795
31796
31790
31794
31798
31799
31801
31799
31801
31799
31807
31809
31805
31813
31807
31809
31807
31811
31809
31807
31809
31805
31809
31813
31803
31799
31802
31805
31799
31799
31805
31801
31798
31805
31802
31799
31799
31801
31799
31801
31799
31805
31807
31808
31807
31807
31806
31812
31813
31809
31811
31815
31810
31818
31819
31817
31813
31816
31819
31812
31815
31813
31813
31814
31813
31808
31809
31806
31803
31807
31804
31799
31800
31799
31797
31799
31799
31798
31801
31799
31799
31797
31801
31804
31807
31807
31811
31805
31808
31811
31811
31811
31807
31811
31813
31815
31815
31819
31817
31812
31816
31812
31807
31805
31804
31809
31803
31807
31813
31808
31805
31803
31803
31797
31799
31804
31800
31804
31806
31807
31803
31800
31804
31803
31801
31808
31806
31807
31803
31807
31807
31806
31807
31810
31813
31816
31817
31817
31815
31817
31812
31813
31817
31811
31816
31809
31811
31809
31807
31811
31807
31803
31803
31801
31804
31802
31807
31803
31799
31799
31800
31801
31800
31802
31803
31801
31805
31804
31801
31803
31805
31803
31807
31810
31805
31809
31815
31813
31812
31811
31808
31811
31811
31815
31813
31807
31811
31811
31811
31811
31807
31809
31807
31807
31802
31799
31801
31803
31799
31801
31793
31795
31796
31798
31800
31802
31801
31796
31801
31801
31802
31803
31809
31809
31806
31805
31811
31807
31811
31808
31809
31809
31811
31813
31815
31810
31805
31807
31811
31814
31809
31809
31807
31802
31804
31805
31801
31801
31798
31801
31803
31799
31800
31795
31799
31797
31799
31805
31807
31805
31807
31805
31806
31807
31809
31810
31811
31815
31809
31812
31815
31815
31810
31807
31813
31813
31809
31807
31800
31803
31811
31811
31802
31800
31799
31803
31797
31795
31798
31804
31800
31799
31793
31799
31796
31798
31799
31798
31799
31806
31802
31802
31812
31810
31807
31817
31811
31814
31807
31815
31812
31806
31815
31814
31811
31813
31811
31810
31811
31805
31803
31810
31810
31807
31805
31811
31803
31803
31801
31803
31803
31799
31801
31802
31805
31799
31800
31797
31801
31803
31803
31807
31799
31809
31808
31810
31807
31813
31815
31813
31811
31815
31808
31813
31815
31813
31814
31813
31811
31812
31810
31805
31809
31805
31805
31805
31808
31806
31801
31802
31807
31805
31801
31807
31799
31799
31807
31806
31807
31807
31807
31811
31813
31806
31807
31815
31814
31807
31805
31815
31809
31809
31816
31817
31810
31810
31811
31813
31815
31811
31813
31811
31811
31810
31809
31809
31815
31807
31803
31801
31807
31800
31803
31800
31804
31799
31798
31797
31799
31803
31806
31802
31806
31807
31800
31809
31811
31808
31812
31809
31811
31811
31815
31821
31818
31811
31813
31811
31813
31813
31809
31813
31813
31813
31807
31807
31805
31801
31805
31803
31807
31804
31802
31797
31796
31794
31799
31796
31798
31800
31799
31800
31801
31804
31807
31803
31802
31808
31813
31810
31804
31814
31813
31810
31811
31814
31815
31817
31819
31813
31808
31809
31808
31807
31805
31808
31807
31803
31799
31799
31799
31791
31795
31794
31800
31803
31800
31799
31799
31806
31799
31800
31806
31801
31799
31801
31807
31810
31813
31807
31812
31816
31815
31812
31809
31817
31815
31815
31815
31815
31815
31817
31811
31811
31806
31803
31806
31803
31802
31798
31800
31801
31803
31797
31799
31801
31799
31800
31795
31798
31798
31800
31807
31806
31802
31803
31804
31805
31807
31806
31811
31805
31813
31812
31806
31813
31811
31811
31809
31812
31815
31811
31815
31816
31812
31809
31807
31807
31803
31795
31805
31802
31805
31804
31805
31804
31801
31809
31801
31799
31800
31800
31803
31805
31807
31809
31809
31803
31807
31811
31807
31809
31807
31808
31812
31811
31817
31813
31807
31809
31814
31812
31809
31809
31811
31813
31804
31807
31807
31804
31804
31809
31809
31802
31801
31801
31805
31807
31799
31801
31800
31806
31799
31801
31806
31807
31804
31802
31804
31801
31805
31807
31810
31813
31814
31815
31809
31815
31813
31815
31814
31811
31811
31822
31815
31813
31811
31815
31812
31814
31809
31807
31813
31807
31809
31800
31797
31799
31799
31794
31799
31801
31799
31799
31809
31805
31804
31801
31804
31807
31807
31806
31804
31811
31807
31808
31815
31811
31810
31815
31814
31815
31823
31817
31817
31809
31819
31810
31811
31814
31807
31813
31806
31804
31803
31801
31803
31804
31797
31799
31797
31801
31799
31797
31803
31798
31802
31805
31805
31799
31805
31804
31805
31807
31803
31813
31805
31807
31813
31812
31814
31807
31814
31812
31809
31807
31811
31811
31809
31805
31809
31810
31804
31798
31799
31799
31796
31795
31797
31799
31797
31797
31792
31796
31799
31803
31798
31799
31803
31805
31807
31800
31802
31806
31811
31809
31810
31815
31814
31810
31814
31810
31813
31809
31810
31815
31816
31817
31809
31809
31808
31807
31807
31801
31799
31801
31799
31801
31799
31802
31803
31802
31799
31799
31801
31799
31801
31801
31803
31803
31807
31801
31807
31803
31807
31807
31807
31810
31805
31807
31815
31812
31811
31806
31808
31806
31811
31806
31801
31807
31807
31805
31807
31807
31807
31801
31801
31801
31798
31803
31799
31800
31799
31801
31805
31799
31805
31805
31805
31802
31807
31812
31804
31807
31807
31811
31813
31809
31813
31811
31817
31811
31810
31815
31813
31811
31811
31807
31816
31807
31810
31812
31808
31810
31806
31804
31806
31805
31799
31803
31804
31803
31801
31799
31801
31801
31802
31803
31801
31807
31809
31809
31805
31811
31809
31806
31806
31805
31806
31813
31814
31807
31809
31815
31815
31817
31815
31814
31814
31811
31813
31815
31807
31802
31809
31812
31806
31806
31809
31804
31801
31803
31799
31803
31804
31803
31799
31800
31803
31803
31808
31817
31810
31803
31807
31811
31809
31812
31809
31812
31815
31811
31808
31813
31814
31818
31823
31816
31813
31818
31817
31815
31813
31815
31807
31811
31807
31807
31806
31805
31800
31799
31801
31809
31801
31797
31800
31803
31801
31802
31799
31796
31798
31805
31804
31800
31806
31810
31807
31807
31807
31805
31813
31812
31815
31816
31811
31809
31806
31799
31807
31803
31803
31805
31805
31804
31799
31797
31799
31793
31799
31801
31799
31799
31797
31793
31795
31799
31795
31797
31801
31801
31805
31803
31800
31805
31807
31812
31807
31810
31809
31809
31805
31803
31806
31815
31813
31810
31804
31805
31809
31808
31804
31802
31805
31807
31802
31800
31801
31799
31799
31799
31805
31799
31799
31793
31802
31799
31801
31803
31806
31805
31806
31809
31806
31801
31804
31803
31803
31810
31811
31809
31811
31809
31810
31811
31805
31804
31805
31807
31803
31809
31806
31803
31801
31800
31804
31805
31807
31804
31801
31800
31801
31799
31803
31797
31799
31799
31795
31799
31801
31803
31800
31799
31804
31803
31809
31805
31811
31812
31813
31815
31813
31815
31814
31817
31815
31813
31810
31819
31818
31815
31811
31814
31809
31806
31815
31815
31810
31809
31807
31805
31807
31809
31806
31803
31805
31806
31800
31808
31807
31803
31799
31801
31807
31806
31807
31809
31805
31809
31805
31802
31811
31813
31807
31814
31810
31813
31814
31815
31816
31813
31813
31811
31815
31812
31811
31809
31807
31812
31810
31804
31799
31802
31807
31807
31809
31803
31806
31809
31805
31802
31803
31799
31805
31805
31809
31807
31812
31811
31811
31815
31813
31815
31819
31818
31819
31819
31823
31821
31815
31816
31814
31813
31813
31815
31815
31813
31807
31807
31806
31805
31811
31807
31807
31806
31801
31807
31803
31801
31805
31806
31804
31807
31807
31813
31811
31806
31811
31814
31811
31815
31815
31815
31812
31810
31814
31817
31819
31815
31821
31816
31817
31815
31813
31813
31813
31812
31807
31807
31805
31809
31806
31807
31801
31801
31801
31801
31802
31803
31805
31801
31807
31807
31807
31808
31812
31809
31807
31807
31808
31807
31807
31815
31813
31810
31811
31810
31813
31813
31814
31813
31817
31809
31811
31815
31809
31812
31805
31809
31800
31805
31806
31813
31807
31807
31807
31797
31801
31796
31799
31806
31802
31811
31812
31807
31814
31810
31810
31808
31806
31807
31812
31813
31811
31815
31814
31820
31820
31809
31812
31813
31814
31810
31813
31816
31815
31815
31812
31815
31809
31809
31807
31804
31803
31810
31807
31810
31809
31801
31805
31807
31805
31801
31799
31804
31803
31809
31809
31806
31803
31806
31803
31807
31811
31813
31810
31810
31815
31808
31806
31812
31811
31807
31808
31812
31813
31812
31807
31814
31812
31817
31816
31816
31811
31807
31811
31812
31801
31807
31805
31807
31803
31808
31811
31805
31811
31807
31807
31808
31805
31805
31807
31812
31809
31815
31812
31809
31812
31813
31815
31815
31817
31814
31813
31819
31815
31814
31813
31817
31815
31813
31807
31809
31809
31803
31804
31802
31801
31809
31803
31810
31815
31806
31808
31807
31809
31807
31809
31813
31805
31809
31809
31807
31809
31815
31812
31813
31814
31813
31810
31816
31816
31816
31819
31819
31815
31819
31817
31818
31811
31811
31811
31811
31806
31807
31809
31807
31809
31812
31809
31803
31857
31803
31800
31802
31802
31809
31806
31805
31807
31807
31806
31805
31812
31815
31815
31813
31814
31813
31817
31815
31815
31820
31816
31819
31812
31815
31813
31815
31811
31814
31818
31815
31810
31817
31811
31809
31805
31804
31800
31805
31804
31799
31799
31802
31803
31805
31804
31802
31808
31807
31807
31807
31807
31810
31813
31811
31807
31813
31813
31814
31815
31811
31810
31815
31815
31815
31813
31805
31815
31807
31803
31807
31805
31807
31815
31805
31807
31813
31805
31802
31803
31802
31801
31804
31802
31802
31805
31799
31802
31802
31807
31804
31806
31805
31807
31807
31809
31812
31811
31805
31808
31807
31811
31808
31805
31813
31810
31813
31817
31815
31814
31811
31806
31809
31808
31809
31804
31805
31807
31803
31807
31811
31810
31808
31813
31808
31807
31805
31801
31807
31810
31805
31807
31807
31805
31809
31807
31807
31803
31806
31807
31803
31807
31812
31815
31815
31811
31814
31809
31811
31815
31810
31809
31815
31810
31804
31801
31805
31811
31807
31799
31801
31801
31799
31803
31799
31802
31805
31809
31809
31813
31813
31812
31810
31811
31807
31807
31815
31810
31809
31807
31805
31809
31814
31811
31812
31815
31817
31814
31815
31815
31813
31813
31815
31810
31808
31808
31811
31808
31799
31803
31808
31799
31804
31803
31799
31799
31799
31804
31803
31799
31802
31803
31807
31807
31803
31805
31809
31807
31816
31815
31815
31809
31807
31804
31814
31815
31816
31815
31813
31811
31812
31817
31807
31807
31811
31807
31810
31809
31809
31801
31805
31805
31808
31799
31800
31803
31803
31809
31807
31803
31804
31810
31805
31800
31811
31807
31809
31811
31815
31813
31809
31813
31814
31809
31813
31813
31805
31806
31813
31806
31807
31807
31811
31805
31808
31812
31803
31799
31804
31801
31802
31799
31800
31803
31799
31799
31805
31804
31801
31802
31807
31809
31804
31799
31799
31805
31809
31809
31809
31806
31809
31807
31803
31809
31812
31807
31813
31812
31809
31804
31810
31809
31804
31813
31810
31807
31811
31810
31805
31801
31801
31807
31807
31807
31807
31806
31806
31805
31804
31804
31804
31802
31801
31799
31802
31807
31809
31808
31802
31807
31800
31801
31803
31804
31807
31802
31807
31802
31807
31800
31804
31810
31808
31809
31808
31803
31801
31806
31803
31801
31801
31801
31799
31796
31799
31797
31797
31795
31788
31788
31798
31792
31799
31792
31794
31799
31796
31802
31795
31798
31803
31800
31801
31801
31803
31809
31811
31812
31808
31810
31812
31811
31809
31814
31813
31814
31809
31805
31806
31802
31805
31803
31802
31801
31799
31797
31799
31793
31798
31796
31795
31799
31795
31793
31795
31793
31795
31796
31799
31801
31804
31803
31809
31809
31803
31805
31812
31813
31813
31815
31810
31815
31817
31811
31808
31807
31811
31809
31808
31809
31805
31798
31803
31792
31799
31802
31793
31790
31795
31797
31794
31801
31799
31800
31797
31794
31795
31797
31801
31807
31802
31807
31807
31809
31810
31805
31814
31819
31815
31811
31807
31804
31813
31812
31815
31807
31810
31804
31804
31805
31803
31802
31799
31796
31795
31797
31797
31794
31799
31799
31797
31795
31801
31802
31801
31795
31800
31801
31801
31803
31807
31806
31809
31809
31807
31807
31805
31815
31811
31807
31807
31807
31807
31806
31811
31809
31806
31805
31802
31807
31807
31805
31807
31805
31806
31799
31801
31797
31799
31800
31799
31799
31799
31796
31801
31801
31795
31803
31799
31800
31802
31801
31805
31803
31800
31801
31805
31803
31808
31805
31805
31807
31809
31812
31805
31805
31807
31807
31801
31804
31807
31809
31804
31799
31799
31803
31799
31799
31797
31799
31799
31798
31799
31798
31793
31799
31797
31795
31792
31795
31799
31795
31799
31802
31797
31797
31800
31803
31802
31801
31798
31807
31805
31806
31809
31806
31807
31810
31814
31813
31811
31813
31809
31805
31804
31804
31802
31795
31799
31792
31792
31797
31796
31795
31794
31794
31791
31791
31794
31794
31797
31799
31797
31799
31800
31809
31809
31807
31809
31811
31807
31807
31817
31819
31815
31811
31811
31815
31815
31811
31813
31807
31809
31811
31806
31805
31804
31802
31801
31804
31806
31799
31802
31799
31795
31799
31795
31792
31797
31799
31803
31802
31802
31807
31806
31807
31809
31811
31813
31817
31819
31817
31814
31819
31819
31817
31818
31816
31811
31803
31807
31805
31802
31804
31803
31808
31813
31809
31809
31815
31811
31809
31812
31810
31811
31815
31811
31805
31811
31815
31814
31817
31815
31817
31815
31823
31822
31823
31824
31826
31817
31815
31820
31819
31823
31816
31819
31815
31808
31811
31822
31823
31817
31809
31815
31807
31807
31811
31811
31810
31803
31807
31812
31809
31805
31807
31806
31810
31807
31807
31810
31815
31813
31810
31815
31818
31813
31811
31807
31807
31819
31821
31820
31819
31817
31814
31821
31819
31819
31821
31823
31812
31815
31821
31817
31813
31819
31810
31807
31810
31812
31815
31817
31814
31816
31824
31815
31810
31812
31811
31804
31811
31809
31812
31804
31811
31809
31809
31811
31809
31813
31814
31810
31807
31813
31815
31817
31807
31807
31811
31814
31813
31815
31815
31815
31815
31811
31811
31817
31809
31807
31807
31807
31805
31800
31799
31796
31797
31797
31798
31802
31797
31799
31802
31797
31795
31794
31793
31799
31798
31805
31811
31807
31805
31801
31804
31812
31814
31815
31809
31811
31810
31803
31807
31811
31807
31807
31808
31807
31800
31807
31808
31805
31803
31799
31801
31790
31795
31804
31805
31795
31794
31797
31800
31805
31801
31803
31805
31811
31802
31815
31809
31811
31807
31809
31815
31815
31813
31819
31813
31815
31813
31817
31817
31821
31819
31813
31809
31813
31807
31812
31809
31806
31802
31804
31799
31799
31800
31805
31799
31803
31803
31807
31803
31805
31809
31809
31810
31811
31809
31815
31809
31815
31819
31817
31817
31815
31817
31817
31821
31815
31815
31818
31820
31811
31814
31812
31811
31807
31805
31802
31807
31799
31799
31803
31805
31797
31798
31802
31793
31801
31797
31800
31800
31802
31807
31807
31801
31807
31805
31803
31807
31805
31803
31809
31809
31801
31800
31802
31811
31808
31810
31803
31801
31802
31806
31806
31804
31802
31801
31798
31790
31797
31797
31798
31798
31801
31805
31803
31796
31795
31793
31779
31801
31803
31802
31806
31806
31804
31803
31799
31800
31798
31801
31807
31807
31802
31801
31805
31804
31805
31803
31801
31806
31809
31803
31806
31807
31804
31805
31807
31805
31809
31806
31803
31807
31807
31801
31800
31809
31800
31799
31799
31802
31807
31796
31795
31802
31799
31800
31805
31806
31807
31802
31801
31800
31800
31801
31809
31807
31811
31815
31804
31803
31806
31810
31807
31809
31807
31809
31807
31804
31811
31806
31801
31799
31801
31803
31798
31801
31801
31804
31798
31801
31796
31801
31799
31799
31796
31797
31794
31799
31803
31801
31804
31803
31807
31808
31805
31807
31802
31808
31812
31807
31809
31811
31809
31807
31810
31812
31807
31811
31806
31800
31803
31806
31801
31803
31801
31801
31799
31797
31793
31800
31799
31798
31795
31795
31797
31796
31794
31793
31799
31803
31799
31798
31801
31806
31800
31810
31810
31809
31807
31801
31807
31809
31807
31809
31811
31802
31805
31807
31800
31802
31803
31792
31793
31798
31793
31793
31799
31795
31793
31794
31793
31798
31797
31796
31801
31805
31797
31799
31797
31799
31807
31802
31807
31806
31812
31807
31807
31805
31808
31805
31810
31807
31809
31804
31809
31805
31800
31799
31799
31799
31801
31801
31802
31797
31796
31793
31796
31793
31789
31797
31797
31799
31799
31799
31799
31799
31798
31806
31807
31803
31809
31803
31799
31805
31807
31809
31802
31804
31800
31802
31799
31807
31803
31797
31801
31803
31799
31803
31799
31801
31800
31798
31799
31803
31799
31799
31801
31802
31799
31799
31796
31799
31799
31805
31803
31799
31800
31796
31799
31799
31799
31801
31802
31800
31799
31794
31800
31809
31803
31800
31799
31803
31802
31803
31799
31801
31806
31801
31799
31805
31801
31799
31799
31803
31805
31803
31801
31797
31799
31798
31804
31801
31797
31796
31796
31799
31801
31799
31798
31794
31797
31799
31802
31799
31799
31797
31796
31801
31799
31805
31807
31810
31807
31803
31803
31804
31809
31806
31810
31809
31806
31812
31810
31805
31805
31806
31800
31804
31800
31799
31799
31792
31798
31795
31797
31791
31795
31794
31795
31798
31795
31792
31798
31801
31796
31797
31802
31802
31801
31803
31800
31806
31807
31807
31809
31809
31809
31807
31806
31804
31804
31805
31801
31794
31799
31801
31799
31800
31799
31796
31798
31795
31793
31793
31787
31792
31793
31792
31796
31798
31797
31801
31797
31799
31802
31804
31805
31803
31803
31805
31850
31809
31807
31805
31809
31801
31805
31807
31806
31797
31805
31803
31796
31795
31797
31801
31798
31797
31792
31791
31794
31799
31796
31790
31796
31793
31789
31793
31792
31787
31788
31791
31791
31797
31796
31799
31801
31807
31806
31800
31805
31806
31803
31801
31800
31799
31800
31807
31805
31803
31801
31804
31797
31795
31802
31799
31797
31798
31801
31797
31797
31799
31793
31797
31797
31793
31800
31801
31799
31795
31799
31800
31797
31799
31797
31799
31799
31800
31802
31797
31799
31799
31800
31801
31801
31799
31802
31799
31801
31805
31801
31799
31802
31801
31797
31799
31801
31803
31804
31796
31793
31797
31803
31802
31798
31801
31798
31797
31803
31798
31801
31801
31795
31792
31797
31802
31799
31801
31803
31799
31802
31795
31795
31799
31799
31799
31805
31805
31804
31802
31803
31797
31801
31801
31799
31799
31802
31802
31802
31798
31799
31799
31797
31797
31799
31799
31795
31793
31793
31793
31793
31793
31790
31792
31798
31799
31799
31797
31795
31792
31793
31793
31799
31799
31799
31804
31804
31807
31807
31807
31807
31798
31802
31800
31804
31803
31803
31805
31799
31798
31799
31805
31796
31794
31795
31793
31794
31791
31791
31793
31797
31794
31794
31799
31795
31793
31795
31799
31799
31797
31795
31799
31803
31807
31802
31801
31805
31805
31805
31804
31801
31806
31801
31799
31801
31805
31803
31801
31801
31801
31797
31798
31792
31799
31793
31793
31791
31788
31785
31793
31794
31785
31792
31793
31793
31796
31791
31791
31799
31798
31797
31799
31796
31801
31802
31801
31807
31801
31803
31801
31799
31803
31799
31801
31798
31795
31799
31795
31793
31792
31791
31792
31789
31791
31791
31793
31790
31795
31794
31790
31794
31791
31783
31789
31787
31788
31793
31794
31795
31795
31799
31795
31799
31791
31799
31798
31796
31795
31797
31796
31793
31801
31803
31799
31805
31800
31801
31798
31798
31798
31794
31791
31789
31791
31791
31796
31795
31793
31799
31798
31783
31793
31793
31793
31795
31796
31803
31799
31799
31796
31796
31799
31795
31791
31797
31797
31795
31800
31801
31796
31794
31797
31794
31791
31794
31794
31799
31795
31792
31791
31794
31792
31797
31797
31786
31789
31789
31791
31789
31794
31789
31795
31793
31792
31793
31791
31791
31791
31795
31795
31791
31792
31791
31797
31799
31796
31793
31804
31802
31801
31807
31800
31807
31801
31799
31799
31800
31802
31803
31799
31795
31798
31801
31799
31800
31797
31798
31792
31799
31789
31791
31796
31792
31785
31787
31791
31791
31784
31789
31791
31794
31795
31789
31791
31795
31795
31796
31798
31806
31800
31797
31799
31802
31807
31807
31803
31805
31803
31809
31803
31797
31799
31794
31793
31796
31799
31793
31794
31791
31792
31794
31794
31791
31793
31793
31795
31796
31795
31796
31795
31799
31799
31799
31797
31801
31805
31805
31807
31807
31805
31802
31811
31811
31811
31805
31810
31807
31809
31801
31795
31799
31801
31799
31797
31799
31797
31794
31790
31792
31789
31791
31794
31789
31791
31793
31795
31795
31798
31794
31799
31797
31799
31798
31793
31795
31799
31799
31799
31799
31799
31798
31804
31801
31804
31800
31797
31801
31799
31798
31800
31801
31795
31801
31798
31797
31799
31795
31793
31790
31792
31797
31799
31799
31789
31793
31791
31793
31793
31793
31794
31792
31794
31795
31797
31791
31803
31803
31797
31799
31795
31799
31799
31803
31800
31800
31795
31799
31797
31799
31797
31801
31800
31799
31799
31795
31800
31799
31794
31792
31791
31795
31793
31793
31789
31788
31795
31787
31794
31794
31792
31798
31797
31794
31795
31793
31794
31794
31797
31799
31799
31797
31798
31798
31799
31801
31799
31799
31799
31798
31799
31802
31801
31798
31798
31795
31795
31796
31799
31794
31799
31798
31798
31793
31793
31791
31790
31795
31797
31796
31794
31799
31792
31791
31791
31799
31796
31801
31800
31797
31795
31796
31789
31797
31799
31799
31803
31800
31794
31797
31802
31801
31799
31800
31801
31800
31805
31805
31800
31795
31798
31797
31793
31797
31796
31799
31789
31791
31795
31791
31791
31789
31784
31784
31791
31787
31795
31803
31803
31797
31799
31796
31795
31799
31799
31800
31799
31803
31803
31803
31805
31799
31800
31806
31801
31803
31793
31794
31797
31791
31798
31799
31795
31795
31793
31792
31789
31789
31787
31791
31796
31792
31789
31793
31797
31793
31799
31792
31801
31800
31799
31804
31806
31803
31799
31793
31799
31805
31806
31799
31806
31804
31801
31797
31803
31801
31799
31799
31795
31797
31798
31792
31791
31793
31791
31795
31792
31796
31795
31790
31793
31791
31791
31797
31791
31791
31797
31793
31796
31791
31793
31799
31799
31796
31795
31804
31799
31798
31799
31799
31804
31801
31799
31799
31797
31794
31795
31795
31799
31797
31797
31797
31796
31793
31797
31797
31791
31793
31790
31787
31792
31791
31789
31793
31792
31797
31796
31794
31791
31797
31795
31795
31798
31803
31806
31802
31799
31797
31800
31799
31798
31804
31805
31804
31802
31801
31797
31799
31802
31799
31799
31797
31797
31794
31797
31797
31793
31791
31793
31792
31793
31791
31794
31792
31797
31790
31791
31795
31795
31794
31794
31793
31799
31795
31791
31793
31798
31795
31798
31803
31803
31799
31799
31801
31805
31803
31803
31799
31799
31800
31805
31805
31798
31795
31795
31798
31797
31795
31792
31789
31790
31789
31795
31791
31792
31789
31791
31789
31789
31787
31793
31796
31793
31795
31797
31798
31798
31799
31800
31801
31793
31797
31802
31807
31801
31803
31800
31804
31805
31799
31799
31798
31793
31793
31799
31794
31797
31791
31787
31793
31789
31790
31785
31789
31785
31785
31785
31794
31789
31788
31791
31795
31789
31792
31797
31797
31799
31789
31793
31797
31799
31796
31797
31799
31799
31803
31799
31801
31799
31799
31801
31797
31797
31795
31796
31792
31793
31791
31789
31791
31793
31791
31782
31784
31781
31784
31789
31786
31789
31783
31783
31788
31792
31791
31798
31796
31788
31797
31793
31797
31800
31795
31797
31797
31797
31797
31799
31797
31795
31794
31797
31795
31791
31797
31797
31793
31795
31791
31789
31789
31789
31785
31788
31791
31791
31795
31791
31792
31792
31795
31787
31795
31791
31796
31796
31799
31794
31788
31799
31795
31801
31798
31803
31800
31803
31799
31799
31797
31794
31798
31795
31794
31797
31794
31794
31792
31792
31799
31795
31791
31794
31795
31795
31791
31786
31794
31785
31792
31789
31787
31795
31787
31785
31793
31793
31795
31794
31792
31798
31795
31794
31795
31794
31797
31795
31799
31799
31798
31797
31794
31793
31799
31793
31801
31799
31796
31796
31792
31795
31792
31793
31791
31794
31791
31791
31792
31791
31786
31791
31790
31791
31794
31797
31785
31789
31790
31792
31791
31791
31796
31797
31796
31796
31797
31795
31801
31795
31797
31799
31797
31793
31804
31800
31797
31797
31793
31798
31794
31799
31791
31795
31795
31798
31793
31791
31789
31788
31785
31783
31789
31787
31786
31792
31791
31791
31791
31794
31795
31795
31797
31791
31793
31800
31799
31801
31803
31801
31800
31799
31801
31799
31797
