33341
33394
33377
33361
33352
33393
33367
33341
33383
33383
33371
33403
33407
33377
33360
33373
33399
33356
33395
33357
33414
33364
33361
33367
33341
33337
33379
33293
33341
33309
33299
33317
33335
33351
33291
33364
33319
33336
33353
33285
33340
33341
33345
33365
33359
33347
33327
33367
33356
33304
33354
33361
33303
33354
33324
33335
33313
33313
33354
33295
33353
33333
33346
33319
33331
33344
33304
33347
33369
33335
33296
33317
33351
33297
33289
33328
33307
33331
33311
33351
33319
33319
33367
33361
33351
33411
33293
33350
33377
33355
33379
33358
33327
33327
33287
33383
33311
33361
33319
33325
33343
33278
33285
33375
33337
33337
33308
33292
33247
33281
33319
33299
33292
33269
33261
33307
33281
33284
33294
33303
33326
33303
33301
33306
33284
33327
33281
33314
33342
33315
33455
33289
33311
33337
33301
33334
33296
33302
33341
33278
33316
33273
33279
33335
33244
33320
33253
33284
33303
33337
33311
33326
33294
33291
33266
33319
33305
33299
33259
33293
33333
33315
33331
33338
33254
33316
33313
33281
33316
33337
33348
33311
33363
33358
33302
33357
33281
33321
33316
33290
33359
33325
33337
33314
33299
33301
33295
33327
33313
33239
33339
33309
33272
33285
33231
33351
33284
33333
33339
33249
33315
33287
33278
33281
33301
33324
33315
33290
33301
33319
33327
33309
33347
33364
33321
33357
33319
33335
33309
33287
33341
33359
33313
33323
33261
33273
33273
33289
33291
33227
33343
33315
33223
33316
33233
33319
33253
33320
33283
33277
33318
33291
33311
33287
33315
33353
33359
33361
33355
33339
33421
33363
33412
33393
33360
33399
33342
33396
33418
33381
33420
33431
33375
33400
33398
33381
33381
33408
33458
33407
33417
33375
33405
33391
33378
33403
33410
33363
33416
33392
33438
33424
33444
33430
33415
33460
33419
33487
33419
33424
33459
33456
33409
33432
33404
33425
33467
33503
33479
33429
33450
33436
33423
33429
33466
33488
33453
33483
33483
33415
33466
33431
33472
33417
33418
33451
33384
33349
33399
33351
33399
33307
33314
33368
33329
33342
33310
33411
33421
33451
33464
33445
33455
33488
33445
33516
33448
33425
33429
33355
33364
33403
33446
33413
33367
33434
33316
33363
33340
33349
33344
33367
33353
33355
33339
33418
33321
33341
33361
33287
33307
33232
33201
33211
33188
33195
33181
33243
33233
33231
33294
33323
33316
33331
33331
33346
33285
33359
33360
33374
33325
33358
33358
33323
33313
33311
33219
33193
33231
33223
33249
33269
33321
33328
33289
33338
33297
33339
33315
33293
33301
33289
33274
33259
33198
33185
33151
33149
33227
33147
33177
33215
33234
33241
33229
33308
33316
33357
33419
33398
33397
33355
33301
33303
33281
33326
33231
33256
33291
33210
33247
33288
33255
33253
33238
33305
33257
33302
33277
33289
33335
33297
33287
33269
33221
33245
33196
33231
33201
33133
33199
33185
33235
33203
33256
33295
33324
33326
33366
33397
33403
33321
33352
33369
33362
33390
33343
33346
33295
33205
33285
33205
33213
33225
33221
33242
33200
33299
33334
33324
33337
33319
33335
33294
33288
33273
33229
33295
33245
33237
33241
33259
33223
33191
33204
33257
33257
33269
33301
33350
33441
33407
33399
33462
33389
33395
33356
33431
33328
33311
33359
33302
33293
33296
33278
33331
33261
33309
33287
33348
33341
33371
33389
33432
33339
33405
33337
33389
33373
33309
33323
33285
33304
33310
33233
33274
33271
33305
33305
33340
33398
33352
33432
33439
33418
33467
33379
33443
33381
33311
33394
33287
33259
33292
33284
33327
33273
33299
33239
33235
33305
33287
33328
33327
33300
33341
33306
33304
33319
33330
33286
33299
33327
33338
33278
33322
33262
33235
33291
33257
33334
33326
33356
33333
33332
33419
33385
33399
33409
33387
33407
33347
33343
33330
33295
33306
33260
33267
33248
33287
33252
33269
33243
33261
33295
33332
33262
33321
33340
33329
33325
33261
33287
33350
33269
33258
33239
33257
33265
33237
33307
33279
33311
33266
33265
33367
33331
33365
33386
33356
33429
33312
33331
33364
33302
33329
33237
33324
33258
33263
33243
33214
33259
33214
33271
33285
33279
33287
33335
33213
33331
33303
33270
33283
33313
33336
33242
33251
33295
33276
33292
33263
33297
33295
33307
33342
33333
33345
33335
33345
33426
33397
33348
33358
33387
33387
33338
33327
33310
33314
33319
33232
33213
33279
33299
33274
33279
33322
33320
33272
33370
33309
33335
33367
33317
33306
33299
33298
33270
33301
33324
33256
33295
33313
33283
33271
33281
33389
33357
33307
33356
33381
33377
33401
33393
33424
33318
33367
33326
33295
33349
33321
33343
33335
33298
33343
33278
33263
33278
33252
33279
33304
33317
33347
33332
33374
33320
33357
33333
33347
33331
33313
33325
33292
33285
33318
33308
33275
33334
33295
33393
33322
33367
33373
33327
33343
33368
33351
33330
33309
33350
33290
33307
33274
33265
33300
33215
33251
33309
33240
33281
33271
33271
33271
33269
33377
33327
33335
33303
33279
33351
33243
33321
33319
33299
33297
33289
33323
33303
33239
33310
33263
33313
33317
33332
33389
33309
33311
33308
33345
33375
33285
33295
33325
33331
33337
33270
33323
33308
33210
33277
33299
33276
33304
33321
33324
33319
33303
33327
33279
33336
33269
33303
33331
33273
33315
33299
33314
33287
33247
33364
33283
33315
33281
33276
33313
33271
33332
33347
33327
33376
33355
33355
33317
33311
33283
33271
33307
33265
33271
33322
33258
33296
33277
33298
33337
33287
33302
33310
33314
33299
33307
33331
33317
33371
33286
33262
33333
33351
33295
33312
33259
33368
33253
33304
33303
33332
33335
33349
33384
33379
33335
33341
33352
33335
33350
33332
33325
33265
33236
33251
33217
33305
33246
33223
33287
33239
33258
33269
33299
33343
33284
33296
33287
33279
33351
33303
33351
33338
33265
33329
33257
33283
33283
33223
33377
33317
33375
33342
33315
33377
33360
33396
33374
33370
33330
33325
33327
33253
33270
33303
33334
33281
33285
33249
33277
33269
33331
33292
33271
33337
33339
33270
33323
33337
33340
33330
33355
33320
33312
33391
33313
33345
33389
33328
33309
33264
33304
33345
33351
33365
33329
33305
33369
33362
33376
33370
33315
33351
33363
33342
33329
33347
33316
33283
33344
33263
33282
33287
33232
33331
33333
33325
33307
33318
33368
33369
33383
33344
33384
33366
33333
33287
33397
33309
33308
33351
33365
33323
33318
33330
33329
33334
33343
33320
33362
33336
33341
33318
33299
33359
33307
33307
33315
33248
33270
33269
33306
33295
33315
33331
33263
33255
33333
33279
33349
33269
33301
33325
33325
33362
33355
33364
33317
33314
33343
33289
33355
33343
33303
33325
33317
33354
33307
33297
33369
33334
33337
33327
33339
33359
33343
33327
33341
33331
33317
33261
33289
33314
33287
33271
33269
33321
33281
33333
33305
33303
33337
33313
33337
33335
33348
33329
33349
33295
33334
33255
33335
33328
33344
33309
33284
33310
33362
33328
33380
33333
33319
33340
33328
33367
33310
33285
33319
33315
33285
33239
33334
33274
33261
33272
33299
33301
33276
33289
33335
33328
33347
33284
33277
33338
33324
33409
33342
33307
33357
33301
33333
33354
33309
33353
33319
33340
33353
33307
33367
33363
33353
33352
33305
33337
33282
33371
33336
33296
33328
33307
33373
33271
33273
33297
33339
33305
33263
33272
33318
33313
33318
33292
33205
33320
33271
33313
33335
33289
33369
33351
33347
33344
33343
33391
33323
33364
33351
33338
33381
33367
33377
33346
33343
33363
33314
33375
33355
33339
33373
33327
33419
33405
33376
33407
33389
33407
33324
33322
33394
33356
33364
33324
33361
33368
33367
33369
33351
33388
33384
33359
33361
33358
33332
33431
33386
33343
33347
33364
33395
33349
33360
33335
33312
33385
33363
33303
33299
33305
33354
33359
33319
33400
33283
33307
33268
33289
33311
33314
33297
33302
33345
33295
33329
33301
33316
33337
33367
33305
33392
33356
33303
33359
33345
33375
33394
33410
33394
33317
33368
33330
33391
33351
33335
33383
33290
33353
33301
33267
33343
33293
33271
33303
33317
33274
33247
33307
33321
33298
33300
33255
33330
33343
33283
33287
33291
33366
33352
33292
33375
33311
33340
33303
33305
33361
33303
33347
33320
33335
33331
33250
33324
33339
33364
33348
33325
33315
33292
33271
33336
33294
33327
33281
33273
33301
33259
33291
33278
33265
33284
33292
33255
33249
33267
33317
33250
33251
33298
33246
33352
33297
33303
33341
33287
33377
33283
33353
33322
33312
33301
33298
33323
33299
33335
33355
33311
33333
33285
33262
33315
33291
33351
33284
33254
33279
33242
33269
33291
33259
33332
33304
33279
33269
33253
33298
33255
33279
33239
33213
33285
33281
33317
33363
33261
33296
33285
33381
33292
33279
33368
33285
33335
33280
33330
33296
33343
33289
33347
33348
33322
33267
33307
33337
33296
33266
33268
33295
33288
33238
33267
33207
33247
33223
33279
33296
33295
33299
33263
33279
33317
33295
33265
33320
33312
33362
33317
33349
33329
33324
33364
33265
33381
33303
33319
33391
33329
33327
33290
33306
33345
33326
33339
33315
33301
33289
33311
33289
33283
33280
33367
33273
33257
33295
33261
33271
33263
33281
33287
33273
33297
33288
33319
33341
33333
33411
33404
33360
33362
33309
33385
33330
33326
33332
33376
33425
33357
33374
33347
33333
33363
33318
33319
33350
33325
33357
33306
33327
33342
33287
33311
33311
33279
33293
33306
33331
33279
33303
33314
33253
33301
33263
33314
33314
33267
33328
33302
33388
33351
33335
33318
33328
33351
33361
33335
33355
33331
33375
33290
33305
33339
33328
33315
33309
33278
33349
33315
33307
33277
33332
33338
33296
33292
33247
33240
33328
33307
33288
33288
33247
33328
33272
33313
33329
33333
33309
33287
33321
33354
33290
33319
33339
33324
33359
33339
33317
33305
33362
33326
33327
33346
33299
33323
33277
33292
33295
33287
33339
33315
33261
33370
33311
33289
33308
33255
33317
33256
33300
33274
33255
33329
33271
33247
33299
33305
33317
33288
33328
33315
33287
33327
33322
33330
33333
33349
33399
33363
33276
33335
33373
33363
33313
33303
33296
33286
33366
33359
33331
33306
33344
33304
33302
33316
33302
33277
33368
33339
33341
33339
33311
33319
33241
33291
33295
33306
33357
33321
33307
33352
33319
33319
33327
33391
33357
33311
33361
33349
33343
33355
33347
33323
33303
33372
33370
33314
33379
33314
33322
33344
33386
33336
33288
33295
33285
33299
33300
33273
33280
33281
33239
33310
33315
33343
33284
33247
33336
33295
33319
33320
33331
33357
33279
33366
33333
33305
33379
33359
33357
33344
33341
33361
33330
33347
33327
33292
33369
33331
33335
33348
33303
33315
33311
33333
33277
33283
33347
33302
33261
33297
33255
33304
33260
33294
33313
33279
33311
33320
33311
33303
33289
33330
33315
33324
33323
33301
33340
33348
33352
33357
33369
33367
33301
33349
33367
33335
33353
33370
33370
33347
33359
33359
33300
33366
33321
33325
33431
33289
33381
33367
33377
33362
33316
33392
33393
33340
33364
33327
33377
33391
33391
33390
33372
33433
33442
33432
33471
33312
33427
33407
33439
33455
33422
33454
33389
33355
33392
33379
33402
33367
33355
33355
33317
33371
33353
33310
33392
33354
33361
33351
33345
33373
33301
33381
33330
33326
33388
33329
33355
33366
33389
33312
33335
33353
33382
33395
33377
33385
33387
33358
33367
33335
33318
33343
33322
33303
33342
33335
33357
33322
33268
33349
33287
33368
33319
33276
33377
33308
33273
33288
33330
33323
33289
33340
33335
33312
33323
33267
33317
33314
33361
33335
33292
33349
33318
33335
33361
33351
33351
33365
33300
33302
33300
33313
33279
33281
33365
33312
33366
33326
33288
33321
33225
33333
33308
33299
33327
33246
33310
33331
33255
33309
33331
33360
33302
33285
33353
33301
33337
33341
33346
33376
33337
33331
33419
33386
33405
33359
33377
33288
33334
33386
33352
33354
33349
33338
33351
33315
33326
33336
33335
33348
33304
33310
33275
33275
33325
33314
33263
33323
33299
33353
33276
33290
33315
33269
33321
33287
33333
33339
33292
33391
33330
33386
33321
33351
33335
33289
33313
33304
33312
33353
33305
33319
33313
33337
33313
33271
33295
33303
33287
33317
33283
33289
33303
33330
33273
33251
33315
33285
33285
33324
33281
33351
33275
33312
33284
33265
33265
33311
33296
33269
33328
33303
33290
33285
33331
33301
33301
33309
33279
33309
33260
33294
33255
33236
33335
33291
33313
33302
33271
33321
33275
33317
33277
33273
33313
33243
33285
33253
33239
33283
33308
33305
33307
33219
33297
33282
33319
33352
33304
33337
33275
33344
33345
33351
33379
33335
33376
33343
33305
33382
33335
33323
33347
33364
33354
33303
33356
33325
33335
33357
33297
33265
33355
33283
33334
33300
33273
33271
33280
33262
33319
33307
33272
33240
33307
33317
33325
33247
33310
33277
33275
33312
33270
33327
33289
33326
33342
33346
33323
33312
33305
33341
33324
33313
33326
33311
33347
33295
33317
33336
33275
33336
33292
33283
33320
33301
33315
33281
33290
33346
33268
33326
33334
33260
33307
33279
33312
33303
33280
33348
33319
33317
33321
33331
33336
33291
33319
33337
33291
33309
33296
33350
33293
33303
33326
33296
33293
33313
33277
33307
33269
33319
33328
33262
33303
33254
33315
33303
33323
33365
33255
33272
33287
33270
33283
33296
33337
33293
33295
33305
33317
33365
33315
33317
33327
33316
33326
33313
33298
33303
33250
33334
33315
33335
33350
33299
33357
33291
33338
33322
33281
33291
33333
33297
33277
33274
33302
33269
33265
33305
33264
33309
33308
33299
33315
33303
33293
33297
33272
33350
33299
33318
33327
33273
33321
33299
33343
33320
33311
33379
33335
33316
33323
33367
33384
33305
33338
33342
33286
33337
33289
33317
33296
33305
33351
33298
33316
33309
33295
33309
33261
33318
33328
33316
33322
33303
33309
33313
33274
33303
33287
33353
33343
33289
33368
33299
33335
33375
33320
33309
33316
33357
33316
33297
33375
33313
33323
33350
33323
33333
33338
33321
33319
33325
33311
33273
33326
33279
33279
33319
33282
33315
33302
33287
33321
33279
33339
33288
33285
33294
33318
33312
33313
33292
33346
33338
33385
33298
33290
33351
33352
33319
33355
33325
33333
33297
33327
33297
33351
33415
33380
33407
33339
33383
33410
33323
33347
33335
33292
33325
33360
33349
33300
33280
33403
33343
33349
33312
33358
33353
33310
33312
33319
33291
33389
33347
33389
33381
33335
33352
33321
33335
33350
33347
33398
33335
33350
33351
33317
33338
33309
33343
33335
33348
33371
33293
33332
33319
33278
33279
33331
33330
33288
33319
33353
33288
33359
33285
33262
33325
33295
33333
33352
33293
33314
33328
33370
33319
33390
33382
33367
33417
33358
33313
33381
33321
33417
33343
33361
33335
33301
33367
33321
33290
33373
33337
33314
33334
33271
33347
33303
33365
33322
33275
33340
33261
33344
33253
33277
33330
33291
33305
33361
33313
33335
33287
33345
33338
33253
33318
33361
33338
33340
33334
33338
33315
33356
33357
33329
33344
33337
33314
33317
33319
33319
33284
33363
33310
33327
33357
33359
33391
33327
33375
33306
33312
33377
33295
33333
33345
33354
33368
33307
33387
33389
33337
33390
33331
33305
33385
33353
33383
33337
33295
33385
33385
33359
33339
33313
33329
33312
33355
33405
33350
33394
33313
33356
33357
33346
33375
33360
33342
33322
33332
33379
33323
33352
33315
33316
33377
33296
33292
33336
33269
33329
33274
33350
33309
33290
33332
33344
33361
33351
33360
33403
33367
33351
33319
33390
33369
33326
33342
33351
33317
33383
33335
33335
33333
33351
33342
33319
33324
33321
33352
33391
33297
33336
33349
33279
33349
33325
33361
33294
33303
33370
33333
33361
33359
33377
33318
33331
33359
33383
33329
33375
33339
33353
33368
33355
33357
33367
33349
33316
33319
33399
33291
33335
33329
33357
33357
33344
33325
33271
33310
33311
33227
33287
33249
33262
33313
33225
33275
33287
33297
33323
33289
33299
33263
33295
33361
33248
33322
33291
33301
33359
33347
33416
33271
33308
33352
33305
33367
33305
33311
33339
33324
33330
33343
33291
33321
33319
33305
33355
33269
33324
33294
33289
33287
33311
33317
33304
33287
33261
33313
33332
33293
33275
33271
33258
33322
33361
33397
33331
33366
33350
33288
33339
33331
33319
33290
33326
33303
33319
33323
33327
33282
33330
33293
33287
33318
33371
33335
33317
33325
33367
33320
33311
33303
33315
33325
33329
33321
33319
33327
33271
33298
33331
33308
33315
33335
33290
33361
33367
33318
33377
33355
33319
33316
33312
33369
33314
33333
33317
33316
33344
33335
33361
33313
33281
33359
33311
33300
33331
33273
33330
33312
33273
33305
33309
33340
33277
33309
33277
33275
33313
33297
33333
33309
33329
33293
33303
33355
33397
33326
33405
33323
33351
33330
33265
33362
33329
33308
33309
33310
33358
33309
33346
33323
33326
33347
33279
33329
33386
33303
33289
33303
33295
33277
33287
33292
33289
33304
33277
33297
33295
33295
33307
33312
33275
33291
33285
33339
33331
33308
33325
33291
33333
33279
33316
33367
33342
33283
33265
33325
33350
33297
33361
33289
33291
33341
33312
33335
33327
33306
33303
33275
33333
33250
33292
33324
33297
33316
33279
33311
33330
33272
33311
33320
33283
33311
33341
33299
33358
33327
33395
33386
33353
33321
33331
33363
33359
33382
33345
33340
33353
33312
33343
33371
33325
33373
33303
33271
33283
33287
33367
33291
33355
33327
33347
33313
33301
33329
33302
33253
33279
33299
33327
33315
33298
33372
33297
33316
33281
33303
33327
33288
33285
33339
33335
33351
33321
33304
33345
33382
33359
33331
33367
33373
33356
33363
33255
33343
33351
33297
33301
33304
33373
33304
33307
33367
33342
33325
33349
33279
33326
33279
33299
33335
33363
33299
33316
33381
33314
33282
33347
33332
33363
33351
33288
33337
33361
33367
33323
33307
33355
33349
33339
33332
33341
33365
33319
33325
33353
33321
33337
33284
33309
33308
33313
33331
33311
33286
33287
33274
33334
33245
33281
33301
33276
33304
33319
33338
33319
33322
33365
33295
33327
33309
33299
33304
33286
33367
33318
33343
33331
33327
33357
33341
33327
33353
33367
33374
33361
33364
33341
33272
33367
33335
33309
33313
33293
33344
33286
33296
33365
33351
33332
33315
33291
33317
33263
33340
33335
33297
33296
33291
33316
33345
33265
33330
33319
33315
33329
33313
33375
33324
33317
33317
33303
33380
33327
33325
33307
33372
33403
33262
33341
33279
33291
33297
33295
33357
33289
33283
33309
33255
33315
33305
33277
33311
33333
33347
33311
33301
33346
33324
33315
33276
33282
33351
33305
33327
33301
33310
33369
33289
33369
33304
33332
33375
33288
33323
33341
33289
33296
33320
33364
33343
33328
33335
33312
33295
33295
33280
33349
33239
33309
33294
33291
33319
33285
33254
33273
33309
33295
33287
33293
33297
33342
33349
33319
33348
33347
33308
33331
33286
33333
33335
33297
33351
33366
33327
33339
33356
33382
33340
33351
33318
33279
33365
33321
33317
33335
33281
33265
33327
33327
33297
33294
33351
33321
33339
33235
33304
33322
33260
33329
33301
33329
33329
33302
33319
33314
33307
33346
33295
33295
33375
33325
33333
33289
33309
33294
33351
33345
33288
33353
33293
33263
33331
33314
33327
33285
33271
33296
33333
33334
33337
33253
33319
33301
33343
33330
33329
33353
33305
33330
33342
33327
33301
33305
33356
33331
33327
33360
33359
33328
33317
33370
33366
33355
33391
33369
33357
33369
33320
33411
33330
33311
33431
33326
33322
33336
33312
33349
33309
33319
33329
33346
33335
33309
33346
33292
33286
33331
33319
33383
33301
33319
33360
33343
33360
33288
33303
33327
33331
33330
33315
33305
33376
33326
33323
33283
33343
33348
33331
33349
33365
33335
33333
33312
33321
33357
33300
33337
33331
33374
33317
33287
33344
33287
33291
33315
33304
33335
33273
33309
33297
33351
33353
33288
33307
33288
33309
33357
33315
33341
33337
33299
33295
33265
33373
33319
33318
33383
33339
33325
33311
33361
33367
33327
33323
33283
33261
33303
33268
33309
33271
33325
33293
33265
33301
33318
33309
33310
33289
33303
33327
33326
33370
33304
33350
33347
33311
33370
33326
33357
33338
33354
33365
33325
33343
33377
33351
33369
33305
33361
33367
33343
33357
33302
33299
33368
33367
33341
33316
33353
33355
33315
33379
33264
33388
33298
33322
33365
33258
33337
33325
33303
33321
33331
33364
33297
33335
33380
33306
33351
33357
33331
33371
33301
33355
33316
33311
33360
33340
33365
33351
33323
33347
33297
33332
33383
33319
33381
33322
33273
33303
33295
33257
33322
33312
33353
33321
33316
33329
33380
33305
33318
33279
33321
33398
33306
33299
33343
33324
33335
33308
33345
33308
33289
33333
33302
33319
33350
33253
33367
33321
33319
33319
33270
33365
33346
33255
33333
33308
33329
33339
33298
33336
33311
33342
33281
33284
33319
33287
33325
33279
33303
33305
33321
33319
33322
33296
33303
33372
33363
33303
33292
33359
33346
33425
33349
33342
33389
33345
33410
33371
33370
33405
33354
33347
33377
33367
33388
33319
33355
33407
33331
33334
33336
33395
33308
33345
33308
33292
33319
33376
33343
33346
33339
33319
33338
33315
33365
33294
33332
33367
33364
33343
33345
33333
33332
33244
33359
33343
33391
33347
33303
33352
33318
33293
33293
33313
33381
33316
33362
33345
33295
33326
33273
33375
33335
33307
33333
33285
33314
33276
33322
33332
33349
33313
33260
33301
33329
33302
33341
33319
33317
33333
33305
33351
33339
33282
33354
33333
33363
33331
33308
33357
33271
33331
33342
33325
33327
33261
33334
33340
33323
33335
33279
33287
33295
33273
33314
33270
33263
33281
33309
33310
33283
33360
33290
33341
33331
33305
33399
33292
33311
33359
33284
33288
33340
33337
33340
33287
33319
33315
33343
33343
33329
33351
33313
33312
33341
33292
33322
33349
33340
33309
33279
33278
33294
33315
33290
33244
33289
33307
33307
33327
33321
33308
33263
33258
33303
33266
33314
33317
33321
33339
33298
33315
33281
33279
33323
33275
33349
33299
33263
33316
33282
33298
33305
33318
33331
33315
33289
33329
33299
33347
33307
33315
33315
33309
33357
33270
33327
33307
33278
33327
33295
33327
33247
33263
33353
33321
33322
33320
33324
33384
33321
33291
33319
33291
33331
33277
33325
33295
33343
33384
33281
33321
33350
33329
33330
33239
33322
33303
33330
33365
33316
33291
33280
33295
33311
33278
33287
33349
33303
33275
33297
33302
33323
33304
33319
33255
33278
33301
33313
33372
33275
33271
33299
33285
33331
33343
33319
33308
33290
33363
33311
33346
33325
33323
33340
33292
33337
33327
33307
33365
33295
33351
33374
33287
33356
33321
33377
33313
33275
33316
33289
33336
33348
33320
33377
33303
33354
33346
33298
33329
33311
33361
33314
33347
33353
33301
33339
33311
33367
33355
33318
33334
33318
33265
33336
33348
33345
33341
33311
33345
33348
33378
33281
33341
33303
33287
33321
33324
33329
33345
33321
33354
33289
33307
33341
33255
33326
33241
33297
33308
33303
33341
33339
33305
33357
33331
33311
33360
33339
33324
33307
33378
33365
33279
33333
33305
33317
33281
33311
33332
33300
33341
33315
33285
33331
33287
33281
33303
33309
33332
33269
33277
33279
33279
33363
33271
33325
33273
33257
33361
33347
33331
33285
33313
33356
33307
33333
33327
33293
33348
33287
33321
33294
33335
33346
33249
33313
33300
33287
33325
33278
33322
33271
33301
33313
33271
33319
33291
33306
33308
33279
33339
33297
33345
33312
33299
33352
33296
33303
33321
33343
33306
33348
33340
33390
33319
33387
33352
33378
33361
33323
33339
33335
33340
33357
33316
33361
33301
33343
33343
33312
33340
33286
33303
33347
33332
33277
33291
33289
33333
33269
33291
33324
33321
33334
33294
33323
33325
33282
33309
33282
33367
33315
33352
33310
33307
33347
33323
33353
33351
33333
33347
33343
33340
33351
33307
33330
33355
33336
33338
33340
33324
33314
33311
33330
33302
33276
33271
33311
33313
33326
33323
33303
33265
33311
33300
33374
33324
33313
33358
33279
33293
33317
33319
33315
33294
33270
33301
33367
33368
33312
33361
33327
33287
33325
33353
33319
33306
33318
33343
33275
33293
33308
33315
33357
33269
33339
33255
33236
33273
33331
33298
33291
33274
33352
33324
33307
33290
33263
33358
33319
33337
33290
33284
33334
33298
33353
33307
33366
33394
33299
33354
33316
33335
33345
33359
33422
33360
33390
33438
33390
33409
33346
33331
33355
33365
33387
33374
33359
33385
33337
33337
33311
33304
33339
33279
33382
33338
33341
33376
33356
33328
33299
33311
33357
33297
33351
33349
33318
33361
33365
33403
33372
33368
33367
33373
33371
33308
33323
33391
33344
33369
33380
33338
33377
33343
33341
33369
33323
33337
33277
33349
33334
33335
33321
33276
33379
33343
33293
33289
33319
33378
33357
33366
33329
33330
33343
33351
33322
33374
33321
33355
33385
33389
33351
33328
33363
33320
33292
33334
33316
33319
33336
33323
33385
33322
33312
33321
33262
33285
33289
33315
33237
33267
33307
33265
33323
33331
33339
33337
33288
33360
33344
33319
33321
33286
33326
33350
33319
33343
33310
33328
33324
33322
33371
33255
33349
33333
33297
33346
33314
33313
33365
33302
33293
33266
33347
33296
33305
33311
33291
33308
33311
33289
33374
33289
33288
33310
33335
33294
33267
33303
33295
33260
33336
33268
33289
33379
33287
33366
33295
33326
33260
33257
33311
33271
33313
33303
33269
33298
33291
33279
33263
33279
33303
33326
33279
33302
33277
33304
33255
33308
33303
33251
33315
33239
33279
33302
33235
33312
33239
33251
33261
33241
33288
33238
33276
33273
33303
33350
33305
33321
33351
33335
33327
33305
33321
33316
33328
33335
33283
33299
33272
33290
33321
33261
33337
33257
33257
33284
33231
33277
33291
33311
33265
33256
33293
33256
33273
33308
33255
33301
33301
33279
33327
33308
33349
33300
33342
33356
33287
33313
33325
33285
33351
33286
33315
33355
33303
33327
33328
33314
33325
33319
33350
33343
33343
33392
33295
33424
33334
33407
33389
33365
33365
33313
33358
33373
33341
33363
33315
33371
33358
33335
33358
33379
33367
33371
33362
33415
33366
33343
33365
33355
33404
33383
33387
33365
33390
33445
33390
33396
33393
33362
33399
33350
33344
33385
33341
33409
33317
33300
33319
33303
33361
33311
33303
33271
33308
33318
33324
33301
33300
33285
33295
33302
33348
33335
33308
33367
33291
33295
33336
33293
33351
33315
33313
33331
33374
33434
33402
33422
33387
33373
33353
33391
33381
33383
33373
33423
33332
33352
33359
33353
33395
33385
33395
33407
33344
33375
33335
33389
33429
33383
33428
33385
33469
33379
33367
33399
33353
33374
33379
33367
33406
33364
33391
33385
33329
33349
33368
33354
33350
33328
33375
33361
33323
33411
33331
33381
33319
33376
33386
33335
33299
33298
33353
33357
33303
33349
33303
33325
33297
33317
33356
33285
33364
33333
33339
33363
33326
33353
33325
33343
33340
33334
33385
33359
33349
33361
33365
33329
33296
33301
33402
33358
33346
33355
33264
33316
33281
33298
33317
33329
33327
33277
33319
33285
33256
33253
33281
33272
33320
33274
33305
33291
33319
33295
33259
33283
33260
33280
33258
33287
33317
33287
33323
33271
33287
33343
33267
33303
33336
33354
33358
33285
33307
33323
33239
33371
33282
33338
33257
33284
33271
33282
33289
33273
33299
33257
33283
33302
33303
33295
33303
33250
33256
33278
33240
33316
33264
33255
33264
33237
33312
33266
33271
33297
33293
33374
33279
33339
33317
33334
33287
33260
33368
33328
33331
33363
33349
33339
33368
33365
33390
33333
33385
33359
33291
33322
33338
33339
33363
33399
33423
33414
33402
33435
33365
33359
33335
33367
33390
33343
33390
33386
33381
33383
33375
33405
33359
33425
33390
33374
33429
33356
33385
33363
33359
33391
33365
33416
33357
33335
33376
33350
33346
33345
33301
33401
33357
33350
33373
33306
33341
33292
33324
33313
33295
33341
33308
33340
33335
33267
33301
33326
33350
33299
33359
33433
33375
33385
33353
33323
33402
33355
33415
33380
33367
33399
33362
33361
33356
33325
33408
33358
33343
33350
33312
33343
33274
33334
33343
33309
33297
33239
33310
33323
33284
33353
33311
33331
33277
33327
33321
33287
33316
33311
33327
33305
33324
33297
33327
33351
33338
33352
33287
33341
33261
33311
33267
33289
33307
33335
33323
33262
33316
33349
33292
33333
33271
33286
33330
33271
33296
33272
33364
33295
33279
33291
33247
33275
33255
33239
33334
33263
33303
33323
33291
33306
33243
33303
33288
33257
33241
33310
33296
33263
33234
33310
33311
33323
33317
33315
33377
33330
33365
33314
33295
33317
33326
33273
33268
33292
33335
33248
33292
33353
33289
33351
33272
33321
33272
33277
33284
33280
33327
33307
33320
33323
33285
33335
33297
33320
33375
33315
33319
33319
33309
33335
33296
33366
33295
33339
33346
33293
33275
33302
33253
33330
33230
33271
33325
33254
33312
33249
33285
33285
33239
33287
33244
33297
33281
33259
33287
33263
33270
33339
33294
33318
33270
33303
33296
33293
33339
33307
33315
33304
33354
33348
33244
33301
33305
33273
33309
33282
33239
33253
33268
33320
33254
33259
33315
33230
33269
33254
33247
33283
33257
33299
33264
33257
33295
33241
33259
33254
33303
33275
33257
33297
33271
33326
33286
33230
33327
33317
33311
33271
33259
33306
33271
33319
33286
33280
33293
33299
33263
33317
33256
33323
33301
33309
33362
33283
33312
33260
33262
33263
33267
33294
33262
33272
33284
33269
33315
33294
33249
33305
33267
33295
33249
33359
33391
33259
33340
33302
33344
33303
33263
33319
33338
33347
33313
33322
33356
33299
33304
33303
33313
33305
33261
33327
33326
33318
33303
33250
33297
33276
33267
33285
33311
33291
33319
33278
33333
33313
33334
33315
33307
33290
33269
33315
33347
33318
33360
33305
33337
33279
33335
33383
33305
33311
33341
33299
33383
33335
33361
33313
33267
33323
33327
33346
33323
33266
33307
33269
33321
33264
33281
33293
33375
33313
33343
33256
33325
33308
33291
33287
33269
33324
33304
33263
33286
33291
33348
33287
33325
33296
33337
33343
33294
33333
33312
33335
33373
33311
33279
33302
33325
33302
33308
33389
33327
33348
33385
33329
33314
33301
33303
33321
33303
33279
33291
33287
33351
33335
33300
33297
33303
33315
33269
33319
33356
33312
33348
33301
33319
33296
33309
33346
33291
33333
33360
33357
33335
33325
33391
33355
33329
33343
33298
33343
33302
33329
33334
33307
33330
33321
33319
33291
33313
33231
33281
33305
33303
33253
33337
33323
33335
33311
33351
33363
33357
33328
33351
33333
33302
33323
33303
33349
33263
33312
33306
33314
33355
33316
33358
33355
33279
33398
33296
33323
33337
33281
33337
33327
33333
33289
33287
33323
33264
33305
33303
33287
33370
33274
33329
33335
33259
33302
33281
33344
33357
33281
33317
33339
33350
33316
33302
33343
33290
33307
33287
33311
33347
33355
33358
33329
33259
33309
33346
33291
33303
33295
33400
33304
33351
33357
33334
33359
33317
33345
33367
33329
33331
33292
33340
33339
33296
33356
33357
33332
33305
33333
33340
33296
33324
33373
33317
33374
33295
33344
33311
33319
33345
33341
33343
33379
33350
33350
33356
33308
33316
33305
33350
33335
33361
33283
33287
33298
33329
33335
33325
33284
33300
33313
33321
33307
33295
33319
33258
33361
33377
33319
33367
33300
33322
33362
33292
33279
33298
33319
33321
33308
33331
33302
33377
33346
33338
33343
33321
33339
33349
33327
33345
33322
33303
33287
33301
33345
33324
33310
33327
33313
33303
33319
33311
33339
33318
33286
33315
33310
33320
33295
33303
33320
33336
33314
33282
33326
33303
33304
33336
33297
33344
33309
33347
33351
33313
33381
33346
33339
33353
33335
33341
33336
33344
33385
33303
33343
33319
33309
33343
33314
33355
33311
33303
33285
33275
33407
33308
33305
33349
33271
33339
33313
33335
33305
33319
33337
33297
33335
33327
33357
33323
33333
33308
33318
33300
33365
33340
33307
33351
33367
33368
33379
33346
33354
33318
33337
33335
33260
33349
33263
33309
33304
33311
33300
33292
33315
33303
33310
33338
33339
33336
33282
33318
33324
33303
33327
33352
33333
33337
33289
33354
33303
33348
33375
33333
33321
33343
33335
33337
33298
33339
33319
33313
33302
33349
33389
33311
33345
33323
33297
33347
33275
33280
33343
33312
33369
33290
33267
33335
33303
33369
33327
33295
33388
33326
33326
33289
33334
33351
33309
33326
33301
33348
33328
33327
33381
33402
33321
33348
33291
33309
33330
33324
33335
33295
33351
33285
33310
33368
33287
33346
33287
33297
33287
33305
33353
33311
33314
33367
33301
33359
33305
33314
33331
33329
33345
33342
33369
33343
33353
33376
33366
33379
33368
33269
33380
33337
33347
33388
33338
33334
33303
33349
33355
33313
33352
33319
33330
33337
33290
33365
33317
33307
33329
33347
33332
33323
33327
33328
33305
33308
33326
33299
33328
33290
33377
33327
33313
33363
33314
33321
33334
33321
33361
33307
33333
33319
33371
33347
33298
33311
33342
33353
33361
33309
33347
33315
33299
33338
33315
33337
33373
33354
33351
33326
33321
33309
33285
33335
33273
33351
33323
33298
33303
33307
33334
33298
33287
33337
33301
33323
33299
33294
33343
33343
33364
33320
33336
33343
33321
33373
33344
33346
33302
33344
33343
33330
33305
33311
33286
33285
33309
33366
33308
33307
33365
33319
33314
33379
33284
33325
33298
33351
33320
33311
33345
33321
33335
33297
33273
33342
33265
33289
33325
33299
33357
33307
33312
33330
33413
33307
33341
33295
33359
33313
33332
33253
33312
33317
33285
33269
33279
33275
33361
33339
33333
33313
33297
33311
33282
33325
33331
33305
33275
33307
33341
33341
33341
33349
33341
33369
33325
33350
33387
33365
33401
33359
33397
33341
33355
33381
33283
33353
33328
33330
33377
33352
33348
33367
33287
33337
33348
33319
33385
33317
33367
33326
33342
33341
33301
33353
33336
33351
33327
33352
33330
33335
33331
33368
33329
33337
33361
33359
33372
33310
33322
33327
33391
33372
33299
33378
33343
33356
33429
33321
33351
33367
33355
33345
33335
33323
33284
33335
33300
33303
33320
33281
33272
33352
33301
33355
33294
33319
33343
33315
33343
33304
33314
33299
33331
33353
33349
33300
33355
33305
33303
33312
33288
33325
33303
33327
33339
33315
33307
33337
33381
33377
33395
33397
33361
33407
33331
33374
33380
33341
33360
33377
33331
33378
33315
33332
33309
33391
33388
33353
33386
33324
33367
33331
33361
33391
33347
33335
33357
33287
33396
33308
33342
33367
33338
33367
33381
33333
33329
33322
33382
33358
33354
33340
33285
33395
33310
33298
33378
33351
33371
33317
33379
33299
33276
33370
33314
33310
33289
33274
33351
33272
33290
33347
33257
33273
33308
33326
33347
33309
33373
33330
33351
33367
33293
33337
33314
33312
33334
33301
33329
33313
33364
33335
33284
33350
33319
33335
33325
33331
33400
33330
33309
33322
33265
33321
33291
33303
33337
33297
33271
33296
33271
33371
33279
33281
33301
33294
33343
33265
33311
33309
33339
33312
33305
33348
33369
33386
33344
33347
33355
33329
33327
33340
33286
33292
33259
33293
33319
33292
33343
33321
33334
33359
33322
33297
33355
33285
33352
33273
33327
33280
33295
33287
33308
33334
33280
33299
33354
33305
33297
33317
33352
33321
33292
33324
33283
33288
33323
33279
33324
33351
33316
33295
33341
33320
33317
33278
33336
33311
33383
33309
33279
33332
33288
33347
33326
33286
33320
33288
33303
33287
33263
33319
33272
33367
33289
33263
33297
33303
33351
33331
33317
33329
33311
33335
33296
33329
33338
33303
33313
33343
33315
33366
33309
33313
33319
33330
33307
33265
33325
33319
33279
33322
33315
33358
33315
33288
33321
33253
33294
33280
33309
33295
33273
33273
33319
33290
33337
33268
33364
33309
33337
33305
33301
33253
33265
33318
33331
33258
33325
33346
33327
33287
33317
33332
33277
33332
33384
33351
33313
33296
33307
33317
33328
33311
33329
33343
33319
33317
33279
33285
33317
33361
33288
33328
33329
33334
33340
33314
33355
33361
33298
33382
33301
33383
33361
33309
33349
33335
33333
33287
33350
33359
33333
33342
33345
33338
33405
33347
33314
33349
33311
33346
33329
33387
33345
33312
33308
33295
33303
33281
33272
33294
33303
33345
33296
33308
33271
33287
33311
33319
33359
33335
33324
33375
33317
33287
33344
33294
33284
33297
33327
33331
33299
33321
33303
33335
33327
33280
33346
33295
33340
33372
33278
33331
33315
33279
33345
33290
33317
33279
33294
33297
33308
33319
33249
33309
33367
33295
33355
33284
33286
33300
33301
33319
33358
33315
33358
33279
33389
33319
33305
33336
33363
33322
33273
33290
33292
33282
33349
33270
33295
33319
33294
33329
33319
33255
33349
33301
33317
33328
33312
33339
33279
33335
33334
33286
33367
33307
33307
33333
33309
33325
33295
33338
33284
33303
33333
33290
33369
33357
33285
33350
33314
33345
33340
33321
33334
33351
33305
33326
33282
33364
33295
33330
33275
33311
33350
33317
33305
33248
33262
33327
33247
33351
33319
33287
33263
33285
33312
33303
33332
33350
33313
33286
33301
33332
33349
33275
33311
33282
33292
33333
33321
33283
33327
33337
33377
33336
33311
33322
33319
33361
33308
33297
33267
33261
33291
33317
33345
33308
33305
33383
33310
33291
33315
33301
33315
33331
33342
33377
33309
33410
33263
33336
33337
33271
33393
33335
33367
33326
33334
33356
33345
33320
33283
33334
33303
33322
33359
33305
33303
33343
33323
33367
33295
33313
33354
33310
33303
33301
33276
33327
33317
33267
33249
33299
33294
33313
33296
33273
33269
33303
33253
33293
33299
33293
33329
33273
33323
33296
33303
33361
33343
33356
33349
33313
33353
33335
33364
33317
33339
33359
33369
33387
33317
33349
33377
33311
33378
33322
33264
33303
33318
33334
33348
33297
33293
33273
33321
33294
33282
33324
33263
33351
33303
33295
33372
33309
33307
33321
33357
33363
33323
33325
33303
33316
33325
33319
33363
33325
33341
33347
33287
33302
33317
33297
33358
33301
33314
33332
33343
33338
33315
33313
33298
33281
33313
33323
33359
33319
33309
33316
33257
33335
33293
33344
33330
33303
33361
33326
33311
33323
33293
33319
33318
33297
33351
33297
33321
33306
33317
33340
33308
33344
33359
33329
33337
33321
33283
33295
33280
33345
33271
33301
33245
33277
33275
33263
33342
33274
33270
33251
33265
