32362
33255
32563
32296
32323
32331
32543
33199
33047
32534
33071
33121
33205
33178
32546
32538
32615
32399
32906
33121
32623
32401
32511
32494
32427
32591
32672
33148
32803
32991
33510
32385
32116
32675
33499
32491
32819
33085
33451
32835
32003
33305
32257
33121
32077
33585
32550
34436
29653
32494
35559
35601
33943
36077
33561
33982
29280
32907
35883
31042
29556
28671
35760
31701
31378
35777
31551
33131
34717
31239
34171
32415
31172
37016
32700
32139
33345
34323
29885
34024
32759
33473
34901
35990
31938
31525
35489
31025
31805
33173
35234
33365
32736
32783
32859
33706
34975
32145
34269
33423
33928
31983
31059
31729
32915
33287
33849
32973
31396
31911
33094
31480
32263
33354
32115
32251
32827
32594
31598
32700
31916
33351
32281
32549
31881
32419
32843
33068
32107
32692
32471
33805
32477
32035
31717
32181
32119
32082
32916
33579
33565
34207
32237
32103
32896
33088
33218
32522
32967
33271
33634
33372
34073
31437
31997
32208
33706
33287
32665
32844
32277
31655
32935
33084
33265
33807
34181
32469
32897
32006
33215
33074
32607
32974
32255
32916
32875
32713
32422
33511
33796
33775
33112
33263
32831
32110
32517
32189
32684
32640
33010
32751
32884
32169
33293
32575
32116
31880
33481
32059
33542
32765
32962
32833
32742
32719
32260
32551
33111
33255
32782
32785
33263
33415
32794
32716
32199
32126
33006
33219
33164
33064
32443
32865
32633
32593
32739
32789
33173
33108
33091
33026
33311
32709
33444
32127
32300
33374
33447
33247
32905
32660
32293
32202
32720
33197
32491
32475
32673
32633
33065
32882
32503
32625
33308
32457
32181
32081
32119
33457
32761
32743
31921
33295
32419
32471
32305
32295
33240
32449
32618
32919
33041
32959
32519
32171
32506
33157
33225
33316
33396
33525
33515
32526
32209
32009
33464
33399
32091
32222
32553
33007
33311
32325
32412
32905
32892
33239
32645
32565
32447
32893
33180
32271
32482
33498
33155
32133
33317
33205
32215
32254
32314
33241
33037
32434
32895
33148
33214
33312
32371
32908
33253
33250
32734
32548
32602
33205
33345
32685
32230
33327
33101
32812
32323
32731
33084
33034
33153
33177
32680
32597
33001
33078
32920
32561
32537
32706
32619
32554
32529
32309
32318
32408
33296
33175
32294
32979
32263
32335
32735
33121
33037
32935
32684
32535
32475
32461
32714
32879
32604
32588
32567
32513
32890
33231
33076
32916
32849
32693
33055
33437
32303
32280
33051
33185
33171
32267
32373
32841
33414
32341
33156
33046
33062
32733
32667
32615
32937
33315
32846
32771
32524
32535
32445
32550
32544
32593
33339
33252
32263
32209
33335
33151
32899
32362
32571
32521
33346
32922
32403
32575
32617
33020
33338
32381
32555
32447
32711
32679
32879
32887
32942
32833
32682
32627
32593
32984
32753
32567
32347
32930
33036
32392
32619
32990
33290
33056
32335
32855
32189
34633
32127
32081
30431
33541
33525
32025
32587
34092
33361
33854
31387
35048
31287
35430
32255
32027
32965
29751
31657
32937
32865
33083
32825
32383
33611
33407
33321
32048
33819
33803
33607
34047
32662
32459
32167
31807
33488
32984
32693
32528
33728
32736
32993
31863
33575
32811
33792
32510
32415
32345
32561
33207
32837
32741
33009
32026
33319
32992
33390
32175
33493
33209
33316
32674
32808
32441
31626
32779
33255
32876
32794
32607
31913
32244
32490
33221
33095
33291
34186
32435
33497
32943
32016
33409
32829
32886
32175
33787
36676
31691
32449
31633
32129
33355
32959
32615
31103
33609
30569
33783
34591
30834
32415
35270
35619
35652
34575
32681
32503
33991
34430
35042
32716
32405
32218
31343
32119
34295
31757
34343
32752
31740
32981
31369
34523
33123
34161
33866
31839
32341
32333
31339
31349
31463
31655
33696
32176
33788
33387
32871
32269
32814
33390
34060
33905
32718
32035
31751
