33875
33861
33813
33847
33853
33874
33871
33829
33847
33804
33846
33899
33836
33878
33869
33827
33862
33879
33860
33866
33831
33847
33887
33822
33831
33863
33823
33834
33860
33869
33839
33795
33839
33871
33821
33821
33876
33839
33815
33811
33849
33823
33848
33800
33797
33848
33849
33839
33810
33811
33815
33830
33780
33828
33877
33799
33840
33831
33835
33811
33801
33831
33835
33836
33859
33757
33867
33829
33798
33863
33858
33816
33854
33814
33843
33826
33871
33847
33844
33885
33806
33822
33820
33847
33825
33783
33851
33809
33847
33839
33858
33845
33835
33835
33841
33837
33813
33845
33859
33903
33811
33859
33814
33833
33835
33832
33819
33798
33818
33791
33817
33897
33831
33819
33809
33822
33869
33869
33853
33851
33877
33815
33853
33853
33825
33809
33831
33839
33832
33875
33845
33697
33839
33834
33833
33839
33843
33833
33830
33827
33842
33821
33852
33860
33845
33825
33848
33842
33855
33825
33865
33829
33832
33817
33813
33839
33885
33828
33824
33822
33825
33835
33809
33811
33824
33834
33776
33777
33791
33783
33807
33768
33847
33819
33823
33783
33811
33827
33828
33833
33801
33789
33752
33754
33793
33790
33791
33808
33779
33755
33782
33770
33717
33773
33798
33758
33785
33805
33787
33788
33803
33797
33779
33730
33781
33791
33802
33805
33779
33777
33745
33812
33720
33836
33830
33808
33767
33761
33799
33817
33881
33809
33829
33825
33855
33833
33835
33833
33799
33807
33843
33857
33787
33839
33803
33810
33867
33826
33783
33839
33797
33799
33853
33883
33889
33889
33887
33889
33910
33850
33879
33874
33845
33925
33906
33887
33884
33864
33877
33861
33907
33872
33865
33878
33850
33913
33899
33885
33869
33858
33863
33871
33860
33882
33894
33889
33895
33916
33914
33968
33916
33925
33973
33911
33921
33921
33959
33969
34015
33956
33944
34006
33990
33943
33953
33953
33956
33917
33935
33927
33966
33917
33946
33895
33863
33937
33858
33923
33914
33879
33895
33905
33871
33903
33869
33881
33926
33864
33871
33906
33858
33893
33824
33909
33891
33833
33881
33833
33843
33861
33881
33879
33831
33849
33844
33851
33943
33899
33824
33843
33905
33814
33823
33854
33924
33888
33875
33853
33839
33854
33837
33819
33871
33887
33876
33892
33923
33903
33918
33911
33938
33993
34011
33991
34037
34012
34001
33967
34001
33991
33983
33997
33985
33982
33983
34024
33887
33953
33924
33950
33919
33967
33911
33914
33912
33887
33883
33890
33914
33874
33911
33876
33847
33836
33896
33884
33877
33885
33889
33830
33851
33845
33834
33831
33861
33870
33849
33823
33813
33849
33828
33872
33824
33791
33797
33848
33851
33831
33806
33831
33825
33832
33782
33789
33784
33788
33847
33815
33808
33786
33799
33826
33787
33791
33794
33821
33781
33768
33805
33770
33785
33790
33785
33815
33823
33776
33807
33797
33733
33723
33814
33723
33793
33794
33829
33795
33839
33806
33759
33747
33731
33747
33777
33779
33840
33755
33794
33799
33758
33752
33763
33753
33804
33777
33805
33851
33801
33777
33746
33782
33782
33807
33751
33823
33757
33739
33819
33775
33841
33769
33751
33862
33826
33802
33804
33795
33825
33847
33855
33823
33798
33805
33769
33833
33813
33791
33802
33843
33841
33823
33746
33841
33852
33865
33857
33789
33809
33804
33848
33809
33861
33816
33802
33821
33848
33839
33797
33805
33829
33841
33843
33879
33911
33865
33870
33873
33889
33885
33865
33841
33850
33842
33872
33903
33934
33915
33869
33845
33867
33879
33871
33867
33925
33903
33841
33873
33835
33815
33903
33919
33876
33904
33894
33838
33881
33915
33861
33877
33897
33894
33947
33917
33927
33915
33905
33875
33953
33936
33927
33904
33902
33843
33858
33816
33820
33807
33827
33832
33839
33871
33827
33852
33820
33827
33910
33903
33931
33873
33863
33918
33891
33863
33871
33887
33903
33859
33832
33838
33857
33847
33898
33865
33819
33895
33896
33899
33914
33895
33894
33875
33851
33847
33866
33872
33839
33842
33877
33873
33798
33811
33791
33834
33837
33827
33785
33867
33837
33835
33832
33821
33799
33823
33807
33865
33813
33808
33842
33797
33826
33847
33777
33773
33785
33789
33801
33851
33811
33755
33876
33823
33790
33840
33829
33813
33791
33790
33790
33779
33867
33831
33761
33831
33803
33836
33837
33847
33795
33838
33814
33789
33786
33807
33837
33817
33807
33836
33804
33818
33779
33799
33783
33829
33794
33799
33823
33774
33837
33825
33838
33799
33805
33821
33822
33801
33732
33845
33804
33789
33840
33811
33820
33791
33811
33805
33795
33843
33847
33802
33809
33847
33854
33845
33849
33776
33839
33754
33843
33823
33820
33805
33829
33837
33841
33783
33784
33827
33801
33803
33745
33809
33822
33835
33885
33851
33814
33837
33805
33879
33805
33807
33775
33806
33767
33842
33827
33780
33827
33855
33838
33826
33787
33803
33791
33801
33817
33824
33873
33831
33815
33822
33815
33822
33834
33836
33784
33841
33815
33813
33821
33830
33838
33845
33815
33779
33800
33815
33866
33790
33822
33847
33807
33844
33816
33830
33823
33801
33824
33839
33801
33772
33799
33835
33820
33831
33840
33813
33831
33859
33815
33869
33861
33883
33848
33831
33834
33827
33835
33829
33783
33848
33842
33812
33821
33798
33835
33836
33867
33763
33810
33853
33817
33818
33817
33868
33871
33816
33847
33863
33810
33849
33846
33841
33790
33887
33847
33837
33799
33879
33815
33835
33787
33805
33875
33844
33815
33851
33813
33813
33779
33799
33789
33858
33812
33888
33859
33810
33813
33831
33825
33805
33865
33829
33876
33865
33819
33825
33855
33866
33797
33850
33840
33849
33859
33813
33859
33823
33833
33855
33831
33854
33864
33824
33810
33815
33783
33775
33815
33817
33811
33807
33815
33827
33817
33819
33795
33857
33799
33810
33831
33811
33815
33837
33852
33801
33832
33798
33841
33866
33835
33837
33871
33855
33841
33822
33832
33867
33840
33853
33855
33923
33815
33831
33852
33886
33854
33847
33839
33906
33863
33899
33891
33804
33836
33879
33877
33853
33847
33876
33834
33871
33849
33897
33862
33859
33855
33857
33828
33811
33812
33855
33859
33901
33839
33788
33809
33835
33863
33800
33815
33825
33857
33833
33853
33803
33843
33865
33895
33854
33847
33916
33874
33873
33854
33810
33889
33851
33916
33919
33837
33904
33857
33847
33841
33904
33860
33855
33885
33835
33870
33852
33835
33912
33783
33864
33871
33868
33872
33849
33823
33847
33868
33911
33857
33806
33843
33860
33867
33847
33849
33867
33833
33875
33863
33875
33831
33874
33846
33823
33799
33815
33847
33810
33817
33824
33815
33857
33859
33832
33853
33855
33835
33835
33879
33832
33842
33799
33833
33864
33853
33836
33841
33810
33842
33864
33801
33811
33823
33785
33839
33842
33828
33871
33840
33813
33808
33838
33836
33823
33829
33806
33855
33837
33827
33813
33849
33843
33819
33856
33831
33825
33822
33845
33855
33800
33800
33853
33817
33855
33809
33850
33760
33801
33863
33787
33876
33843
33791
33859
33836
33841
33828
33859
33831
33850
33815
33840
33807
33811
33777
33805
33796
33827
33848
33842
33868
33821
33840
33831
33866
33841
33827
33875
33885
33851
33930
33848
33865
33851
33827
33776
33834
33871
33855
33878
33849
33843
33847
33862
33815
33847
33847
33821
33832
33849
33864
33849
33822
33809
33843
33861
33859
33802
33829
33855
33848
33823
33846
33822
33843
33795
33831
33794
33871
33815
33814
33779
33791
33794
33841
33806
33833
33825
33843
33845
33807
33865
33847
33826
33859
33882
33860
33855
33936
33914
33885
33871
33879
33897
33801
33869
33851
33866
33877
33859
33869
33907
33851
33863
33887
33902
33841
33879
33907
33870
33837
33839
33860
33827
33848
33869
33853
33872
33846
33892
33899
33897
33856
33866
33801
33889
33828
33822
33799
33841
33807
33859
33876
33861
33879
33899
33889
33877
33881
33851
33835
33805
33802
33847
33877
33828
33855
33843
33821
33847
33879
33911
33912
33849
33823
33843
33879
33863
33846
33802
33795
33875
33800
33899
33846
33835
33817
33875
33787
33890
33895
33872
33844
33875
33802
33791
33845
33842
33817
33863
33879
33837
33860
33855
33854
33853
33838
33829
33823
33895
33876
33839
33880
33832
33883
33878
33861
33847
33799
33883
33824
33846
33849
33814
33829
33875
33841
33815
33835
33847
33807
33838
33840
33873
33785
33834
33871
33850
33879
33879
33828
33809
33855
33867
33818
33849
33877
33863
33879
33860
33788
33811
33815
33839
33777
33769
33835
33834
33831
33857
33823
33795
33795
33866
33841
33837
33863
33837
33845
33841
33809
33827
33831
33799
33810
33796
33840
33810
33781
33807
33837
33804
33843
33817
33785
33811
33841
33857
33815
33803
33806
33858
33821
33848
33836
33833
33857
33819
33768
33778
33852
33865
33871
33807
33838
33839
33817
33814
33843
33793
33819
33811
33810
33795
33810
33866
33824
33840
33806
33783
33845
33822
33835
33818
33863
33835
33829
33808
33841
33809
33806
33785
33840
33808
33755
33801
33788
33836
33799
33831
33815
33751
33799
33829
33795
33833
33818
33788
33809
33811
33819
33837
33851
33815
33834
33892
33845
33861
33841
33829
33823
33831
33853
33896
33831
33849
33806
33827
33851
33838
33871
33839
33863
33827
33853
33871
33882
33848
33814
33881
33825
33869
33859
33835
33833
33902
33837
33887
33855
33891
33847
33832
33852
33861
33847
33879
33783
33857
33873
33847
33871
33813
33815
33849
33843
33813
33815
33855
33868
33855
33815
33858
33877
33897
33834
33821
33855
33869
33812
33845
33823
33865
33877
33882
33815
33841
33809
33883
33822
33829
33821
33875
33869
33911
33861
33841
33857
33855
33857
33870
33823
33802
33853
33830
33843
33833
33841
33853
33842
33841
33847
33841
33847
33798
33835
33822
33797
33793
33819
33798
33818
33847
33826
33815
33850
33789
33837
33819
33808
33820
33821
33839
33903
33855
33836
33805
33803
33850
33819
33842
33849
33797
33820
33879
33833
33869
33853
33852
33834
33812
33814
33854
33817
33800
33835
33783
33861
33829
33821
33859
33791
33810
33809
33838
33796
33843
33807
33861
33780
33820
33827
33823
33838
33827
33821
33817
33852
33848
33860
33829
33817
33861
33819
33795
33839
33842
33826
33859
33851
33836
33815
33838
33815
33844
33853
33859
33805
33811
33829
33841
33854
33823
33778
33781
33796
33811
33809
33817
33775
33797
33827
33806
33813
33823
33805
33824
33867
33881
33826
33849
33834
33835
33843
33831
33842
33811
33851
33836
33841
33831
33838
33821
33830
33821
33817
33843
33863
33812
33823
33828
33838
33829
33839
33872
33838
33850
33827
33801
33837
33811
33892
33791
33863
33841
33831
33853
33800
33805
33804
33837
33833
33839
33805
33801
33833
33823
33837
33811
33835
33861
33852
33877
33869
33875
33814
33843
33801
33847
33791
33801
33829
33784
33820
33857
33803
33812
33828
33843
33896
33877
33854
33851
33878
33908
33863
33830
33860
33817
33839
33803
33879
33853
33839
33818
33848
33873
33861
33866
33868
33825
33895
33884
33825
33867
33823
33878
33791
33850
33842
33811
33814
33811
33843
33795
33795
33797
33813
33791
33843
33852
33803
33804
33786
33854
33813
33816
33861
33830
33839
33863
33840
33884
33839
33833
33817
33840
33819
33841
33858
33819
33856
33815
33797
33853
33875
33855
33886
33838
33839
33812
33829
33791
33857
33847
33836
33806
33855
33823
33801
33853
33827
33909
33830
33820
33838
33828
33828
33834
33845
33847
33863
33835
33819
33823
33814
33778
33855
33784
33821
33799
33845
33826
33777
33874
33847
33847
33831
33801
33839
33834
33815
33822
33778
33819
33844
33849
33871
33812
33873
33805
33801
33817
33859
33805
33831
33766
33773
33820
33865
33829
33845
33794
33847
33847
33836
33864
33847
33828
33796
33817
33842
33867
33854
33851
33849
33837
33832
33816
33827
33852
33835
33809
33791
33831
33860
33873
33821
33762
33827
33823
33854
33813
33881
33831
33819
33809
33871
33827
33879
33798
33861
33831
33795
33873
33825
33833
33807
33815
33834
33813
33861
33837
33803
33815
33829
33846
33832
33852
33871
33787
33853
33850
33845
33806
33835
33833
33826
33801
33842
33831
33824
33870
33856
33863
33845
33831
33831
33832
33813
33863
33852
33867
33863
33832
33832
33839
33834
33841
33833
33866
33856
33856
33852
33817
33831
33895
33835
33838
33875
33786
33796
33831
33841
33873
33824
33832
33805
33871
33850
33824
33859
33844
33839
33799
33801
33847
33839
33852
33832
33849
33828
33815
33817
33830
33841
33821
33855
33822
33815
33851
33853
33889
33857
33895
33851
33817
33895
33839
33829
33871
33874
33879
33894
33831
33869
33831
33861
33879
33899
33883
33837
33848
33839
33825
33881
33824
33848
33832
33840
33852
33869
33821
33885
33828
33767
33833
33810
33836
33893
33851
33811
33833
33823
33840
33797
33841
33801
33815
33795
33823
33818
33834
33818
33846
33820
33829
33829
33870
33833
33854
33821
33853
33795
33785
33797
33850
33827
33880
33863
33859
33851
33820
33825
33861
33887
33853
33840
33831
33867
33823
33857
33809
33837
33862
33779
33783
33825
33834
33787
33824
33845
33871
33843
33831
33841
33818
33883
33828
33849
33825
33850
33835
33803
33802
33817
33850
33798
33824
33796
33827
33837
33834
33876
33813
33877
33873
33855
33815
33863
33857
33869
33863
33841
33863
33826
33831
33847
33787
33826
33812
33841
33824
33845
33811
33831
33771
33843
33831
33898
33840
33815
33817
33817
33850
33849
33879
33810
33867
33867
33826
33847
33897
33847
33877
33890
33879
33836
33813
33848
33861
33818
33820
33833
33825
33805
33831
33829
33821
33843
33838
33861
33824
33819
33898
33813
33851
33825
33830
33800
33787
33812
33810
33829
33849
33799
33858
33879
33850
33831
33873
33823
33846
33859
33832
33877
33875
33853
33861
33807
33873
33869
33863
33837
33819
33876
33818
33821
33823
33844
33847
33806
33803
33813
33823
33793
33802
33821
33872
33820
33867
33834
33817
33823
33791
33839
33866
33819
33828
33803
33847
33864
33861
33811
33817
33860
33901
33805
33786
33830
33787
33771
33812
33814
33806
33837
33845
33861
33782
33855
33849
33834
33860
33819
33844
33825
33817
33825
33822
33831
33823
33817
33839
33851
33898
33833
33874
33880
33861
33870
33855
33871
33827
33833
33873
33875
33837
33888
33855
33879
33895
33848
33823
33859
33853
33849
33837
33901
33865
33863
33879
33869
33890
33847
33852
33876
33887
33848
33865
33849
33837
33895
33908
33879
33881
33859
33821
33911
33881
33862
33852
33817
33832
33852
33833
33805
33845
33855
33869
33847
33886
33841
33933
33818
33853
33831
33814
33847
33871
33895
33869
33839
33837
33818
33794
33868
33857
33903
33865
33826
33813
33831
33847
33798
33817
33801
33790
33815
33803
33819
33893
33855
33857
33823
33799
33869
33853
33857
33859
33789
33829
33833
33833
33817
33866
33817
33853
33821
33794
33870
33857
33856
33800
33857
33851
33831
33776
33877
33783
33799
33809
33793
33838
33841
33863
33819
33851
33846
33829
33824
33815
33911
33829
33802
33799
33860
33863
33835
33813
33811
33828
33863
33861
33839
33807
33799
33841
33847
33795
33791
33806
33828
33847
33822
33809
33805
33817
33874
33827
33862
33818
33849
33865
33840
33832
33844
33820
33860
33847
33814
33836
33874
33848
33860
33823
33833
33861
33857
33855
33836
33825
33847
33803
33858
33807
33861
33825
33799
33838
33809
33799
33833
33826
33799
33827
33831
33821
33835
33803
33839
33842
33825
33838
33833
33838
33863
33839
33841
33811
33847
33859
33819
33847
33840
33811
33821
33827
33839
33815
33863
33840
33847
33827
33825
33822
33795
33779
33831
33801
33830
33841
33811
33865
33889
33818
33825
33789
33879
33833
33843
33835
33807
33820
33853
33881
33857
33795
33850
33876
33809
33825
33823
33824
33810
33835
33821
33799
33837
33830
33839
33835
33842
33845
33860
33902
33847
33833
33818
33827
33823
33823
33840
33831
33837
33813
33855
33863
33844
33839
33825
33875
33859
33875
33857
33854
33849
33857
33847
33804
33847
33822
33854
33823
33860
33825
33829
33858
33855
33890
33791
33849
33839
33861
33845
33849
33859
33877
33842
33779
33833
33841
33796
33825
33847
33853
33847
33802
33804
33862
33815
33853
33840
33855
33837
33847
33845
33837
33847
33831
33831
33822
33836
33843
33839
33877
33847
33911
33854
33897
33877
33872
33839
33804
33791
33826
33854
33881
33822
33849
33861
33825
33854
33835
33845
33783
33829
33835
33895
33869
33865
33831
33824
33859
33796
33813
33805
33819
33850
33824
33831
33801
33829
33867
33817
33845
33886
33828
33869
33853
33835
33869
33808
33797
33854
33835
33823
33818
33811
33789
33813
33867
33851
33812
33847
33793
33876
33818
33825
33822
33830
33842
33801
33846
33838
33799
33843
33820
33809
33848
33820
33843
33819
33820
33846
33844
33917
33909
33808
33837
33818
33877
33878
33824
33796
33852
33831
33831
33882
33845
33852
33803
33859
33822
33839
33802
33829
33785
33836
33861
33835
33833
33808
33827
33803
33820
33791
33815
33805
33845
33795
33809
33806
33863
33846
33805
33809
33816
33791
33872
33828
33806
33872
33845
33855
33772
33853
33843
33825
33838
33833
33765
33827
33826
33799
33823
33791
33806
33839
33831
33871
33865
33827
33807
33806
33817
33819
33798
33864
33817
33849
33823
33842
33817
33813
33802
33863
33783
33845
33835
33813
33781
33799
33824
33821
33801
33831
33797
33820
33811
33803
33823
33821
33831
33837
33795
33841
33831
33769
33838
33790
33805
33801
33823
33858
33776
33808
33837
33828
33864
33772
33818
33849
33831
33862
33880
33847
33810
33855
33832
33897
33864
33841
33869
33871
33847
33841
33884
33880
33865
33870
33883
33820
33829
33853
33889
33816
33825
33852
33804
33815
33822
33807
33831
33841
33811
33838
33817
33861
33817
33805
33837
33843
33839
33831
33797
33839
33857
33867
33828
33837
33831
33887
33882
33814
33847
33815
33851
33813
33840
33842
33863
33887
33844
33809
33879
33817
33838
33807
33851
33824
33797
33867
33869
33832
33826
33849
33794
33866
33827
33795
33837
33857
33836
33800
33830
33888
33863
33793
33870
33853
33853
33829
33832
33857
33850
33823
33851
33847
33835
33816
33851
33851
33857
33845
33860
33859
33817
33874
33836
33809
33821
33863
33863
33843
33858
33863
33819
33791
33879
33863
33834
33858
33831
33859
33875
33877
33837
33841
33838
33837
33811
33865
33807
33833
33797
33871
33835
33810
33837
33834
33831
33844
33817
33798
33821
33815
33876
33865
33847
33858
33818
33818
33877
33849
33849
33837
33807
33854
33819
33847
33808
33823
33835
33827
33870
33825
33807
33812
33781
33825
33813
33863
33837
33900
33831
33847
33847
33835
33861
33789
33835
33812
33821
33839
33844
33837
33809
33832
33851
33809
33817
33825
33842
33836
33844
33867
33815
33866
33861
33841
33821
33857
33869
33829
33833
33839
33816
33838
33828
33852
33843
33829
33844
33838
33824
33813
33831
33814
33788
33867
33809
33830
33816
33791
33843
33829
33803
33841
33840
33887
33818
33843
33842
33838
33820
33852
33777
33788
33827
33839
33823
33823
33811
33761
33805
33815
33822
33820
33822
33817
33772
33781
33820
33819
33821
33867
33799
33851
33924
33871
33887
33871
33864
33815
33905
33838
33831
33839
33821
33820
33835
33846
33841
33811
33845
33831
33843
33855
33842
33843
33863
33812
33871
33821
33837
33855
33845
33827
33870
33866
33835
33880
33841
33839
33858
33907
33846
33828
33826
33817
33837
33843
33863
33840
33802
33839
33869
33865
33880
33883
33865
33861
33867
33850
33835
33827
33854
33837
33831
33885
33845
33821
33893
33847
33867
33864
33782
33835
33879
33895
33827
33833
33853
33822
33823
33857
33855
33855
33817
33831
33863
33822
33857
33815
33907
33847
33879
33863
33890
33826
33835
33851
33847
33826
33840
33865
33847
33833
33844
33857
33877
33831
33782
33831
33843
33836
33885
33853
33895
33771
33849
33850
33868
33868
33832
33863
33863
33858
33846
33822
33825
33828
33782
33815
33875
33831
33818
33839
33851
33828
33859
33801
33807
33850
33856
33870
33813
33803
33818
33867
33821
33762
33818
33869
33859
33895
33827
33892
33888
33846
33857
33834
33825
33872
33887
33813
33824
33803
33897
33870
33867
33877
33835
33823
33829
33859
33843
33789
33815
33857
33794
33819
33843
33845
33796
33878
33858
33827
33833
33817
33802
33873
33829
33817
33832
33873
33839
33863
33811
33788
33809
33831
33837
33859
33844
33806
33793
33837
33835
33845
33837
33855
33805
33847
33867
33870
33813
33834
33857
33835
33821
33842
33823
33839
33883
33860
33839
33837
33802
33835
33803
33759
33823
33807
33873
33819
33781
33857
33855
33815
33789
33849
33807
33825
33815
33837
33848
33823
33849
33834
33828
33761
33853
33822
33813
33829
33835
33809
33863
33797
33843
33792
33848
33837
33841
33856
33831
33847
33825
33895
33871
33870
33862
33893
33889
33862
33819
33845
33823
33869
33869
33856
33883
33845
33831
33818
33860
33861
33854
33887
33871
33884
33847
33858
33819
33857
33845
33846
33873
33879
33901
33868
33891
33859
33878
33826
33833
33847
33815
33871
33901
33833
33827
33815
33831
33863
33845
33851
33847
33809
33899
33894
33843
33829
33869
33838
33857
33879
33859
33834
33827
33853
33847
33853
33826
33891
33873
33839
33824
33821
33818
33889
33831
33823
33837
33839
33851
33831
33857
33765
33802
33829
33881
33839
33831
33836
33810
33786
33817
33803
33852
33851
33837
33828
33877
33837
33821
33837
33811
33793
33884
33852
33807
33873
33819
33885
33848
33820
33831
33805
33831
33836
33823
33767
33857
33847
33823
33819
33824
33829
33808
33841
33862
33885
33853
33841
33821
33869
33866
33843
33830
33823
33831
33842
33835
33805
33807
33833
33836
33816
33823
33791
33861
33823
33811
33827
33840
33838
33797
33783
33785
33827
33863
33781
33851
33810
33826
33799
33856
33818
33811
33855
33799
33859
33833
33838
33841
33853
33851
33797
33851
33829
33832
33867
33823
33791
33865
33820
33831
33790
33873
33926
33812
33841
33857
33828
33820
33831
33828
33803
33839
33796
33841
33812
33794
33794
33815
33830
33836
33831
33854
33845
33802
33852
33871
33840
33821
33833
33823
33799
33843
33827
33836
33852
33815
33815
33832
33827
33865
33825
33838
33863
33822
33837
33803
33851
33864
33821
33851
33847
33803
33827
33828
33815
33855
33775
33849
33775
33824
33850
33827
33766
33786
33837
33803
33812
33830
33820
33815
33819
33889
33814
33834
33835
33805
33805
33807
33807
33841
33870
33847
33838
33842
33857
33820
33845
33835
33825
33844
33835
33850
33849
33862
33823
33851
33871
33873
33819
33823
33862
33781
33839
33830
33838
33841
33821
33847
33863
33879
33844
33855
33814
33814
33821
33801
33861
33812
33861
33817
33863
33867
33831
33841
33903
33866
33835
33828
33837
33828
33805
33833
33817
33873
33839
33905
33824
33769
33829
33818
33825
33826
33831
33839
33828
33820
33787
33831
33811
33839
33795
33890
33845
33840
33852
33818
33800
33816
33812
33886
33821
33837
33849
33827
33811
33821
33848
33815
33849
33829
33807
33849
33850
33820
33821
33835
33857
33801
33825
33791
33839
33855
33807
33735
33858
33839
33904
33788
33827
33851
33825
33811
33831
33794
33842
33819
33839
33805
33826
33850
33808
33793
33838
33859
33834
33800
33853
33816
33815
33853
33788
33827
33789
33809
33805
33832
33857
33893
33873
33897
33875
33911
33878
33803
33853
33843
33863
33829
33828
33855
33881
33893
33876
33881
33854
33875
33846
33812
33855
33866
33877
33817
33848
33828
33815
33866
33891
33865
33837
33836
33783
33832
33799
33843
33841
33839
33851
33825
33837
33834
33829
33865
33861
33848
33808
33826
33847
33821
33855
33803
33829
33799
33821
33844
33835
33829
33879
33819
33832
33829
33874
33804
33843
33819
33895
33816
33814
33800
33835
33862
33828
33845
33881
33799
33815
33867
33845
33867
33855
33872
33825
33839
33861
33833
33852
33832
33835
33803
33833
33822
33830
33829
33817
33757
33772
33758
33817
33816
33838
33830
33779
33777
33791
33794
33818
33785
33828
33853
33779
33820
33816
33862
33827
33748
33757
33833
33805
33807
33831
33851
33787
33811
33813
33783
33839
33857
33850
33824
33852
33826
33815
33856
33787
33817
33855
33839
33874
33839
33855
33858
33823
33819
33793
33880
33853
33849
33863
33857
33849
33785
33827
33831
33831
33868
33859
33783
33799
33777
33837
33799
33824
33844
33865
33830
33805
33837
33818
33827
33835
33845
33803
33809
33813
33873
33868
33814
33821
33870
33819
33887
33762
33834
33855
33815
33823
33828
33836
33819
33831
33841
33855
33879
33851
33869
33817
33849
33845
33813
33815
33846
33857
33853
33861
33811
33813
33841
33839
33838
33864
33833
33843
33803
33837
33843
33858
33809
33871
33757
33862
33791
33834
33821
33879
33785
33819
33803
33823
33817
33825
33828
33854
33829
33850
33817
33855
33834
33839
33865
33807
33846
33815
33843
33849
33798
33840
33836
33807
33853
33831
33873
33800
33861
33869
33830
33834
33905
33843
33864
33817
33857
33781
33871
33854
33815
33862
33819
33810
33806
33815
33831
33839
33815
33784
33839
33838
33817
33815
33842
33836
33861
33843
33839
33837
33835
33861
33808
33855
33879
33773
33776
33805
33813
33831
33876
33833
33885
33809
33807
33843
33867
33797
33871
33839
33845
33874
33828
33811
33903
33841
33875
33811
33813
33803
33848
33843
33812
33845
33815
33836
33801
33805
33842
33837
33826
33787
33801
33869
33839
33805
33846
33804
33849
33888
33867
33810
33842
33880
33851
33828
33861
33822
33841
33822
33821
33879
33832
33847
33799
33784
33847
33831
33763
33835
33856
33819
33794
33807
33816
33785
33831
33849
33831
33845
33863
33848
33856
33873
33801
33848
33832
33823
33809
33823
33843
33811
33831
33849
33862
33867
33810
33809
33839
33876
33825
33859
33809
33811
33817
33853
33852
33816
33851
33839
33879
33851
33847
33847
33881
33862
33877
33877
33847
33819
33858
33884
33876
33887
33834
33840
33848
33857
33849
33804
33866
33877
33815
33863
33830
33878
33890
33863
33883
33876
33857
33844
33807
33828
33835
33871
33847
33813
33865
33892
33827
33863
33863
33919
33855
33847
33863
33847
33825
33912
33864
33840
33807
33842
33847
33851
33829
33821
33812
33881
33817
33871
33840
33839
33890
33860
33858
33871
33935
33849
33832
33872
33898
33829
33860
33835
33815
33819
33869
33890
33885
33860
33808
33851
33810
33833
33828
33803
33859
33860
33852
33806
33847
33849
33830
33818
33812
33785
33807
33839
33815
33823
33807
33848
33837
33835
33803
33799
33863
33785
33814
33816
33811
33853
33832
33807
33817
33868
33866
33795
33849
33858
33800
33854
33843
33834
33863
33862
33826
33816
33828
33828
33810
33851
33853
33803
33833
33853
33846
33855
33865
33863
33829
33829
33829
33839
33916
33880
33829
33815
33857
33884
33875
33835
33819
33867
33829
33812
33805
33869
33787
33881
33833
33857
33857
33821
33827
33783
33813
33860
33797
33822
33797
33834
33828
33790
33807
33864
33853
33857
33863
33845
33843
33846
33827
33802
33843
33828
33826
33831
33844
33843
33822
33887
33840
33833
33861
33861
33823
33789
33769
33891
33871
33790
33871
33848
33841
33815
33783
33831
33835
33790
33832
33814
33807
33817
33869
33852
33762
33829
33797
33803
33853
33847
33774
33841
33863
33829
33775
33798
33804
33809
33847
33803
33823
33817
33837
33780
33800
33813
33824
33863
33865
33799
33796
33832
33855
33855
33800
33853
33793
33853
33800
33847
33875
33961
33919
33847
33925
33900
33847
33877
33897
33899
33916
33886
33837
33827
33901
33929
33895
33891
33871
33867
33919
33899
33876
33939
33900
33954
33888
33861
33876
33946
33894
33853
33879
33875
33880
33901
33919
33914
33905
33876
33897
33882
33910
33796
33863
33893
33883
33865
33939
33911
33923
33885
33900
33855
33837
33909
33867
33925
33872
33839
33855
33899
33934
33879
33896
33926
33901
33919
33853
33793
33884
33924
33885
33861
33907
33913
33901
33955
33887
33892
33846
33877
33860
33923
33875
33863
33861
33898
33868
33902
33883
33865
33828
33831
33819
33841
33783
33847
33828
33857
33875
33839
33867
33841
33826
33838
33795
33795
33758
33873
33839
33822
33847
33893
33845
33801
33809
33855
33836
33845
33806
33812
33853
33834
33835
33858
33863
33855
33859
33798
33795
33778
33820
33829
33802
33831
33829
33799
33836
33829
33779
33819
33783
33739
33775
33777
33814
33843
33820
33820
33801
33843
33819
33777
33800
33737
33756
33775
33777
33796
33875
33799
33832
33870
33801
33798
33808
33780
33820
33797
33844
33854
33842
33791
33791
33783
33775
33749
33715
33817
33800
33719
33876
33831
33811
33800
33813
33814
33813
33767
33763
33772
33797
33779
33815
33791
33791
33795
33789
33815
33763
33836
33763
33773
33826
33815
33753
33770
33884
33855
33783
33800
33814
33780
33825
33781
33749
33807
33819
33812
33820
33807
33842
33835
33765
33764
33800
33778
33755
33797
33770
33784
33751
33802
33779
33817
33823
33787
33819
33797
33829
33815
33789
33819
33855
33855
33826
33839
33786
33790
33855
33823
33782
33767
33811
33861
33799
33809
33822
33821
33805
33809
33853
33825
33859
33772
33807
33922
33887
33847
33870
33872
33811
33861
33843
33799
33807
33847
33849
33844
33839
33855
33879
33819
33791
33825
33845
33813
33850
33836
33849
33861
33846
33849
33812
33819
33844
33815
33814
33851
33799
33796
33859
33847
33831
33839
33836
33783
33783
33823
33801
33855
33819
33826
33800
33860
33859
33851
33839
33849
33827
33829
33863
33822
33837
33760
33797
33827
33813
33850
33853
33805
33868
33835
33830
33805
33847
33831
33831
33813
33871
33863
33814
33812
33814
33834
33829
33873
33866
33806
33777
33794
33817
33846
33800
33795
33824
33833
33829
33847
33846
33851
33804
33834
33834
33859
33839
33831
33828
33826
33785
33825
33803
33819
33849
33855
33791
33869
33856
33834
33809
33819
33845
33804
33735
33823
33811
33810
33805
33812
33824
33807
33845
33789
33784
33786
33833
33748
33825
33823
33847
33815
33873
33868
33808
33811
33817
33830
33838
33857
33857
33791
33839
33863
33849
33846
33845
33838
33845
33837
33833
33813
33793
33835
33814
33831
33853
33822
33823
33847
33825
33816
33846
33847
33810
33839
33845
33807
33847
33825
33815
33825
33820
33831
33845
33869
33851
33908
33831
33838
33848
33849
33827
33854
33848
33901
33867
33808
33808
33849
33856
33830
33855
33941
33879
33874
33890
33851
33839
33854
33887
33822
33855
33837
33830
33817
33863
33862
33845
33843
33825
33855
33860
33887
33845
33844
33825
33883
33831
33823
33809
33851
33881
33914
33831
33865
33836
33834
33893
33843
33864
33875
33849
33839
33813
33830
33836
33791
33831
33817
33847
33761
33851
33831
33811
33817
33801
33821
33808
33839
33879
33811
33800
33829
33860
33876
33833
33819
33847
33848
33909
33805
33883
33861
33870
33861
33857
33877
33883
33839
33841
33856
33806
33815
33844
33869
33815
33829
33841
33831
33855
33861
33836
33879
33847
33840
33829
33856
33835
33799
33773
33841
33847
33863
33804
33791
33829
33780
33837
33843
33816
33801
33826
33845
33815
33839
33839
33857
33871
33841
33863
33841
33883
33863
33865
33835
33852
33841
33833
33823
33851
33873
33832
33837
33796
33840
33809
33853
33793
33815
33818
33837
33852
33810
33822
33784
33839
33784
33819
33830
33797
33851
33837
33819
33849
33887
33845
33849
33819
33841
33887
33849
33791
33799
33804
33887
33847
33839
33850
33814
33831
33859
33881
33877
33838
33867
33812
33825
33853
33849
33841
33831
33823
33845
33841
33819
33867
33862
33793
33818
33851
33802
33853
33839
33850
33858
33854
33893
33865
33817
33807
33821
33835
33791
33872
33795
33823
33865
33882
33844
33869
33829
33821
33827
33829
33842
33779
33817
33863
33842
33851
33863
33853
33816
33775
33860
33829
33823
33844
33846
33859
33825
33763
33825
33853
33856
33849
33827
33852
33837
33791
33854
33844
33821
33835
33871
33826
33884
33843
33830
33848
33809
33823
33862
33779
33819
33840
33807
33795
33811
33813
33855
33839
33849
33793
33811
33832
33799
33804
33805
33857
33828
33840
33847
33870
33812
33806
33818
33871
33851
33860
33818
33847
33879
33776
33817
33835
33853
33789
33786
33811
33815
33814
33873
33815
33867
33822
33853
33826
33860
33805
33861
33797
33834
33799
33867
33887
33847
33853
33873
33859
33843
33865
33855
33831
33815
33831
33843
33791
33815
33865
33829
33861
33807
33850
33852
33861
33872
33874
33900
33843
33867
33861
33850
33866
33949
33897
33891
33886
33887
33863
33845
33894
33891
33836
33921
33889
33931
33841
33877
33860
33847
33886
33899
33904
33933
33866
33895
33883
33879
33933
33912
33891
33859
33929
33935
33927
33879
33830
33847
33893
33892
33901
33855
33879
33903
33869
33911
33886
33901
33916
33902
33905
33879
33883
33865
33867
33893
33880
33896
33879
33879
33931
33911
33889
33889
33895
33870
33883
33828
33863
33903
33894
33907
33908
33891
33861
33844
33838
33845
33863
33875
33885
33892
33839
33859
33875
33930
33907
33830
33871
33858
33836
33877
33889
33905
33829
33847
33909
33843
33845
33824
33824
33821
33832
33787
33790
33784
33835
33843
33830
33778
33799
33825
33773
33789
33735
33766
33791
33782
33811
33771
33815
33791
33814
33796
33821
33787
33782
33785
33765
33782
33847
33796
33809
33831
33814
33837
33835
33830
33825
33801
33849
33847
33840
33828
33803
33812
33846
33829
33824
33859
33791
33809
33820
33832
33831
33799
33807
33791
33794
33830
33767
33781
33742
33774
33815
33839
33788
33799
33826
33784
33805
33806
33765
33791
33820
33812
33799
33809
33815
33812
33839
33857
33815
33826
33843
33862
33832
33842
33810
33825
33861
33817
33796
33841
33803
33847
33807
33727
33820
33794
33812
33809
33751
33831
33819
33841
33793
33767
33791
33852
33846
33862
33827
33832
33839
33841
33816
33799
33845
33823
33833
33797
33799
33809
33833
33815
33803
33841
33821
33835
33817
33837
33799
33830
33799
33784
33793
33791
33750
33826
33860
33809
33818
33832
33858
33823
33801
33783
33775
33815
33784
33812
33795
33845
33826
33859
33917
33894
33888
33877
33880
33877
33873
33893
33861
33872
33903
33858
33878
33827
33850
33855
33865
33883
33851
33881
33890
33871
33869
33894
33861
33879
33839
33840
33869
33826
33863
33841
33831
33827
33833
33847
33814
33815
33774
33847
33773
33801
33858
33845
33827
33845
33820
33840
33815
33865
33871
33827
33833
33839
33815
33801
33848
33847
33828
33803
33747
33791
33825
33815
33821
33805
33828
33786
33813
33851
33815
33840
33789
33813
33827
33838
33787
33825
33861
33863
33829
33855
33842
33799
33875
33839
33852
33823
33850
33875
33846
33813
33789
33807
33823
33841
33780
33794
33817
33826
33793
33819
33802
33796
33826
33769
33807
33795
33851
33800
33847
33869
33879
33843
33835
33836
33796
33789
33806
33801
33837
33879
33835
33825
33796
33823
33843
33816
33819
33807
33822
33810
33818
33787
33797
33817
33821
33815
33775
33832
33829
33771
33798
33761
33749
33840
33790
33859
33777
33795
33815
33843
33797
33788
33822
33820
33775
33831
33836
33815
33838
33869
33829
33771
33818
33819
33815
33817
33807
33864
33813
33830
33809
33807
33823
33837
33830
33825
33755
33827
33860
33791
33808
33839
33789
33811
33821
33829
33773
33847
33788
33811
33823
33850
33831
33824
33843
33836
33799
33841
33814
33892
33863
33860
33870
33784
33843
33833
33819
33853
33853
33799
33902
33806
33844
33866
33842
33821
33801
33824
33891
33831
33785
33778
33855
33802
33811
33864
33798
33793
33849
33836
33841
33818
33881
33834
33855
33804
33823
33849
33849
33831
33809
33818
33794
33831
33851
33837
33867
33850
33839
33858
33816
33807
33863
33823
33861
33831
33824
33822
33852
33827
33850
33865
33843
33877
33887
33889
33854
33871
33869
33836
33841
33803
33816
33836
33854
33853
33837
33855
33902
33879
33848
33831
33871
33896
33836
33846
33906
33871
33901
33867
33830
33841
33810
33822
33785
33821
33827
33869
33823
33867
33832
33843
33782
33834
33839
33871
33865
33827
33823
33789
33814
33864
33827
33852
33828
33840
33823
33833
33878
33830
33836
33859
33855
33927
33863
33852
33835
33839
33837
33853
33842
33850
33855
33806
33832
33842
33880
33864
33832
33836
33793
33846
33820
33814
33852
33855
33816
33779
33825
33832
33839
33815
33859
33823
33823
33813
33832
33819
33823
33834
33840
33831
33835
33836
33818
33797
33829
33858
33861
33871
33869
33863
33830
33849
33822
33855
33879
33791
33801
33783
33809
33830
33823
33803
33789
33793
33806
33811
33815
33832
33856
33791
33808
33829
33855
33827
33835
33847
33844
33813
33791
33831
33833
33880
33791
33829
33791
33815
33848
33859
33849
33858
33832
33846
33791
33863
33846
33856
33821
33843
33857
33790
33818
33876
33841
33805
33752
33817
33846
33811
33813
33855
33823
33775
33812
33887
33829
33785
33854
33851
33847
33863
33841
33845
33835
33921
33909
33875
33871
33815
33841
33903
33849
33877
33817
33845
33894
33868
33854
33854
33831
33843
33860
33860
33875
33926
33839
33821
33907
33831
33860
33883
33906
33805
33847
33911
33849
33851
33881
33848
33875
33833
33879
33835
33863
33881
33864
33825
33866
33832
33834
33852
33831
33824
33848
33831
33799
33815
33885
33809
33853
33823
33827
33816
33846
33825
33805
33842
33831
33801
33848
33804
33820
33817
33817
33781
33861
33861
33849
33742
33876
33844
33843
33887
33852
33844
33855
33833
33841
33821
33883
33839
33799
33900
33888
33860
33837
33837
33854
33838
33791
33849
33871
33852
33878
33809
33799
33787
33844
33845
33832
33859
33831
33837
33845
33796
33823
33875
33813
33827
33814
33804
33798
33817
33739
33818
33793
33855
33851
33791
33794
33831
33801
33811
33825
33821
33791
33797
33811
33839
33823
33797
33874
33839
33781
33801
33817
33836
33871
33835
33835
33825
33862
33809
33849
33847
33807
33811
33845
33833
33845
33890
33812
33855
33850
33795
33865
33841
33873
33829
33878
33845
33869
33883
33898
33877
33862
33847
33831
33809
33863
33826
33873
33848
33887
33851
33835
33854
33841
33807
33854
