33215
33164
33128
33189
33169
33205
33200
33161
33177
33118
33174
33229
33162
33206
33199
33153
33189
33192
33165
33171
33170
33184
33185
33122
33135
33140
33107
33134
33155
33140
33128
33100
33169
33170
33162
33125
33175
33143
33131
33125
33186
33148
33175
33113
33117
33225
33151
33163
33148
33183
33159
33183
33111
33145
33192
33142
33143
33147
33173
33121
33101
33130
33149
33135
33159
33083
33174
33114
33097
33159
33164
33103
33161
33106
33165
33140
33174
33140
33147
33214
33129
33170
33125
33160
33159
33127
33168
33135
33159
33181
33181
33173
33187
33181
33183
33165
33140
33169
33167
33203
33095
33137
33112
33151
33122
33119
33119
33103
33129
33095
33115
33179
33142
33133
33116
33128
33160
33171
33169
33168
33160
33127
33161
33163
33175
33144
33191
33164
33121
33213
33186
33268
33173
33159
33161
33171
33175
33153
33159
33172
33190
33127
33156
33127
33175
33135
33153
33141
33165
33116
33127
33175
33136
33138
33123
33156
33117
33111
33146
33139
33147
33171
33127
33130
33145
33135
33133
33119
33152
33131
33145
33116
33165
33149
33167
33118
33123
33176
33164
33157
33113
33136
33083
33074
33094
33117
33120
33134
33090
33101
33095
33096
33083
33115
33132
33067
33146
33143
33089
33150
33172
33153
33130
33115
33140
33135
33161
33169
33146
33136
33118
33189
33126
33180
33186
33187
33128
33127
33183
33188
33197
33143
33176
33169
33204
33149
33179
33179
33121
33127
33167
33163
33154
33172
33145
33141
33192
33143
33123
33143
33140
33126
33276
33337
33358
33365
33362
33336
33349
33320
33325
33338
33298
33353
33350
33313
33327
33316
33278
33264
33332
33296
33287
33301
33275
33304
33287
33303
33284
33235
33239
33283
33243
33258
33300
33303
33341
33424
33491
33558
33525
33497
33527
33495
33512
33597
33713
33786
33814
33708
33719
33753
33752
33714
33735
33708
33687
33659
33676
33672
33735
33648
33657
33599
33579
33640
33555
33638
33615
33561
33543
33541
33493
33565
33507
33514
33517
33475
33462
33505
33463
33495
33423
33461
33439
33415
33445
33415
33431
33439
33438
33425
33391
33421
33399
33383
33421
33392
33331
33351
33403
33303
33329
33363
33374
33357
33347
33330
33289
33335
33279
33265
33324
33407
33533
33577
33597
33541
33555
33541
33590
33716
33846
33866
33888
33846
33819
33815
33838
33804
33819
33805
33805
33812
33797
33743
33655
33719
33639
33696
33652
33688
33634
33612
33603
33521
33493
33518
33523
33475
33517
33451
33441
33385
33423
33399
33383
33372
33406
33354
33373
33344
33321
33361
33360
33349
33329
33303
33317
33337
33298
33351
33324
33290
33259
33327
33317
33291
33284
33321
33287
33309
33255
33290
33213
33206
33271
33228
33249
33200
33226
33284
33194
33194
33190
33191
33173
33175
33207
33175
33181
33158
33167
33161
33195
33188
33185
33160
33104
33107
33115
33075
33155
33155
33203
33155
33138
33087
33050
33039
33002
33043
33045
33067
33078
32998
33020
32999
32988
32973
32977
32935
33019
32981
32993
33003
32948
32968
32931
32975
32961
32961
32915
32970
32927
32955
33023
32965
32983
32968
32945
33031
32999
32994
33007
32955
32985
33017
33011
32959
32967
32981
32941
33023
33018
32988
33039
33047
33042
33035
32969
33047
33025
33069
33081
32992
33028
33023
33061
33030
33040
33030
33009
33003
33095
33075
33029
33003
33019
33026
33027
33014
33047
33031
33073
33111
33071
33044
33063
33026
33028
33018
33010
33081
33115
33141
33119
33051
33077
33164
33151
33143
33153
33133
33095
33151
33122
33120
33211
33189
33183
33177
33139
33065
33118
33144
33104
33127
33179
33192
33239
33197
33207
33191
33186
33155
33206
33177
33189
33191
33189
33133
33108
33091
33046
33034
33052
33071
33048
33091
33068
33109
33079
33095
33169
33191
33205
33117
33113
33183
33133
33153
33135
33122
33127
33079
33027
33055
33093
33110
33169
33121
33103
33147
33141
33153
33172
33134
33145
33131
33106
33105
33158
33116
33058
33068
33063
33039
32921
32961
32947
32999
32977
33009
33003
33048
33063
32951
33017
33011
32983
32991
32959
33041
33002
33015
33039
32994
32976
32973
32919
32919
32901
32925
32919
32989
32985
32956
33066
33005
32980
32999
32985
32940
32919
32897
32901
32887
32949
32937
32882
32945
32917
32936
32921
32915
32848
32915
32895
32905
32933
32979
32999
32995
32973
32983
32973
32985
32916
32916
32923
32941
32952
32945
32979
32963
33015
32964
32977
32927
32926
32934
32921
32943
32901
32942
32924
32925
32991
32940
32917
32930
32930
32929
32907
32978
32974
32973
32999
33036
33057
33022
33045
32956
33022
32960
33033
33012
33019
32977
33030
33030
33066
32969
32979
33020
32970
32967
32913
32961
32958
32986
33029
33042
32989
33031
33014
33033
32967
32957
32951
32987
32943
33019
33036
33013
33047
33093
33066
33054
33007
33007
32990
32999
33023
33028
33048
33054
33025
33048
33020
33025
33026
33016
32961
33012
32967
33001
33027
33031
33074
33031
33015
32963
32988
33005
33028
32979
33017
33073
33020
33075
33032
33047
33066
33023
33039
33033
33005
32971
33009
33035
33054
33039
33060
33049
33063
33077
33078
33079
33106
33093
33039
33035
33087
33053
33081
33096
33087
33092
33060
33049
33063
33068
33091
33111
33176
33096
33149
33163
33139
33133
33129
33183
33201
33101
33143
33127
33073
33131
33146
33132
33091
33159
33127
33111
33066
33119
33085
33108
33083
33117
33151
33151
33126
33159
33119
33075
33076
33073
33113
33159
33103
33168
33180
33111
33123
33176
33111
33098
33125
33111
33154
33137
33090
33095
33142
33161
33083
33106
33133
33129
33127
33074
33106
33145
33119
33119
33133
33143
33150
33162
33111
33105
33096
33073
33129
33078
33089
33123
33119
33153
33100
33124
33090
33142
33069
33115
33094
33093
33095
33093
33095
33065
33100
33072
33091
33119
33091
33111
33161
33129
33147
33123
33113
33175
33191
33173
33189
33238
33122
33151
33159
33194
33153
33154
33133
33243
33215
33217
33215
33139
33162
33194
33168
33143
33134
33182
33143
33180
33150
33199
33143
33176
33147
33165
33129
33112
33143
33182
33163
33221
33175
33140
33172
33136
33185
33111
33127
33129
33167
33151
33162
33207
33145
33191
33201
33167
33121
33182
33179
33160
33157
33102
33165
33164
33211
33197
33120
33183
33167
33143
33151
33203
33131
33151
33176
33153
33195
33167
33155
33240
33111
33154
33157
33149
33173
33154
33123
33139
33151
33229
33154
33101
33126
33115
33114
33111
33117
33127
33124
33129
33127
33153
33103
33147
33111
33093
33093
33121
33156
33088
33100
33120
33116
33150
33170
33139
33139
33132
33121
33126
33198
33108
33124
33077
33096
33123
33131
33125
33109
33087
33130
33141
33079
33083
33099
33070
33119
33111
33113
33124
33111
33100
33114
33142
33095
33111
33120
33091
33131
33127
33101
33103
33111
33135
33106
33145
33071
33118
33108
33111
33121
33078
33077
33121
33079
33129
33079
33120
33038
33089
33143
33081
33172
33129
33112
33143
33125
33139
33132
33145
33112
33141
33113
33125
33111
33116
33080
33111
33088
33129
33145
33111
33153
33094
33109
33122
33129
33082
33105
33148
33163
33110
33153
33119
33153
33123
33111
33061
33111
33148
33133
33175
33155
33149
33149
33141
33102
33168
33151
33111
33127
33143
33160
33128
33095
33079
33105
33125
33131
33080
33096
33135
33120
33095
33127
33092
33111
33089
33119
33080
33142
33106
33115
33085
33103
33111
33132
33132
33132
33151
33164
33141
33099
33161
33151
33117
33133
33181
33144
33150
33223
33196
33143
33162
33163
33132
33077
33170
33135
33165
33179
33159
33151
33172
33137
33137
33167
33171
33129
33138
33191
33181
33159
33153
33165
33155
33143
33193
33167
33179
33171
33229
33185
33197
33149
33173
33137
33174
33125
33126
33089
33137
33104
33145
33153
33159
33181
33188
33183
33143
33163
33119
33148
33102
33114
33155
33183
33126
33163
33165
33121
33164
33211
33230
33191
33135
33131
33136
33176
33205
33170
33153
33124
33181
33127
33151
33138
33125
33115
33170
33115
33192
33191
33200
33165
33169
33122
33123
33162
33161
33115
33176
33171
33173
33191
33159
33165
33172
33177
33142
33153
33218
33177
33132
33200
33170
33209
33195
33183
33186
33124
33201
33161
33165
33159
33195
33155
33194
33188
33161
33174
33197
33145
33168
33171
33187
33127
33189
33205
33197
33213
33177
33169
33151
33136
33159
33127
33180
33182
33161
33148
33155
33155
33163
33127
33160
33131
33071
33093
33107
33137
33173
33161
33156
33127
33205
33172
33154
33220
33174
33205
33205
33161
33179
33210
33173
33183
33165
33169
33141
33123
33121
33155
33159
33179
33159
33111
33093
33155
33111
33090
33078
33065
33116
33097
33103
33107
33090
33094
33059
33042
33059
33142
33159
33181
33176
33167
33173
33140
33159
33177
33119
33153
33150
33165
33165
33159
33215
33156
33195
33159
33111
33163
33134
33136
33119
33156
33137
33139
33096
33133
33101
33064
33117
33087
33077
33011
33071
33073
33127
33100
33130
33108
33069
33127
33138
33119
33140
33121
33122
33149
33127
33153
33193
33187
33143
33191
33211
33181
33185
33163
33135
33167
33147
33171
33170
33130
33159
33116
33104
33124
33131
33153
33106
33147
33111
33172
33159
33182
33151
33107
33191
33123
33180
33168
33145
33125
33121
33162
33231
33191
33225
33181
33175
33177
33196
33132
33173
33149
33196
33212
33198
33215
33190
33155
33183
33158
33129
33150
33167
33193
33183
33140
33173
33210
33195
33131
33137
33137
33130
33092
33139
33122
33195
33165
33171
33128
33148
33148
33155
33140
33154
33163
33178
33159
33208
33163
33168
33195
33224
33177
33245
33161
33130
33188
33159
33143
33163
33164
33167
33168
33163
33163
33119
33150
33107
33159
33108
33067
33089
33091
33083
33111
33145
33119
33121
33137
33129
33121
33102
33086
33121
33127
33181
33227
33165
33174
33151
33174
33191
33164
33159
33169
33135
33172
33195
33148
33187
33172
33145
33162
33132
33111
33127
33045
33088
33103
33060
33121
33096
33099
33119
33065
33089
33115
33134
33108
33109
33093
33177
33083
33149
33135
33141
33163
33143
33161
33150
33159
33197
33211
33185
33173
33175
33162
33139
33169
33173
33141
33169
33135
33105
33114
33132
33113
33116
33111
33125
33073
33111
33139
33115
33148
33085
33053
33086
33111
33101
33120
33135
33132
33133
33145
33111
33118
33146
33173
33165
33201
33169
33150
33192
33200
33155
33153
33135
33129
33111
33165
33147
33163
33143
33119
33125
33130
33107
33095
33147
33143
33115
33112
33096
33150
33129
33161
33191
33124
33165
33160
33106
33145
33121
33229
33137
33180
33170
33138
33134
33143
33128
33155
33167
33154
33170
33121
33119
33168
33136
33120
33107
33133
33147
33144
33163
33175
33151
33092
33098
33099
33135
33117
33105
33127
33099
33135
33155
33105
33103
33127
33134
33186
33196
33176
33165
33183
33220
33183
33150
33191
33176
33161
33137
33191
33189
33151
33127
33175
33192
33195
33175
33171
33142
33215
33193
33151
33171
33111
33135
33110
33164
33131
33095
33119
33116
33133
33095
33083
33105
33126
33110
33165
33179
33139
33135
33124
33143
33153
33139
33177
33150
33175
33208
33172
33211
33157
33169
33153
33169
33144
33180
33215
33139
33181
33137
33143
33128
33169
33146
33174
33145
33093
33111
33122
33103
33175
33134
33135
33125
33132
33141
33104
33182
33142
33177
33142
33190
33164
33137
33189
33161
33162
33177
33195
33154
33165
33139
33150
33121
33211
33091
33160
33143
33166
33153
33117
33179
33121
33119
33121
33086
33141
33091
33080
33107
33079
33111
33160
33170
33164
33117
33176
33113
33124
33132
33182
33135
33143
33135
33099
33154
33207
33154
33153
33117
33177
33170
33186
33175
33168
33143
33113
33148
33126
33166
33167
33161
33143
33132
33151
33110
33101
33117
33116
33095
33093
33107
33154
33190
33123
33108
33142
33159
33175
33137
33187
33185
33157
33136
33199
33155
33172
33157
33194
33174
33142
33206
33153
33143
33121
33116
33133
33095
33159
33133
33116
33114
33126
33127
33143
33141
33160
33127
33138
33159
33175
33111
33138
33146
33138
33127
33163
33139
33127
33178
33181
33203
33191
33151
33140
33127
33133
33193
33165
33173
33191
33138
33151
33149
33143
33144
33133
33191
33177
33175
33127
33114
33131
33179
33129
33095
33173
33089
33090
33123
33113
33181
33097
33138
33115
33169
33156
33125
33172
33163
33159
33128
33157
33139
33155
33175
33172
33166
33172
33143
33147
33147
33173
33127
33186
33147
33151
33153
33170
33193
33170
33207
33175
33126
33199
33159
33136
33162
33167
33171
33169
33123
33172
33165
33135
33175
33168
33195
33145
33147
33159
33130
33213
33169
33184
33171
33206
33165
33183
33167
33217
33179
33109
33181
33146
33167
33215
33203
33129
33157
33129
33121
33101
33115
33095
33129
33092
33107
33097
33137
33127
33155
33101
33127
33121
33173
33142
33152
33111
33151
33127
33101
33115
33165
33159
33203
33195
33193
33168
33170
33146
33209
33199
33187
33179
33141
33177
33177
33183
33139
33159
33164
33124
33115
33147
33129
33092
33127
33119
33115
33127
33121
33131
33111
33170
33130
33146
33127
33155
33133
33133
33130
33158
33189
33156
33179
33119
33151
33187
33180
33215
33159
33184
33187
33183
33141
33177
33189
33171
33143
33151
33174
33133
33157
33173
33143
33141
33104
33134
33071
33151
33131
33135
33061
33147
33130
33186
33139
33126
33144
33131
33167
33160
33211
33135
33188
33188
33164
33177
33221
33175
33204
33238
33191
33174
33118
33154
33183
33095
33125
33147
33119
33122
33179
33129
33121
33131
33139
33133
33118
33128
33187
33100
33152
33143
33108
33109
33117
33151
33133
33162
33164
33132
33185
33180
33189
33153
33197
33132
33137
33167
33165
33200
33169
33157
33161
33139
33207
33145
33176
33153
33113
33179
33129
33120
33136
33158
33158
33138
33111
33141
33116
33109
33111
33122
33175
33107
33176
33161
33135
33135
33116
33156
33192
33154
33211
33115
33189
33181
33192
33146
33153
33186
33223
33115
33119
33141
33153
33105
33153
33153
33127
33126
33141
33175
33079
33139
33154
33134
33161
33123
33130
33142
33107
33119
33121
33143
33116
33164
33165
33165
33227
33159
33191
33243
33191
33193
33196
33209
33167
33161
33198
33190
33146
33209
33161
33221
33207
33179
33153
33203
33196
33184
33120
33207
33167
33173
33174
33169
33183
33157
33158
33167
33186
33158
33177
33164
33158
33211
33219
33193
33179
33205
33182
33227
33217
33211
33221
33169
33180
33199
33189
33143
33172
33182
33182
33204
33217
33158
33245
33148
33168
33142
33132
33158
33161
33288
33173
33124
33151
33121
33094
33176
33175
33193
33139
33152
33121
33161
33182
33135
33148
33132
33135
33153
33159
33135
33201
33173
33193
33154
33138
33190
33202
33187
33174
33111
33151
33159
33147
33108
33161
33151
33167
33118
33107
33160
33129
33149
33097
33155
33127
33175
33127
33173
33107
33107
33151
33154
33167
33185
33178
33134
33165
33135
33153
33147
33143
33232
33166
33177
33141
33168
33207
33166
33122
33114
33164
33176
33221
33168
33121
33128
33159
33169
33127
33121
33108
33152
33130
33119
33115
33127
33112
33180
33136
33137
33109
33165
33177
33151
33150
33143
33168
33201
33167
33131
33163
33197
33158
33146
33151
33147
33183
33187
33204
33165
33177
33185
33133
33177
33133
33158
33127
33111
33125
33134
33135
33154
33111
33108
33113
33116
33087
33121
33114
33169
33159
33127
33145
33195
33097
33156
33179
33148
33146
33164
33145
33145
33185
33171
33138
33124
33153
33153
33157
33183
33180
33162
33133
33159
33147
33105
33132
33145
33136
33140
33155
33127
33172
33171
33119
33142
33109
33162
33144
33145
33144
33133
33125
33179
33178
33180
33105
33169
33166
33144
33156
33159
33181
33138
33151
33173
33150
33187
33185
33200
33170
33182
33165
33171
33190
33163
33162
33135
33135
33119
33117
33158
33107
33145
33110
33173
33193
33155
33155
33133
33182
33159
33172
33174
33163
33132
33159
33155
33120
33156
33154
33151
33175
33197
33168
33173
33192
33182
33191
33119
33181
33169
33206
33178
33176
33217
33206
33149
33106
33155
33125
33135
33126
33159
33148
33136
33131
33111
33151
33127
33149
33113
33129
33175
33175
33180
33167
33149
33159
33146
33165
33151
33153
33143
33197
33186
33241
33192
33231
33203
33173
33159
33147
33111
33146
33171
33215
33124
33159
33145
33119
33183
33149
33145
33079
33109
33145
33187
33187
33165
33133
33143
33142
33106
33164
33125
33125
33161
33127
33127
33165
33123
33169
33135
33171
33220
33157
33165
33143
33133
33200
33139
33131
33204
33173
33161
33158
33133
33116
33141
33174
33159
33129
33135
33111
33183
33144
33132
33129
33140
33124
33109
33149
33156
33109
33163
33125
33122
33139
33144
33137
33146
33126
33172
33155
33192
33223
33119
33167
33145
33199
33191
33169
33138
33179
33169
33167
33221
33157
33167
33107
33165
33134
33151
33096
33109
33096
33145
33171
33127
33099
33100
33115
33086
33095
33111
33111
33125
33155
33093
33117
33135
33177
33169
33139
33131
33115
33179
33199
33168
33130
33203
33148
33166
33111
33188
33157
33164
33166
33161
33091
33127
33132
33130
33082
33094
33114
33143
33117
33159
33136
33134
33104
33108
33094
33151
33109
33153
33135
33161
33131
33141
33147
33193
33137
33197
33133
33167
33171
33131
33119
33137
33159
33161
33129
33169
33117
33140
33135
33141
33159
33141
33132
33140
33129
33111
33103
33065
33121
33093
33112
33097
33121
33149
33106
33132
33132
33145
33175
33088
33129
33181
33138
33181
33202
33177
33141
33220
33177
33247
33149
33164
33181
33199
33173
33157
33186
33213
33204
33185
33200
33140
33145
33173
33175
33134
33135
33167
33127
33107
33131
33111
33147
33163
33087
33127
33119
33179
33112
33109
33144
33175
33164
33126
33115
33187
33186
33194
33161
33164
33159
33215
33194
33159
33156
33153
33169
33127
33151
33177
33184
33220
33188
33134
33203
33122
33124
33167
33151
33139
33103
33148
33167
33115
33131
33126
33093
33191
33159
33125
33161
33153
33141
33134
33168
33208
33172
33118
33185
33211
33185
33191
33171
33183
33183
33165
33178
33176
33161
33131
33184
33199
33176
33175
33195
33197
33118
33169
33165
33111
33110
33151
33142
33117
33163
33159
33131
33123
33174
33153
33143
33175
33170
33165
33191
33192
33166
33168
33141
33157
33135
33199
33148
33169
33117
33223
33179
33137
33166
33170
33159
33160
33152
33111
33125
33121
33174
33151
33111
33124
33118
33107
33176
33101
33122
33135
33092
33169
33167
33123
33124
33148
33142
33133
33195
33159
33131
33114
33159
33189
33188
33194
33162
33215
33162
33149
33181
33183
33199
33141
33139
33107
33129
33129
33127
33140
33133
33142
33147
33119
33120
33121
33153
33132
33130
33143
33151
33172
33182
33144
33145
33151
33211
33159
33143
33151
33145
33180
33172
33191
33173
33175
33191
33191
33144
33140
33149
33164
33127
33193
33111
33171
33147
33105
33136
33163
33115
33149
33151
33183
33137
33122
33116
33073
33112
33140
33116
33111
33126
33132
33114
33147
33125
33106
33124
33141
33161
33159
33151
33141
33113
33103
33145
33160
33158
33186
33125
33175
33259
33189
33215
33188
33179
33135
33215
33140
33155
33132
33124
33126
33149
33173
33139
33096
33145
33135
33165
33140
33153
33157
33173
33099
33171
33145
33159
33167
33161
33167
33182
33193
33143
33234
33135
33171
33173
33216
33150
33138
33174
33155
33188
33191
33173
33187
33117
33159
33175
33164
33161
33226
33162
33141
33186
33162
33121
33129
33160
33147
33151
33175
33143
33115
33204
33164
33191
33185
33116
33144
33225
33229
33151
33176
33201
33200
33173
33208
33181
33188
33163
33167
33240
33150
33161
33115
33209
33162
33193
33163
33221
33146
33123
33149
33144
33147
33135
33168
33148
33135
33166
33150
33193
33163
33133
33159
33119
33159
33211
33155
33193
33118
33165
33188
33192
33178
33163
33201
33204
33151
33179
33121
33159
33137
33136
33181
33166
33145
33128
33151
33133
33113
33138
33087
33111
33151
33153
33129
33133
33117
33127
33152
33143
33095
33124
33154
33170
33197
33153
33217
33229
33165
33233
33184
33167
33203
33201
33153
33142
33135
33227
33218
33193
33185
33155
33156
33138
33166
33135
33113
33109
33153
33077
33137
33149
33139
33093
33151
33112
33139
33135
33135
33127
33185
33170
33123
33149
33185
33146
33191
33120
33089
33127
33172
33163
33148
33193
33149
33140
33160
33151
33155
33169
33172
33121
33147
33187
33165
33150
33166
33128
33118
33145
33147
33143
33151
33188
33157
33119
33143
33126
33146
33127
33073
33148
33138
33196
33131
33122
33169
33164
33151
33107
33183
33127
33157
33165
33165
33147
33145
33173
33159
33144
33109
33168
33150
33132
33136
33143
33153
33177
33111
33146
33101
33157
33169
33123
33153
33135
33158
33089
33175
33185
33175
33155
33203
33209
33209
33159
33183
33129
33184
33199
33187
33193
33157
33183
33199
33219
33202
33185
33215
33202
33215
33151
33190
33131
33185
33183
33172
33169
33169
33204
33170
33199
33149
33167
33135
33151
33147
33145
33166
33202
33164
33137
33117
33139
33144
33171
33182
33158
33150
33199
33195
33185
33187
33212
33183
33227
33226
33216
33196
33168
33176
33186
33171
33143
33202
33196
33155
33147
33135
33115
33197
33151
33118
33147
33131
33151
33139
33151
33114
33109
33143
33177
33141
33151
33153
33120
33120
33157
33138
33171
33191
33178
33193
33195
33174
33172
33181
33159
33153
33213
33196
33119
33188
33150
33179
33160
33137
33159
33136
33140
33120
33131
33093
33161
33149
33150
33111
33144
33143
33134
33149
33180
33197
33173
33157
33154
33187
33199
33175
33153
33161
33149
33171
33157
33141
33137
33171
33185
33141
33169
33158
33188
33144
33142
33145
33177
33150
33110
33095
33125
33118
33156
33111
33160
33111
33111
33117
33182
33135
33112
33154
33111
33166
33149
33157
33159
33159
33201
33153
33198
33165
33167
33206
33130
33122
33183
33153
33161
33115
33181
33168
33127
33175
33171
33173
33123
33148
33155
33139
33128
33089
33153
33135
33141
33095
33143
33131
33136
33151
33159
33169
33112
33174
33183
33170
33177
33175
33151
33119
33161
33144
33169
33152
33151
33143
33179
33143
33173
33143
33163
33198
33164
33140
33135
33148
33177
33142
33162
33151
33111
33142
33139
33133
33143
33090
33143
33095
33135
33144
33171
33119
33111
33145
33146
33153
33137
33141
33129
33109
33185
33144
33164
33149
33136
33191
33149
33149
33145
33196
33169
33148
33178
33198
33167
33183
33168
33158
33159
33135
33159
33151
33158
33141
33151
33187
33182
33139
33117
33181
33103
33147
33132
33167
33147
33149
33165
33179
33201
33207
33173
33151
33155
33163
33151
33215
33167
33195
33165
33195
33219
33197
33191
33239
33201
33172
33170
33179
33141
33130
33164
33159
33163
33165
33223
33150
33072
33112
33165
33132
33129
33149
33135
33144
33115
33115
33144
33175
33169
33151
33232
33165
33178
33180
33151
33144
33151
33160
33205
33178
33187
33168
33177
33151
33156
33181
33153
33202
33140
33141
33177
33169
33150
33129
33175
33143
33106
33128
33137
33147
33159
33117
33052
33183
33157
33173
33112
33151
33159
33165
33154
33129
33095
33173
33175
33182
33162
33142
33175
33158
33165
33153
33167
33156
33127
33174
33127
33127
33173
33095
33123
33111
33123
33079
33142
33166
33177
33153
33173
33193
33209
33182
33123
33163
33155
33212
33152
33151
33177
33192
33191
33151
33222
33175
33214
33160
33140
33147
33183
33213
33147
33177
33132
33143
33181
33209
33187
33163
33153
33121
33149
33094
33128
33161
33128
33133
33143
33121
33127
33101
33173
33144
33159
33115
33151
33178
33142
33158
33127
33135
33105
33136
33170
33152
33125
33173
33116
33177
33187
33213
33143
33169
33172
33196
33131
33120
33127
33167
33198
33131
33160
33190
33095
33128
33164
33151
33181
33159
33167
33103
33165
33159
33148
33151
33146
33121
33127
33119
33143
33153
33175
33133
33086
33083
33087
33147
33139
33143
33135
33111
33129
33119
33131
33179
33125
33140
33183
33121
33168
33135
33175
33179
33057
33073
33142
33109
33087
33157
33157
33084
33112
33103
33091
33133
33167
33167
33128
33155
33119
33113
33167
33119
33158
33165
33159
33210
33162
33191
33209
33189
33173
33159
33193
33187
33183
33183
33177
33147
33135
33147
33150
33149
33177
33164
33087
33099
33101
33128
33124
33102
33147
33174
33169
33113
33149
33130
33133
33125
33145
33132
33155
33178
33177
33167
33161
33146
33184
33164
33217
33117
33175
33199
33143
33148
33172
33201
33161
33157
33147
33175
33198
33177
33150
33139
33147
33151
33094
33121
33135
33169
33150
33151
33127
33143
33153
33141
33131
33155
33149
33162
33107
33157
33148
33171
33180
33159
33100
33203
33148
33171
33150
33206
33127
33172
33146
33172
33147
33147
33133
33181
33142
33159
33127
33143
33140
33167
33154
33109
33136
33121
33129
33156
33095
33143
33126
33105
33159
33143
33166
33144
33171
33172
33152
33151
33210
33181
33209
33143
33191
33109
33208
33188
33151
33187
33145
33135
33141
33161
33137
33129
33122
33116
33166
33173
33125
33112
33149
33144
33174
33137
33132
33181
33153
33166
33117
33170
33177
33068
33081
33115
33134
33160
33195
33147
33189
33137
33127
33168
33176
33125
33196
33163
33169
33176
33154
33134
33194
33175
33197
33127
33129
33157
33133
33161
33130
33157
33133
33134
33090
33111
33157
33163
33139
33113
33107
33151
33128
33135
33171
33131
33169
33207
33194
33129
33163
33200
33165
33167
33169
33150
33184
33155
33181
33223
33184
33167
33129
33117
33192
33147
33095
33143
33183
33125
33115
33132
33121
33083
33141
33137
33108
33147
33146
33121
33174
33176
33093
33154
33140
33127
33094
33137
33135
33135
33160
33165
33177
33185
33155
33143
33173
33207
33159
33227
33137
33147
33153
33182
33170
33135
33167
33154
33205
33157
33157
33151
33189
33163
33165
33116
33152
33133
33161
33184
33182
33191
33181
33162
33154
33180
33207
33135
33200
33198
33150
33207
33172
33196
33229
33179
33204
33195
33179
33189
33173
33159
33191
33204
33183
33149
33165
33164
33119
33167
33183
33203
33161
33143
33171
33155
33123
33177
33143
33145
33143
33159
33191
33174
33151
33128
33145
33209
33175
33221
33183
33168
33241
33175
33191
33203
33270
33199
33169
33211
33206
33170
33184
33172
33142
33167
33205
33187
33220
33178
33127
33162
33123
33145
33136
33120
33182
33159
33127
33094
33163
33160
33127
33139
33129
33113
33117
33166
33135
33115
33145
33185
33182
33177
33147
33137
33178
33125
33168
33158
33148
33171
33141
33127
33116
33188
33167
33102
33170
33183
33111
33141
33144
33163
33136
33137
33127
33142
33147
33151
33128
33161
33135
33124
33143
33179
33169
33159
33178
33194
33171
33199
33145
33185
33236
33198
33194
33171
33183
33207
33199
33134
33160
33187
33157
33145
33107
33184
33100
33178
33147
33181
33196
33168
33157
33129
33147
33139
33101
33137
33127
33127
33141
33127
33119
33180
33193
33189
33179
33179
33166
33185
33135
33131
33151
33136
33170
33171
33169
33173
33155
33209
33162
33183
33192
33193
33141
33121
33135
33204
33181
33119
33175
33151
33155
33135
33103
33143
33113
33097
33147
33142
33128
33124
33203
33193
33127
33155
33123
33135
33139
33142
33119
33169
33203
33155
33112
33130
33128
33125
33188
33151
33141
33141
33167
33122
33119
33149
33129
33174
33166
33139
33122
33138
33147
33145
33095
33129
33120
33175
33152
33138
33217
33278
33250
33228
33264
33280
33222
33277
33265
33277
33307
33280
33227
33241
33296
33330
33308
33301
33271
33279
33312
33299
33281
33349
33277
33339
33287
33291
33307
33351
33287
33259
33269
33282
33288
33304
33326
33304
33309
33305
33329
33317
33320
33231
33309
33310
33311
33280
33356
33351
33359
33317
33323
33301
33296
33336
33301
33343
33303
33280
33318
33333
33383
33378
33383
33404
33363
33369
33339
33283
33312
33393
33356
33377
33411
33393
33415
33439
33431
33387
33336
33351
33315
33350
33298
33304
33287
33342
33324
33324
33319
33288
33260
33202
33171
33176
33141
33206
33225
33257
33285
33275
33270
33226
33213
33201
33153
33123
33115
33268
33253
33295
33295
33319
33269
33237
33226
33241
33185
33201
33189
33207
33261
33239
33259
33239
33240
33191
33199
33077
33064
33059
33111
33140
33103
33144
33180
33119
33157
33093
32995
33023
33015
33003
33053
33065
33089
33146
33122
33108
33113
33078
33095
33033
33043
33009
33021
33070
33063
33093
33185
33159
33143
33200
33089
33074
33074
33063
33071
33072
33117
33131
33185
33119
33093
33067
33036
32975
32933
33004
32991
32951
33115
33108
33097
33081
33075
33081
33059
33034
32966
32967
32980
33016
33049
33065
33077
33093
33085
33071
33034
33057
33005
33016
33056
33090
33063
33143
33253
33190
33139
33110
33091
33037
33057
33076
32998
33093
33103
33091
33145
33117
33132
33128
33033
33019
33031
33002
32987
33029
33023
33077
33079
33052
33063
33088
33076
33052
33044
32996
33059
33066
33041
33103
33203
33182
33157
33171
33092
33123
33200
33129
33082
33090
33094
33148
33133
33127
33176
33182
33134
33117
33132
33082
33143
33071
33097
33197
33185
33198
33221
33183
33090
33149
33090
33058
33059
33103
33127
33171
33189
33233
33265
33207
33134
33149
33133
33123
33137
33132
33169
33210
33207
33217
33207
33159
33164
33125
33103
33116
33073
33081
33204
33153
33127
33161
33135
33135
33099
33095
33067
33127
33081
33117
33111
33151
33183
33183
33148
33149
33133
33123
33141
33130
33148
33107
33109
33163
33167
33196
33223
33162
33207
33167
33159
33131
33137
33105
33121
33116
33135
33151
33127
33131
33132
33135
33127
33137
33088
33049
33059
33061
33105
33143
33117
33116
33128
33132
33099
33115
33121
33129
33077
33111
33141
33189
33183
33193
33183
33122
33116
33139
33104
33103
33123
33169
33077
33183
33192
33153
33134
33118
33147
33107
33010
33079
33014
33073
33093
33109
33117
33095
33119
33072
33079
33078
33113
33015
33097
33115
33128
33095
33145
33157
33118
33139
33155
33144
33127
33166
33175
33125
33145
33170
33175
33151
33169
33161
33171
33159
33139
33086
33068
33095
33101
33119
33117
33110
33117
33129
33121
33101
33132
33081
33065
33113
33114
33096
33125
33111
33103
33117
33130
33128
33133
33122
33150
33206
33131
33149
33168
33175
33149
33196
33161
33178
33133
33103
33108
33159
33175
33137
33143
33243
33225
33204
33165
33151
33168
33170
33197
33119
33162
33164
33171
33142
33169
33169
33151
33178
33150
33162
33171
33255
33219
33219
33223
33285
33257
33251
33235
33249
33292
33267
33247
33238
33225
33210
33264
33215
33223
33242
33216
33209
33158
33177
33181
33107
33142
33127
33161
33103
33170
33187
33156
33170
33136
33151
33114
33133
33192
33131
33141
33152
33213
33239
33205
33213
33187
33188
33255
33164
33229
33217
33207
33257
33224
33241
33239
33197
33205
33215
33117
33145
33151
33167
33132
33175
33160
33143
33147
33171
33149
33206
33133
33139
33160
33198
33165
33108
33090
33155
33161
33203
33128
33135
33163
33129
33166
33181
33146
33144
33161
33164
33169
33181
33169
33185
33217
33156
33181
33193
33191
33161
33180
33154
33152
33156
33145
33105
33097
33143
33121
33117
33075
33132
33104
33181
33117
33115
33120
33127
33149
33107
33130
33133
33158
33113
33158
33203
33171
33202
33183
33178
33170
33241
33200
33182
33161
33192
33221
33152
33159
33169
33159
33206
33163
33173
33165
33149
33159
33189
33207
33181
33145
33165
33135
33135
33177
33174
33175
33168
33149
33175
33203
33145
33155
33193
33135
33177
33174
33157
33206
33211
33175
33201
33222
33242
33197
33161
33167
33151
33152
33133
33163
33109
33127
33159
33156
33159
33179
33120
33106
33105
33100
33128
33085
33108
33142
33106
33175
33180
33164
33160
33141
33175
33137
33143
33183
33173
33201
33162
33123
33186
33163
33199
33184
33153
33171
33157
33147
33155
33167
33149
33156
33169
33119
33171
33137
33113
33159
33100
33123
33157
33073
33119
33142
33062
33071
33119
33097
33122
33133
33137
33115
33128
33145
33111
33115
33124
33179
33151
33159
33188
33218
33137
33143
33164
33203
33167
33180
33153
33213
33195
33119
33153
33143
33120
33075
33079
33084
33105
33096
33150
33089
33145
33083
33126
33131
33157
33111
33125
33068
33124
33123
33159
33195
33135
33171
33183
33191
33163
33182
33194
33173
33169
33176
33195
33150
33159
33199
33190
33189
33171
33198
33158
33166
33209
33212
33255
33189
33189
33227
33230
33229
33313
33254
33237
33259
33288
33278
33245
33253
33255
33246
33318
33295
33347
33303
33316
33325
33309
33330
33355
33365
33370
33319
33348
33343
33355
33423
33378
33349
33331
33363
33364
33351
33351
33303
33302
33348
33330
33351
33353
33387
33363
33330
33361
33345
33369
33408
33403
33403
33392
33358
33357
33381
33370
33338
33375
33365
33375
33439
33444
33432
33401
33370
33329
33319
33283
33323
33363
33317
33348
33321
33332
33284
33288
33257
33276
33263
33312
33275
33317
33268
33329
33334
33382
33341
33271
33300
33312
33282
33285
33328
33322
33297
33304
33325
33283
33267
33224
33203
33170
33161
33147
33176
33148
33155
33112
33135
33057
33066
33055
33020
33010
32995
32987
33005
32977
33021
32989
33042
33037
33019
33007
33050
33023
33031
33076
33045
33087
33128
33065
33128
33142
33097
33143
33177
33139
33159
33120
33146
33170
33166
33113
33104
33109
33111
33096
33123
33099
33015
33023
32996
33034
32991
32954
32920
32937
32912
32981
32935
32926
32899
32957
32973
33009
33001
33001
33046
33022
33026
33064
33027
33047
33074
33076
33099
33100
33117
33139
33177
33197
33157
33148
33118
33098
33113
33120
33088
33073
33063
33067
33022
33077
32994
33036
33001
32936
33001
32975
32979
32993
32938
32991
33021
33046
33017
33007
33020
33079
33093
33140
33071
33130
33137
33143
33121
33115
33135
33111
33145
33129
33140
33121
33150
33124
33121
33123
33089
33128
33095
33127
33094
33061
33029
33031
33007
32997
32980
33018
33051
32995
33009
33044
33071
33019
33021
33013
33057
33057
33065
33063
33063
33125
33124
33150
33259
33188
33205
33193
33208
33201
33161
33207
33175
33206
33202
33145
33175
33119
33127
33123
33109
33134
33102
33091
33128
33103
33099
33122
33093
33111
33060
33079
33096
33073
33098
33057
33098
33085
33122
33111
33103
33134
33084
33159
33122
33129
33195
33171
33164
33182
33179
33172
33152
33195
33200
33171
33171
33151
33125
33097
33137
33118
33103
33035
33018
33057
33058
33055
33060
33047
33025
33055
33015
33075
33054
33093
33086
33079
33111
33125
33083
33105
33180
33151
33138
33175
33184
33138
33227
33196
33223
33218
33197
33215
33200
33161
33137
33144
33165
33175
33113
33112
33113
33077
33061
33070
33063
33007
33071
33031
33051
33061
33117
33075
33095
33122
33121
33083
33103
33113
33058
33109
33144
33138
33167
33197
33187
33178
33158
33185
33196
33174
33204
33143
33180
33159
33167
33152
33183
33146
33115
33132
33063
33090
33101
33047
33048
33023
32996
33069
33076
33097
33035
33069
33060
33089
33051
33062
33113
33116
33073
33125
33137
33136
33174
33185
33193
33158
33191
33183
33159
33182
33189
33228
33172
33219
33147
33149
33175
33143
33144
33115
33087
33127
33128
33076
33061
33081
33041
33066
33049
33099
33034
33095
33064
33063
33077
33089
33096
33121
33148
33167
33139
33158
33155
33214
33224
33215
33246
33150
33223
33203
33194
33221
33209
33173
33227
33175
33177
33179
33175
33161
33107
33101
33197
33117
33077
33086
33154
33099
33051
33126
33082
33067
33095
33105
33127
33108
33127
33131
33131
33127
33141
33176
33203
33174
33176
33172
33165
33177
33216
33206
33227
33219
33217
33223
33164
33143
33192
33120
33184
33135
33132
33132
33123
33101
33148
33147
33131
33149
33151
33095
33131
33131
33151
33111
33119
33088
33077
33131
33148
33157
33175
33161
33212
33218
33196
33207
33267
33245
33200
33181
33259
33231
33251
33209
33163
33181
33165
33174
33124
33135
33127
33171
33103
33110
33121
33110
33071
33098
33070
33081
33106
33090
33074
33063
33085
33149
33111
33153
33127
33127
33130
33159
33229
33163
33197
33204
33203
33271
33227
33237
33191
33214
33177
33232
33189
33219
33184
33180
33164
33151
33182
33171
33121
33121
33081
33118
33121
33102
33123
33139
33055
33061
33091
33082
33139
33095
33128
33122
33137
33130
33163
33115
33175
33164
33172
33197
33185
33199
33207
33153
33199
33201
33207
33197
33199
33217
33160
33191
33179
33172
33197
33139
33119
33110
33131
33087
33103
33094
33082
33073
33089
33089
33080
33106
33116
33109
33120
33087
33141
33133
33141
33159
33153
33162
33139
33182
33181
33235
33175
33190
33183
33175
33206
33213
33255
33228
33195
33202
33174
33197
33151
33179
33144
33151
33183
33117
33110
33166
33119
33098
33055
33111
33120
33103
33098
33151
33100
33086
33105
33153
33163
33118
33171
33191
33187
33173
33165
33189
33167
33241
33246
33179
33222
33200
33210
33276
33218
33246
33170
33221
33255
33231
33205
33217
33178
33182
33192
33187
33180
33224
33157
33113
33153
33139
33205
33239
33251
33163
33212
33287
33244
33234
33250
33262
33259
33244
33279
33257
33299
33308
33299
33255
33265
33257
33247
33299
33267
33238
33251
33235
33238
33179
33253
33175
33205
33167
33157
33160
33179
33149
33106
33136
33135
33121
33168
33097
33113
33131
33134
33144
33195
33167
33191
33101
33230
33228
33228
33239
33223
33229
33268
33249
33220
33220
33286
33243
33186
33267
33255
33210
33213
33167
33172
33181
33153
33181
33200
33165
33201
33109
33077
33079
33128
33136
33115
33157
33135
33127
33130
33101
33145
33147
33119
33151
33163
33159
33129
33157
33095
33199
33149
33211
33187
33135
33159
33218
33164
33183
33171
33171
33173
33159
33143
33178
33146
33098
33165
33136
33100
33107
33085
33105
33145
33126
33094
33111
33139
33079
33117
33151
33122
33121
33161
33151
33168
33214
33175
33202
33209
33161
33249
33231
33217
33198
33239
33202
33206
33279
33291
33267
33238
33229
33211
33189
33251
33181
33193
33187
33220
33177
33165
33162
33152
33110
33180
