32695
32748
32771
32772
32783
32818
32797
32781
32779
32759
32767
32769
32807
32797
32802
32781
32783
32757
32789
32797
32779
32793
32825
32828
32825
32823
32825
32833
32894
32863
32809
32831
32867
32880
32853
32851
32858
32861
32889
32872
32860
32919
32887
32871
32870
32907
32909
32891
32905
32932
32969
32970
32967
32941
32929
32935
32911
32882
32923
32932
32913
32911
32922
32941
32922
32930
32892
32925
32913
32940
32935
32921
32903
32930
32963
32935
32920
32909
32927
32973
32993
32957
32959
32955
32930
32981
32973
32947
32954
32979
32958
32959
32999
32987
32988
33015
32994
33012
33011
33005
33017
33003
33007
33055
32995
32978
33007
32988
33153
33141
33033
33028
33022
33030
33027
33026
33029
33041
33027
32982
32983
33029
33015
33031
33043
33007
33026
33013
32969
32987
32989
33008
33010
32996
32943
32953
32979
32990
32970
32971
32951
32972
32934
32975
32937
32913
32894
32876
32875
32879
32895
32895
32869
32855
32898
32911
32855
32855
32878
32890
32900
32886
32887
32876
32903
32899
32867
32880
32829
32814
32864
32843
32827
32832
32817
32797
32788
32751
32767
32824
32775
32767
32709
32727
32758
32721
32695
32753
32703
32733
32719
32735
32734
32732
32673
32667
32623
32629
32634
32628
32634
32587
32597
32654
32639
32639
32622
32618
32616
32621
32628
32646
32623
32606
32614
32653
32567
32550
32593
32597
32548
32560
32573
32577
32585
32635
32570
32548
32551
32597
32589
32569
32597
32617
32612
32525
32527
32510
32565
32558
32549
32559
32559
32521
32593
32586
32555
32577
32627
32594
32593
32625
32607
32575
32571
32598
32612
32621
32599
32578
32593
32591
32599
32648
32601
32570
32563
32558
32581
32624
32619
32607
32655
32647
32653
32641
32648
32687
32702
32645
32643
32674
32671
32673
32691
32715
32683
32727
32754
32711
32692
32687
32743
32703
32646
32671
32701
32700
32717
32718
32673
32703
32710
32657
32694
32698
32649
32635
32636
32661
32721
32678
32687
32693
32671
32701
32680
32655
32637
32630
32709
32706
32695
32711
32729
32683
32709
32676
32619
32652
32661
32685
32707
32627
32639
32663
32645
32664
32681
32615
32636
32635
32677
32670
32645
32672
32667
32642
32659
32662
32661
32673
32685
32683
32699
32691
32661
32719
32697
32695
32694
32637
32655
32669
32663
32675
32673
32727
32735
32681
32722
32715
32759
32729
32715
32730
32693
32697
32725
32801
32805
32797
32810
32767
32762
32741
32771
32795
32798
32777
32765
32771
32781
32805
32829
32817
32855
32845
32887
32927
32893
32874
32870
32849
32865
32911
32901
32883
32895
32915
32918
32889
32927
32935
32966
32942
32961
32957
32984
32998
33018
33002
32975
32975
32974
33003
33023
33019
33015
33041
33045
33032
33041
33043
33031
33040
33043
32985
33017
33037
33087
33031
33031
33055
33076
33066
33065
33036
33096
33121
33096
33141
33145
33113
33100
33145
33142
33115
33125
33117
33076
33115
33111
33117
33111
33139
33141
33126
33111
33109
33085
33101
33125
33078
33075
33111
33079
33097
33067
33105
33125
33105
33065
33095
33081
33031
33047
33094
33119
33083
33047
33047
33071
33078
33071
33099
33119
33062
33041
33056
33047
33087
33092
33069
33033
33020
33039
33033
33055
33109
33101
33056
33052
33048
33065
33060
33047
33049
33089
33017
32995
33041
33046
33062
33057
33054
33081
33047
33013
33061
33101
33128
33108
33071
33042
33053
33086
33131
33095
33079
33078
33101
33072
33107
33078
33113
33117
33092
33102
33121
33138
33133
33154
33131
33134
33121
33120
33119
33177
33138
33095
33157
33146
33116
33102
33133
33151
33143
33195
33147
33138
33137
33189
33200
33166
33197
33181
33160
33159
33187
33191
33243
33229
33177
33178
33152
33151
33209
33207
33205
33197
33209
33190
33191
33205
33226
33262
33254
33210
33227
33249
33223
33193
33221
33268
33277
33232
33195
33247
33240
33237
33227
33257
33210
33196
33209
33224
33243
33235
33255
33271
33251
33197
33203
33227
33216
33188
33214
33254
33257
33203
33187
33213
33279
33248
33229
33245
33180
33175
33211
33247
33233
33177
33213
33239
33219
33193
33223
33225
33223
33217
33223
33219
33236
33231
33223
33175
33202
33226
33245
33199
33191
33187
33209
33211
33213
33223
33191
33163
33217
33229
33249
33233
33247
33215
33219
33207
33212
33259
33233
33241
33219
33227
33271
33226
33223
33211
33229
33225
33185
33169
33210
33207
33195
33207
33190
33168
33180
33137
33183
33165
33171
33194
33197
33164
33173
33169
33163
33169
33180
33189
33172
33181
33145
33168
33204
33167
33139
33169
33147
33149
33154
33165
33153
33147
33189
33182
33159
33164
33192
33177
33160
33140
33135
33157
33135
33156
33179
33168
33203
33146
33175
33135
33147
33143
33148
33144
33210
33237
33188
33183
33156
33169
33182
33193
33157
33175
33155
33165
33165
33193
33171
33163
33175
33183
33194
33168
33189
33177
33177
33161
33161
33159
33161
33174
33173
33143
33177
33193
33160
33156
33199
33193
33196
33175
33164
33185
33221
33209
33201
33127
33111
33143
33138
33131
33121
33133
33144
33170
33110
33147
33182
33189
33156
33115
33123
33127
33111
33158
33181
33158
33183
33172
33165
33139
33109
33103
33140
33153
33133
33105
33171
33199
33147
33133
33165
33159
33139
33151
33181
33153
33140
33149
33137
33154
33137
33153
33138
33164
33151
33193
33199
33163
33123
33144
33119
33090
33180
33191
33166
33155
33131
33091
33110
33170
33140
33119
33123
33143
33151
33145
33095
33095
33137
33137
33148
33147
33153
33142
33129
33117
33127
33131
33116
33141
33151
33128
33143
33105
33109
33115
33111
33114
33087
33083
33110
33120
33128
33159
33147
33144
33182
33145
33164
33219
33197
33151
33169
33169
33159
33119
33135
33200
33169
33141
33133
33159
33151
33135
33148
33143
33138
33129
33123
33100
33089
33040
33084
33143
33087
33060
33081
33080
33090
33103
33071
33072
33067
33085
33092
33023
33034
33009
33006
33004
33055
33020
32987
32993
33011
33029
33011
32985
32977
32941
32949
32922
32926
32966
32894
32897
32923
32885
32857
32871
32905
32848
32845
32889
32857
32901
32890
32863
32831
32851
32851
32839
32849
32815
32846
32816
32808
32811
32822
32797
32825
32830
32785
32802
32820
32805
32805
32814
32817
32808
32791
32765
32769
32775
32812
32801
32796
32835
32813
32773
32764
32800
32812
32817
32795
32781
32821
32841
32833
32804
32837
32853
32839
32791
32839
32845
32817
32787
32783
32803
32817
32818
32810
32778
32774
32807
32819
32774
32756
32751
32797
32752
32722
32767
32842
32839
32761
32725
32731
32767
32730
32719
32747
32754
32794
32783
32714
32750
32753
32731
32741
32727
32761
32749
32731
32747
32736
32764
32741
32711
32750
32760
32706
32715
32765
32763
32728
32727
32731
32687
32726
32699
32687
32691
32699
32713
32697
32721
32680
32677
32665
32690
32687
32727
32727
32703
32739
32691
32713
32708
32666
32701
32747
32709
32698
32721
32703
32717
32723
32745
32725
32751
32719
32706
32667
32691
32721
32718
32708
32733
32682
32709
32678
32705
32691
32700
32703
32731
32703
32727
32691
32714
32751
32735
32773
32795
32750
32758
32737
32758
32718
32703
32702
32743
32755
32745
32741
32759
32794
32759
32746
32763
32745
32789
32773
32742
32771
32800
32743
32751
32795
32795
32791
32799
32775
32779
32791
32823
32819
32806
32797
32807
32775
32798
32801
32837
32799
32797
32808
32826
32842
32841
32840
32844
32831
32799
32787
32824
32783
32775
32831
32863
32863
32811
32817
32851
32811
32825
32817
32812
32856
32835
32830
32791
32793
32821
32822
32813
32823
32819
32817
32839
32855
32827
32815
32879
32879
32829
32777
32782
32807
32821
32860
32887
32874
32847
32788
32807
32854
32833
32847
32856
32884
32881
32863
32877
32887
32866
32855
32927
32927
32885
32874
32945
32888
32911
32919
32916
32920
32967
32975
32953
32940
32966
32911
32919
32909
32929
32940
32943
32908
32956
32961
32941
32994
32993
32978
33001
33000
32965
32969
33020
32955
32953
32998
33003
33021
32999
33041
33015
33049
33055
33041
33070
33032
33078
33093
33029
33020
33088
33095
33063
33069
33048
33007
33023
33032
33054
33065
33044
33023
33049
33047
33049
33052
33089
33067
33056
33063
33052
33057
33037
33051
33069
33087
33076
33070
33047
33125
33095
33087
33075
33079
33125
33045
33076
33096
33079
33069
33091
33095
33105
33129
33119
33101
33128
33097
33032
33031
33107
33115
33053
33073
33111
33069
33091
33095
33057
33091
33103
33093
33065
33097
33073
33081
33158
33110
33083
33087
33107
33089
33086
33075
33063
33077
33065
33061
33079
33072
33079
33096
33051
33039
33049
33101
33021
33038
33054
33031
33024
33055
33062
33095
33076
33143
33105
33090
33049
33070
33081
33079
33069
33064
33075
33052
33074
33113
33041
33072
33075
33054
33025
33027
33029
33083
33103
33105
33108
33095
33095
33057
33049
33069
33055
33031
33029
33065
33058
33035
33049
33047
33077
33072
33035
33064
33078
33074
33070
33117
33091
33055
33073
33108
33076
33085
33101
33056
33044
33070
33067
33086
33043
33047
33078
33065
33055
33043
33064
33055
33063
33133
33068
33061
33071
33099
33101
33118
33107
33084
33091
33051
33058
33061
33078
33080
33077
33124
33128
33061
33068
33081
33053
33079
33069
33075
33039
33061
33094
33041
33089
33083
33123
33085
33101
33100
33094
33127
33109
33095
33089
33124
33089
33138
33117
33101
33096
33095
33081
33127
33091
33087
33067
33119
33127
33061
33111
33103
33073
33090
33140
33127
33109
33084
33093
33083
33079
33095
33142
33120
33093
33051
33085
33087
33137
33092
33094
33087
33100
33143
33093
33092
33119
33121
33133
33147
33135
33118
33099
33087
33091
33076
33053
33117
33143
33137
33112
33108
33090
33093
33071
33111
33083
33060
33105
33119
33093
33078
33064
33025
33051
33039
33039
33092
33069
33127
33121
33077
33063
33102
33103
33073
33077
33070
33081
33075
33107
33087
33079
33117
33125
33097
33103
33113
33115
33111
33087
33107
33097
33095
33065
33043
33091
33109
33099
33096
33080
33075
33083
33074
33117
33096
33036
33087
33131
33104
33083
33092
33094
33079
33079
33121
33083
33077
33096
33103
33127
33102
33082
33103
33072
33067
33101
33073
33089
33056
33029
33013
33071
33067
33062
33087
33093
33074
33092
33091
33089
33061
33043
33048
33047
33072
33062
33047
33036
33035
33052
33095
33079
33047
33095
33076
33054
33036
33025
33037
33051
33097
33060
33031
32983
33061
33073
33072
33062
33045
33055
33059
33089
33047
33061
33103
33127
33131
33100
33073
33041
33100
33094
33114
33085
33095
33087
33080
33053
33026
33055
33056
33021
33035
33015
33069
33095
33048
33063
33049
33085
33107
33075
33087
33087
33070
33087
33023
33055
33046
33051
33079
33027
33003
32993
32999
33031
32999
33020
33024
33067
33081
33009
33015
33045
33009
33017
33019
33065
33031
32983
33012
33016
32991
32959
32997
33007
32978
32953
32965
33004
32989
33007
32957
32953
32973
32961
32955
32926
32919
32948
32953
32947
32987
32995
32971
32919
32906
32944
32977
32960
33005
33009
33008
33003
32987
32976
32960
32953
32978
32980
32959
32957
33001
32962
32976
32918
32967
32965
32924
32942
32951
32935
32902
32951
32951
32920
32919
32913
32895
32924
32907
32932
32924
32926
32929
32909
32891
32910
32919
32921
32929
32922
32923
32973
32945
32949
32904
32908
32938
32911
32941
32968
32951
32940
32915
32887
32942
32956
32943
32935
32945
32944
32885
32887
32913
32951
32936
32925
32939
32927
32905
32895
32915
32901
32919
32922
32935
32919
32964
32919
32872
32901
32913
32887
32879
32883
32908
32914
32935
32931
32922
32921
32945
32945
32941
32956
32947
32931
32905
32871
32863
32867
32878
32823
32853
32916
32903
32891
32873
32863
32913
32847
32841
32855
32912
32919
32881
32914
32927
32927
32875
32863
32879
32895
32877
32847
32853
32905
32901
32880
32871
32881
32857
32829
32800
32809
32843
32841
32854
32903
32867
32863
32836
32876
32882
32823
32825
32800
32799
32827
32831
32810
32841
32839
32813
32813
32830
32831
32800
32813
32820
32815
32838
32841
32856
32815
32831
32806
32794
32774
32824
32823
32795
32776
32789
32794
32807
32824
32767
32767
32768
32793
32783
32775
32751
32759
32781
32772
32717
32781
32773
32750
32749
32745
32822
32801
32772
32743
32732
32746
32794
32820
32777
32783
32857
32855
32856
32848
32863
32835
32814
32796
32755
32782
32802
32804
32764
32845
32859
32842
32829
32806
32793
32804
32812
32807
32764
32759
32770
32817
32811
32793
32750
32770
32825
32830
32837
32823
32789
32790
32831
32836
32849
32886
32820
32809
32783
32808
32839
32872
32839
32855
32831
32841
32917
32870
32820
32829
32854
32863
32865
32811
32825
32852
32890
32878
32903
32891
32866
32861
32846
32870
32886
32880
32888
32846
32881
32871
32863
32895
32977
32941
32897
32867
32859
32881
32889
32897
32877
32925
32870
32827
32937
32953
32959
32956
32933
32943
32931
32937
32950
32923
32955
33007
32957
32961
32933
32959
32936
32954
32963
32951
32975
32959
32953
32947
32949
32973
32971
32959
32957
32936
32953
32999
33010
33015
33000
32991
32975
32962
33015
32981
32996
32998
32997
33020
33008
32967
33019
33017
32967
32951
33015
33068
33023
32976
32975
33004
33012
32989
32988
32986
33047
33058
32977
32989
33023
33039
33047
33047
33042
33043
33011
33004
33018
33023
33023
32997
33022
33008
33036
33033
32975
32957
33015
33027
33055
33058
33027
33051
33053
33007
33039
33017
33017
33057
33032
33021
32961
33004
33023
33002
33007
33017
32999
33005
33005
32984
33015
33039
33043
33029
33031
33035
33003
32983
33004
33012
32997
33089
33091
33027
32999
33002
33011
33007
33054
33098
33035
33016
33047
33037
33036
33052
33030
33061
33092
33023
33001
33023
32988
33003
33015
33055
33030
32991
33013
33023
33020
33023
33023
33025
33028
32983
33000
32969
33004
32991
33001
32999
32998
32958
32941
32963
33015
32983
32903
32933
33000
32989
32973
32995
33032
32970
32979
32973
32983
32972
33022
32993
32962
32965
32989
32982
32959
33019
33023
32982
32935
32990
33037
33007
33009
33010
33008
33001
33005
33029
33026
32981
33011
33017
33012
33015
33015
32983
33007
32993
32979
32958
32975
32983
33019
33000
32999
33016
33007
32982
32977
32974
32963
32993
32989
32995
32975
32987
33012
33014
32999
32990
32999
32998
33014
33009
32999
33003
33053
33030
32991
32953
32985
32979
32999
33031
33000
33004
32954
32965
33009
33023
32989
32980
33005
32995
33005
33015
33005
33011
33034
33023
32967
32989
33033
33015
33015
33029
33035
33031
33002
32967
32995
33030
32986
32983
33009
33013
33006
32995
32973
32986
33010
33028
33035
33051
33048
33003
33023
33049
33057
33087
33017
32981
33004
33015
32951
32995
33045
33016
32979
32982
32974
32990
32953
32995
32977
33000
33039
33031
32991
32997
32982
33006
32987
32979
32989
33049
33027
33003
32996
32984
33003
32991
33022
33064
33019
33009
32992
33030
33083
33054
33021
32995
32988
32990
33022
32975
32969
32999
33039
33061
33029
33009
33015
32972
32999
32999
33020
32991
32995
32971
32967
33023
33052
32994
33014
33005
33005
33039
33015
33029
33003
32967
33001
32979
32977
32997
32997
33008
33075
33049
32998
32965
32990
32980
33007
33013
32998
33027
33017
33018
33026
33023
33021
33014
32976
32986
33015
33004
32999
33015
33015
33026
32974
32987
32998
32984
32995
33001
33011
32981
32979
33027
32975
32979
33016
33031
32952
32955
32969
33015
33047
33039
32997
33002
32999
32965
32950
32963
33004
33025
33009
33015
33016
33036
33045
33015
32958
32953
32976
33011
32985
32958
32953
32997
32996
32975
32992
32971
32951
32977
33008
33031
33014
32975
32975
32978
32971
32943
32953
32959
32961
32967
32969
32933
32959
32912
32901
32917
32966
32967
32915
32952
32957
32975
32991
32935
32934
32977
32935
32923
32958
32943
32903
32890
32939
32934
32899
32903
32958
32935
32911
32925
32954
32949
32957
32944
32940
32940
32904
32886
32926
32902
32924
32901
32923
32898
32958
32946
32913
32913
32951
32937
32915
32911
32925
32895
32925
32977
32920
32917
32930
32919
32943
32913
32943
32931
32935
32951
32941
32929
32909
32914
32916
32941
32938
32916
32905
32895
32915
32895
32902
32903
32871
32861
32873
32926
32915
32933
32936
32877
32895
32897
32900
32889
32837
32835
32863
32907
32935
32887
32851
32858
32893
32868
32915
32895
32903
32933
32967
32931
32969
32945
32917
32903
32921
32967
32954
32930
32952
32894
32924
32935
32927
32974
32957
32904
32883
32900
32913
32933
32915
32868
32893
32953
32927
32894
32930
32919
32917
32898
32891
32892
32923
32900
32890
32902
32877
32909
32897
32874
32883
32911
32850
32895
32893
32880
32887
32903
32939
32901
32891
32901
32907
32899
32909
32900
32879
32909
32919
32906
32881
32907
32917
32891
32879
32900
32839
32852
32914
32917
32876
32865
32886
32873
32889
32885
32887
32928
32952
32925
32915
32901
32907
32897
32865
32879
32942
32924
32896
32887
32880
32902
32926
32903
32898
32882
32909
32905
32885
32901
32918
32918
32954
32919
32918
32954
32933
32937
32997
32927
32943
32939
32930
32972
32961
32947
32959
32976
32975
32983
32985
32949
32945
32999
32983
32982
33000
33004
32997
32985
32957
32963
32973
32954
32956
32993
32969
33008
32983
32976
33001
32992
32999
33008
32987
32981
32998
33007
32975
32951
32959
32951
32907
32953
32953
32927
32947
32987
32958
32929
32916
32933
32925
32940
32982
32933
32910
32915
32933
32901
32899
32876
32890
32910
32883
32850
32854
32880
32854
32847
32845
32859
32869
32888
32861
32876
32853
32813
32850
32857
32833
32826
32820
32868
32858
32823
32789
32829
32846
32843
32849
32849
32841
32864
32829
32834
32821
32818
32801
32822
32841
32818
32839
32839
32787
32794
32788
32838
32883
32831
32856
32829
32822
32812
32823
32773
32855
32871
32867
32859
32868
32869
32833
32882
32881
32864
32847
32823
32832
32853
32849
32817
32853
32887
32861
32857
32875
32875
32889
32909
32879
32863
32837
32871
32889
32887
32890
32903
32874
32847
32892
32914
32897
32901
32920
32929
32900
32893
32905
32895
32927
32907
32877
32889
32896
32883
32883
32883
32871
32893
32857
32823
32837
32829
32819
32822
32841
32769
32764
32785
32794
32779
32751
32751
32794
32747
32742
32750
32712
32751
32721
32741
32749
32726
32714
32666
32683
32668
32717
32677
32626
32623
32673
32669
32661
32655
32650
32639
32623
32647
32631
32665
32643
32635
32629
32565
32605
32588
32637
32635
32610
32606
32601
32613
32586
32621
32598
32531
32544
32555
32561
32545
32535
32548
32515
32533
32563
32540
32537
32559
32624
32566
32575
32549
32532
32564
32515
32483
32519
32571
32535
32537
32539
32543
32537
32524
32511
32467
32519
32591
32571
32516
32481
32527
32519
32558
32587
32585
32575
32557
32527
32535
32499
32551
32577
32542
32529
32541
32545
32511
32491
32550
32554
32531
32562
32571
32564
32581
32564
32549
32577
32557
32555
32611
32591
32547
32574
32563
32537
32574
32615
32617
32591
32600
32605
32614
32613
32637
32651
32650
32677
32650
32625
32659
32681
32647
32664
32648
32647
32671
32613
32625
32639
32627
32647
32628
32645
32621
32657
32691
32663
32639
32679
32650
32651
32631
32689
32673
32700
32694
32748
32710
32699
32681
32734
32751
32717
32742
32756
32742
32750
32781
32784
32737
32743
32749
32766
32771
32761
32787
32776
32779
32797
32813
32834
32843
32823
32840
32819
32786
32855
32831
32793
32807
32759
32833
32821
32816
32821
32797
32777
32761
32795
32806
32771
32743
32745
32743
32680
32694
32764
32727
32707
32709
32689
32719
32685
32693
32666
32646
32665
32648
32654
32669
32669
32632
32583
32571
32587
32582
32613
32585
32584
32594
32563
32554
32531
32547
32495
32513
32501
32493
32487
32466
32443
32425
32423
32431
32421
32419
32432
32405
32365
32415
32425
32397
32400
32436
32427
32383
32392
32424
32440
32436
32448
32404
32410
32432
32461
32445
32447
32423
32391
32423
32387
32417
32423
32407
32401
32443
32427
32447
32415
32413
32415
32391
32410
32416
32415
32386
32391
32417
32449
32441
32442
32431
32421
32432
32409
32417
32387
32389
32450
32438
32442
32429
32414
32391
32398
32428
32425
32412
32380
32393
32349
32364
32357
32311
32305
32315
32319
32295
32319
32316
32297
32314
32306
32281
32311
32317
32292
32297
32315
32336
32317
32314
32319
32309
32318
32277
32289
32277
32285
32288
32308
32278
32309
32305
32281
32310
32332
32324
32253
32279
32308
32339
32378
32335
32301
32279
32339
32331
32353
32297
32336
32318
32349
32352
32374
32441
32435
32399
32388
32426
32377
32415
32425
32408
32393
32407
32416
32433
32459
32460
32461
32483
32501
32539
32577
32569
32569
32575
32582
32608
32611
32613
32605
32577
32663
32669
32647
32654
32648
32654
32652
32681
32703
32707
32731
32770
32702
32769
32779
32752
32750
32748
32751
32799
32809
32788
32786
32789
32823
32810
32779
32843
32821
32829
32855
32866
32863
32837
32852
32849
32855
32867
32829
32906
32879
32867
32881
32890
32903
32923
32925
32881
32894
32912
32899
32916
32933
32936
32945
32895
32958
32987
32981
32978
32969
32949
32967
32934
32941
33008
33014
33014
32981
32952
32965
32959
32993
32996
32991
33016
32968
32967
32945
32951
32967
32984
32994
33026
33025
33019
33035
32999
33003
33053
33037
32991
33015
33040
33020
33047
33118
33104
33043
33095
33095
33084
33096
33073
33093
33091
33110
33121
33120
33098
33098
33125
33111
33133
33135
33126
33120
33126
33143
33113
33112
33099
33087
33144
33161
33119
33081
33115
33116
33127
33101
33109
33123
33146
33111
33105
33097
33119
33151
33127
33100
33095
33101
33103
33094
33151
33133
33105
33131
33138
33121
33115
33097
33082
33092
33116
33139
33142
33137
33135
33168
33183
33166
33143
33191
33164
33175
33148
33168
33191
33213
33170
33149
33135
33143
33170
33143
33149
33147
33175
33160
33131
33184
33158
33133
33139
33124
33159
33135
33177
33185
33140
33186
33165
33127
33138
33191
33186
33177
33183
33165
33138
33175
33180
33195
33189
33183
33147
33167
33195
33176
33132
33190
33177
33163
33173
33165
33137
33183
33223
33219
33223
33183
33194
33239
33234
33183
33194
33192
33225
33233
33221
33229
33267
33217
33183
33203
33213
33193
33197
33223
33205
33211
33227
33236
33206
33233
33231
33228
33283
33272
33275
33263
33235
33232
33198
33143
33175
33153
33159
33195
33183
33205
33129
33226
33198
33135
33163
33154
33163
33211
33201
33183
33205
33154
33151
33141
33125
33127
33143
33143
33131
33152
33173
33129
33079
33092
33105
33079
33095
33061
33105
33113
33076
33057
33060
33061
33053
33119
33086
33051
33047
33055
33033
33045
33072
32999
33050
33084
33039
33054
33047
33050
33006
32981
32999
32994
32975
33015
33046
32997
33001
33009
32973
32969
33014
33023
33017
33020
32998
32962
32984
32983
32951
32995
33031
32987
32957
32947
32932
32962
32933
32953
32933
32931
32939
32935
32975
32944
32999
32992
33007
32940
32945
32966
32967
32929
32919
32937
32934
32964
32975
32950
32985
32951
32945
32922
32951
32991
32952
32941
32895
32927
32952
32912
32895
32908
32938
32951
32921
32961
32941
32947
32924
32923
32895
32939
32946
32923
32927
32939
32956
32951
32957
32976
32993
32945
32961
32953
32995
32994
32951
32956
32983
32975
32938
32935
32955
33009
32995
32936
32949
32971
32992
32991
33015
32991
32967
33037
32997
32999
32981
33025
33027
33040
33025
33048
33057
33031
33037
33023
33010
33046
33046
33015
33000
32992
33053
33043
33011
32982
33049
33075
33078
33081
33070
33085
33027
33071
33089
33098
33102
33106
33071
33043
33058
33009
33037
33064
33061
33011
33039
33073
33009
32989
32945
32977
32963
32966
33020
33009
32991
32969
32982
32988
32957
32973
33011
33001
33003
33027
33006
32972
32949
32929
32964
32969
32935
32955
32983
32999
32978
32942
32946
32989
32997
33009
33035
33015
32997
32979
33005
32990
33015
33014
33018
33033
33011
33015
33048
33026
33047
33023
32979
33001
33003
33004
33009
33022
33003
32988
32995
32953
32975
33007
33011
33014
32989
32975
33009
32983
32955
32940
32975
32970
32967
32970
32969
32951
32933
32919
32952
32873
32895
32903
32862
32863
32858
32893
32844
32879
32876
32865
32813
32831
32867
32845
32799
32802
32821
32823
32790
32804
32775
32753
32725
32751
32737
32735
32710
32711
32711
32702
32703
32695
32639
32661
32671
32659
32647
32641
32622
32577
32549
32517
32475
32519
32521
32516
32515
32436
32422
32493
32427
32424
32439
32405
32457
32403
32391
32376
32361
32308
32345
32367
32345
32313
32387
32394
32343
32337
32319
32259
32288
32259
32274
32273
32239
32249
32237
32253
32257
32236
32246
32273
32314
32294
32300
32273
32275
32301
32305
32241
32263
32249
32277
32274
32269
32280
32308
32290
32297
32313
32299
32307
32313
32309
32326
32316
32371
32374
32332
32387
32417
32409
32384
32407
32431
32456
32444
32465
32473
32485
32523
32561
32579
32557
32567
32549
32559
32600
32597
32567
32603
32631
32640
32619
32629
32623
32629
32659
32666
32673
32645
32689
32695
32727
32687
32683
32695
32710
32759
32740
32725
32725
32727
32717
32749
32751
32746
32799
32765
32789
32815
32845
32867
32839
32812
32774
32811
32783
32827
32828
32852
32850
32843
32865
32930
32883
32872
32908
32919
32847
32877
32840
32863
32904
32861
32891
32889
32886
32880
32915
32926
32891
32909
32927
32919
32928
32904
32899
32881
32891
32899
32966
32962
32961
32934
32947
32975
32980
32967
32952
32927
32960
32999
32977
32999
32984
32989
32975
33003
32990
32955
32953
32975
32951
32977
32966
32987
33002
32967
32968
32967
32961
32965
32968
33016
32996
32954
32976
32971
32983
32939
32966
33018
32997
32983
32967
32999
32975
32973
32983
32997
32968
33021
32970
32992
33007
32975
32969
32996
33013
33009
33013
33031
33007
33012
33023
33050
33041
33015
33019
33023
33014
33024
33032
33036
33049
33075
33063
33071
33071
33051
33057
33071
33127
33069
33035
33039
33084
33093
33071
33031
33053
33073
33077
33042
33074
33058
33058
33055
33043
32993
33007
33011
33000
33023
33031
33045
32997
33029
33064
33074
33077
33085
33081
33093
33060
33026
33098
33143
33101
33102
33103
33079
33085
33107
33095
33103
33126
33118
33144
33119
33149
33167
33171
33165
33133
33115
33093
33159
33138
33108
33135
33142
33118
33103
33141
33171
33192
33192
33123
33163
33192
33167
33140
33132
33132
33165
33153
33149
33144
33157
33151
33129
33101
33143
33116
33103
33135
33164
33102
33127
33136
33147
33141
33154
33177
33108
33087
33152
33161
33175
33165
33156
33148
33155
33163
33179
33191
33192
33185
33175
33182
33188
33158
33143
33200
33192
33203
33169
33168
33209
33163
33177
33191
33153
33117
33141
33185
33142
33143
33157
33172
33140
33170
33193
33172
33176
33185
33161
33153
33091
33119
33155
33181
33167
33175
33187
33208
33211
33175
33161
33151
33191
33180
33195
33191
33207
33183
33227
33187
33201
33205
33166
33159
33177
33191
33181
33153
33157
33127
33117
33137
33146
33137
33119
33151
33159
33143
33142
33128
33108
33127
33121
33130
33113
33141
33155
33132
33153
33124
33103
33160
33114
33097
33092
33134
33145
33149
33146
33077
33043
33065
33137
33095
33047
33071
33035
33036
33007
33013
32999
33022
33044
33067
33088
33019
33044
33054
33039
33025
33086
33063
33036
33047
33029
33061
33041
33004
33039
33028
33043
33017
33007
32974
33017
33014
32953
32939
32901
32938
32947
32944
32927
32901
32937
32896
32883
32911
32935
32922
32876
32847
32837
32825
32848
32856
32874
32846
32834
32824
32808
32852
32855
32772
32823
32833
32841
32842
32863
32868
32865
32849
32867
32907
32891
32927
32853
32870
32935
32937
32931
32907
32923
32909
32891
32923
32929
32962
32977
32941
32973
32929
32939
32969
32987
32985
32969
33007
32977
32939
32919
32951
32971
32975
32977
32935
32924
32933
32901
32938
32957
32957
32991
33011
32984
32945
32947
32953
32963
32949
32950
32997
32997
32971
32961
32971
32976
32997
32993
32957
32929
32958
32964
32974
32958
32937
32965
32961
32977
32954
32948
32950
32889
32927
32933
32906
32884
32891
32934
32951
32885
32911
32902
32914
32934
32882
32944
32901
32901
32889
32922
32919
32871
32905
32895
32930
32941
32906
32903
32906
32869
32858
32893
32894
32875
32901
32919
32863
32871
32863
32815
32815
32823
32766
32807
32833
32845
32823
32759
32765
32783
32805
32803
32754
32741
32759
32760
32761
32758
32720
32716
32743
32701
32721
32758
32733
32713
32725
32724
32710
32715
32695
32679
32668
32716
32693
32653
32682
32699
32671
32653
32620
32625
32632
32628
32653
32667
32633
32632
32666
32619
32639
32655
32667
32672
32661
32685
32667
32653
32617
32623
32625
32671
32619
32602
32599
32612
32606
32570
32595
32611
32626
32625
32599
32620
32611
32600
32609
32617
32605
32604
32620
32603
32629
32631
32623
32581
32561
32581
32587
32558
32553
32595
32585
32545
32527
32509
32557
32537
32505
32477
32511
32497
32513
32537
32519
32539
32587
32529
32476
32527
32535
32508
32511
32499
32485
32465
32455
32409
32423
32433
32469
32481
32467
32446
32464
32457
32459
32473
32451
32465
32461
32473
32417
32407
32398
32413
32397
32396
32417
32444
32471
32411
32411
32441
32453
32467
32433
32436
32429
32385
32399
32426
32447
32471
32475
32489
32467
32447
32493
32494
32481
32501
32552
32501
32454
32489
32491
32471
32495
32500
32535
32535
32537
32527
32560
32578
32597
32606
32565
32599
32607
32611
32665
32659
32653
32664
32659
32663
32703
32720
32698
32691
32657
32703
32719
32739
32754
32720
32713
32749
32743
32765
32743
32757
32763
32793
32823
32798
32775
32763
32755
32800
32785
32799
32803
32769
32790
32733
32774
32793
32806
32801
32775
32797
32783
32764
32777
32759
32753
32757
32747
32730
32724
32695
32699
32695
32719
32720
32759
32762
32741
32750
32773
32783
32748
32801
32812
32763
32795
32791
32845
32817
32823
32801
32851
32887
32847
32853
32847
32823
32843
32829
32823
32803
32800
32784
32799
32792
32831
32827
32793
32776
32776
32815
32816
32798
32833
32814
32823
32795
32836
32827
32813
32829
32815
32855
32823
32819
32837
32818
32853
32892
32855
32839
32823
32863
32854
32859
32862
32857
32887
32895
32867
32854
32902
32891
32941
32941
32885
32915
32928
32905
32891
32973
32958
32897
32947
32935
32943
32945
32953
33019
33022
33009
33013
33013
33030
33065
33043
33038
33047
33057
33077
33064
33039
33109
33095
33074
33085
33103
33095
33090
33015
33098
33139
33098
33109
33107
33095
33157
33213
33139
33160
33124
33102
33139
33191
33227
33163
33121
33146
33167
33149
33167
33193
33159
33143
33159
33177
33175
33177
33163
33165
33165
33186
33190
33185
33157
33165
33174
33213
33214
33179
33181
33208
33213
33231
33241
33229
33237
33264
33235
33191
33229
33207
33184
33215
33239
33267
33285
33247
33268
33232
33233
33231
33269
33283
33279
33279
33231
33238
33281
33261
33228
33249
33253
33261
33231
33274
33288
33262
33263
33287
33276
33261
33263
33269
33268
33265
33288
33254
33239
33292
33265
33264
33261
33293
33280
33274
33291
33252
33217
33263
33294
33283
33251
33230
33264
33277
33291
33291
33304
33263
33225
33252
33264
33305
33263
33259
33319
33293
33253
33287
33305
33281
33295
33277
33265
33285
33271
33267
33316
33343
33327
33283
33247
33272
33326
33333
33331
33271
33295
33281
33291
33283
33293
33333
33276
33270
33262
33283
33321
33302
33301
33299
33304
33299
33284
33297
33311
33341
33357
33333
33313
33316
33294
33281
33267
33279
33289
33328
33317
33289
33311
33277
33279
33235
33305
33311
33331
33328
33303
33323
33340
33311
33277
33303
33286
33293
33252
33282
33263
33303
33293
33268
33306
33351
33302
33299
33319
33293
33255
33227
33269
33278
33303
33345
33327
33319
33298
33271
33318
33293
33307
33311
33317
33257
33251
33304
33287
33261
33305
33306
33339
33321
33260
33266
33289
33280
33299
33242
33249
33311
33275
33271
33317
33273
33291
33270
33261
33232
33237
33268
33296
33281
33300
33272
33271
33248
33239
33247
33289
33294
33257
33239
33282
33255
33250
33197
33269
33285
33245
33249
33236
33268
33297
33303
33255
33268
33239
33207
33259
33271
33265
33270
33231
33241
33297
33247
33201
33246
33247
33185
33249
33255
33271
33270
33241
33265
33245
33225
33217
33239
33232
33234
33197
33239
33254
33241
33252
33244
33250
33241
33210
33206
33225
33230
33237
33241
33255
33240
33255
33237
33215
33191
33207
33242
33200
33191
33247
33215
33224
33211
33201
33237
33207
33208
33209
33221
33243
33230
33186
33210
33238
33259
33253
33246
33227
33187
33213
33239
33245
33239
33247
33225
33215
33245
33217
33207
33149
33195
33233
33212
33173
33175
33183
33159
33150
33121
33151
33138
33121
33104
33106
33119
33127
33127
33139
33143
33147
33127
33071
33105
33069
33102
33064
33058
33031
33035
33049
33067
33073
33048
33059
33061
33034
33049
33020
33041
33024
33017
33020
32994
32985
32997
33005
33016
32987
32995
32977
32946
32945
32939
32947
32917
32919
32927
32915
32941
32917
32923
32931
32918
32895
32897
32881
32861
32847
32837
32825
32875
32871
32819
32825
32823
32831
32819
32854
32890
32845
32815
32813
32793
32821
32850
32847
32774
32789
32818
32821
32863
32817
32759
32764
32777
32803
32788
32787
32817
32821
32816
32809
32777
32782
32775
32789
32786
32800
32772
32793
32772
32793
32816
32762
32742
32773
32763
32774
32787
32798
32805
32807
32779
32777
32829
32831
32843
32829
32805
32805
32794
32836
32836
32801
32799
32829
32797
32826
32799
32833
32825
32831
32826
32823
32819
32805
32775
32782
32807
32798
32809
32862
32863
32867
32879
32876
32836
32838
32817
32831
32861
32895
32872
32887
32903
32892
32889
32862
32847
32879
32887
32958
32941
32914
32915
32911
32884
32885
32921
32948
32898
32905
32898
32917
32919
32894
32917
32963
32945
32967
32997
32961
32959
32982
32963
32939
32959
33012
33027
33003
32950
32917
32951
33015
32983
32984
32989
32996
33021
33021
33005
33015
32973
33003
33019
32971
33020
32999
32986
33011
33011
32999
33023
32977
32999
33021
33003
33021
33051
33028
33032
33045
33015
33029
33043
33059
33065
33038
33056
33069
33046
33008
33042
33042
33029
33045
33007
33011
33063
33047
33028
32999
33033
33024
32991
33026
33019
33049
33073
33035
33017
33000
33018
33049
33055
33065
33043
33035
33065
33058
33057
33045
33079
33031
33047
33051
33036
33024
32999
33023
33035
33078
33101
33043
33019
33011
33021
32990
33000
33048
33037
32977
32983
32976
32966
32955
32961
32983
32962
32950
32950
32951
32964
32957
32967
32932
32939
32964
32951
32974
32973
32941
32951
33000
32987
32983
32943
32943
32973
32961
32961
32953
32931
32938
32934
32905
32911
32927
32943
32962
32933
32934
32967
32959
32908
32929
32927
32895
32907
32935
32903
32899
32937
32968
32989
32969
32942
32951
32945
32936
32950
32903
32895
32900
32908
32896
32949
32893
32883
32923
32911
32915
32909
32964
32989
32950
32927
32895
32927
32882
32874
32889
32911
32887
32912
32921
32897
32927
32947
32927
32939
32915
32899
32917
32906
32879
32908
32938
32933
32871
32899
32879
32877
32917
32892
32895
32887
32862
32903
32919
32885
32861
32910
32927
32912
32879
32855
32889
32947
32930
32907
32877
32895
32881
32941
32918
32949
32977
33035
32991
32986
32975
32951
32963
32935
32946
32957
32944
32932
32936
32957
32951
32984
32920
32944
32975
32967
32948
32961
32967
32953
32952
32944
32943
32964
32979
32971
32954
32947
32960
32957
32944
32919
32965
32957
32959
32963
32929
32923
32895
32905
32872
32924
32906
32889
32915
32893
32873
32889
32939
32919
32921
32866
32821
32855
32875
32864
32842
32831
32853
32863
32884
32863
32876
32831
32822
32859
32886
32837
32840
32831
32838
32843
32776
32797
32823
32839
32837
32848
32812
32805
32763
32765
32848
32848
32828
32789
32807
32837
32844
32840
32842
32806
32783
32800
32834
32831
32807
32827
32806
32795
32837
32839
32787
32781
32807
32783
32791
32823
32804
32828
32813
32819
32816
32835
32869
32837
32797
32792
32819
32810
32780
32773
32783
32809
32804
32798
32815
32798
32799
32786
32796
32821
32791
32793
32832
32817
32806
32803
32796
32775
32771
32784
32791
32777
32769
32759
32805
32799
32777
32757
32757
32785
32788
32733
32734
32752
32767
32802
32784
32753
32788
32735
32748
32773
32757
32752
32759
32784
32767
32773
32787
32806
32782
32751
32709
32730
32765
32728
32733
32791
32810
32787
32827
32795
32827
32788
32792
32770
32767
32759
32783
32763
32763
32839
32839
32804
32842
32839
32820
32796
32801
32807
32805
32795
32813
32814
32846
32895
32864
32856
32819
32841
32855
32850
32864
32842
32842
32839
32848
32835
32877
32845
32889
32868
32882
32893
32871
32887
32895
32861
32848
32849
32857
32879
32869
32889
32880
32893
32907
32905
32881
32916
32887
32889
32894
32902
32863
32873
32845
32873
32900
32927
32897
32900
32891
32888
32849
32855
32893
32879
32879
32890
32883
32885
32883
32888
32879
32859
32863
32831
32831
32849
32837
32835
32843
32839
32813
32841
32845
32832
32816
32797
32765
32796
32764
32791
32771
32711
32699
32711
32719
32750
32753
32752
32744
32722
32733
32713
32701
32693
32732
32749
32735
32723
32722
32667
32703
32743
32675
32663
32691
32719
32721
32687
32724
32749
32723
32736
32722
32712
32718
32702
32713
32723
32684
32705
32763
32740
32737
32697
32705
32748
32725
32751
32713
32748
32799
32798
32725
32747
32754
32726
32722
32766
32759
32788
32777
32751
32775
32790
32785
32797
32824
32792
32768
32825
32828
32783
32829
32831
32819
32833
32847
32830
32831
32837
32872
32910
32871
32835
32836
32884
32881
32855
32807
32895
32967
32939
32895
32877
32879
32873
32926
32915
32895
32867
32891
32891
32919
32911
32903
32907
32892
32901
32927
32909
32956
32958
32918
32932
32932
32906
32883
32883
32914
32919
