34589
34581
34543
34558
34555
34552
34549
34554
34555
34551
34574
34569
34573
34569
34577
34745
34590
34575
34569
34555
34529
34531
34543
34584
34576
34561
34559
34562
34569
34548
34556
34550
34555
34543
34551
34556
34544
34551
34561
34555
34560
34562
34579
34571
34569
34576
34582
34586
34592
34583
34571
34578
34565
34562
34634
34610
34590
34566
34569
34575
34615
34591
34585
34595
34579
34571
34581
34568
34573
34574
34590
34583
34577
34557
34579
34594
34584
34561
34559
34569
34581
34579
34569
34563
34580
34585
34570
34597
34576
34595
34577
34583
34585
34567
34567
34605
34639
34609
34582
34577
34575
34571
34563
34567
34567
34576
34569
34583
34595
34590
34585
34583
34588
34601
34605
34585
34589
34598
34570
34579
34580
34575
34591
34593
34578
34579
34579
34595
34589
34597
34599
34591
34606
34617
34605
34609
34598
34593
34593
34607
34591
34577
34561
34593
34599
34585
34573
34581
34596
34600
34604
34593
34627
34595
34596
34598
34594
34583
34581
34605
34590
34599
34570
34565
34591
34599
34604
34617
34627
34617
34603
34596
34618
34617
34625
34621
34617
34611
34618
34611
34593
34587
34631
34591
34585
34596
34625
34605
34617
34612
34585
34595
34587
34599
34591
34577
34601
34584
34582
34605
34585
34597
34612
34618
34603
34583
34584
34597
34584
34609
34607
34606
34586
34598
34613
34607
34607
34610
34620
34606
34610
34599
34587
34590
34593
34599
34625
34639
34607
34587
34588
34605
34578
34596
34591
34583
34575
34580
34594
34585
34591
34581
34586
34593
34613
34614
34601
34592
34607
34601
34587
34602
34619
34621
34607
34605
34613
34616
34631
34620
34621
34599
34604
34602
34612
34601
34589
34584
34598
34597
34581
34596
34610
34592
34568
34567
34579
34578
34561
34566
34553
34560
34580
34573
34559
34557
34567
34559
34576
34567
34571
34559
34566
34563
34579
34574
34570
34589
34579
34582
34585
34564
34570
34591
34594
34585
34583
34575
34567
34557
34566
34568
34554
34573
34577
34543
34531
34566
34556
34557
34570
34559
34564
34535
34540
34569
34557
34558
34563
34538
34546
34559
34569
34574
34589
34576
34567
34563
34578
34573
34584
34573
34588
34591
34582
34599
34577
34573
34579
34567
34563
34559
34579
34586
34570
34561
34565
34585
34575
34547
34567
34546
34558
34541
34558
34557
34565
34569
34574
34559
34561
34569
34591
34576
34581
34585
34581
34611
34611
34595
34607
34617
34606
34594
34605
34615
34600
34623
34631
34621
34631
34611
34599
34615
34599
34599
34625
34613
34591
34583
34575
34589
34585
34601
34592
34579
34591
34605
34583
34573
34581
34615
34583
34607
34599
34597
34599
34591
34614
34619
34601
34601
34586
34599
34617
34593
34611
34602
34615
34619
34621
34595
34610
34609
34585
34576
34599
34608
34605
34597
34589
34591
34615
34606
34596
34601
34599
34587
34585
34609
34592
34614
34616
34575
34581
34607
34622
34605
34619
34627
34618
34628
34608
34592
34624
34615
34604
34627
34639
34644
34617
34632
34634
34611
34595
34625
34599
34598
34592
34571
34581
34600
34593
34583
34588
34577
34573
34560
34567
34608
34613
34599
34587
34580
34577
34587
34593
34603
34584
34605
34611
34619
34617
34621
34620
34622
34611
34608
34607
34615
34626
34607
34611
34604
34629
34627
34605
34632
34586
34607
34617
34610
34585
34582
34599
34600
34580
34571
34577
34587
34587
34570
34575
34600
34599
34593
34591
34605
34598
34587
34578
34579
34577
34576
34577
34585
34591
34589
34594
34565
34593
34575
34587
34565
34596
34570
34592
34591
34585
34575
34540
34539
34548
34570
34563
34565
34535
34567
34566
34544
34551
34551
34567
34559
34573
34581
34591
34595
34600
34572
34592
34606
34614
34599
34591
34588
34623
34614
34602
34598
34589
34596
34607
34593
34605
34610
34584
34595
34591
34593
34583
34584
34551
34565
34558
34547
34559
34555
34553
34555
34555
34556
34564
34572
34564
34568
34569
34587
34584
34605
34589
34583
34614
34594
34583
34599
34615
34633
34615
34617
34607
34615
34621
34611
34611
34589
34590
34595
34577
34575
34573
34584
34581
34578
34576
34553
34561
34547
34574
34585
34566
34578
34575
34576
34552
34571
34603
34583
34593
34601
34613
34619
34630
34619
34632
34612
34624
34623
34627
34644
34623
34638
34611
34591
34586
34595
34581
34604
34584
34587
34584
34580
34585
34565
34584
34586
34584
34575
34561
34569
34585
34579
34581
34579
34587
34599
34591
34606
34583
34571
34599
34608
34605
34603
34643
34617
34654
34625
34629
34615
34617
34620
34625
34592
34601
34585
34603
34611
34623
34599
34593
34576
34607
34589
34575
34585
34595
34593
34589
34585
34592
34581
34601
34584
34573
34587
34596
34601
34587
34614
34578
34597
34590
34620
34601
34603
34613
34622
34617
34623
34611
34620
34599
34605
34631
34614
34590
34598
34594
34602
34605
34601
34601
34610
34593
34581
34583
34579
34579
34581
34594
34601
34585
34571
34572
34565
34594
34609
34603
34601
34592
34596
34589
34598
34597
34591
34616
34626
34629
34623
34614
34602
34615
34639
34609
34612
34633
34611
34610
34610
34623
34585
34591
34575
34591
34555
34536
34561
34553
34542
34552
34559
34545
34541
34558
34582
34568
34577
34581
34562
34563
34571
34571
34582
34579
34575
34582
34601
34589
34610
34608
34631
34600
34586
34602
34601
34589
34603
34607
34603
34589
34574
34569
34567
34579
34560
34572
34579
34578
34566
34539
34549
34563
34580
34574
34547
34559
34569
34565
34597
34597
34599
34569
34605
34589
34607
34602
34586
34610
34615
34619
34615
34600
34605
34614
34605
34619
34629
34625
34613
34601
34600
34591
34593
34577
34559
34564
34565
34562
34565
34567
34576
34553
34559
34577
34571
34571
34573
34570
34563
34576
34576
34607
34604
34593
34609
34615
34627
34614
34605
34633
34622
34614
34621
34630
34605
34615
34613
34629
34615
34591
34599
34609
34597
34591
34603
34607
34586
34577
34589
34600
34602
34581
34576
34580
34559
34553
34589
34585
34564
34569
34585
34615
34623
34595
34605
34639
34599
34606
34629
34615
34620
34601
34611
34610
34628
34614
34635
34621
34625
34630
34622
34609
34619
34617
34615
34617
34610
34588
34588
34593
34569
34577
34583
34577
34595
34598
34581
34585
34596
34604
34585
34603
34607
34598
34588
34610
34609
34606
34608
34607
34631
34649
34639
34631
34638
34615
34607
34595
34623
34622
34593
34615
34606
34614
34609
34601
34589
34591
34607
34584
34583
34601
34617
34572
34570
34591
34583
34606
34577
34599
34589
34585
34598
34601
34601
34615
34605
34601
34618
34611
34623
34631
34635
34635
34640
34632
34648
34623
34609
34621
34628
34628
34607
34609
34615
34635
34605
34594
34578
34598
34605
34586
34578
34596
34573
34568
34573
34566
34570
34594
34583
34569
34524
34527
34526
34526
34526
34537
34547
34549
34559
34547
34557
34564
34561
34563
34558
34568
34561
34556
34541
34574
34559
34514
34508
34527
34529
34541
34507
34516
34522
34523
34507
34509
34539
34516
34517
34505
34529
34537
34520
34537
34567
34541
34539
34577
34550
34543
34560
34606
34599
34591
34593
34567
34583
34593
34587
34584
34589
34571
34538
34544
34582
34564
34547
34557
34543
34513
34527
34551
34535
34528
34532
34520
34544
34550
34519
34547
34561
34527
34555
34564
34529
34560
34551
34587
34583
34588
34581
34584
34577
34591
34561
34576
34593
34583
34581
34586
34599
34587
34592
34596
34594
34601
34571
34567
34572
34570
34583
34591
34571
34600
34557
34559
34550
34551
34545
34550
34559
34537
34564
34570
34571
34558
34589
34577
34567
34571
34585
34599
34592
34593
34591
34593
34601
34586
34617
34607
34601
34594
34593
34610
34628
34619
34590
34605
34595
34605
34585
34575
34570
34569
34576
34550
34559
34557
34556
34561
34570
34561
34581
34573
34553
34571
34575
34588
34595
34613
34598
34599
34589
34599
34613
34618
34598
34600
34597
34607
34623
34637
34639
34625
34605
34614
34614
34598
34603
34619
34597
34593
34598
34585
34587
34588
34580
34583
34568
34571
34567
34567
34579
34579
34554
34563
34557
34570
34575
34594
34586
34589
34601
34614
34607
34631
34615
34597
34607
34621
34626
34615
34631
34607
34615
34624
34610
34611
34609
34611
34590
34607
34615
34580
34596
34595
34577
34571
34574
34561
34564
34563
34583
34583
34583
34576
34559
34579
34599
34602
34607
34580
34600
34628
34623
34605
34615
34639
34630
34643
34640
34625
34625
34619
34607
34623
34605
34587
34593
34593
34599
34603
34587
34565
34572
34577
34565
34563
34540
34542
34565
34567
34546
34550
34553
34577
34541
34559
34573
34572
34582
34595
34585
34584
34583
34593
34587
34611
34615
34590
34599
34615
34597
34601
34603
34579
34578
34596
34601
34581
34577
34579
34549
34550
34548
34561
34543
34546
34556
34553
34552
34577
34564
34559
34556
34568
34575
34557
34559
34588
34586
34572
34587
34567
34581
34595
34593
34595
34591
34599
34592
34583
34581
34593
34593
34568
34576
34591
34583
34573
34585
34561
34562
34572
34564
34577
34588
34581
34557
34571
34562
34538
34553
34547
34527
34541
34556
34543
34559
34580
34605
34589
34591
34615
34600
34607
34601
34605
34594
34607
34607
34607
34609
34626
34615
34599
34628
34617
34597
34601
34604
34598
34604
34571
34577
34583
34586
34564
34569
34572
34575
34551
34565
34554
34591
34587
34575
34579
34603
34609
34592
34589
34584
34581
34611
34609
34623
34625
34646
34641
34637
34636
34645
34658
34634
34633
34653
34669
34650
34651
34645
34652
34637
34615
34615
34629
34615
34584
34601
34615
34610
34595
34599
34603
34603
34589
34569
34590
34591
34594
34609
34607
34603
34627
34631
34628
34622
34647
34665
34659
34637
34655
34661
34653
34635
34661
34647
34633
34633
34633
34631
34605
34622
34588
34589
34579
34587
34595
34571
34590
34587
34579
34581
34569
34577
34598
34578
34595
34607
34597
34613
34599
34599
34635
34623
34605
34607
34631
34629
34620
34654
34652
34675
34672
34657
34662
34643
34647
34628
34637
34627
34631
34641
34619
34603
34597
34603
34594
34591
34597
34599
34598
34591
34577
34570
34565
34596
34569
34558
34570
34575
34572
34572
34575
34604
34606
34591
34587
34594
34607
34618
34633
34651
34617
34616
34631
34617
34605
34594
34599
34598
34599
34578
34601
34599
34577
34565
34567
34591
34573
34577
34561
34564
34583
34583
34564
34555
34567
34567
34569
34593
34607
34620
34608
34603
34611
34596
34590
34613
34621
34621
34621
34595
34602
34601
34614
34635
34611
34618
34626
34630
34618
34603
34611
34609
34590
34582
34569
34579
34573
34576
34567
34572
34580
34590
34571
34586
34560
34568
34574
34551
34557
34591
34569
34559
34575
34579
34591
34598
34609
34631
34630
34625
34622
34620
34623
34622
34628
34611
34631
34631
34636
34615
34620
34616
34591
34600
34595
34588
34586
34596
34597
34581
34593
34567
34583
34597
34583
34575
34581
34575
34566
34591
34601
34587
34584
34575
34599
34611
34610
34611
34611
34620
34625
34620
34625
34646
34649
34631
34627
34647
34649
34631
34647
34655
34612
34594
34599
34603
34601
34613
34607
34596
34595
34617
34587
34595
34589
34575
34563
34569
34573
34571
34598
34615
34601
34588
34614
34619
34614
34643
34629
34649
34647
34634
34633
34643
34627
34644
34634
34645
34637
34636
34640
34654
34633
34623
34632
34628
34594
34600
34601
34609
34565
34557
34566
34575
34583
34563
34575
34575
34576
34582
34576
34580
34593
34588
34588
34607
34607
34601
34601
34647
34623
34598
34591
34625
34638
34610
34637
34665
34638
34639
34621
34616
34606
34641
34619
34613
34603
34617
34587
34576
34581
34578
34583
34577
34593
34589
34582
34610
34602
34588
34591
34593
34595
34579
34583
34575
34599
34615
34621
34607
34615
34631
34632
34629
34610
34621
34588
34598
34632
34615
34602
34570
34581
34591
34573
34594
34563
34571
34576
34585
34572
34571
34564
34566
34566
34534
34560
34546
34520
34551
34555
34547
34553
34558
34567
34568
34559
34551
34579
34567
34589
34609
34611
34618
34608
34615
34591
34578
34590
34583
34604
34595
34587
34613
34575
34567
34597
34596
34575
34569
34563
34566
34569
34571
34543
34587
34570
34557
34544
34570
34543
34550
34545
34567
34585
34559
34559
34573
34566
34561
34583
34568
34568
34597
34594
34589
34615
34646
34609
34615
34601
34569
34583
34595
34608
34580
34567
34564
34567
34553
34557
34559
34551
34540
34533
34547
34526
34529
34535
34543
34528
34523
34536
34534
34557
34577
34559
34552
34558
34597
34611
34581
34579
34587
34587
34604
34614
34573
34581
34600
34618
34603
34606
34591
34598
34593
34591
34588
34597
34570
34567
34581
34568
34517
34523
34522
34543
34564
34585
34573
34551
34541
34543
34559
34546
34542
34552
34551
34541
34559
34565
34559
34580
34597
34594
34594
34576
34581
34581
34573
34569
34595
34604
34585
34588
34571
34586
34589
34597
34610
34582
34573
34551
34545
34535
34549
34567
34558
34551
34551
34553
34521
34536
34539
34534
34536
34559
34567
34565
34559
34583
34577
34572
34577
34563
34571
34595
34605
34589
34587
34612
34597
34590
34595
34627
34580
34556
34582
34581
34573
34590
34562
34565
34555
34541
34552
34557
34545
34538
34542
34547
34546
34562
34576
34593
34574
34580
34588
34588
34610
34604
34626
34640
34660
34661
34644
34639
34635
34651
34657
34668
34637
34618
34671
34681
34654
34627
34651
34636
34647
34635
34632
34614
34637
34626
34607
34601
34594
34563
34542
34515
34528
34537
34554
34563
34555
34551
34541
34544
34559
34551
34559
34567
34590
34585
34575
34557
34581
34575
34567
34569
34572
34575
34584
34599
34585
34591
34615
34583
34585
34586
34597
34605
34575
34580
34585
34597
34593
34595
34577
34559
34576
34575
34556
34555
34557
34553
34570
34541
34561
34569
34569
34571
34579
34588
34593
34579
34591
34567
34590
34608
34607
34602
34615
34593
34610
34607
34611
34596
34593
34584
34614
34639
34624
34585
34579
34563
34565
34580
34600
34555
34583
34597
34586
34571
34551
34577
34571
34572
34573
34584
34598
34595
34580
34607
34607
34615
34598
34613
34643
34649
34627
34623
34635
34640
34623
34641
34613
34608
34641
34639
34646
34629
34623
34613
34583
34587
34603
34574
34585
34589
34568
34565
34575
34595
34595
34564
34589
34575
34578
34597
34597
34603
34593
34609
34627
34623
34617
34631
34643
34649
34655
34634
34639
34647
34642
34627
34631
34613
34605
34600
34604
34587
34609
34612
34577
34575
34594
34611
34604
34595
34570
34593
34628
34607
34607
34621
34579
34573
34590
34601
34603
34608
34631
34605
34636
34653
34649
34612
34635
34645
34644
34642
34644
34644
34661
34639
34621
34635
34645
34616
34622
34629
34591
34588
34585
34613
34619
34581
34568
34591
34589
34605
34589
34582
34585
34576
34583
34597
34592
34599
34585
34584
34608
34599
34612
34621
34629
34626
34629
34607
34627
34620
34611
34634
34644
34639
34631
34638
34623
34634
34633
34620
34635
34637
34639
34605
34622
34627
34599
34587
34600
34599
34601
34601
34591
34601
34579
34591
34617
34594
34590
34611
34590
34615
34626
34585
34604
34609
34623
34603
34592
34607
34615
34615
34605
34617
34619
34619
34614
34621
34621
34607
34595
34607
34617
34599
34593
34585
34582
34591
34593
34572
34557
34587
34588
34589
34575
34559
34556
34572
34598
34572
34571
34583
34593
34591
34598
34617
34625
34619
34605
34617
34630
34620
34611
34645
34646
34615
34607
34622
34637
34623
34618
34613
34632
34617
34595
34629
34605
34623
34605
34601
34586
34596
34569
34587
34561
34572
34586
34589
34576
34591
34599
34589
34587
34593
34615
34597
34610
34604
34626
34616
34610
34627
34627
34623
34620
34629
34627
34629
34624
34633
34631
34618
34606
34600
34610
34591
34593
34623
34607
34567
34602
34601
34580
34575
34578
34587
34583
34583
34576
34592
34610
34609
34592
34576
34600
34619
34593
34629
34628
34617
34618
34623
34623
34611
34631
34627
34608
34623
34635
34626
34621
34639
34646
34622
34616
34602
34612
34602
34599
34579
34590
34593
34585
34596
34585
34577
34583
34565
34554
34583
34600
34625
34606
34593
34610
34603
34604
34621
34613
34639
34615
34639
34633
34619
34622
34624
34654
34633
34626
34644
34627
34635
34639
34636
34647
34615
34632
34615
34607
34599
34615
34613
34585
34615
34623
34611
34619
34610
34603
34598
34619
34607
34609
34605
34619
34606
34613
34625
34615
34583
34607
34603
34615
34630
34628
34615
34619
34616
34639
34653
34630
34618
34623
34615
34628
34620
34623
34622
34623
34601
34588
34623
34608
34601
34599
34572
34604
34599
34594
34605
34599
34601
34596
34623
34595
34597
34615
34618
34589
34616
34626
34620
34618
34634
34633
34614
34616
34623
34637
34643
34645
34651
34635
34631
34631
34606
34631
34627
34599
34599
34585
34572
34571
34559
34584
34575
34569
34569
34557
34552
34586
34575
34589
34575
34548
34553
34558
34563
34569
34556
34567
34587
34605
34598
34592
34598
34611
34635
34606
34609
34604
34589
34590
34605
34623
34623
34593
34583
34593
34617
34601
34571
34573
34588
34569
34567
34583
34575
34551
34558
34587
34569
34556
34587
34592
34583
34573
34563
34591
34600
34623
34613
34615
34618
34606
34637
34648
34643
34606
34629
34617
34620
34627
34621
34633
34627
34607
34589
34593
34599
34595
34615
34572
34559
34563
34583
34609
34575
34559
34547
34561
34568
34570
34578
34559
34569
34583
34599
34599
34583
34591
34602
34618
34629
34613
34627
34637
34588
34616
34617
34635
34639
34637
34615
34619
34634
34614
34618
34615
34595
34588
34605
34600
34567
34577
34596
34613
34583
34571
34560
34563
34585
34597
34588
34572
34602
34615
34605
34584
34627
34604
34607
34611
34643
34623
34617
34613
34611
34639
34639
34605
34591
34617
34613
34606
34607
34634
34621
34616
34595
34582
34617
34596
34601
34586
34614
34584
34580
34597
34613
34606
34603
34599
34613
34607
34611
34615
34607
34594
34610
34614
34613
34616
34593
34591
34597
34586
34626
34627
34619
34620
34623
34623
34613
34603
34636
34639
34611
34635
34627
34612
34611
34610
34598
34583
34579
34605
34595
34589
34612
34613
34587
34587
34597
34601
34591
34589
34583
34599
34594
34579
34611
34609
34600
34622
34630
34605
34618
34614
34612
34628
34634
34639
34644
34615
34633
34625
34615
34639
34629
34647
34633
34599
34611
34609
34615
34604
34613
34595
34591
34615
34603
34583
34565
34587
34583
34580
34571
34588
34605
34607
34572
34583
34595
34566
34585
34601
34593
34593
34583
34595
34631
34616
34616
34629
34600
34596
34577
34596
34596
34599
34609
34585
34581
34584
34563
34574
34585
34584
34580
34572
34557
34551
34540
34557
34585
34593
34575
34579
34563
34559
34551
34591
34599
34607
34594
34614
34610
34610
34606
34595
34599
34620
34614
34632
34628
34615
34585
34608
34629
34609
34619
34611
34584
34587
34579
34564
34548
34559
34577
34574
34559
34575
34575
34575
34563
34575
34573
34583
34577
34595
34611
34593
34591
34577
34599
34611
34604
34595
34625
34613
34607
34614
34627
34613
34609
34623
34618
34631
34626
34610
34619
34611
34613
34609
34619
34606
34603
34611
34604
34591
34587
34586
34583
34587
34588
34571
34595
34609
34610
34600
34613
34606
34606
34596
34593
34623
34622
34595
34597
34613
34607
34621
34635
34615
34625
34618
34619
34624
34622
34617
34615
34615
34589
34624
34631
34608
34622
34621
34623
34620
34615
34603
34595
34581
34571
34596
34585
34577
34588
34584
34577
34588
34592
34613
34613
34613
34615
34606
34604
34611
34630
34637
34623
34619
34631
34634
34623
34617
34625
34638
34631
34592
34596
34594
34603
34587
34601
34603
34623
34625
34615
34591
34578
34575
34574
34587
34551
34569
34596
34591
34583
34610
34588
34577
34591
34591
34597
34603
34573
34589
34611
34615
34625
34626
34633
34617
34623
34611
34597
34596
34610
34613
34623
34635
34593
34603
34592
34580
34591
34576
34589
34603
34585
34605
34583
34569
34579
34583
34575
34571
34569
34588
34599
34607
34600
34591
34577
34595
34605
34593
34579
34619
34619
34632
34627
34643
34656
34632
34613
34630
34613
34561
34561
34546
34535
34527
34515
34515
34542
34512
34513
34541
34531
34506
34495
34498
34519
34529
34523
34505
34539
34526
34524
34549
34533
34531
34516
34535
34551
34543
34540
34547
34546
34532
34552
34559
34565
34575
34581
34550
34564
34566
34554
34543
34543
34561
34574
34549
34555
34543
34529
34519
34538
34541
34514
34519
34516
34519
34537
34547
34534
34561
34564
34550
34558
34540
34545
34566
34567
34563
34549
34546
34603
34583
34566
34557
34575
34591
34601
34585
34601
34611
34610
34599
34595
34567
34566
34567
34558
34538
34552
34581
34567
34573
34569
34580
34577
34549
34531
34581
34567
34571
34572
34559
34567
34561
34588
34567
34577
34581
34573
34584
34595
34595
34614
34607
34599
34607
34613
34598
34602
34604
34613
34605
34581
34599
34595
34583
34589
34592
34600
34587
34573
34583
34593
34590
34591
34590
34571
34575
34574
34572
34593
34612
34584
34583
34611
34605
34600
34615
34607
34583
34609
34607
34573
34595
34607
34607
34601
34621
34626
34618
34605
34626
34599
34603
34603
34598
34601
34619
34603
34590
34585
34597
34607
34607
34601
34585
34566
34566
34569
34541
34574
34585
34582
34567
34575
34586
34599
34590
34590
34602
34627
34599
34605
34596
34607
34612
34623
34617
34613
34591
34603
34608
34615
34617
34606
34623
34621
34625
34608
34595
34623
34608
34584
34599
34603
34586
34583
34601
34588
34583
34560
34599
34593
34599
34601
34601
34589
34587
34599
34615
34631
34619
34618
34612
34600
34605
34640
34616
34622
34627
34620
34627
34623
34623
34615
34619
34628
34649
34623
34607
34589
34588
34591
34580
34615
34603
34585
34583
34587
34609
34601
34577
34597
34607
34589
34574
34583
34589
34580
34595
34601
34607
34619
34647
34625
34609
34617
34629
34609
34592
34613
34627
34600
34599
34614
34601
34601
34624
34627
34601
34587
34585
34585
34608
34593
34597
34583
34566
34580
34601
34583
34566
34567
34572
34575
34598
34613
34578
34570
34591
34623
34623
34628
34625
34624
34608
34613
34607
34603
34605
34606
34629
34619
34607
34606
34610
34618
34623
34608
34617
34595
34595
34607
34601
34573
34576
34591
34582
34579
34595
34591
34591
34587
34580
34575
34597
34591
34588
34580
34587
34587
34608
34597
34631
34623
34597
34619
34629
34636
34623
34604
34642
34630
34614
34623
34601
34633
34625
34619
34629
34627
34610
34626
34611
34601
34585
34600
34607
34598
34599
34605
34616
34591
34601
34601
34600
34603
34604
34591
34591
34599
34607
34612
34635
34620
34607
34621
34603
34633
34657
34628
34625
34643
34633
34627
34636
34642
34651
34621
34599
34641
34617
34613
34607
34603
34600
34627
34635
34633
34621
34607
34602
34595
34595
34591
34575
34604
34615
34608
34621
34609
34614
34626
34629
34609
34621
34626
34617
34631
34623
34615
34639
34661
34654
34638
34639
34639
34633
34626
34619
34629
34643
34647
34631
34615
34619
34611
34603
34583
34586
34584
34580
34579
34579
34589
34607
34585
34617
34612
34615
34609
34613
34605
34607
34617
34638
34625
34610
34615
34622
34633
34623
34629
34640
34625
34627
34618
34633
34622
34625
34607
34629
34633
34618
34602
34612
34601
34610
34589
34583
34601
34596
34600
34603
34591
34590
34613
34623
34616
34625
34599
34579
34603
34631
34615
34606
34607
34615
34619
34630
34635
34621
34616
34619
34612
34587
34591
34575
34567
34567
34559
34551
34578
34591
34577
34568
34557
34573
34585
34577
34578
34586
34593
34569
34568
34577
34561
34551
34569
34581
34615
34599
34589
34577
34596
34585
34593
34620
34621
34604
34602
34608
34591
34606
34594
34612
34617
34622
34627
34608
34601
34618
34607
34598
34598
34599
34604
34595
34587
34595
34607
34606
34600
34601
34607
34592
34585
34602
34593
34602
34617
34609
34588
34581
34585
34598
34615
34623
34599
34601
34619
34617
34604
34625
34635
34626
34629
34617
34609
34621
34604
34621
34595
34604
34609
34621
34621
34607
34581
34613
34615
34579
34599
34591
34593
34599
34604
34615
34594
34547
34581
34574
34583
34599
34602
34589
34621
34613
34613
34634
34619
34615
34631
34617
34626
34642
34627
34634
34652
34639
34633
34616
34628
34638
34617
34614
34623
34621
34615
34612
34601
34603
34620
34637
34642
34628
34595
34599
34597
34597
34585
34598
34589
34588
34604
34616
34620
34615
34618
34634
34641
34616
34607
34609
34630
34624
34618
34621
34611
34626
34635
34631
34625
34619
34639
34623
34613
34626
34648
34623
34617
34615
34616
34618
34617
34595
34612
34592
34614
34608
34620
34608
34627
34607
34597
34580
34644
34615
34617
34622
34632
34619
34638
34619
34633
34625
34626
34647
34614
34631
34635
34626
34625
34631
34633
34643
34633
34625
34643
34603
34610
34585
34597
34611
34605
34602
34615
34599
34599
34604
34615
34594
34595
34629
34637
34637
34631
34621
34626
34618
34617
34615
34628
34662
34613
34631
34655
34653
34626
34619
34618
34639
34623
34623
34607
34601
34597
34606
34607
34608
34593
34599
34609
34583
34573
34583
34581
34582
34583
34569
34578
34583
34606
34595
34605
34595
34584
34594
34596
34636
34619
34600
34580
34602
34608
34603
34584
34616
34636
34608
34641
34599
34615
34621
34640
34631
34595
34609
34623
34607
34591
34607
34591
34612
34620
34599
34604
34580
34595
34585
34591
34614
34607
34587
34563
34591
34591
34586
34595
34600
34593
34591
34583
34614
34628
34630
34611
34607
34601
34635
34602
34639
34625
34612
34619
34631
34631
34615
34617
34615
34619
34611
34595
34596
34599
34601
34584
34597
34591
34568
34574
34578
34575
34587
34583
34593
34583
34599
34581
34593
34607
34602
34609
34622
34627
34605
34599
34587
34604
34623
34635
34633
34633
34621
34641
34639
34637
34632
34605
34607
34601
34597
34613
34625
34606
34604
34601
34581
34597
34583
34575
34581
34594
34591
34591
34581
34591
34603
34599
34604
34586
34619
34645
34625
34639
34628
34625
34619
34591
34613
34603
34618
34644
34654
34627
34630
34613
34611
34602
34594
34616
34623
34614
34624
34620
34641
34591
34600
34607
34621
34615
34613
34604
34619
34597
34604
34616
34622
34623
34632
34631
34617
34626
34644
34633
34643
34631
34633
34632
34619
34626
34651
34623
34625
34615
34632
34643
34631
34631
34615
34618
34599
34619
34607
34590
34577
34594
34621
34622
34598
34617
34613
34609
34604
34603
34603
34604
34595
34607
34620
34627
34633
34618
34610
34611
34609
34615
34620
34609
34635
34616
34616
34630
34630
34617
34623
34613
34621
34619
34601
34607
34623
34623
34601
34607
34617
34605
34609
34631
34620
34605
34603
34564
34584
34597
34586
34606
34597
34623
34593
34615
34617
34611
34605
34615
34629
34568
34537
34512
34508
34549
34533
34530
34547
34544
34543
34564
34566
34559
34570
34567
34538
34534
34541
34548
34531
34541
34528
34526
34513
34529
34511
34511
34526
34533
34520
34519
34517
34534
34543
34552
34549
34547
34537
34543
34543
34558
34545
34557
34559
34585
34587
34584
34583
34571
34584
34559
34584
34573
34560
34543
34549
34559
34586
34585
34590
34570
34570
34580
34564
34561
34549
34568
34561
34561
34570
34539
34554
34556
34542
34550
34561
34555
34550
34554
34559
34583
34583
34565
34567
34563
34575
34585
34591
34616
34593
34577
34569
34597
34588
34595
34595
34599
34595
34578
34595
34590
34575
34567
34579
34584
34584
34587
34565
34579
34578
34571
34573
34598
34579
34591
34559
34562
34598
34589
34586
34577
34601
34587
34601
34583
34601
34600
34617
34609
34607
34613
34619
34610
34613
34616
34591
34587
34593
34589
34607
34588
34562
34590
34607
34585
34570
34609
34594
34573
34589
34585
34610
34591
34588
34584
34593
34577
34571
34590
34596
34576
34601
34623
34622
34619
34622
34637
34623
34606
34601
34605
34602
34621
34627
34615
34617
34615
34587
34617
34615
34570
34599
34615
34612
34602
34628
34623
34616
34623
34605
34593
34587
34589
34590
34619
34615
34608
34596
34581
34601
34587
34591
34604
34623
34617
34618
34607
34621
34635
34631
34635
34635
34587
34577
34611
34593
34604
34618
34576
34574
34600
34611
34619
34618
34621
34598
34571
34573
34581
34589
34599
34622
34590
34565
34571
34581
34594
34597
34589
34614
34615
34619
34614
34607
34619
34614
34582
34590
34609
34605
34603
34627
34618
34599
34613
34616
34581
34588
34565
34576
34589
34578
34589
34596
34572
34585
34572
34562
34571
34535
34549
34565
34567
34564
34564
34555
34543
34567
34548
34543
34568
34577
34595
34560
34575
34576
34601
34600
34586
34576
34567
34567
34575
34573
34583
34572
34594
34589
34591
34603
34596
34591
34587
34581
34595
34584
34567
34571
34582
34580
34568
34537
34543
34542
34568
34573
34566
34571
34552
34562
34565
34557
34598
34583
34590
34563
34581
34574
34557
34583
34573
34573
34581
34592
34582
34594
34570
34550
34575
34605
34589
34576
34583
34588
34581
34567
34557
34563
34575
34585
34575
34579
34572
34557
34570
34569
34567
34543
34565
34590
34553
34541
34562
34559
34570
34587
34594
34583
34588
34580
34602
34583
34597
34599
34599
34573
34609
34607
34618
34613
34567
34561
34595
34589
34587
34615
34628
34608
34618
34641
34625
34625
34607
34593
34606
34637
34627
34615
34615
34622
34646
34640
34658
34649
34659
34653
34656
34669
34677
34667
34647
34644
34654
34667
34652
34663
34654
34664
34651
34636
34647
34642
34625
34631
34647
34644
34652
34642
34638
34618
34605
34610
34631
34630
34653
34647
34631
34650
34629
34619
34625
34656
34631
34610
34612
34609
34601
34607
34629
34629
34639
34641
34663
34637
34629
34629
34655
34659
34643
34636
34638
34638
34643
34647
34647
34646
34650
34637
34614
34635
34631
34637
34631
34622
34630
34626
34637
34640
34627
34623
34623
34631
34597
34610
34623
34613
34614
34607
34595
34623
34621
34631
34637
34641
34651
34628
34625
34655
34653
34643
34642
34659
34651
34664
34661
34641
34660
34659
34639
34629
34631
34634
34628
34625
34623
34636
34638
34635
34615
34615
34619
34604
34614
34605
34593
34608
34621
34597
34607
34615
34578
34594
34651
34643
34623
34619
34658
34646
34608
34619
34644
34639
34623
34623
34625
34636
34631
34633
34631
34617
34587
34598
34615
34621
34591
34589
34590
34604
34587
34578
34579
34580
34601
34597
34597
34569
34607
34609
34606
34609
34621
34627
34627
34626
34646
34648
34643
34637
34639
34645
34649
34617
34620
34677
34643
34641
34635
34627
34609
34620
34620
34627
34617
34610
34603
34628
34601
34589
34611
34615
34586
34587
34593
34591
34615
34600
34604
34615
34592
34589
34618
34614
34619
34615
34634
34639
34618
34635
34646
34649
34642
34633
34617
34606
34606
34627
34631
34623
34611
34596
34611
34631
34612
34616
34620
34608
34615
34615
34591
34603
34585
34591
34595
34613
34622
34597
34589
34602
34619
34614
34627
34620
34621
34644
34657
34650
34657
34647
34665
34655
34633
34628
34623
34615
34627
34641
34651
34641
34634
34628
34643
34623
34615
34585
34603
34601
34599
34622
34601
34613
34623
34614
34627
34603
34612
34615
34616
34641
34628
34631
34622
34629
34648
34626
34607
34613
34627
34609
34624
34623
34631
34621
34645
34667
34655
34646
34639
34636
34628
34622
34630
34638
34599
34610
34643
34620
34615
34635
34625
34632
34607
34603
34623
34627
34613
34600
34608
34600
34601
34609
34608
34619
34639
34623
34641
34632
34608
34607
34612
34634
34645
34642
34621
34615
34628
34640
34632
34635
34643
34627
34623
34631
34652
34620
34639
34637
34634
34627
34605
34613
34621
34612
34609
34599
34632
34633
34661
34634
34609
34590
34594
34599
34598
34587
34625
34632
34628
34635
34631
34642
34651
34649
34655
34652
34654
34663
34641
34643
34640
34629
34633
34627
34616
34627
34625
34609
34599
34605
34613
34595
34613
34595
34590
34561
34557
34551
34559
34581
34608
34568
34565
34609
34608
34575
34610
34599
34604
34615
34617
34631
34616
34614
34643
34619
34621
34635
34655
34633
34631
34642
34625
34614
34616
34635
34640
34613
34599
34591
34594
34561
34571
34613
34607
34583
34591
34592
34607
34594
34607
34604
34599
34599
34612
34631
34616
34615
34609
34619
34617
34609
34631
34646
34650
34649
34639
34631
34653
34663
34627
34626
34634
34617
34607
34598
34613
34626
34607
34601
34603
34625
34621
34599
34596
34606
34607
34607
34621
34623
34597
34593
34607
34633
34631
34634
34633
34669
34638
34620
34636
34637
34611
34615
34617
34624
34620
34617
34629
34627
34603
34633
34601
34621
34627
34607
34603
34606
34601
34611
34603
34629
34629
34621
34609
34622
34636
34646
34605
34615
34620
34611
34614
34626
34617
34628
34595
34615
34605
34616
34615
34604
34616
34610
34609
34637
34616
34610
34630
34639
34626
34647
34625
34636
34638
34651
34647
34635
34639
34607
34633
34639
34652
34657
34635
34654
34650
34600
34620
34625
34602
34616
34617
34612
34601
34621
34619
34633
34609
34626
34634
34629
34637
34635
34631
34604
34597
34633
34623
34623
34624
34639
34639
34655
34639
34653
34643
34642
34647
34619
34623
34614
34620
34629
34615
34615
34607
34587
34580
34593
34599
34618
34610
34599
34565
34587
34602
34605
34621
34601
34595
34634
34623
34647
34660
34641
34621
34623
34649
34633
34644
34647
34649
34639
34636
34639
34654
34627
34638
34645
34623
34613
34625
34603
34598
34604
34613
34621
34616
34570
34540
34537
34518
34526
34514
34511
34513
34507
34545
34527
34547
34549
34549
34563
34567
34579
34570
34543
34553
34557
34577
34573
34553
34567
34553
34549
34583
34567
34559
34547
34546
34544
34541
34544
34543
34551
34535
34555
34535
34556
34559
34563
34548
34547
34545
34557
34559
34537
34569
34559
34572
34593
34583
34579
34563
34577
34587
34591
34599
34585
34607
34609
34581
34589
34585
34581
34569
34576
34567
34575
34587
34574
34570
34566
34548
34543
34579
34567
34561
34543
34559
34566
34559
34578
34580
34579
34563
34571
34559
34567
34577
34594
34607
34593
34591
34603
34599
34588
34584
34605
34577
34585
34572
34583
34604
34595
34599
34592
34597
34615
34587
34585
34600
34599
34574
34585
34599
34597
34592
34578
34576
34585
34575
34584
34610
34617
34601
34599
34585
34574
34589
34595
34595
34627
34616
34599
34613
34629
34625
34623
34626
34615
34635
34643
34647
34640
34622
34613
34641
34631
34607
34612
34616
34647
34610
34604
34607
34618
34630
34582
34575
34591
34599
34616
34639
34622
34605
34607
34607
34602
34628
34611
34614
34621
34613
34625
34615
34623
34630
34617
34636
34616
34613
34645
34634
34666
34657
34637
34628
34635
34655
34647
34639
34616
34615
34623
34628
34629
34611
34611
34605
34616
34619
34593
34615
34601
34584
34591
34611
34599
34603
34605
34623
34623
34614
34611
34619
34613
34631
34659
34636
34650
34635
34643
34627
34632
34643
34644
34615
34613
34613
34632
34639
34637
34642
34621
34619
34615
34609
34609
34628
34617
34622
34602
34607
34605
34583
34587
34631
34615
34594
34603
34605
34612
34627
34623
34623
34639
34631
34636
34632
34617
34622
34611
34620
34621
34599
34625
34621
34607
34635
34631
34617
34598
34591
34612
34599
34615
34600
34584
34583
34586
34567
34575
34593
34585
34566
34581
34595
34607
34634
34625
34609
34617
34593
34617
34631
34630
34615
34641
34631
34641
34634
34641
34649
34647
34615
34627
34635
34653
34639
34627
34642
34629
34629
34617
34613
34623
34624
34621
34615
34625
34608
34600
34603
34603
34607
34609
34597
34625
34625
34600
34614
34639
34635
34631
34662
34644
34629
34624
34615
34643
34648
34627
34622
34634
34623
34632
34633
34646
34652
34636
34631
34625
34623
34609
34610
34629
34647
34632
34647
34644
34635
34623
34625
34621
34627
34611
34623
34623
34625
34645
34614
34616
34647
34632
34609
34608
34635
34627
34616
34609
34631
34644
34629
34632
34655
34640
34627
34619
34631
34650
34618
34629
34644
34615
34632
34639
34659
34659
34627
34629
34631
34620
34641
34635
34624
34639
34625
34628
34627
34623
34593
34587
34621
34609
34627
34641
34643
34630
34627
34639
34622
34623
34637
34623
34644
34643
34639
34647
34655
34661
34639
34663
34622
34611
34644
34638
34641
34649
34670
34645
34619
34606
34620
34617
34626
34623
34619
34619
34605
34618
34618
34601
34617
34627
34610
34636
34617
34634
34617
34647
34635
34641
34648
34657
34635
34654
34652
34655
34683
34679
34667
34672
34653
34647
34648
34637
34627
34637
34628
34610
34625
34608
34613
34613
34609
34621
34626
34635
34619
34629
34608
34623
34627
34615
34631
34642
34631
34634
34623
34650
34653
34615
34631
34665
34639
34627
34627
34631
34633
34643
34629
34620
34623
34639
34641
34649
34614
34622
34616
34607
34607
34595
34591
34575
34591
34576
34585
34584
34561
34566
34562
34589
34602
34579
34607
34606
34603
34587
34581
34581
34589
34591
34609
34592
34598
34586
34599
34590
34599
34599
34589
34595
34593
34605
34595
34627
34619
34613
34615
34599
34609
34606
34598
34600
34601
34615
34597
34591
34595
34581
34570
34583
34569
34609
34599
34587
34599
34601
34606
34580
34591
34599
34609
34605
34607
34604
34607
34615
34603
34595
34576
34591
34607
34581
34605
34601
34596
34607
34601
34591
34605
34613
34605
34599
34592
34587
34617
34582
34574
34575
34553
34571
34583
34591
34589
34601
34575
34583
34577
34578
34577
34585
34597
34567
34578
34571
34613
34597
34604
34623
34615
34593
34599
34625
34598
34606
34579
34593
34591
34621
34594
34612
34607
34590
34601
34587
34595
34589
34576
34584
34599
34601
34571
34594
34599
34577
34585
34609
34597
34587
34597
34587
34588
34627
34618
34611
34615
34631
34632
34636
34657
34655
34644
34644
34645
34640
34638
34659
34651
34679
34652
34650
34631
34630
34648
34623
34634
34645
34631
34625
34625
34627
34619
34597
34610
34610
34611
34607
34601
34630
34625
34613
34619
34628
34633
34624
34612
34635
34655
34631
34629
34651
34652
34637
34640
34660
34647
34655
34641
34623
34625
34635
34615
34631
34639
34629
34610
34611
34623
34613
34607
34620
34644
34639
34619
34625
34633
34620
34609
34613
34608
34623
34632
34621
34603
34628
