33073
32310
33288
33073
32847
32802
32543
32342
32616
33157
32321
32295
32248
32542
33139
33143
33313
32885
32474
32216
33346
33351
33335
33413
33426
32863
32270
32759
32877
32535
32565
33255
33175
32908
32517
32400
32388
32669
32639
32958
32765
32345
32623
32767
32966
32412
32179
32989
32211
32201
32191
32489
33001
33123
33133
33184
32419
32155
32397
33033
33045
32725
32335
32469
32773
32911
33019
32468
32629
32709
32671
32621
32298
32745
33112
33066
32313
33087
32859
32398
32401
32672
33042
33230
32401
32393
32423
32497
32650
32685
33065
32985
32604
32727
32743
32711
32439
32792
33023
32940
32496
32315
32322
33037
33122
32981
33099
33063
32423
32199
32447
33091
32632
33007
32633
32460
32638
32806
32275
32231
32313
32357
32709
32709
33159
32249
32463
32289
33050
33008
32757
32423
32515
32321
33016
33107
32577
32835
33130
33019
32831
32543
32361
32329
32238
32301
32343
33124
33023
32325
32390
32363
32345
32899
33086
33015
32653
32375
32313
33036
32405
32939
33065
33091
32871
32689
32313
32452
32785
33079
32987
32924
32389
32403
32959
32563
32669
32463
32987
32944
32696
32662
33027
32806
32343
32354
32491
32746
32328
32305
33025
32559
32399
32615
32936
32348
32919
32953
32655
32801
32994
33003
32999
32381
32803
32363
32671
32791
32709
32561
32374
33017
32984
32689
32459
32443
32437
32527
32935
32847
32814
32708
32615
32883
32363
32753
32941
32967
33007
32849
32704
32992
32942
32495
32905
32399
32612
32946
32960
32777
32721
32583
32409
32452
32679
32878
32602
32419
32667
32583
32875
32722
32243
32655
32852
32436
32381
32433
32591
32642
32651
32811
33262
32425
32175
30735
30825
31851
34044
32767
34001
33150
32407
31704
34678
33967
32101
33429
32964
30559
31242
32026
32151
33084
32673
34163
31719
29711
32497
33791
33698
32964
33868
34167
32925
33723
33755
32867
32094
33313
32726
33465
31128
32601
33006
31825
31560
33277
32753
32121
32101
33007
33423
32993
32311
32893
33512
32408
32490
32327
33696
33234
32678
32205
31468
33755
33849
32733
32747
31782
31929
32970
32301
32149
31999
33529
33403
33359
33117
33182
32055
31865
33014
32895
32287
31844
33486
33462
31735
31549
31562
32137
32177
32956
32806
32543
32093
32412
31957
32241
33026
33617
32689
32489
32237
31867
31780
32073
32707
33327
31908
32111
32268
32487
33215
33506
33265
32428
31938
33243
33610
33415
31991
32134
33379
33581
32866
31856
31839
32983
33559
32171
33397
33147
32980
32787
32675
32243
33451
33455
33135
32558
32459
32447
32077
31948
32470
32345
33457
33472
32161
32077
33432
33361
33035
32599
32109
32121
33267
33405
32703
32017
32191
32745
33223
32381
32077
32205
32487
32448
32423
32519
33367
32900
32739
32287
32400
32923
33229
32130
31999
33131
33313
33019
32003
32203
32685
32706
33112
32670
32287
32880
32568
32148
32407
32973
33085
32552
32063
32280
32271
33170
33224
32649
32033
33009
32744
32536
32328
33122
33182
32786
33043
32541
33093
33059
32461
32312
32845
33189
32213
32328
32877
32252
32104
32855
33021
33112
32351
32131
32159
32181
32375
33019
32227
33187
32405
32336
32523
33074
33136
33112
32938
32665
32591
32135
32457
33155
32824
32420
32309
32893
32583
32242
32213
32248
32393
32609
33124
32189
32204
32299
32344
32545
33009
33117
33139
32889
33071
32483
32458
32303
32210
32129
32429
32851
33050
32997
32503
32367
33107
32919
32599
32903
32999
33078
32346
32285
32853
32975
32308
33115
32778
32850
33010
32884
32985
32928
33103
32489
32439
33119
33142
33073
32407
32321
32313
32393
32879
33026
32340
32750
32443
32540
32729
32476
33063
32869
32983
32919
32551
32616
32583
32407
32399
32362
32433
32983
32583
32993
32845
32747
32574
32638
32799
33005
32987
32718
32567
32405
