44983
44998
44999
44996
44989
44996
44987
44988
44986
44990
44988
44987
44996
44999
45002
45011
45015
45021
45027
45028
45031
45043
45051
45051
45059
45046
45055
45049
45052
45047
45043
45047
45041
45033
45018
45009
45009
45003
44999
44997
44991
44985
44985
44983
44977
44977
44976
44974
44982
44978
44985
44989
44986
44997
45004
45006
45005
45013
45029
45031
45037
45044
45047
45051
45048
45052
45060
45051
45052
45052
45049
45045
45035
45025
45014
45015
45013
45007
45003
44999
44990
44989
44987
44985
44987
44983
44981
44987
44986
44988
44994
45000
44999
45001
45006
45021
45023
45027
45033
45031
45035
45036
45039
45049
45049
45047
45046
45045
45040
45035
45038
45033
45028
45024
45015
45013
45000
44997
44993
44989
44989
44990
44988
44987
44984
44983
44991
44989
44988
44989
44991
44993
44997
45002
45011
45013
45015
45019
45023
45025
45030
45028
45031
45035
45035
45037
45035
45039
45039
45034
45029
45030
45023
45015
45019
45014
45007
45003
45006
45001
45005
44995
44991
44987
44985
44985
44989
44995
44992
44991
44991
44994
45127
45108
44994
45011
45014
45023
45019
45020
45025
45028
45028
45031
45034
45037
45036
45040
45039
45040
45041
45033
45036
45031
45037
45037
45032
45027
45023
45017
45015
45011
45011
45007
45004
44999
44993
44994
44989
44994
44993
44993
44986
44988
44994
44994
44999
44999
44999
45002
45006
45016
45016
45017
45022
45025
45033
45033
45041
45039
45039
45039
45035
45031
45035
45031
45027
45031
45031
45023
45016
45015
45011
45007
45006
44998
44995
44994
44996
44989
44989
44993
44991
44987
44990
44995
44997
44995
45003
45009
45011
45019
45025
45029
45033
45039
45043
45045
45051
45050
45048
45046
45046
45048
45047
45039
45036
45027
45027
45020
45019
45006
45005
44997
44989
44991
44987
44993
44989
44978
44977
44983
44982
44987
44989
44985
44995
44999
45002
45007
45004
45009
45015
45019
45027
45034
45039
45043
45039
45041
45041
45037
45043
45039
45040
45037
45033
45027
45023
45019
45014
45006
45003
44999
44990
44986
44985
44981
44979
44975
44978
44983
44983
44982
44987
44987
44991
44997
44996
45000
45011
45018
45016
45017
45025
45026
45027
45031
45033
45035
45036
45039
45037
45033
45035
45032
45023
45024
45020
45015
45010
45001
44997
44995
44991
44993
44992
44990
44986
44987
44987
44983
44989
44991
44999
44999
44991
44993
45005
45008
45008
45012
45015
45022
45017
45025
45022
45029
45030
45035
45031
45026
45031
45028
45031
45027
45025
45019
45015
45011
45014
45015
45010
45003
44999
44991
44995
44998
44993
44990
44990
44988
44987
44991
44995
44991
44991
44993
44993
44995
45001
45004
45001
45007
45012
45008
45011
45011
45014
45019
45023
45031
45030
45030
45031
45038
45038
45033
45031
45028
45033
45029
45027
45020
45019
45015
45017
45007
45003
45006
45001
44998
44998
44999
44999
45000
44991
44989
44997
44998
45000
45001
45002
44999
45003
45009
45007
45010
45017
45016
45021
45025
45031
45029
45041
45037
45033
45035
45035
45034
45033
45037
45029
45028
45015
45015
45016
45010
44998
44991
44990
44988
44985
44984
44987
44983
44989
44988
44993
44990
44991
44992
44999
45004
45006
45007
45013
45015
45023
45029
45031
45037
45041
45039
45047
45047
45047
45047
45043
45041
45045
45035
45032
45031
45026
45019
45014
45009
44999
44989
44991
44989
44986
44983
44981
44978
44976
44983
44981
44979
44987
44991
44991
44999
45003
45009
45013
45017
45023
45031
45031
45031
45037
45036
45042
45043
45044
45039
45035
45037
45034
45029
45033
45025
45019
45013
45006
45001
44994
44993
44986
44988
44989
44985
44980
44983
44983
44981
44989
44989
44991
44997
45002
45005
45005
45015
45016
45015
45017
45025
45025
45023
45030
45029
45028
45027
45031
45031
45031
45023
45023
45019
45018
45014
45009
44998
45004
44999
45003
44997
44992
44991
44991
44991
44986
44985
44987
44990
44987
44990
44989
44997
44994
44997
44998
45001
45007
45014
45011
45017
45020
45024
45021
45021
45020
45019
45023
45021
45025
45025
45028
45029
45022
45019
45022
45019
45017
45015
45011
45005
45007
45003
45003
44997
44999
45000
44996
44991
44993
44989
44989
44992
44995
44997
44997
44999
44998
45005
45004
45004
45004
45010
45013
45017
45015
45019
45019
45023
45023
45031
45025
45033
45029
45029
45021
45025
45018
45019
45013
45011
45014
45007
45001
44999
44999
44999
44987
44991
44991
44985
44985
44987
44989
44987
44989
44987
44995
44997
44995
45005
45007
45007
45007
45015
45017
45017
45027
45032
45030
45033
45037
45034
45035
45031
45031
45030
45028
45029
45023
45015
45013
45007
45001
44997
44994
44990
44990
44983
44981
44975
44978
44975
44980
44978
44983
44985
44986
44995
44999
44998
45004
45007
45012
45021
45029
45029
45024
45034
45043
45037
45036
45035
45034
45037
45036
45033
45034
45025
45025
45019
45012
45007
45003
44995
44999
44995
44990
44991
44983
44981
44983
44983
44983
44988
44985
44989
44997
44996
44995
45001
45003
45010
45015
45015
45014
45021
45022
45025
45029
45031
45027
45033
45035
45031
45029
45027
45025
45019
45016
45013
45008
45003
44997
44999
44995
44991
44985
44987
44981
44981
44981
44979
44983
44987
44989
44990
44994
44997
44995
45003
45009
45011
45011
45013
45018
45022
45016
45023
45023
45025
45024
45024
45023
45023
45021
45021
45017
45018
45016
45011
45011
45007
45006
45004
45001
44999
44996
44993
44995
44991
44988
44983
44995
44988
44988
44987
44995
44999
44995
44999
45002
45000
44998
45005
45008
45008
45013
45009
45012
45019
45017
45018
45020
45027
45025
45015
45019
45020
45018
45017
45017
45015
45015
45011
45005
45008
45001
45002
44999
44997
44994
44989
44985
44995
44993
44990
44991
44991
44995
44989
44994
45000
45000
45000
44999
45007
45007
45009
45017
45015
45019
45022
45022
45023
45023
45029
45027
45025
45025
45023
45019
45024
45020
45020
45015
45009
45008
45006
45004
44998
44994
44987
44991
44987
44989
44987
44985
44991
44985
44988
44991
44993
44995
44996
45000
45005
45011
45015
45015
45017
45017
45023
45026
45030
45031
45036
45031
45031
45031
45032
45024
45027
45028
45026
45020
45013
45005
45006
45005
44995
44991
44987
44983
44986
44981
44979
44977
44983
44985
44986
44986
44991
44994
44996
44996
45001
45009
45016
45017
45020
45020
45025
45025
45031
45033
45031
45028
45037
45033
45031
45026
45025
45025
45023
45021
45019
45015
45007
45007
45004
45004
44998
44991
44999
44997
44993
44994
44997
45003
45007
45006
45012
45016
45021
45027
45024
45032
45039
45049
45049
45055
45051
45058
45052
45055
45055
45056
45049
45055
45055
45051
45051
45053
45047
45041
45041
45040
45041
45035
45032
45029
45029
45027
45031
45031
45026
45031
45033
45031
45036
45038
45044
45047
45048
45053
45055
45055
45060
45059
45062
45063
45066
45069
45072
45067
45071
45067
45069
45066
45069
45069
45067
44969
45068
45055
45057
45055
45061
45047
45045
45039
45043
45040
45039
45038
45039
45031
45032
45031
45035
45031
45032
45033
45039
45044
45044
45042
45047
45047
45050
45053
45058
45053
45055
45060
45057
45057
45059
45055
45067
45058
45057
45054
45055
45047
45049
45045
45041
45041
45043
45034
45029
45029
45023
45018
45015
45015
45015
45007
45011
45008
45005
45007
45007
45007
45014
45015
45011
45013
45019
45024
45029
45027
45025
45027
45030
45032
45031
45033
45034
45029
45031
45038
45031
45028
45021
45023
45019
45013
45007
45007
45004
44994
44997
44991
44992
44985
44985
44984
44985
44981
44979
44981
44987
44987
44986
44991
44994
44997
44999
45001
45006
45015
45018
45019
45025
45035
45033
45039
45044
45040
45042
45037
45039
45035
45032
45033
45026
45025
45021
45016
45014
45013
45004
45007
44999
45000
44999
44989
44989
44988
44988
44991
44993
44997
44996
44997
45001
44997
45002
45004
45012
45013
45017
45020
45025
45026
45034
45032
45034
45041
45038
45034
45033
45035
45038
45033
45032
45031
45020
45018
45014
45006
45003
44999
44994
44999
44993
44989
44984
44991
44994
44993
44989
44997
44993
44996
45003
45004
45005
45015
45013
45017
45023
45029
45035
45031
45041
45045
45042
45045
45039
45041
45043
45039
45035
45035
45029
45025
45024
45023
45019
45014
45005
45001
44991
44997
44995
44999
44999
44991
44991
44990
44985
44989
44998
44991
44992
45005
45006
45009
45005
45013
45015
45020
45021
45023
45026
45030
45025
45033
45037
45036
45033
45031
45029
45029
45027
45029
45029
45027
45024
45017
45013
45012
44999
44995
44995
44993
44991
44991
44989
44986
44988
44991
44993
44991
44998
45000
44997
44999
45002
45006
45010
45007
45015
45017
45015
45018
45025
45030
45029
45029
45033
45028
45027
45028
45029
45023
45027
45023
45015
45015
45017
45014
45003
44999
45001
44997
44994
44993
44991
44991
44989
44986
44986
44987
44983
44989
44991
44997
45001
45001
45003
45008
45009
45017
45018
45019
45025
45021
45022
45028
45025
45031
45035
45032
45035
45035
45028
45030
45026
45021
45017
45015
45012
45009
45011
45005
44999
44990
44991
44990
44987
44984
44991
44989
44988
44987
44981
44981
44991
44996
44999
45003
45008
45009
45015
45020
45021
45024
45026
45028
45025
45026
45027
45032
45031
45029
45031
45027
45023
45025
45025
45021
45017
45013
45011
45005
45005
44999
44994
44993
44991
44991
44985
44984
44989
44985
44989
44997
45004
45000
44993
45007
45011
45013
45021
45017
45025
45031
45029
45031
45031
45035
45033
45033
45035
45029
45027
45030
45029
45023
45019
45015
45013
45011
45007
45003
44999
44990
44991
44995
44988
44988
44990
44989
44991
44987
44991
44991
44997
44998
45001
45003
45002
45007
45009
45021
45028
45029
45028
45028
45026
45035
45033
45029
45029
45035
45031
45035
45031
45030
45025
45021
45021
45014
45014
45020
45007
45009
45009
45000
44997
44994
44993
44996
44989
44992
44991
44991
44999
44997
44995
44999
45005
45005
45002
45011
45009
45013
45017
45019
45023
45023
45023
45031
45030
45026
45031
45031
45025
45023
45023
45023
45019
45017
45011
45007
45017
45012
45004
45000
44995
45003
44993
44993
44987
44987
44983
44988
44989
44989
44993
44992
44999
45005
44999
45005
45008
45011
45014
45017
45020
45024
45026
45030
45036
45027
45031
45026
45029
45029
45031
45027
45022
45013
45012
45013
45007
45002
45004
45005
44993
44991
44992
44995
44993
44985
44989
44986
44990
44993
44990
44995
44989
44991
45000
44997
45000
45002
45005
45009
45016
45022
45019
45022
45031
45023
45029
45035
45034
45031
45027
45029
45027
45021
45021
45020
45013
45010
45005
45006
45004
45003
44995
44991
44991
44987
44987
44985
44989
44985
44984
44986
44997
44995
45001
45000
44998
45005
45008
45011
45014
45017
45021
45020
45021
45021
45027
45027
45031
45030
45027
45025
45026
45032
45019
45013
45015
45013
45007
45007
45005
44995
44995
44993
44991
44985
44985
44989
44989
44991
44986
44989
44991
44997
44999
45000
44999
45005
45010
45009
45014
45027
45018
45019
45025
45030
45032
45033
45030
45037
45031
45031
45027
45029
45021
45016
45015
45011
45009
45007
45005
44997
44999
44995
44990
44991
44991
44990
44986
44986
44985
44989
44991
44988
44991
44995
44992
44998
45003
45003
45007
45015
45015
45020
45017
45022
45023
45023
45023
45023
45021
45018
45019
45027
45025
45019
45017
45015
45010
45007
45001
45004
45007
44999
44997
44990
44998
45001
44995
44995
44991
44991
44991
44992
44997
44999
44999
45003
45009
45007
45009
45010
45015
45022
45019
45023
45023
45017
45023
45029
45028
45024
45023
45021
45023
45019
45015
45017
45015
45015
45009
45011
45005
45001
44997
44993
44999
44993
44991
44989
44991
44995
44991
44989
44994
44991
44987
44995
44993
45000
45004
45001
45011
45014
45017
45019
45015
45017
45018
45023
45021
45027
45023
45025
45025
45023
45023
45016
45019
45016
45012
45013
45007
45004
44999
44997
45000
44991
44993
44989
44985
44988
44984
44986
44983
44987
44991
44991
44995
44996
44997
44999
45002
45010
45012
45015
45016
45019
45021
45022
45015
45029
45031
45026
45023
45021
45022
45017
45019
45018
45011
45009
45013
45006
45004
44999
45002
44999
44993
44995
44992
44989
44983
44985
44985
44990
44991
44991
44990
44997
44997
45001
45005
45006
45009
45010
45015
45020
45022
45025
45023
45030
45031
45025
45027
45027
45029
45023
45025
45022
45014
45011
45005
45006
45003
44997
44999
45000
44989
44994
44995
44993
44993
44987
44985
44988
44985
44989
44991
44991
45002
45003
45000
44999
45004
45013
45014
45019
45024
45025
45032
45027
45028
45026
45028
45028
45023
45022
45019
45022
45015
45017
45016
45015
45009
45008
45003
45008
44998
44997
44996
44996
44989
44989
44989
44991
44994
44994
44995
44993
44995
44997
45001
45007
45006
45007
45010
45014
45014
45019
45021
45023
45020
45021
45025
45027
45024
45026
45022
45021
45018
45016
45013
45013
45007
45011
45004
45004
44999
44997
44995
44995
44993
44992
44987
44993
44993
44991
44994
45001
44997
44995
44999
45001
45004
45003
45008
45011
45011
45013
45015
45019
45022
45022
45025
45023
45023
45023
45021
45022
45024
45019
45021
45015
45011
45007
45006
45005
45003
45004
44997
44999
44992
44985
44989
44989
44991
44985
44988
44987
44989
44993
44995
44999
44999
45003
45005
45004
45008
45010
45015
45015
45024
45019
45023
45025
45021
45027
45025
45020
45023
45023
45017
45015
45012
45014
45011
45006
45009
45005
44998
44996
44999
44992
44989
44989
44990
44985
44987
44987
44987
44987
44991
44995
44999
44996
44999
45007
45003
45003
45012
45013
45017
45015
45019
45026
45025
45025
45023
45025
45025
45023
45029
45024
45020
45013
45015
45008
45005
45000
44996
44997
44996
44989
44984
44988
44987
44988
44987
44982
44990
44995
44991
44994
44991
44999
45000
45002
45005
45010
45014
45016
45015
45013
45017
45023
45025
45031
45027
45025
45026
45026
45023
45020
45013
45011
45009
45007
45007
45003
45003
44996
44991
44997
44997
44993
44988
44989
44991
44990
44986
44991
44994
44997
44993
44997
45004
45004
45005
45004
45005
45008
45011
45018
45022
45021
45023
45025
45021
45021
45025
45019
45019
45018
45015
45023
45031
45027
45019
45017
45011
45012
45005
45005
45007
44999
45000
44999
45000
44995
44991
44998
45003
45002
45006
45008
45003
45007
45014
45016
45015
45023
45017
45018
45025
45025
45025
45033
45029
45025
45025
45023
45021
45026
45022
45023
45021
45021
45017
45015
45008
45003
45006
45005
45007
45000
44997
45001
45004
44997
44995
44991
44989
44991
44995
44997
44999
44998
44999
45007
45009
45015
45015
45017
45023
45025
45023
45029
45024
45031
45024
45023
45029
45028
45027
45031
45022
45029
45023
45028
45019
45019
45017
45013
45014
45007
45001
45007
45005
44999
44994
44997
44995
44999
44993
44988
44997
44998
45001
45004
45004
45002
45009
45007
45019
45019
45017
45021
45023
45021
45021
45027
45031
45023
45021
45023
45020
45024
45020
45019
45015
45010
45009
45007
45004
45007
45003
45001
44996
44994
44992
44987
44993
44991
44991
44989
44991
44989
44998
44999
45000
45003
45011
45007
45016
45018
45017
45017
45021
45021
45028
45026
45021
45024
45023
45028
45027
45015
45016
45011
45017
45010
45011
45008
45003
44999
44999
44994
44987
44991
44991
44991
44989
44991
44993
44991
44990
44997
44998
45000
45003
45002
45004
45003
45015
45015
45015
45014
45014
45019
45019
45026
45025
45028
45027
45023
45020
45017
45021
45017
45010
45013
45012
45011
45010
45005
44999
44999
45002
44999
44993
44991
44991
44990
44994
44991
44990
44992
44993
45002
45000
45005
45003
45004
45007
45010
45009
45013
45013
45019
45016
45015
45014
45016
45021
45017
45025
45022
45022
45019
45017
45018
45016
45009
45007
45001
45003
44998
44996
44999
44995
44994
44993
44998
44999
44999
44995
44996
44999
44999
45003
45003
44999
44997
45007
45014
45007
45015
45022
45023
45025
45028
45027
45027
45029
45031
45025
45027
45023
45023
45018
45025
45016
45015
45015
45010
45008
45006
45000
45000
44999
44995
44996
44997
44991
44993
44987
44988
44996
44996
44994
44999
44999
45000
45002
45007
45001
45012
45015
45016
45016
45017
45015
45019
45015
45017
45021
45023
45027
45029
45031
45027
45031
45028
45031
45028
45031
45033
45029
45029
45032
45029
45027
45026
45029
45033
45030
45025
45027
45038
45041
45031
45031
45034
45039
45053
45058
45055
45056
45055
45067
45071
45079
45087
45084
45088
45095
45095
45098
45102
45101
45103
45107
45105
45103
45105
45105
45105
45108
45111
45111
45105
45103
45104
45097
45095
45089
45087
45099
45101
45104
45101
45103
45099
45097
45098
45095
45097
45103
45113
45118
45124
45127
45134
45139
45149
45151
45155
45157
45164
45173
45183
45195
45191
45201
45207
45207
45204
45203
45201
45201
45196
45205
45200
45195
45199
45205
45213
45210
45206
45205
45199
45205
45201
45200
45196
45191
45195
45187
45179
45162
45146
45141
45132
45127
45127
45125
45119
45120
45118
45118
45129
45137
45143
45148
45154
45157
45174
45179
45183
45193
45198
45199
45203
45195
45199
45197
45200
45201
45207
45209
45215
45218
45222
45224
45215
45207
45191
45176
45156
45137
45128
45114
45098
45076
45052
45037
45023
45009
44999
44998
44988
44990
44991
45010
45018
45024
45033
45041
45054
45067
45067
45071
45075
45085
45096
45097
45105
45105
45114
45121
45133
45135
45131
45121
45115
45119
45126
45123
45113
45100
45091
45073
45061
45047
45035
45012
44995
44987
44978
44969
44952
44938
44946
44947
44947
44954
44964
44967
44973
44981
44983
44981
44986
45003
45018
45019
45017
45020
45029
45034
45036
45039
45038
45043
45055
45061
45055
45063
45055
45065
45057
45049
45045
45037
45019
45011
45005
44991
44975
44960
44949
44943
44946
44943
44929
44921
44924
44935
44941
44946
44961
44975
44985
44999
45001
44999
45005
45008
45023
45035
45041
45045
45047
45054
45057
45057
45060
45055
45059
45052
45062
45055
45061
45043
45039
45037
45024
45015
44997
44979
44959
44951
44941
44947
44933
44934
44939
44939
44935
44943
44953
44954
44967
44975
44983
44995
45004
45017
45029
45037
45038
45037
45044
45049
45051
45054
45062
45059
45057
45055
45059
45054
45055
45043
45034
45031
45024
45010
44998
44987
44979
44971
44961
44949
44940
44929
44926
44929
44937
44937
44945
44951
44958
44975
44983
44993
44999
45009
45017
45031
45037
45040
45047
45055
45055
45056
45053
45055
45055
45053
45053
45047
45053
45053
45039
45034
45028
45014
45005
44995
44981
44975
44968
44963
44954
44941
44939
44941
44943
44941
44941
44939
44952
44967
44977
44987
44995
45001
45006
45021
45026
45038
45040
45041
45045
45049
45055
45057
45055
45057
45051
45053
45049
45041
45035
45031
45031
45026
45017
45009
44999
44991
44983
44975
44960
44953
44951
44951
44947
44944
44940
44943
44947
44963
44965
44965
44977
44988
45000
45007
45019
45023
45029
45039
45047
45047
45044
45049
45047
45050
45043
45050
45048
45047
45045
45039
45042
45036
45027
45015
45011
45006
44995
44988
44988
44975
44963
44959
44958
44950
44943
44941
44945
44954
44956
44962
44969
44972
44980
44997
45007
45015
45023
45033
45040
45045
45045
45051
45052
45055
45057
45055
45060
45049
45053
45045
45043
45040
45039
45025
45019
45015
45005
44998
44991
44986
44975
44963
44953
44949
44939
44941
44941
44945
44947
44954
44957
44963
44971
44977
44990
44997
45007
45012
45020
45035
45047
45046
45055
45058
45053
45060
45051
45059
45050
45050
45051
45045
45039
45031
45030
45026
45013
45002
44993
44983
44973
44967
44959
44957
44951
44943
44945
44945
44945
44943
44949
44955
44964
44973
44987
44996
45006
45014
45031
45043
45045
45047
45047
45055
45055
45063
45057
45057
45055
45055
45055
45047
45041
45033
45026
45024
45015
45007
44994
44991
44983
44976
44965
44960
44954
44944
44940
44942
44943
44951
44951
44958
44959
44969
44975
44986
44993
45007
45020
45025
45032
45041
45044
45055
45058
45055
45053
45055
45055
45051
45051
45049
45040
45038
45034
45024
45013
45008
44997
44993
44985
44981
44973
44972
44962
44956
44950
44952
44951
44951
44948
44953
44960
44964
44970
44980
44991
44999
45001
45011
45021
45029
45033
45043
45047
45047
45053
45057
45049
45054
45049
45051
45043
45035
45028
45027
45027
45020
45014
45007
45001
44993
44989
44981
44972
44969
44963
44958
44957
44959
44953
44957
44959
44962
44961
44969
44981
44988
44997
45006
45089
45018
45028
45037
45047
45047
45050
45052
45051
45054
45055
45049
45050
45050
45041
45039
45031
45025
45019
45007
45001
44997
44993
44985
44983
44977
44970
44963
44967
44964
44960
44953
44955
44955
44958
44965
44969
44973
44982
44987
45007
45015
45027
45030
45031
45043
45050
45057
45054
45047
45058
45054
45055
45057
45048
45054
45048
45041
45035
45032
45015
45015
45007
45000
44991
44983
44982
44976
44968
44955
44958
44957
44954
44957
44958
44964
44967
44975
44979
44984
44993
44999
45012
45016
45025
45039
45041
45050
45055
45059
45052
45057
45051
45059
45047
45055
45051
45043
45040
45027
45024
45017
45015
44999
44988
44977
44975
44973
44973
44971
44961
44963
44961
44955
44959
44960
44963
44973
44973
44979
44993
45003
45014
45023
45031
45034
45043
45050
45055
45057
45056
45059
45061
45063
45060
45055
45052
45047
45041
45031
45029
45022
45014
45007
44997
44989
44985
44975
44969
44967
44963
44953
44952
44959
44959
44959
44965
44965
44969
44981
44985
44993
44988
45000
45015
45028
45034
45039
45046
45053
45055
45055
45055
45055
45055
45049
45051
45045
45040
45036
45031
45021
45015
45005
44999
44987
44982
44982
44981
44975
44967
44968
44967
44963
44960
44960
44960
44964
44967
44973
44979
44981
44991
44998
45003
45015
45022
45027
45031
45038
45042
45049
45051
45051
45049
45047
45044
45041
45042
45035
45030
45029
45027
45013
45006
45002
44996
44991
44985
44976
44972
44970
44960
44961
44965
44963
44965
44961
44967
44968
44978
44979
44983
44994
44998
45006
45015
45016
45031
45033
45041
45043
45049
45049
45052
45055
45053
45052
45051
45047
45039
45036
45031
45024
45019
45015
45004
44997
44987
44985
44980
44974
44972
44967
44961
44955
44959
44961
44958
44967
44969
44969
44973
44985
44991
44993
44999
45009
45016
45027
45031
45037
45041
45044
45048
45052
45051
45053
45055
45055
45052
45044
45043
45039
45033
45019
45015
45005
45003
44997
44985
44981
44974
44969
44975
44967
44965
44959
44959
44966
44971
44972
44974
44985
44985
44993
45007
45005
45015
45024
45029
45033
45041
45046
45049
45055
45059
45049
45055
45055
45047
45049
45039
45038
45035
45020
45015
45011
45006
44998
44993
44988
44984
44975
44965
44965
44959
44955
44963
44960
44963
44967
44968
44977
44981
44990
44999
45008
45007
45023
45023
45027
45033
45039
45047
45053
45055
45056
45050
45061
45043
45051
45047
45044
45032
45029
45021
45015
45009
44999
44993
44989
44981
44976
44975
44967
44964
44959
44958
44963
44961
44968
44969
44972
44974
44983
44983
44993
45001
45011
45015
45023
45031
45045
45043
45049
45046
45055
45049
45050
45047
45044
45046
45046
45039
45030
45024
45017
45011
45003
44997
44995
44991
44987
44981
44971
44968
44967
44965
44966
44963
44960
44961
44967
44975
44981
44983
44986
44991
45002
45009
45017
45021
45030
45033
45039
45044
45045
45047
45051
45048
45047
45042
45042
45035
45036
45030
45024
45022
45011
45003
44999
44991
44986
44983
44977
44967
44967
44967
44963
44966
44969
44965
44967
44967
44967
44973
44981
44985
44995
44996
45007
45015
45017
45023
45029
45035
45039
45042
45041
45046
45047
45049
45047
45047
45046
45039
45032
45029
45023
45018
45010
44999
44999
44994
44983
44981
44979
44967
44965
44967
44967
44962
44966
44967
44971
44970
44977
44981
44983
44991
45000
45001
45011
45017
45019
45031
45038
45039
45047
45053
45055
45052
45052
45047
45043
45037
45039
45036
45031
45024
45017
45012
45005
44995
44987
44983
44975
44969
44969
44965
44960
44963
44967
44967
44967
44971
44975
44975
44982
44987
44993
45002
45010
45013
45020
45025
45037
45037
45041
45048
45051
45053
45052
45049
45050
45044
45039
45037
45030
45023
45016
45009
45000
44995
44984
44975
44977
44975
44971
44965
44962
44955
44959
44962
44969
44969
44971
44977
44982
44986
44994
44995
45001
45013
45018
45018
45027
45032
45041
45042
45044
45050
45047
45049
45055
45043
45043
45039
45037
45029
45023
45021
45010
45005
45001
44995
44983
44982
44977
44969
44972
44967
44967
44967
44967
44965
44969
44972
44980
44979
44983
44989
44995
44999
45007
45013
45024
45026
45031
45036
45038
45043
45044
45045
45046
45047
45041
45040
45039
45037
45023
45017
45015
45012
45005
44997
44996
44985
44979
44975
44977
44975
44967
44966
44965
44967
44969
44970
44974
44981
44983
44989
44993
44997
45002
45012
45015
45018
45023
45030
45031
45035
45043
45043
45045
45045
45043
45045
45038
45033
45033
45027
45020
45017
45011
45006
44999
44990
44989
44983
44981
44977
44977
44971
44969
44969
44971
44973
44983
44983
44982
44983
44987
44999
45005
45007
45015
45025
45029
45038
45041
45044
45051
45049
45054
45056
45048
45055
45054
45055
45053
45047
45038
45031
45030
45025
45018
45011
45008
45000
44997
44991
44991
44985
44987
44991
44985
44988
44984
44989
44997
44999
45003
45007
45010
45017
45023
45031
45038
45047
45047
45055
45059
45055
45067
45062
45063
45063
45063
45066
45063
45053
45063
45051
45049
45045
45034
45033
45026
45021
45015
45009
45005
44999
44999
45000
44998
44991
44997
44998
44993
44999
45008
45013
45015
45011
45023
45024
45022
45042
45044
45048
45055
45057
45051
45063
45055
45065
45055
45063
45055
45058
45057
45053
45049
45046
45042
45033
45025
45027
45015
45015
45009
45007
45000
44995
44993
44991
44991
44997
44993
44999
44997
45007
45003
45009
45016
45021
45027
45030
45034
45036
45039
45045
45053
45055
45055
45054
45059
45051
45055
45050
45048
45049
45041
45039
45035
45031
45029
45022
45015
45007
45003
44995
44991
44990
44983
44978
44981
44979
44986
44982
44981
44983
44985
44991
44999
45003
45007
45006
45016
45022
45028
45029
45037
45039
45031
45040
45043
45047
45043
45041
45037
45035
45031
45031
45029
45019
45015
45007
45002
44995
44994
44983
44980
44975
44974
44971
44967
44971
44970
44969
44969
44971
44979
44984
44983
44991
44999
45005
45003
45010
45012
45017
45021
45027
45031
45031
45036
45038
45043
45035
45039
45034
45033
45033
45029
45019
45014
45013
45005
44998
44991
44995
44983
44979
44977
44973
44968
44972
44971
44972
44968
44975
44978
44977
44983
44990
44993
44999
45002
45005
45015
45019
45019
45023
45021
45030
45031
45032
45036
45046
45039
45037
45033
45037
45033
45027
45023
45016
45009
45005
44999
44993
44988
44984
44979
44977
44977
44970
44973
44975
44975
44976
44975
44975
44979
44981
44989
44988
44996
45005
45007
45008
45015
45023
45023
45026
45032
45031
45034
45039
45042
45041
45037
45038
45031
45029
45026
45026
45015
45007
45007
44999
44997
44991
44990
44981
44985
44978
44975
44971
44972
44969
44969
44967
44977
44981
44984
44983
44989
44995
44997
45007
45013
45014
45015
45020
45023
45027
45029
45040
45045
45053
45055
45053
45051
45046
45039
45035
45034
45031
45025
45017
45015
45011
45007
45006
44995
44989
44988
44987
44991
44988
44987
44985
44988
44993
44987
44998
45003
45003
45002
45007
45013
45019
45023
45025
45034
45040
45041
45043
45047
45042
45044
45047
45047
45040
45033
45033
45031
45029
45024
45016
45010
45003
44999
44993
44991
44989
44981
44977
44979
44985
44973
44974
44983
44985
44996
44991
44993
44999
45008
45007
45015
45021
45025
45031
45035
45039
45043
45045
45051
45048
45055
45049
45047
45053
45048
45049
45040
45034
45032
45030
45020
45016
45015
45012
45000
44993
44991
44985
44983
44983
44985
44981
44976
44980
44983
44979
44989
44989
44991
45000
45010
45007
45017
45027
45027
45027
45034
45039
45039
45045
45041
45039
45043
45047
45039
45038
45032
45025
45025
45027
45023
45011
45013
45005
44997
44997
44993
44985
44987
44982
44980
44983
44978
44980
44980
44977
44985
44991
44994
44997
45002
45007
45016
45019
45016
45024
45023
45025
45031
45031
45039
45033
45035
45037
45033
45031
45031
45031
45028
45019
45013
45011
45011
45008
44997
44997
44989
44988
44981
44977
44980
44977
44975
44972
44978
44975
44979
44984
44989
44992
44995
45001
45006
45008
45011
45018
45025
45030
45031
45032
45037
45031
45037
45035
45041
45037
45045
45038
45032
45028
45020
45025
45021
45015
45009
45003
44997
44992
44993
44991
44987
44987
44983
44979
44981
44975
44981
44981
44979
44981
44985
44989
44995
44999
45011
45013
45013
45021
45022
45025
45027
45032
45037
45037
45039
45031
45038
45037
45033
45029
45031
45023
45022
45012
45006
45006
45007
45007
44999
44996
44995
44995
44991
44987
44977
44983
44984
44980
44987
44991
44995
44996
45000
45005
45013
45015
45019
45029
45030
45035
45037
45040
45045
45044
45040
45043
45038
45045
45039
45037
45034
45027
45028
45020
45015
45007
45009
45001
44997
44991
44994
44985
44980
44982
44981
44977
44977
44977
44980
44987
44989
44989
44991
44996
44995
45003
45011
45018
45018
45019
45031
45041
45033
45035
45042
45042
45047
45045
45044
45043
45038
45035
45035
45031
45025
45022
45023
45010
45007
45006
45003
44999
44991
44985
44983
44987
44988
44989
44989
44982
44987
44993
44994
44999
44996
45003
45009
45017
45014
45022
45029
45027
45027
45031
45032
45041
45039
45034
45034
45039
45031
45031
45036
45031
45024
45023
45015
45005
45004
45007
45001
44993
44990
44989
44988
44983
44976
44973
44977
44983
44984
44983
44990
44993
44987
44996
44999
45003
45006
45013
45016
45023
45019
45024
45032
45037
45039
45040
45039
45040
45035
45033
45028
45028
45025
45023
45017
45011
45005
45002
44997
44997
44989
44985
44989
44983
44980
44977
44975
44979
44975
44979
44978
44983
44987
44991
44988
44995
44999
45011
45012
45015
45019
45019
45021
45029
45028
45033
45032
45032
45033
45031
45031
45031
45030
45023
45016
45019
45014
45012
45000
44998
44996
44985
44985
44984
44983
44983
44981
44981
44984
44979
44978
44982
44986
44988
44995
45001
44999
45006
45010
45013
45019
45015
45023
45026
45029
45029
45032
45038
45039
45034
45032
45031
45027
45025
45029
45021
45015
45012
45007
44997
44997
44995
44988
44983
44987
44989
44983
44975
44976
44973
44976
44977
44991
44991
44991
44989
44998
45001
45007
45011
45014
45019
45021
45021
45029
45031
45035
45036
45039
45037
45038
45035
45032
45029
45027
45023
45016
45017
45013
45004
45002
45001
44993
44987
44985
44982
44979
44981
44980
44976
44975
44974
44979
44982
44984
44990
44997
44995
44999
45011
45015
45017
45017
45024
45025
45030
45031
45028
45027
45029
45027
45028
45026
45029
45027
45023
45021
45023
45010
45004
45007
45008
45001
44999
44985
44988
44985
44982
44978
44980
44983
44977
44983
44983
44983
44983
44989
44997
45002
45007
45011
45013
45013
45019
45025
45025
45030
45021
45027
45028
45029
45030
45031
45028
45029
45029
45023
45019
45015
45016
45011
45007
44999
44994
44993
44993
44983
44981
44980
44982
44981
44981
44979
44979
44979
44981
44989
44989
44991
44997
45001
45006
45005
45008
45009
45022
45023
45023
45023
45027
45031
45028
45034
45029
45029
45027
45023
45021
45017
45012
45012
45015
45017
44991
44993
44998
44991
44989
44983
44981
44973
44980
44981
44977
44976
44975
44980
44987
44997
44997
44995
45001
45003
45007
45012
45015
45013
45021
45028
45027
45025
45032
45028
45034
45031
45026
45023
45026
45017
45013
45009
45009
44999
45005
44997
44996
44993
44991
44984
44985
44981
44979
44979
44981
44983
44980
44982
44982
44985
44988
44994
44999
45000
45007
45007
45009
45015
45019
45021
45028
45026
45025
45028
45031
45031
45028
45028
45023
45023
45018
45017
45011
45012
45005
44999
44997
44991
44996
44991
44982
44982
44980
44974
44975
44979
44981
44984
44983
44985
44991
44987
44991
44997
44996
45002
45004
45013
45013
45013
45021
45027
45026
45027
45033
45031
45035
45029
45028
45030
45023
45015
45015
45015
45013
45006
45002
45002
44999
44991
44985
44986
44980
44980
44977
44975
44983
44975
44974
44978
44984
44983
44983
44987
44995
44995
44998
45003
45013
45015
45012
45011
45019
45022
45019
45021
45023
45023
45027
45023
45015
45007
45006
45012
45005
45005
45002
44991
44993
44984
44983
44982
44978
44978
44977
44983
44980
44981
44985
44988
44990
44987
44991
44991
44995
45000
45001
45005
45010
45020
45020
45021
45027
45031
45030
45031
45030
45025
45030
45031
45031
45031
45027
45027
45025
45020
45019
45015
45009
45009
45005
45003
45005
44994
44998
44997
44994
44991
44995
44992
44998
44995
44997
44997
45001
45007
45011
45013
45013
45017
45021
45023
45024
45030
45029
45031
45036
45036
45032
45032
45035
45026
45021
45023
45021
45023
45015
45005
45013
45005
44999
45000
45001
45000
44990
44987
44989
44991
44984
44985
44991
44989
44993
44993
44993
44999
45001
45006
45007
45008
45009
45013
45019
45019
45024
45021
45027
45031
45031
45031
45029
45023
45025
45023
45021
45020
45017
45015
45011
45008
45005
44999
45001
44999
44990
44991
44987
44981
44981
44979
44983
44983
44981
44985
44989
44990
44995
44995
44995
45003
45004
45005
45007
45012
45015
45019
45019
45019
45022
45023
45022
45025
45026
45023
45023
45017
45015
45013
45008
45007
45001
44998
44993
44991
44989
44989
44986
44983
44985
44979
44978
44977
44979
44975
44981
44985
44983
44991
44991
44991
45000
45002
45007
45009
45015
45017
45023
45021
45020
45023
45026
45019
45029
45022
45020
45019
45017
45015
45015
45017
45027
45015
45015
45013
45005
45003
45001
44999
44997
44994
44996
44995
44995
44999
45001
45005
45007
45002
45009
45012
45016
45015
45017
45025
45032
45030
45033
45036
45035
45036
45036
45033
45035
45032
45030
45035
45029
45024
45025
45021
45015
45014
45007
45003
44999
44995
44989
44991
44996
44997
44985
44994
44985
45052
44991
44992
44993
44995
45003
45006
45003
45005
45007
45018
45026
45031
45035
45037
45042
45045
45047
45044
45046
45040
45037
45038
45043
45036
45035
45031
45026
45028
45019
45018
45012
45011
45010
45001
45003
45001
45007
44996
44994
44998
44996
45001
45002
45006
45011
45010
45010
45007
45015
45017
45024
45027
45031
45025
45031
45034
45027
45030
45034
45039
45037
45032
45037
45031
45026
45031
45031
45031
45031
45026
45020
45015
45007
45003
44995
44991
44991
44989
44991
44999
44987
44989
44991
44997
44993
44994
44993
44999
45002
45007
45010
45018
45018
45022
45017
45027
45027
45027
45028
45033
45026
45030
45031
45027
45028
45029
45020
45021
45019
45010
45012
45009
44999
44999
44995
44990
44993
44992
44984
44991
44985
44985
44985
44981
44986
44990
44990
44994
44997
45001
45006
45003
45010
45013
45016
45023
45024
45019
45026
45031
45033
45027
45031
45031
45027
45023
45020
45023
45018
45019
45015
45016
45007
45005
45002
45001
44999
44991
44992
44988
44986
44989
44993
44994
44985
44990
44988
44995
45001
45006
45003
45001
45009
45015
45010
45017
45023
45023
45023
45023
45031
45025
45029
45027
45027
45022
45023
45026
45019
45016
45009
45011
45002
45001
45003
44999
44993
44991
44989
44989
44995
44985
44985
44988
44993
44997
44997
45003
44999
45003
45012
45011
45009
45015
45019
45017
45018
45024
45027
45032
45028
45028
45034
45037
45035
45031
45029
45031
45029
45023
45017
45019
45015
45015
45011
45001
44997
44993
44991
44997
44993
44990
44987
44987
44988
44993
44985
44989
44994
44999
45004
45005
45007
45009
45015
45018
45022
45022
45024
45031
45030
45029
45027
45030
45029
45027
45032
45027
45031
45028
45028
45017
45021
45022
45015
45011
45008
45001
44999
44997
44996
44995
44989
44993
44996
44994
44998
45001
45004
44999
45010
45013
45012
45015
45012
45017
45023
45017
45020
45033
45029
45031
45031
45031
45029
45031
45033
45021
45020
45023
45022
45021
45017
45013
45016
45013
45006
45003
45001
45002
44995
44999
44993
44991
44993
44995
44991
44994
44993
44995
44997
45001
45011
45003
45002
45005
45011
45011
45023
45021
45027
45023
45029
45028
45031
45028
45032
45027
45028
45023
45021
45021
45027
45023
45015
45010
45001
45001
45007
45002
44999
44994
44991
44996
44991
44989
44990
44984
44988
44991
44995
44999
44993
44999
44999
45004
45004
45007
45007
45015
45015
45017
45019
45021
45030
45027
45026
45022
45021
45029
45024
45022
45019
45019
45013
45008
44999
45003
45001
45001
44996
44995
44997
44997
44993
44988
44985
44990
44991
44986
44990
44991
44989
45003
45001
45000
45005
45006
45012
45018
45022
45016
45019
45021
45026
45028
45029
45031
45026
45026
45028
45021
45017
45017
45015
45010
45009
45006
45004
45001
44996
44993
44995
44990
44985
44990
44987
44989
44989
44989
44991
44996
44993
44995
45001
45003
45004
45007
45010
45011
45017
45023
45020
45021
45021
45023
45031
45027
45032
45032
45031
45025
45034
45027
45021
45019
45013
45009
45009
45009
45007
45005
44997
44997
44994
44994
44990
44990
44989
44991
44996
44991
44997
44995
44999
44998
44999
45001
45001
45003
45007
45015
45014
45019
45019
45020
45026
45025
45023
45019
45026
45021
45021
45018
45024
45015
45012
45011
45007
45005
45001
44999
45000
44990
44997
44995
44996
44997
44995
44989
44993
44993
44997
44992
44991
45001
44999
45001
45009
45007
45011
45014
45023
45019
45013
45021
45024
45027
45025
45025
45027
45027
45023
45017
45028
45023
45020
45017
45015
45017
45007
44999
45003
44999
44993
44994
44991
44995
44989
44987
44997
44991
44995
44991
44993
44993
44990
44996
45003
45007
45005
45009
45007
45010
45013
45013
45017
45021
45023
45026
45023
45027
45015
45024
45021
45017
45017
45014
45011
45011
45007
45001
45002
45083
44991
44995
44994
44991
44993
44990
