32705
32677
32617
32643
32637
32621
32600
32612
32622
32631
32616
32644
32629
32603
32595
32593
32600
32615
32616
32623
32623
32608
32580
32579
32577
32613
32631
32591
32594
32619
32605
32623
32599
32615
32663
32639
32619
32660
32631
32617
32649
32644
32627
32966
34759
32867
32608
32597
32609
32589
32586
32607
32604
32608
32608
32601
32611
32597
32591
32562
32573
32595
32578
32581
32576
32596
32595
32567
32576
32615
32605
32617
32622
32595
32600
32587
32607
32636
32647
32645
32644
32627
32625
32623
32643
32645
32615
32627
32645
32657
32629
32589
32604
32600
32632
32639
32643
32631
32595
32597
32599
32609
32605
32610
32615
32645
32631
32619
32611
32622
32618
32596
32652
32663
32625
32622
32642
32645
32627
32665
32649
32649
32646
32651
32649
32650
32651
32631
32659
32683
32657
32623
32645
32619
32633
32646
32635
32638
32641
32639
32639
32629
32657
32650
32665
32663
32645
32625
32644
32654
32651
32658
32655
32668
32679
32673
32653
32671
32693
32678
32672
32681
32653
32669
32641
32652
32673
32667
32680
32672
32671
32669
32656
32668
32647
32643
32643
32619
32636
32632
32605
32615
32641
32633
32638
32647
32625
32618
32591
32590
32627
32647
32633
32657
32658
32645
32609
32615
32631
32614
32616
32639
32641
32649
32650
32677
32649
32651
32653
32645
32655
32642
32633
32641
32637
32644
32679
32682
32644
32636
32660
32634
32619
32645
32643
32634
32632
32632
32615
32615
32615
32647
32639
32653
32632
32621
32627
32631
32632
32622
32647
32643
32640
32668
32648
32647
32621
32635
32639
32651
32639
32623
32653
32615
32625
32645
32622
32625
32629
32649
32625
32628
32639
32625
32635
32651
32631
32618
32633
32641
32641
32616
32650
32661
32638
32619
32641
32647
32624
32647
32631
32645
32662
32683
32661
32659
32651
32654
32647
32644
32651
32670
32651
32652
32656
32641
32624
32633
32635
32645
32667
32652
32655
32629
32615
32634
32597
32579
32615
32619
32603
32593
32575
32580
32583
32617
32631
32618
32621
32643
32613
32608
32647
32669
32627
32619
32641
32633
32636
32619
32631
32645
32615
32624
32622
32629
32612
32604
32609
32627
32625
32623
32629
32602
32600
32604
32608
32641
32661
32630
32626
32647
32621
32612
32628
32633
32628
32624
32631
32605
32634
32625
32618
32617
32647
32641
32649
32637
32631
32639
32645
32633
32647
32637
32617
32624
32600
32615
32630
32608
32623
32631
32613
32612
32603
32602
32607
32584
32590
32619
32613
32625
32631
32594
32606
32623
32611
32605
32623
32634
32609
32613
32634
32639
32645
32616
32605
32648
32625
32625
32633
32625
32641
32646
32649
32667
32643
32639
32647
32621
32624
32634
32641
32655
32645
32639
32605
32615
32619
32646
32659
32655
32639
32625
32609
32621
32615
32621
32615
32616
32615
32591
32586
32605
32613
32615
32635
32627
32623
32625
32639
32627
32627
32619
32626
32625
32615
32609
32596
32597
32590
32607
32626
32600
32608
32591
32591
32614
32603
32581
32611
32603
32619
32649
32633
32612
32605
32609
32625
32619
32605
32616
32609
32617
32633
32629
32629
32679
32680
32655
32632
32626
32629
32609
32611
32635
32633
32602
32589
32585
32633
32637
32626
32597
32601
32610
32601
32583
32578
32597
32597
32600
32617
32612
32607
32615
32604
32603
32610
32615
32613
32611
32627
32645
32629
32620
32629
32641
32621
32633
32612
32632
32628
32643
32623
32630
32628
32618
32608
32602
32622
32631
32641
32629
32617
32620
32639
32619
32602
32609
32632
32631
32638
32619
32606
32619
32631
32623
32626
32607
32649
32639
32667
32624
32609
32643
32625
32652
32630
32621
32576
32597
32617
32595
32584
32598
32595
32597
32617
32612
32597
32568
32585
32603
32583
32594
32568
32595
32588
32604
32593
32575
32583
32589
32596
32590
32615
32627
32589
32591
32582
32596
32602
32615
32645
32653
32652
32629
32613
32647
32635
32615
32622
32636
32615
32609
32603
32618
32615
32595
32584
32591
32611
32608
32619
32648
32628
32631
32619
32626
32587
32569
32591
32594
32615
32615
32609
32599
32623
32630
32600
32557
32579
32619
32633
32633
32634
32630
32649
32645
32649
32650
32670
32652
32630
32626
32660
32628
32615
32618
32647
32625
32604
32610
32597
32585
32588
32615
32609
32603
32607
32615
32635
32634
32637
32639
32628
32621
32607
32624
32626
32625
32638
32613
32636
32651
32641
32645
32638
32643
32661
32657
32673
32653
32653
32657
32654
32633
32616
32630
32619
32622
32622
32612
32591
32581
32586
32595
32599
32585
32582
32594
32576
32573
32607
32633
32623
32614
32613
32593
32592
32608
32617
32612
32599
32626
32631
32609
32606
32595
32613
32625
32629
32643
32629
32637
32627
32618
32619
32629
32633
32611
32609
32629
32607
32617
32586
32611
32611
32625
32617
32639
32593
32585
32609
32604
32598
32608
32596
32619
32591
32595
32601
32591
32587
32590
32593
32633
32611
32613
32627
32630
32636
32627
32619
32611
32607
32607
32621
32593
32589
32595
32594
32603
32593
32596
32619
32595
32588
32600
32593
32572
32584
32583
32577
32609
32595
32598
32574
32621
32630
32619
32623
32607
32620
32608
32607
32619
32623
32623
32624
32624
32647
32639
32657
32669
32653
32650
32633
32643
32644
32659
32646
32653
32621
32599
32605
32609
32627
32639
32572
32569
32599
32611
32592
32584
32609
32577
32570
32575
32583
32581
32591
32606
32585
32586
32593
32627
32621
32615
32605
32611
32617
32601
32634
32637
32627
32614
32635
32626
32606
32614
32645
32623
32607
32604
32587
32610
32604
32596
32607
32591
32593
32585
32594
32583
32593
32593
32596
32615
32595
32609
32617
32584
32595
32591
32606
32622
32621
32635
32626
32627
32643
32619
32628
32617
32617
32629
32626
32610
32595
32591
32615
32607
32611
32586
32597
32595
32585
32602
32586
32615
32569
32593
32583
32589
32576
32583
32608
32585
32603
32605
32604
32601
32613
32608
32607
32621
32629
32623
32639
32647
32652
32615
32601
32615
32620
32614
32623
32633
32631
32620
32633
32623
32629
32634
32618
32601
32619
32591
32598
32592
32607
32617
32626
32600
32590
32587
32601
32599
32607
32583
32591
32608
32588
32576
32594
32611
32601
32599
32608
32607
32623
32618
32597
32600
32597
32615
32637
32625
32609
32587
32621
32598
32600
32604
32607
32587
32581
32597
32593
32597
32605
32619
32599
32583
32594
32589
32561
32569
32595
32597
32589
32586
32584
32599
32585
32577
32608
32615
32615
32606
32623
32627
32614
32588
32589
32603
32586
32601
32625
32639
32615
32597
32595
32609
32603
32612
32592
32558
32565
32587
32577
32558
32565
32602
32583
32581
32585
32589
32599
32579
32577
32607
32614
32575
32599
32615
32599
32597
32623
32615
32608
32630
32626
32611
32613
32615
32639
32632
32615
32613
32638
32619
32602
32615
32622
32639
32607
32621
32636
32594
32581
32599
32595
32593
32592
32615
32615
32613
32617
32609
32593
32555
32596
32623
32613
32599
32583
32611
32622
32615
32580
32579
32582
32549
32537
32532
32527
32559
32552
32557
32517
32515
32514
32508
32525
32543
32542
32551
32517
32553
32559
32539
32551
32565
32535
32551
32555
32572
32553
32565
32537
32535
32552
32584
32547
32560
32566
32573
32573
32575
32583
32582
32564
32605
32599
32570
32577
32591
32583
32601
32607
32588
32583
32587
32572
32573
32604
32600
32595
32605
32583
32584
32571
32556
32589
32586
32581
32595
32582
32596
32589
32579
32567
32582
32600
32607
32583
32602
32603
32617
32603
32608
32616
32597
32598
32616
32607
32599
32607
32581
32623
32603
32625
32601
32607
32613
32613
32604
32597
32594
32587
32575
32599
32577
32582
32575
32575
32581
32606
32595
32581
32587
32596
32623
32630
32617
32620
32617
32615
32635
32645
32632
32625
32629
32633
32651
32617
32607
32642
32646
32631
32624
32619
32601
32594
32601
32608
32601
32616
32589
32585
32609
32615
32599
32577
32587
32595
32596
32585
32592
32599
32598
32622
32616
32586
32578
32631
32591
32610
32635
32628
32615
32617
32631
32617
32624
32618
32627
32629
32621
32658
32626
32628
32639
32631
32641
32659
32663
32638
32668
32648
32650
32641
32638
32635
32631
32653
32679
32660
32665
32657
32647
32643
32668
32656
32647
32633
32626
32624
32617
32626
32627
32643
32650
32636
32611
32638
32673
32648
32633
32653
32645
32641
32647
32638
32636
32631
32647
32633
32639
32629
32601
32627
32639
32655
32636
32651
32639
32599
32596
32618
32615
32629
32633
32659
32552
32630
32629
32624
32636
32639
32633
32616
32647
32651
32648
32659
32662
32674
32674
32652
32683
32691
32665
32647
32660
32668
32646
32661
32675
32673
32645
32631
32631
32637
32619
32631
32639
32618
32613
32618
32615
32643
32629
32623
32631
32644
32612
32625
32611
32614
32626
32651
32616
32615
32631
32645
32645
32645
32649
32640
32667
32661
32645
32671
32655
32653
32661
32630
32612
32635
32635
32641
32644
32638
32636
32647
32647
32636
32645
32643
32639
32662
32623
32628
32633
32631
32647
32640
32655
32667
32655
32639
32647
32645
32681
32673
32660
32661
32671
32654
32657
32632
32645
32618
32645
32632
32649
32631
32647
32650
32641
32668
32668
32645
32653
32633
32645
32631
32627
32632
32647
32645
32635
32622
32631
32645
32639
32639
32673
32647
32659
32659
32657
32642
32637
32677
32680
32682
32669
32657
32671
32643
32642
32661
32655
32668
32669
32667
32655
32629
32644
32663
32658
32661
32698
32683
32638
32651
32631
32646
32662
32662
32633
32642
32635
32609
32619
32639
32649
32635
32632
32632
32623
32619
32643
32617
32601
32625
32635
32634
32653
32655
32647
32641
32663
32641
32647
32677
32655
32659
32630
32661
32650
32631
32633
32644
32623
32659
32661
32662
32647
32639
32631
32639
32636
32622
32615
32639
32651
32657
32677
32679
32673
32663
32661
32649
32653
32647
32665
32655
32664
32673
32681
32683
32665
32665
32673
32659
32651
32659
32663
32646
32639
32639
32639
32643
32663
32669
32680
32635
32636
32663
32667
32650
32644
32618
32649
32647
32648
32645
32644
32635
32643
32663
32655
32660
32656
32667
32681
32649
32677
32663
32627
32655
32649
32657
32655
32639
32661
32677
32679
32674
32647
32650
32636
32652
32671
32655
32649
32665
32633
32644
32649
32657
32639
32660
32658
32684
32649
32659
32650
32668
32625
32602
32591
32599
32598
32603
32609
32605
32629
32647
32643
32624
32632
32636
32637
32647
32623
32599
32603
32611
32584
32607
32622
32631
32569
32593
32625
32589
32625
32611
32622
32631
32614
32651
32636
32642
32635
32618
32609
32609
32625
32650
32645
32634
32632
32638
32632
32663
32676
32635
32626
32614
32639
32652
32673
32661
32669
32645
32644
32627
32635
32615
32643
32631
32605
32625
32616
32618
32605
32623
32618
32619
32602
32649
32655
32620
32626
32637
32645
32619
32628
32641
32618
32630
32620
32613
32625
32630
32626
32645
32663
32649
32654
32646
32665
32661
32651
32655
32635
32639
32627
32636
32635
32631
32614
32592
32609
32639
32663
32644
32653
32635
32657
32637
32627
32627
32651
32655
32644
32627
32631
32643
32659
32640
32648
32681
32644
32631
32661
32683
32657
32633
32642
32645
32618
32619
32644
32626
32633
32634
32647
32665
32677
32653
32637
32637
32639
32635
32645
32659
32653
32649
32633
32625
32653
32637
32633
32636
32634
32639
32631
32643
32638
32649
32655
32647
32652
32647
32635
32642
32631
32618
32647
32643
32636
32665
32658
32653
32644
32623
32635
32639
32664
32637
32655
32619
32629
32619
32613
32597
32609
32623
32623
32625
32633
32620
32609
32631
32613
32617
32612
32647
32632
32617
32619
32618
32610
32627
32609
32621
32635
32620
32634
32635
32645
32650
32615
32614
32619
32631
32615
32653
32643
32641
32639
32639
32625
32607
32634
32631
32617
32611
32623
32623
32629
32662
32643
32607
32631
32650
32626
32627
32621
32608
32635
32661
32665
32659
32640
32630
32627
32639
32668
32639
32623
32641
32639
32655
32633
32627
32619
32637
32639
32631
32605
32620
32605
32599
32602
32596
32579
32588
32584
32596
32595
32578
32578
32577
32592
32605
32618
32599
32619
32599
32597
32585
32630
32614
32619
32609
32635
32631
32613
32613
32647
32642
32611
32654
32635
32638
32637
32647
32623
32629
32627
32641
32651
32641
32630
32615
32625
32648
32615
32600
32605
32623
32623
32639
32643
32615
32602
32620
32614
32631
32591
32607
32634
32611
32624
32623
32627
32640
32620
32628
32637
32647
32637
32655
32634
32622
32647
32643
32623
32617
32639
32621
32649
32655
32633
32593
32618
32607
32629
32611
32601
32606
32598
32616
32641
32629
32609
32625
32619
32611
32641
32658
32644
32623
32622
32651
32663
32625
32660
32667
32649
32641
32639
32655
32647
32657
32649
32657
32663
32670
32645
32640
32667
32664
32650
32641
32629
32659
32653
32633
32621
32624
32624
32627
32626
32622
32642
32649
32628
32669
32650
32645
32653
32639
32641
32655
32644
32624
32629
32637
32639
32624
32631
32619
32629
32640
32649
32674
32645
32642
32626
32630
32660
32632
32645
32651
32637
32659
32653
32621
32615
32641
32651
32633
32633
32646
32658
32649
32644
32615
32647
32663
32632
32651
32663
32647
32625
32626
32644
32639
32661
32663
32643
32639
32650
32664
32657
32633
32629
32615
32633
32617
32646
32658
32639
32647
32594
32607
32611
32611
32633
32636
32643
32634
32624
32630
32647
32630
32657
32643
32617
32607
32615
32601
32615
32637
32611
32611
32631
32639
32623
32615
32619
32639
32641
32649
32647
32636
32625
32630
32628
32607
32605
32646
32647
32647
32634
32633
32627
32639
32628
32627
32633
32619
32634
32638
32615
32627
32615
32623
32585
32584
32600
32575
32559
32583
32604
32600
32612
32596
32592
32599
32593
32585
32589
32603
32613
32591
32611
32627
32616
32598
32582
32598
32593
32591
32590
32599
32583
32576
32579
32600
32579
32601
32613
32619
32612
32595
32615
32596
32602
32596
32588
32605
32607
32590
32598
32618
32627
32638
32646
32655
32645
32624
32626
32632
32631
32629
32631
32642
32645
32633
32615
32648
32621
32615
32617
32615
32614
32574
32593
32629
32616
32619
32616
32599
32615
32579
32607
32631
32631
32616
32647
32643
32639
32649
32615
32629
32639
32637
32647
32641
32636
32629
32628
32639
32631
32646
32645
32665
32668
32671
32643
32641
32630
32616
32637
32650
32647
32651
32651
32629
32636
32630
32642
32630
32631
32649
32625
32629
32623
32646
32645
32669
32647
32657
32669
32649
32654
32645
32611
32619
32631
32638
32616
32640
32623
32627
32601
32599
32600
32708
32642
32625
32607
32605
32611
32645
32621
32622
32629
32618
32607
32614
32613
32619
32633
32615
32615
32619
32612
32603
32624
32630
32631
32627
32640
32613
32641
32626
32623
32636
32648
32644
32660
32669
32655
32663
32652
32620
32641
32641
32649
32655
32633
32651
32645
32633
32625
32623
32639
32663
32660
32644
32657
32651
32647
32633
32635
32665
32683
32680
32637
32623
32628
32647
32663
32652
32668
32657
32657
32649
32645
32644
32642
32651
32656
32641
32647
32632
32641
32637
32633
32645
32646
32664
32666
32659
32642
32629
32653
32651
32659
32615
32637
32647
32629
32679
32658
32651
32663
32637
32638
32629
32633
32619
32639
32647
32663
32651
32641
32653
32644
32655
32687
32682
32659
32663
32651
32659
32631
32639
32633
32642
32645
32637
32631
32611
32635
32654
32637
32647
32632
32630
32617
32620
32634
32634
32625
32645
32634
32618
32613
32615
32624
32645
32641
32644
32637
32616
32647
32641
32631
32631
32631
32644
32639
32679
32693
32656
32631
32621
32654
32657
32629
32647
32697
32669
32629
32631
32631
32649
32659
32657
32646
32613
32632
32652
32636
32647
32636
32651
32664
32645
32633
32647
32651
32631
32647
32641
32639
32630
32633
32647
32661
32689
32685
32667
32682
32690
32689
32654
32679
32680
32657
32659
32655
32648
32676
32663
32663
32681
32674
32680
32703
32680
32645
32659
32657
32687
32686
32643
32678
32667
32653
32669
32647
32667
32661
32677
32680
32681
32675
32673
32678
32669
32663
32689
32695
32705
32679
32663
32673
32671
32663
32681
32701
32688
32699
32682
32663
32671
32683
32663
32633
32643
32633
32655
32655
32623
32640
32655
32653
32669
32665
32624
32630
32649
32660
32658
32659
32651
32655
32631
32622
32647
32651
32655
32647
32662
32689
32651
32638
32634
32639
32631
32652
32655
32648
32653
32653
32657
32650
32655
32646
32687
32661
32647
32667
32648
32629
32645
32664
32650
32669
32664
32636
32638
32655
32699
32696
32656
32679
32658
32666
32671
32688
32661
32647
32665
32678
32668
32677
32662
32673
32665
32669
32663
32674
32681
32675
32653
32629
32653
32653
32661
32658
32659
32656
32653
32659
32664
32666
32664
32669
32669
32661
32641
32652
32670
32679
32672
32668
32664
32679
32657
32646
32653
32663
32648
32661
32659
32647
32629
32643
32656
32661
32645
32683
32678
32673
32649
32644
32645
32626
32625
32639
32661
32651
32629
32639
32641
32656
32645
32626
32599
32571
32608
32579
32591
32603
32587
32595
32595
32611
32615
32613
32616
32626
32615
32606
32625
32599
32636
32612
32607
32625
32607
32632
32639
32617
32603
32617
32617
32586
32600
32604
32609
32604
32631
32627
32603
32617
32628
32613
32624
32623
32648
32631
32629
32611
32618
32619
32631
32659
32663
32641
32631
32628
32607
32636
32631
32637
32642
32615
32607
32604
32628
32623
32637
32639
32651
32625
32605
32633
32631
32621
32619
32613
32611
32619
32599
32606
32615
32603
32618
32607
32620
32603
32609
32625
32615
32631
32639
32634
32643
32634
32639
32645
32627
32643
32636
32643
32645
32641
32666
32621
32617
32659
32633
32637
32653
32629
32634
32615
32609
32611
32589
32624
32637
32638
32642
32633
32624
32629
32638
32659
32655
32645
32639
32622
32634
32632
32634
32624
32609
32624
32663
32643
32610
32597
32599
32627
32626
32613
32636
32625
32609
32595
32607
32617
32601
32631
32645
32615
32576
32588
32609
32601
32608
32602
32617
32607
32593
32571
32590
32599
32593
32636
32637
32603
32605
32602
32589
32611
32626
32624
32624
32631
32625
32621
32625
32639
32620
32632
32647
32638
32639
32624
32634
32647
32623
32631
32621
32647
32634
32631
32634
32623
32665
32636
32618
32625
32629
32637
32608
32615
32618
32593
32611
32613
32646
32637
32624
32639
32619
32599
32614
32623
32626
32608
32619
32618
32624
32642
32650
32647
32647
32663
32643
32618
32620
32632
32630
32627
32621
32663
32631
32614
32619
32631
32657
32637
32634
32655
32639
32615
32627
32632
32641
32639
32639
32658
32644
32620
32637
32646
32654
32664
32639
32627
32646
32645
32643
32631
32639
32638
32633
32622
32611
32631
32615
32626
32607
32616
32621
32625
32597
32579
32592
32592
32589
32619
32597
32589
32584
32599
32591
32590
32590
32606
32592
32583
32585
32577
32602
32629
32590
32617
32613
32619
32633
32624
32630
32623
32631
32651
32647
32655
32651
32631
32633
32638
32633
32643
32636
32630
32627
32613
32621
32595
32601
32631
32628
32643
32660
32630
32632
32622
32609
32608
32611
32601
32614
32627
32610
32607
32631
32612
32593
32617
32614
32609
32615
32619
32623
32637
32611
32617
32633
32638
32617
32625
32620
32627
32633
32616
32630
32621
32617
32603
32613
32621
32615
32632
32645
32637
32609
32609
32594
32588
32583
32620
32620
32619
32618
32633
32639
32622
32615
32632
32629
32621
32622
32607
32617
32619
32623
32639
32649
32653
32643
32636
32633
32615
32624
32614
32617
32600
32591
32591
32589
32590
32601
32597
32625
32649
32625
32605
32587
32614
32607
32612
32620
32657
32649
32633
32597
32616
32643
32620
32629
32624
32631
32627
32583
32593
32602
32607
32626
32629
32627
32601
32623
32601
32600
32599
32625
32598
32609
32599
32607
32601
32610
32604
32615
32631
32629
32639
32636
32607
32596
32594
32605
32599
32608
32615
32582
32572
32575
32587
32593
32615
32610
32605
32590
32579
32576
32599
32611
32615
32572
32615
32607
32591
32589
32567
32589
32588
32585
32577
32599
32593
32591
32601
32586
32583
32582
32579
32590
32574
32563
32531
32551
32572
32587
32577
32600
32609
32572
32554
32555
32580
32574
32599
32591
32591
32575
32566
32583
32588
32581
32581
32599
32573
32560
32544
32573
32607
32612
32599
32583
32581
32586
32573
32546
32542
32509
32499
32511
32530
32494
32482
32520
32517
32506
32516
32505
32521
32493
32499
32529
32486
32523
32509
32495
32518
32516
32526
32529
32526
32522
32534
32551
32536
32534
32509
32561
32563
32566
32564
32530
32533
32567
32552
32554
32569
32551
32553
32569
32591
32583
32561
32553
32571
32595
32598
32565
32586
32568
32567
32579
32555
32575
32591
32588
32567
32569
32569
32590
32592
32597
32611
32597
32591
32605
32609
32598
32587
32583
32572
32587
32581
32581
32577
32575
32572
32588
32625
32607
32600
32601
32601
32582
32592
32599
32551
32567
32621
32647
32613
32598
32583
32575
32566
32604
32631
32641
32626
32630
32625
32627
32626
32615
32622
32637
32644
32629
32655
32675
32651
32646
32655
32633
32645
32649
32645
32656
32650
32659
32635
32655
32634
32629
32635
32656
32643
32631
32647
32621
32605
32624
32642
32661
32615
32632
32656
32649
32650
32661
32643
32643
32676
32690
32665
32677
32671
32683
32657
32679
32670
32676
32699
32685
32685
32663
32644
32657
32669
32657
32673
32667
32673
32689
32679
32678
32655
32651
32655
32671
32659
32647
32679
32670
32650
32671
32700
32669
32702
32695
32671
32679
32667
32683
32693
32672
32687
32699
32689
32697
32697
32712
32723
32699
32695
32695
32686
32686
32679
32662
32667
32658
32664
32683
32683
32666
32663
32663
32658
32675
32646
32630
32635
32687
32657
32663
32662
32659
32660
32657
32663
32687
32683
32663
32685
32651
32649
32645
32655
32670
32671
32641
32657
32667
32675
32674
32650
32675
32667
32671
32651
32647
32653
32663
32653
32659
32656
32660
32662
32663
32675
32671
32688
32691
32688
32678
32648
32663
32683
32649
32631
32629
32633
32630
32636
32648
32653
32645
32621
32627
32655
32659
32659
32662
32649
32661
32663
32657
32659
32639
32653
32670
32659
32663
32661
32672
32679
32687
32673
32659
32646
32666
32685
32647
32676
32674
32670
32659
32687
32701
32674
32679
32677
32635
32631
32671
32672
32654
32662
32655
32673
32669
32688
32705
32706
32691
32697
32696
32680
32679
32690
32677
32710
32715
32693
32724
32707
32701
32710
32693
32707
32687
32663
32695
32673
32673
32683
32681
32697
32668
32656
32656
32683
32673
32687
32691
32694
32697
32665
32681
32694
32684
32675
32683
32689
32703
32663
32677
32695
32703
32698
32677
32667
32679
32667
32662
32695
32686
32678
32689
32650
32656
32701
32687
32675
32672
32674
32650
32657
32655
32666
32688
32689
32686
32703
32692
32664
32699
32692
32670
32687
32685
32697
32677
32646
32655
32674
32711
32673
32663
32683
32678
32687
32685
32671
32667
32652
32661
32679
32683
32676
32661
32667
32662
32664
32662
32690
32688
32691
32665
32650
32654
32675
32667
32679
32677
32696
32677
32686
32687
32685
32708
32687
32684
32683
32703
32689
32681
32699
32691
32712
32683
32675
32655
32662
32665
32669
32657
32675
32688
32653
32677
32691
32673
32672
32652
32654
32659
32655
32654
32659
32674
32659
32665
32655
32671
32650
32647
32657
32642
32664
32703
32671
32659
32695
32695
32682
32663
32666
32664
32659
32659
32675
32674
32651
32643
32655
32674
32664
32671
32675
32662
32659
32664
32653
32671
32671
32671
32667
32660
32676
32660
32631
32676
32669
32663
32662
32673
32650
32661
32657
32661
32654
32647
32674
32665
32673
32677
32669
32661
32644
32635
32641
32641
32642
32650
32660
32634
32620
32636
32631
32605
32615
32622
32616
32605
32610
32618
32623
32623
32605
32600
32598
32601
32613
32597
32615
32618
32620
32623
32615
32594
32611
32623
32623
32631
32635
32643
32641
32600
32641
32607
32618
32616
32679
32639
32609
32635
32647
32628
32639
32645
32638
32642
32631
32623
32623
32659
32663
32651
32642
32642
32633
32634
32659
32661
32634
32647
32596
32637
32630
32629
32653
32650
32653
32651
32664
32657
32656
32638
32647
32631
32621
32632
32663
32642
32616
32635
32637
32653
32629
32639
32611
32660
32663
32653
32627
32622
32627
32639
32612
32631
32636
32621
32650
32631
32638
32629
32617
32625
32637
32632
32635
32649
32657
32665
32695
32679
32659
32661
32651
32688
32663
32655
32647
32648
32639
32636
32635
32636
32679
32663
32657
32633
32643
32641
32633
32633
32651
32645
32631
32635
32653
32631
32615
32615
32649
32616
32632
32631
32624
32623
32636
32669
32657
32653
32662
32666
32669
32673
32638
32659
32666
32655
32647
32667
32647
32659
32645
32640
32645
32653
32663
32658
32660
32674
32653
32660
32675
32663
32681
32681
32690
32660
32667
32671
32683
32679
32667
32649
32664
32660
32663
32671
32663
32662
32649
32660
32664
32665
32650
32616
32617
32673
32664
32663
32664
32657
32649
32631
32632
32641
32633
32631
32635
32644
32625
32622
32632
32664
32627
32611
32617
32647
32647
32632
32620
32635
32612
32622
32641
32659
32656
32652
32655
32660
32645
32662
32663
32651
32657
32641
32663
32638
32649
32654
32671
32675
32679
32655
32659
32669
32647
32643
32653
32669
32659
32649
32666
32660
32654
32650
32643
32637
32630
32632
32645
32621
32617
32612
32631
32631
32625
32618
32623
32615
32616
32659
32676
32659
32659
32669
32652
32663
32655
32649
32671
32639
32643
32653
32652
32646
32622
32645
32634
32639
32633
32639
32615
32630
32647
32639
32669
32659
32648
32649
32637
32650
32626
32637
32637
32646
32635
32655
32648
32643
32620
32657
32671
32681
32672
32667
32647
32665
32658
32657
32659
32641
32661
32662
32633
32639
32651
32632
32653
32639
32615
32619
32606
32639
32628
32621
32635
32645
32636
32653
32639
32654
32654
32615
32651
32662
32639
32632
32647
32676
32648
32653
32677
32671
32658
32670
32675
32674
32662
32649
32633
32649
32635
32637
32653
32643
32651
32661
32655
32644
32643
32653
32663
32655
32631
32599
32625
32675
32650
32647
32649
32675
32664
32626
32641
32651
32638
32647
32624
32631
32645
32650
32622
32631
32634
32623
32620
32630
32639
32642
32641
32613
32628
32649
32651
32651
32636
32633
32655
32673
32637
32644
32639
32639
32634
32627
32635
32634
32635
32631
32623
32630
32637
32608
32627
32631
32621
32615
32623
32632
32632
32628
32637
32624
32657
32631
32643
32630
32603
32589
32613
32626
32632
32627
32638
32613
32639
32622
32610
32625
32621
32594
32641
32614
32631
32625
32617
32613
32617
32603
32595
32596
32595
32643
32625
32615
32596
32612
32581
32585
32639
32616
32627
32588
32571
32595
32620
32587
32607
32623
32625
32618
32614
32634
32635
32614
32619
32632
32609
32622
32616
32605
32578
32616
32628
32621
32606
32626
32615
32627
32617
32623
32615
32610
32609
32642
32603
32609
32621
32607
32611
32625
32627
32645
32614
32606
32621
32624
32604
32572
32577
32575
32576
32575
32569
32577
32557
32581
32591
32583
32589
32575
32626
32593
32583
32612
32619
32639
32625
32588
32596
32588
32581
32610
32623
32584
32629
32619
32616
32613
32617
32629
32645
32651
32611
32617
32609
32609
32616
32629
32639
32647
32646
32663
32651
32633
32631
32629
32629
32634
32641
32623
32646
32627
32639
32639
32611
32610
32650
32655
32629
32634
32631
32635
32613
32649
32647
32612
32609
32609
32623
32649
32644
32651
32651
32649
32629
32624
32641
32631
32667
32667
32656
32638
32647
32647
32651
32653
32652
32659
32684
32680
32667
32651
32654
32663
32682
32683
32685
32673
32647
32695
32683
32688
32679
32672
32668
32671
32690
32685
32697
32685
32651
32683
32684
32693
32672
32646
32663
32685
32690
32693
32695
32693
32711
32685
32702
32680
32659
32651
32668
32685
32668
32656
32651
32645
32653
32646
32655
32671
32655
32679
32634
32643
32649
32663
32666
32675
32649
32643
32637
32667
32688
32686
32673
32650
32662
32682
32670
32669
32666
32681
32655
32651
32659
32687
32680
32673
32652
32675
32681
32664
32682
32689
32671
32673
32676
32662
32654
32663
32685
32695
32683
32675
32658
32666
32677
32686
32709
32689
32665
32671
32667
32654
32689
32679
32669
32651
32669
32677
32677
32666
32677
32671
32687
32658
32662
32668
32685
32697
32667
32671
32673
32655
32671
32683
32681
32684
32675
32658
32669
32695
32688
32697
32677
32673
32688
32675
32679
32693
32679
32668
32684
32719
32695
32695
32701
32707
32713
32703
32695
32695
32685
32676
32681
32678
32683
32672
32688
32679
32697
32694
32669
32677
32689
32685
32669
32669
32666
32675
32661
32687
32687
32671
32660
32663
32631
32643
32664
32664
32645
32653
32660
32625
32663
32658
32684
32683
32684
32690
32665
32643
32663
32647
32667
32664
32668
32680
32688
32677
32686
32689
32674
32691
32679
32693
32699
32687
32700
32695
32698
32715
32711
32695
32705
32700
32679
32668
32671
32697
32700
32696
32717
32677
32677
32687
32679
32683
32675
32686
32697
32679
32664
32689
32689
32670
32670
32689
32687
32642
32663
32689
32659
32654
32659
32679
32666
32671
32643
32642
32684
32675
32677
32676
32702
32682
32679
32675
32667
32677
32687
32681
32688
32709
32699
32669
32663
32682
32687
32703
32717
32714
32689
32695
32691
32659
32701
32709
32716
32731
32711
32691
32691
32697
32718
32711
32730
32732
32693
32671
32694
32687
32703
32720
32702
32720
32714
32723
32700
32701
32706
32695
32678
32695
32673
32695
32666
32664
32680
32683
32685
32718
32695
32669
32674
32651
32667
32687
32648
32683
32695
32693
32667
32708
32721
32699
32684
32691
32694
32701
32693
32689
32700
32696
32713
32686
32672
32684
32695
32685
32663
32683
32703
32695
32721
32707
32693
32692
32690
32711
32710
32704
32691
32685
32695
32701
32690
32698
32709
32701
32682
32669
32681
32693
32683
32713
32704
32667
32671
32675
32675
32668
32687
32675
32678
32711
32677
32664
32675
32682
32679
32677
32701
32686
32692
32678
32687
32664
32661
32671
32708
32717
32683
32687
32703
32685
32683
32697
32677
32695
32697
32728
32681
32723
32716
32711
32711
32700
32705
32699
32711
32705
32711
32691
32669
32691
32679
32677
32687
32705
32679
32686
32679
32663
32686
32689
32691
32701
32673
32709
32695
32647
32642
32633
32649
32656
32639
32625
32655
32626
32629
32605
32637
32659
32652
32638
32647
32629
32647
32653
32657
32637
32637
32646
32639
32630
32616
32623
32643
32639
32619
32628
32632
32643
32649
32657
32675
32667
32637
32630
32620
32631
32641
32682
32681
32651
32666
32669
32653
32643
32658
32680
32682
32667
32656
32637
32643
32631
32634
32629
32642
32651
32665
32631
32661
32653
32633
32631
32641
32671
32654
32639
32613
32641
32633
32643
32630
32633
32648
32677
32672
32657
32647
32648
32647
32641
32668
32651
32660
32663
32673
32663
32652
32662
32670
32675
32655
32675
32661
32647
32654
32677
32695
32685
32648
32633
32661
32667
32683
32679
32665
32655
32639
32673
32698
32682
32669
32680
32681
32697
32685
32663
32673
32670
32679
32662
32647
32686
32685
32648
32677
32662
32663
32642
32654
32651
32664
32639
32649
32639
32653
32653
32648
32647
32657
32627
32663
32636
32647
32669
32667
32664
32649
32652
32625
32619
32629
32652
32652
32653
32686
32676
32642
32638
32639
32663
32679
32641
32652
32651
32671
32661
32679
32672
32658
32664
32663
32649
32655
32653
32655
32689
32678
32652
32670
32661
32639
32668
32677
32663
32698
32691
32690
32663
32656
32645
32663
32655
32651
32640
32646
32662
32662
32652
32684
32674
32650
32625
32657
32644
32642
32677
32685
32661
32668
32674
32681
32673
32659
32663
32680
32667
32674
32647
32679
32709
32685
32676
32668
32659
32681
32675
32689
32679
32684
32656
32655
32669
32671
32694
32702
32681
32696
32705
32674
32682
32665
32645
32657
32672
32685
32663
32666
32677
32646
32667
32691
32663
32693
32673
32657
32679
32669
32656
32660
32654
32639
32634
32656
32640
32639
32637
32669
32671
32651
32634
32637
32648
32655
32639
32653
32630
32651
32657
32643
32639
32647
32661
32641
32654
32657
32638
32644
32654
32667
32657
32657
32685
32679
32679
32663
32670
32685
32671
32666
32653
32673
32659
32669
32661
32651
32661
32645
32647
32662
32653
32630
32646
32665
32647
32649
32687
32693
32663
32680
32681
32654
32641
32648
32677
32677
32685
32671
32663
32661
32651
32652
32682
32679
32671
32671
32671
32659
32634
32643
32676
32663
32663
32662
32667
32659
32675
32684
32707
32683
32662
32644
32643
32637
32624
32649
32659
32657
32662
32667
32679
32678
32633
32680
32693
32678
32677
32665
32674
32669
32665
32655
32661
32671
32679
32673
32653
32637
32633
32667
32687
32680
32678
32653
32677
32660
32646
32679
32643
32621
32646
32665
32655
32649
32625
32631
32618
32639
32666
32653
32673
32657
32644
32644
32637
32651
32673
32656
32648
32639
32704
32642
32639
32647
32639
32655
32663
32656
32678
32643
32667
32636
32618
32655
32665
32651
32631
32636
32627
32660
32677
32690
32681
32673
32659
32637
32639
32664
32647
32667
32638
32681
32673
32668
32679
32663
32657
32661
32676
32677
32660
32642
32651
32660
32676
32670
32663
32655
32663
32645
32648
32659
32673
32676
32673
32656
32665
32663
32654
32658
32647
32643
32642
32641
32651
32663
32649
32649
32636
32649
32665
32672
32684
32679
32671
32653
32662
32660
32661
32667
32663
32668
32655
32657
32655
32664
32701
32697
32703
32693
32681
32659
32649
32631
32647
32638
32649
32657
32655
32666
32671
32639
32650
32672
32643
32653
32671
32651
32659
32671
32629
32590
32601
32599
32611
32602
32594
32583
32591
32598
32611
32598
32607
32616
32637
32628
32611
32591
32615
32627
32614
32593
32586
32611
32629
32632
32641
32587
32605
32619
32625
32617
32608
32630
32637
32635
32623
32615
32626
32615
32625
32639
32664
32626
32641
32629
32630
32636
32639
32616
32620
32628
32621
32630
32627
32626
32613
32647
32643
32634
32631
32637
32639
32629
32651
32619
32618
32632
32632
32639
32655
32631
32639
32615
32619
32628
32624
32629
32629
32627
32641
32660
32659
32653
32654
32655
32663
32669
32677
32676
32655
32677
32665
32655
32663
32675
32665
32646
32635
32660
32663
32655
32657
32631
32649
32663
32655
32656
32658
32667
32671
32636
32633
32636
32637
32647
32677
32653
32657
32685
32659
32665
32671
32659
32646
32661
32646
32667
32683
32659
32662
32663
32652
32688
32680
32669
32671
32661
32652
32671
32667
32669
32661
32665
32679
32673
32693
32688
32684
32682
32696
32679
32645
32635
32665
32695
32697
32666
32682
32688
32681
32693
32707
32708
32705
32689
32697
32693
32682
32671
32682
32691
32697
32691
32668
32696
32703
32691
32687
32699
32701
32693
32714
32723
32698
32697
32698
32697
32693
32696
32719
32714
32713
32679
32719
32724
32736
32697
32685
32687
32711
32710
32700
32696
32689
32734
32732
32715
32699
32711
32743
32721
32707
32701
32717
32695
32693
32693
32719
32727
32739
32711
32686
32699
32705
32722
32727
32713
32695
32711
32681
32703
32705
32667
32681
32667
32671
32669
32681
32658
32665
32670
32679
32695
32688
32687
32680
32709
32686
32701
32707
32675
32679
32698
32699
32689
32676
32673
32686
32689
32691
32704
32696
32685
32669
32687
32654
32655
32671
32675
32665
32687
32660
32661
32673
32682
32692
32658
32675
32675
32677
32683
32691
32685
32675
32666
32694
32663
32691
32697
32697
32703
32686
32689
32685
32709
32701
32697
32689
32685
32671
32703
32701
32705
32696
32684
32679
32657
32663
32704
32705
32704
32688
32656
32693
32704
32684
32673
32687
32707
32711
32696
32721
32716
32703
32707
32687
32692
32699
32729
32697
32695
32697
32683
32699
32707
32707
32716
32719
32708
32706
32691
32705
32703
32710
32703
32704
32711
32683
32683
32680
32687
32685
32695
32706
32716
32708
32694
32694
32711
32690
32699
32689
32688
32697
32679
32695
32684
32683
32660
32681
32677
32665
32677
32693
32670
32680
32685
32692
32702
32687
32673
32663
32680
32690
32669
32668
32668
32683
32677
32668
32656
32689
32696
32670
32665
32679
32667
32675
32678
32642
32658
32681
32682
32669
32676
32679
32671
32667
32695
32701
32671
32675
32700
32703
32679
32639
32661
32701
32687
32683
32675
32668
32649
32665
32671
32658
32654
32639
32655
32667
32667
32639
32667
32684
32679
32707
32701
32689
32687
32679
32659
32696
32702
32693
32705
32697
32684
32663
32648
32669
32676
32671
32685
32660
32698
32697
32691
32695
32670
32687
32666
32693
32683
32657
32665
32705
32694
32691
32670
32690
32672
32677
32680
32663
32687
32693
32701
32684
32678
32691
32663
32647
32664
32681
32679
32651
32664
32663
32687
32683
32664
32651
32663
32679
32679
32677
32660
32667
32647
32691
32677
32679
32687
32679
32663
32687
32677
32672
32667
32662
32665
32669
32668
32670
32661
32670
32671
32672
32673
32674
32643
32657
32673
32673
32642
32642
32639
32636
32646
32616
32613
32643
32653
32655
32664
32626
32633
32629
32656
32643
32643
32669
32670
32630
32619
32623
32633
32635
32690
32699
32689
32675
32659
32647
32661
32645
32647
32647
32653
32659
32643
32654
32672
32659
32637
32647
32685
32659
32664
32654
32676
32675
32671
32663
32669
32662
32643
32647
32675
32665
32645
32662
32655
32639
32645
32643
32682
32664
32661
32663
32655
32661
32640
32633
32618
32675
32643
32651
32653
32652
32653
32663
32677
32653
32663
32684
32687
32681
32653
32652
32647
32685
32674
32679
32682
32660
32675
32651
32674
32664
32690
32689
32666
32689
32705
32691
32670
32656
32684
32679
32692
32675
32655
32647
32663
32685
32678
32653
32656
32678
32664
32635
32653
32647
32665
32663
32655
32647
32646
32673
32667
32655
32655
32639
32643
32645
32653
32678
32647
32627
32630
32632
32631
32642
32673
32667
32657
32644
32648
32655
32659
32664
32667
32651
32654
32667
32629
32636
32647
32643
32644
32663
32654
32645
32641
32636
32613
32642
32630
32641
32639
32630
32613
32611
32649
32647
32638
32626
32647
32653
32657
32639
32647
32659
32655
32665
32663
32653
32662
32647
32656
32676
32689
32672
32639
32635
32655
32673
32649
