33214
33181
33179
33171
33176
33150
33153
33160
33167
33163
33161
33175
33186
33194
33251
33285
33171
33171
33167
33162
33165
33170
33167
33169
33179
33188
33202
33181
33183
33179
33173
33166
33170
33191
33169
33165
33173
33179
33173
33204
33176
33165
33181
33189
33187
33184
33171
33161
33183
33167
33199
33194
33165
33165
33175
33196
33207
33208
33195
33185
33185
33181
33191
33187
33201
33197
33194
33202
33194
33186
33201
33215
33216
33192
33215
33218
33235
33213
33223
33213
33194
33195
33177
33209
33197
33198
33212
33216
33207
33199
33203
33175
33177
33196
33200
33181
33195
33224
33209
33187
33186
33206
33215
33210
33221
33208
33199
33223
33216
33193
33187
33195
33221
33207
33225
33218
33224
33210
33179
33195
33199
33217
33206
33194
33206
33223
33219
33219
33231
33216
33226
33225
33220
33204
33197
33213
33229
33223
33217
33233
33219
33203
33199
33231
33217
33212
33204
33212
33224
33196
33197
33189
33195
33214
33206
33212
33209
33211
33223
33215
33213
33227
33206
33212
33219
33197
33189
33215
33209
33209
33211
33237
33228
33217
33225
33223
33235
33239
33228
33231
33224
33226
33240
33223
33221
33223
33245
33227
33241
33239
33222
33202
33225
33237
33217
33238
33226
33212
33228
33228
33227
33241
33231
33241
33231
33247
33226
33211
33233
33229
33227
33241
33240
33213
33204
33207
33189
33211
33227
33215
33202
33206
33219
33231
33239
33246
33219
33234
33234
33213
33209
33215
33222
33213
33211
33208
33223
33240
33247
33239
33236
33214
33203
33199
33227
33249
33225
33193
33199
33219
33227
33210
33223
33217
33215
33227
33247
33218
33214
33229
33215
33230
33241
33225
33233
33215
33209
33221
33229
33237
33233
33230
33230
33211
33225
33223
33223
33214
33228
33218
33212
33221
33212
33190
33194
33203
33231
33228
33232
33241
33217
33221
33243
33207
33207
33234
33201
33211
33199
33195
33234
33207
33211
33198
33228
33195
33209
33221
33189
33192
33208
33230
33207
33238
33221
33199
33207
33227
33217
33215
33241
33229
33219
33213
33220
33238
33245
33189
33215
33247
33235
33218
33221
33222
33217
33224
33233
33211
33225
33223
33208
33231
33221
33207
33206
33199
33206
33223
33233
33217
33213
33213
33210
33214
33222
33221
33224
33226
33222
33214
33195
33206
33192
33221
33227
33223
33215
33212
33214
33199
33234
33235
33227
33219
33202
33203
33215
33220
33219
33223
33187
33221
33226
33225
33235
33225
33224
33233
33247
33229
33225
33221
33227
33219
33218
33216
33212
33226
33217
33235
33225
33207
33215
33206
33226
33237
33249
33238
33215
33225
33230
33233
33223
33204
33207
33235
33211
33207
33247
33225
33215
33239
33235
33224
33227
33232
33226
33228
33217
33230
33225
33214
33205
33224
33255
33232
33223
33207
33225
33222
33229
33237
33249
33237
33233
33234
33239
33233
33241
33226
33211
33244
33231
33209
33244
33254
33252
33221
33234
33235
33215
33214
33199
33209
33208
33223
33223
33231
33231
33213
33229
33240
33242
33224
33214
33213
33230
33226
33236
33231
33229
33209
33202
33196
33215
33199
33221
33219
33230
33224
33223
33213
33214
33207
33209
33213
33206
33223
33208
33233
33241
33247
33222
33233
33225
33217
33228
33223
33242
33225
33235
33225
33249
33223
33240
33231
33261
33242
33222
33225
33247
33257
33237
33243
33243
33234
33236
33203
33215
33233
33227
33233
33208
33203
33188
33213
33237
33233
33205
33177
33186
33189
33185
33172
33193
33188
33180
33162
33166
33199
33197
33207
33210
33201
33189
33182
33182
33207
33201
33185
33181
33183
33183
33183
33203
33190
33193
33182
33194
33196
33191
33195
33201
33207
33209
33243
33221
33179
33187
33202
33203
33215
33195
33199
33195
33200
33220
33183
33183
33207
33217
33230
33209
33213
33221
33199
33205
33218
33211
33209
33216
33229
33208
33192
33193
33205
33201
33247
33227
33197
33195
33183
33189
33195
33235
33231
33191
33199
33223
33221
33210
33205
33200
33229
33207
33197
33197
33203
33203
33207
33215
33222
33207
33229
33227
33223
33217
33207
33218
33208
33237
33223
33195
33199
33213
33240
33214
33227
33219
33212
33231
33212
33211
33209
33205
33211
33198
33207
33211
33220
33233
33216
33209
33217
33235
33243
33211
33233
33199
33213
33209
33230
33227
33239
33215
33242
33239
33223
33233
33220
33226
33223
33229
33207
33221
33231
33204
33207
33202
33223
33211
33233
33206
33229
33193
33193
33209
33217
33219
33223
33206
33205
33233
33239
33211
33229
33229
33210
33226
33232
33228
33217
33238
33226
33243
33239
33231
33222
33211
33217
33220
33201
33208
33214
33219
33206
33198
33217
33207
33215
33215
33215
33230
33221
33215
33217
33221
33205
33213
33216
33221
33237
33224
33243
33219
33213
33207
33215
33223
33227
33224
33222
33207
33214
33219
33233
33205
33205
33208
33225
33207
33201
33203
33219
33215
33217
33233
33239
33224
33219
33230
33236
33207
33203
33228
33230
33207
33207
33204
33215
33225
33212
33241
33229
33227
33242
33219
33207
33231
33208
33203
33201
33203
33227
33219
33212
33239
33222
33220
33217
33205
33183
33188
33200
33210
33195
33208
33205
33207
33191
33193
33199
33209
33216
33217
33204
33199
33207
33209
33186
33181
33187
33205
33199
33195
33195
33199
33194
33207
33218
33216
33210
33210
33208
33209
33209
33217
33196
33219
33223
33206
33223
33223
33205
33201
33210
33223
33224
33209
33201
33201
33188
33201
33200
33207
33213
33219
33211
33209
33222
33216
33220
33202
33223
33215
33217
33196
33213
33207
33206
33198
33191
33212
33235
33209
33205
33225
33222
33205
33214
33228
33238
33205
33178
33185
33228
33225
33211
33205
33177
33203
33201
33210
33224
33214
33211
33197
33201
33207
33217
33223
33221
33219
33190
33201
33215
33232
33219
33227
33234
33218
33210
33215
33215
33219
33211
33216
33222
33229
33222
33223
33230
33233
33225
33209
33227
33217
33192
33205
33214
33208
33208
33218
33219
33226
33225
33231
33230
33223
33237
33220
33210
33211
33238
33243
33231
33219
33243
33230
33223
33200
33209
33215
33222
33222
33223
33221
33207
33207
33219
33199
33223
33217
33207
33209
33225
33233
33228
33239
33301
33203
33212
33235
33229
33231
33246
33246
33221
33210
33216
33232
33230
33244
33231
33233
33209
33223
33227
33197
33211
33223
33231
33239
33220
33206
33207
33238
33238
33207
33175
33219
33209
33212
33215
33216
33229
33229
33228
33208
33215
33217
33242
33231
33217
33223
33215
33206
33209
33227
33219
33219
33207
33221
33241
33236
33236
33239
33241
33247
33214
33233
33243
33216
33207
33239
33249
33238
33251
33245
33245
33231
33247
33238
33239
33231
33210
33200
33214
33228
33215
33203
33223
33222
33216
33211
33199
33228
33218
33238
33223
33221
33213
33193
33140
33134
33167
33187
33148
33149
33171
33164
33147
33141
33133
33143
33161
33173
33151
33151
33143
33138
33159
33180
33146
33135
33151
33151
33166
33177
33170
33168
33167
33175
33157
33149
33147
33148
33139
33163
33184
33172
33173
33184
33165
33199
33192
33193
33181
33166
33153
33177
33188
33167
33174
33175
33173
33160
33164
33169
33174
33193
33199
33176
33181
33197
33201
33181
33189
33187
33172
33185
33200
33176
33169
33180
33176
33169
33191
33187
33203
33191
33191
33200
33179
33191
33178
33169
33191
33189
33196
33183
33198
33185
33186
33185
33199
33199
33173
33189
33190
33191
33167
33197
33190
33173
33177
33199
33197
33204
33205
33213
33200
33185
33195
33191
33193
33208
33187
33197
33209
33210
33201
33203
33177
33190
33192
33177
33173
33220
33193
33191
33189
33204
33209
33207
33219
33208
33196
33207
33194
33213
33222
33210
33220
33223
33213
33212
33212
33229
33233
33195
33213
33203
33215
33209
33211
33204
33219
33213
33209
33201
33206
33177
33202
33226
33231
33197
33195
33214
33215
33191
33194
33224
33247
33233
33225
33231
33236
33227
33228
33219
33227
33211
33211
33215
33199
33197
33198
33206
33203
33201
33219
33241
33229
33214
33207
33209
33212
33228
33188
33199
33191
33215
33201
33218
33223
33210
33193
33211
33205
33210
33238
33224
33220
33223
33207
33208
33246
33230
33202
33199
33184
33200
33211
33227
33214
33219
33232
33221
33186
33230
33239
33227
33229
33243
33238
33231
33235
33239
33239
33247
33229
33210
33243
33225
33215
33208
33207
33211
33246
33239
33241
33222
33237
33211
33217
33216
33231
33238
33264
33248
33223
33229
33245
33217
33187
33197
33217
33207
33203
33211
33202
33197
33203
33200
33213
33224
33195
33223
33225
33213
33203
33207
33184
33182
33181
33196
33224
33208
33198
33225
33213
33219
33205
33235
33228
33214
33216
33223
33195
33217
33246
33220
33202
33211
33219
33231
33250
33227
33193
33194
33228
33231
33213
33223
33211
33191
33183
33213
33218
33221
33205
33219
33196
33217
33225
33213
33223
33223
33224
33219
33225
33219
33213
33199
33201
33211
33228
33228
33235
33218
33220
33211
33219
33217
33221
33221
33208
33204
33223
33217
33193
33221
33210
33212
33211
33206
33235
33211
33211
33205
33210
33221
33229
33224
33229
33223
33221
33216
33223
33201
33223
33247
33248
33242
33212
33239
33249
33219
33226
33221
33217
33216
33206
33211
33204
33229
33243
33251
33235
33240
33217
33215
33205
33235
33227
33229
33223
33225
33235
33215
33228
33223
33231
33207
33220
33204
33218
33245
33231
33229
33226
33227
33225
33223
33227
33210
33212
33245
33239
33229
33231
33223
33241
33239
33239
33222
33227
33236
33237
33230
33231
33217
33207
33245
33239
33227
33244
33237
33235
33209
33223
33248
33246
33211
33223
33233
33236
33210
33210
33238
33247
33251
33241
33225
33218
33236
33223
33238
33261
33241
33245
33220
33224
33227
33211
33231
33226
33231
33215
33233
33236
33227
33220
33237
33227
33221
33237
33265
33245
33231
33205
33203
33217
33245
33236
33211
33213
33229
33219
33219
33215
33231
33223
33235
33245
33205
33203
33223
33229
33233
33252
33249
33241
33233
33225
33229
33231
33234
33238
33211
33234
33257
33249
33220
33210
33227
33229
33227
33225
33211
33219
33240
33239
33239
33211
33212
33189
33195
33202
33177
33190
33191
33211
33207
33194
33199
33191
33180
33201
33202
33191
33210
33181
33182
33189
33181
33203
33211
33195
33207
33195
33215
33184
33205
33215
33220
33211
33185
33195
33212
33197
33182
33200
33209
33232
33229
33214
33215
33197
33207
33205
33185
33214
33222
33198
33219
33201
33188
33207
33211
33234
33229
33206
33199
33198
33213
33191
33191
33207
33237
33237
33220
33219
33227
33227
33227
33223
33205
33191
33193
33223
33218
33200
33210
33211
33209
33213
33215
33208
33198
33205
33213
33207
33207
33210
33205
33207
33207
33211
33200
33215
33227
33229
33235
33223
33202
33225
33215
33203
33216
33207
33229
33231
33226
33216
33225
33229
33217
33200
33233
33217
33223
33225
33223
33209
33216
33225
33233
33233
33250
33257
33227
33242
33253
33229
33229
33230
33249
33221
33232
33250
33260
33229
33235
33217
33217
33223
33243
33246
33231
33237
33255
33247
33215
33190
33206
33225
33212
33215
33213
33225
33217
33239
33234
33223
33214
33222
33243
33228
33227
33237
33230
33235
33222
33219
33241
33254
33257
33243
33232
33256
33239
33247
33238
33229
33230
33253
33235
33259
33235
33240
33235
33228
33252
33223
33235
33219
33235
33252
33256
33237
33219
33217
33238
33257
33220
33220
33219
33248
33241
33224
33241
33255
33243
33208
33220
33233
33247
33255
33260
33223
33230
33225
33224
33265
33211
33219
33190
33204
33230
33220
33204
33204
33216
33213
33198
33217
33228
33208
33207
33231
33223
33227
33217
33225
33231
33242
33222
33244
33259
33263
33247
33220
33223
33247
33227
33212
33215
33218
33226
33225
33228
33228
33229
33239
33227
33249
33221
33208
33205
33226
33217
33202
33203
33205
33201
33213
33225
33199
33206
33196
33228
33227
33191
33207
33203
33207
33193
33202
33193
33207
33216
33225
33228
33224
33198
33207
33209
33210
33220
33211
33223
33231
33229
33223
33232
33244
33219
33233
33241
33239
33219
33206
33195
33219
33232
33228
33217
33218
33216
33217
33214
33209
33217
33220
33219
33231
33243
33251
33232
33237
33240
33218
33235
33225
33223
33207
33220
33220
33221
33235
33225
33222
33229
33205
33223
33239
33239
33217
33225
33206
33204
33218
33219
33221
33227
33230
33216
33193
33205
33208
33202
33210
33233
33233
33212
33216
33212
33225
33241
33220
33214
33222
33218
33233
33214
33213
33216
33237
33239
33241
33247
33244
33234
33239
33245
33207
33193
33225
33249
33223
33215
33209
33241
33221
33191
33213
33217
33209
33226
33220
33219
33237
33228
33227
33222
33230
33236
33227
33237
33233
33208
33227
33237
33223
33222
33221
33239
33212
33209
33212
33216
33214
33239
33241
33239
33219
33229
33209
33231
33237
33225
33222
33232
33237
33234
33231
33234
33244
33222
33233
33238
33242
33241
33232
33238
33227
33239
33233
33253
33225
33223
33208
33242
33221
33225
33223
33231
33239
33246
33239
33225
33255
33232
33213
33221
33226
33234
33213
33214
33228
33205
33202
33223
33226
33235
33207
33209
33231
33247
33219
33231
33221
33233
33242
33223
33238
33231
33211
33231
33229
33218
33219
33247
33244
33247
33221
33221
33232
33215
33237
33228
33243
33230
33229
33239
33233
33243
33236
33239
33229
33255
33221
33204
33231
33207
33204
33207
33247
33234
33237
33237
33229
33226
33235
33223
33216
33210
33201
33188
33170
33167
33175
33166
33187
33188
33180
33189
33183
33219
33219
33186
33175
33191
33199
33175
33175
33148
33175
33187
33175
33195
33193
33208
33210
33204
33203
33192
33187
33207
33195
33189
33190
33194
33183
33207
33231
33201
33214
33191
33172
33209
33215
33209
33204
33199
33203
33202
33203
33201
33184
33203
33193
33179
33196
33201
33203
33203
33193
33199
33220
33206
33216
33191
33190
33183
33213
33210
33181
33209
33225
33207
33184
33195
33207
33201
33182
33205
33205
33219
33223
33191
33183
33184
33181
33176
33196
33197
33217
33197
33194
33187
33191
33198
33199
33200
33195
33203
33196
33215
33206
33213
33227
33219
33225
33212
33203
33210
33213
33227
33231
33220
33201
33211
33195
33183
33199
33215
33217
33208
33209
33220
33207
33195
33215
33213
33217
33219
33221
33195
33211
33203
33215
33215
33210
33223
33225
33220
33231
33225
33215
33227
33212
33220
33223
33239
33209
33192
33199
33212
33201
33207
33230
33232
33219
33212
33213
33209
33211
33219
33220
33237
33218
33211
33209
33235
33207
33195
33191
33212
33197
33213
33209
33230
33213
33215
33225
33239
33242
33218
33215
33221
33225
33199
33229
33247
33264
33235
33221
33235
33237
33238
33249
33225
33232
33208
33207
33217
33236
33247
33231
33236
33235
33227
33211
33223
33238
33223
33222
33229
33225
33217
33199
33215
33207
33205
33234
33231
33257
33244
33220
33251
33253
33229
33233
33233
33241
33235
33227
33231
33230
33226
33221
33237
33253
33239
33231
33248
33254
33242
33225
33231
33252
33259
33261
33239
33223
33214
33219
33249
33240
33239
33242
33243
33225
33237
33240
33230
33209
33212
33235
33235
33208
33205
33202
33193
33211
33234
33226
33202
33225
33232
33207
33206
33230
33216
33213
33227
33226
33212
33201
33182
33207
33191
33209
33217
33209
33205
33229
33221
33228
33243
33225
33219
33207
33198
33191
33204
33231
33208
33209
33197
33240
33233
33247
33224
33215
33247
33227
33236
33213
33214
33216
33220
33217
33219
33229
33215
33224
33243
33237
33218
33249
33229
33239
33222
33217
33206
33222
33205
33189
33195
33230
33251
33243
33233
33234
33216
33234
33235
33209
33223
33245
33226
33238
33261
33234
33234
33245
33239
33226
33221
33214
33213
33230
33238
33225
33215
33246
33209
33221
33242
33229
33229
33255
33225
33234
33215
33243
33241
33229
33247
33257
33250
33247
33235
33217
33195
33225
33221
33231
33207
33205
33211
33254
33236
33247
33231
33229
33239
33229
33239
33224
33214
33233
33237
33223
33196
33205
33235
33231
33225
33217
33219
33216
33233
33240
33219
33223
33223
33229
33235
33215
33225
33235
33243
33218
33211
33234
33215
33217
33233
33229
33227
33236
33227
33221
33233
33255
33235
33263
33238
33226
33226
33238
33238
33212
33221
33256
33253
33230
33230
33259
33245
33217
33240
33237
33233
33247
33249
33243
33248
33235
33225
33205
33212
33224
33228
33240
33229
33225
33235
33226
33217
33213
33231
33239
33229
33237
33229
33238
33266
33220
33232
33245
33238
33242
33223
33230
33233
33245
33233
33212
33219
33243
33236
33235
33235
33223
33230
33207
33207
33233
33232
33215
33213
33221
33214
33237
33257
33271
33241
33233
33245
33231
33247
33233
33225
33209
33217
33221
33220
33253
33248
33237
33217
33227
33219
33225
33245
33249
33227
33215
33203
33199
33189
33185
33197
33199
33189
33194
33196
33195
33191
33219
33206
33191
33189
33187
33193
33195
33173
33203
33177
33198
33220
33216
33178
33191
33193
33209
33191
33194
33213
33238
33215
33209
33208
33209
33207
33196
33198
33214
33226
33226
33201
33245
33223
33195
33215
33235
33232
33222
33224
33220
33219
33221
33213
33195
33200
33239
33247
33242
33239
33228
33218
33221
33213
33216
33218
33216
33221
33221
33224
33219
33230
33211
33242
33223
33211
33215
33211
33200
33211
33219
33216
33227
33213
33209
33223
33208
33195
33193
33205
33223
33229
33245
33223
33202
33210
33223
33219
33197
33223
33222
33210
33201
33205
33222
33227
33242
33230
33231
33221
33225
33227
33231
33235
33230
33209
33224
33204
33191
33234
33228
33215
33215
33231
33227
33233
33223
33223
33237
33226
33231
33231
33209
33220
33239
33222
33220
33217
33231
33213
33212
33241
33222
33231
33224
33197
33213
33240
33243
33231
33199
33190
33218
33214
33228
33217
33229
33210
33217
33225
33215
33216
33195
33222
33237
33251
33230
33210
33247
33240
33229
33241
33231
33263
33263
33245
33251
33255
33212
33223
33243
33235
33206
33236
33235
33215
33219
33224
33239
33217
33213
33216
33208
33207
33215
33223
33231
33242
33220
33199
33215
33227
33239
33241
33238
33238
33240
33219
33223
33219
33244
33241
33215
33219
33227
33209
33217
33229
33229
33231
33241
33243
33257
33231
33245
33243
33229
33223
33250
33239
33217
33257
33241
33248
33240
33239
33235
33235
33231
33231
33253
33254
33245
33253
33253
33235
33231
33220
33227
33225
33229
33230
33245
33247
33239
33223
33230
33224
33235
33239
33237
33213
33214
33233
33203
33208
33223
33224
33216
33211
33212
33239
33230
33183
33199
33203
33235
33236
33207
33213
33204
33217
33208
33207
33211
33212
33225
33222
33228
33215
33220
33231
33237
33217
33189
33220
33225
33223
33224
33221
33231
33229
33225
33212
33213
33212
33233
33252
33255
33233
33199
33213
33222
33224
33224
33199
33227
33242
33232
33239
33250
33233
33221
33229
33231
33228
33225
33216
33221
33232
33236
33231
33231
33225
33246
33239
33229
33229
33220
33250
33224
33226
33233
33220
33215
33234
33190
33204
33226
33223
33189
33220
33234
33219
33201
33203
33226
33217
33241
33235
33227
33217
33217
33223
33239
33241
33223
33215
33225
33233
33237
33223
33233
33229
33240
33229
33231
33247
33219
33212
33212
33229
33239
33223
33182
33217
33231
33236
33264
33239
33223
33223
33259
33251
33239
33228
33216
33217
33231
33228
33231
33229
33255
33255
33246
33237
33243
33212
33223
33235
33207
33205
33218
33215
33241
33225
33223
33237
33239
33237
33212
33233
33223
33219
33255
33235
33237
33238
33234
33227
33223
33219
33233
33248
33254
33254
33222
33241
33238
33220
33245
33250
33246
33253
33252
33230
33236
33243
33240
33223
33241
33255
33247
33243
33237
33232
33240
33222
33224
33239
33223
33215
33229
33243
33227
33227
33241
33239
33239
33222
33199
33215
33223
33232
33235
33219
33223
33215
33186
33202
33207
33228
33238
33228
33209
33221
33218
33215
33228
33231
33241
33239
33210
33218
33209
33217
33233
33259
33247
33236
33237
33209
33226
33239
33247
33203
33215
33228
33226
33229
33208
33236
33247
33267
33263
33244
33265
33221
33232
33246
33251
33209
33157
33170
33153
33158
33158
33140
33164
33169
33165
33162
33166
33165
33175
33155
33145
33173
33175
33175
33175
33174
33143
33154
33173
33187
33182
33183
33183
33163
33168
33167
33147
33151
33147
33167
33174
33161
33184
33181
33183
33195
33192
33179
33177
33186
33182
33197
33187
33193
33176
33166
33153
33162
33185
33197
33205
33220
33209
33216
33215
33199
33214
33199
33207
33198
33210
33193
33199
33191
33231
33209
33181
33178
33183
33174
33201
33217
33187
33179
33203
33208
33195
33209
33198
33193
33185
33207
33209
33187
33206
33193
33171
33193
33205
33204
33171
33199
33201
33214
33210
33219
33227
33239
33227
33182
33186
33201
33222
33215
33202
33205
33221
33209
33206
33228
33211
33208
33207
33204
33206
33205
33222
33207
33188
33207
33204
33202
33209
33195
33228
33235
33208
33221
33214
33213
33233
33219
33207
33223
33216
33219
33216
33219
33202
33224
33210
33241
33230
33196
33215
33217
33204
33199
33223
33219
33222
33223
33233
33235
33212
33193
33204
33240
33227
33237
33217
33222
33205
33214
33197
33201
33213
33218
33191
33213
33238
33230
33201
33181
33223
33228
33231
33225
33231
33216
33218
33218
33215
33222
33215
33220
33231
33218
33188
33210
33226
33246
33225
33218
33217
33218
33225
33215
33200
33212
33209
33222
33205
33205
33209
33229
33236
33226
33239
33225
33225
33231
33229
33234
33215
33197
33195
33215
33221
33219
33231
33226
33226
33219
33230
33199
33205
33235
33221
33202
33231
33253
33249
33242
33261
33250
33236
33229
33235
33247
33261
33238
33242
33233
33237
33240
33219
33213
33239
33255
33255
33236
33237
33216
33229
33226
33222
33237
33220
33218
33218
33215
33199
33220
33232
33221
33226
33221
33202
33216
33233
33209
33212
33209
33221
33221
33233
33217
33192
33201
33193
33214
33217
33213
33217
33249
33252
33230
33214
33230
33224
33199
33213
33227
33228
33241
33235
33245
33230
33216
33215
33207
33223
33219
33217
33223
33246
33237
33241
33229
33229
33231
33227
33230
33227
33231
33211
33229
33204
33211
33225
33249
33234
33227
33237
33218
33245
33255
33235
33229
33227
33236
33231
33233
33238
33221
33238
33222
33249
33240
33212
33215
33225
33213
33217
33230
33221
33228
33235
33246
33224
33229
33199
33219
33204
33239
33241
33239
33242
33236
33243
33236
33227
33233
33217
33244
33253
33236
33237
33240
33255
33256
33239
33229
33231
33226
33253
33223
33244
33229
33224
33237
33226
33227
33222
33220
33218
33231
33237
33255
33249
33245
33243
33209
33224
33250
33238
33244
33254
33249
33223
33253
33253
33263
33261
33267
33273
33259
33247
33255
33261
33248
33246
33225
33239
33264
33235
33192
33237
33247
33235
33241
33259
33256
33271
33256
33247
33266
33242
33244
33241
33248
33227
33239
33258
33217
33233
33232
33237
33218
33259
33257
33243
33241
33262
33243
33251
33237
33241
33253
33232
33254
33251
33236
33245
33240
33239
33247
33232
33234
33219
33223
33239
33249
33261
33242
33245
33245
33263
33247
33219
33231
33246
33253
33221
33238
33228
33242
33251
33248
33238
33235
33240
33209
33211
33218
33233
33237
33220
33232
33235
33231
33239
33260
33263
33257
33241
33229
33240
33253
33238
33237
33252
33223
33229
33236
33243
33214
33223
33226
33235
33239
33251
33236
33221
33227
33230
33255
33224
33219
33215
33197
33199
33197
33196
33178
33202
33221
33207
33187
33183
33216
33199
33193
33193
33195
33207
33226
33198
33223
33215
33200
33211
33199
33218
33241
33211
33210
33215
33215
33226
33214
33204
33191
33202
33222
33207
33190
33205
33213
33225
33218
33226
33213
33205
33245
33221
33215
33219
33209
33207
33221
33218
33203
33187
33193
33206
33203
33214
33222
33213
33196
33223
33236
33235
33225
33223
33236
33248
33211
33211
33204
33239
33241
33225
33225
33239
33219
33222
33209
33220
33199
33209
33235
33240
33207
33226
33229
33193
33197
33230
33217
33207
33228
33224
33235
33247
33231
33191
33222
33242
33229
33222
33206
33208
33252
33223
33223
33217
33217
33229
33235
33211
33221
33219
33217
33233
33227
33198
33203
33209
33213
33231
33214
33220
33241
33216
33223
33237
33223
33213
33217
33227
33247
33217
33189
33217
33253
33232
33221
33240
33241
33241
33243
33259
33252
33271
33253
33223
33230
33227
33210
33219
33240
33246
33232
33253
33235
33235
33233
33245
33249
33244
33218
33199
33221
33209
33221
33238
33257
33249
33255
33249
33225
33238
33239
33242
33243
33246
33268
33249
33232
33257
33235
33231
33227
33251
33232
33231
33239
33257
33263
33237
33239
33226
33212
33228
33219
33215
33235
33224
33238
33223
33219
33231
33253
33240
33245
33219
33235
33223
33227
33215
33231
33253
33220
33231
33239
33240
33215
33221
33242
33255
33245
33241
33260
33253
33253
33241
33245
33227
33242
33255
33231
33252
33258
33259
33241
33236
33249
33252
33232
33258
33250
33232
33234
33235
33239
33255
33246
33227
33239
33265
33217
33219
33249
33209
33223
33239
33223
33226
33232
33228
33206
33191
33208
33217
33207
33209
33217
33212
33221
33233
33234
33207
33215
33226
33195
33199
33223
33211
33192
33196
33215
33217
33234
33223
33208
33230
33242
33245
33233
33215
33193
33218
33240
33231
33232
33222
33231
33224
33223
33234
33231
33252
33252
33229
33223
33239
33245
33255
33253
33217
33231
33204
33225
33223
33189
33216
33243
33238
33246
33255
33245
33255
33232
33252
33227
33217
33253
33248
33235
33220
33237
33247
33241
33228
33223
33226
33219
33217
33226
33251
33244
33245
33247
33224
33221
33223
33231
33237
33223
33231
33226
33223
33236
33246
33248
33247
33209
33209
33238
33228
33223
33219
33237
33253
33237
33223
33238
33244
33220
33231
33229
33254
33241
33223
33235
33226
33217
33217
33222
33226
33244
33255
33239
33212
33231
33223
33235
33239
33253
33228
33227
33241
33237
33215
33229
33230
33231
33224
33233
33255
33250
33262
33247
33215
33219
33235
33257
33227
33207
33209
33216
33221
33226
33237
33235
33229
33239
33239
33220
33239
33236
33245
33221
33227
33237
33243
33232
33240
33226
33267
33252
33236
33241
33233
33215
33247
33267
33247
33239
33254
33253
33236
33221
33221
33247
33254
33247
33244
33257
33260
33255
33259
33245
33264
33269
33242
33235
33247
33215
33244
33232
33215
33252
33241
33233
33229
33215
33231
33236
33236
33265
33253
33239
33235
33255
33231
33242
33239
33235
33247
33231
33239
33235
33230
33245
33248
33227
33219
33243
33239
33247
33240
33273
33253
33244
33237
33243
33237
33211
33247
33251
33243
33235
33237
33235
33239
33257
33248
33232
33249
33253
33241
33223
33232
33243
33263
33254
33251
33270
33272
33207
33180
33162
33167
33162
33167
33157
33175
33188
33163
33169
33173
33185
33167
33157
33179
33182
33179
33175
33164
33159
33171
33165
33150
33176
33180
33183
33182
33167
33195
33183
33176
33193
33165
33175
33181
33185
33159
33165
33198
33188
33184
33191
33192
33197
33201
33210
33225
33231
33196
33197
33185
33195
33214
33203
33215
33225
33207
33191
33194
33201
33167
33187
33186
33202
33197
33191
33200
33203
33187
33215
33203
33179
33189
33201
33227
33207
33204
33196
33187
33211
33207
33208
33213
33207
33191
33187
33184
33193
33207
33197
33204
33221
33227
33231
33197
33195
33225
33235
33220
33233
33245
33235
33221
33217
33217
33231
33238
33235
33229
33219
33237
33231
33226
33209
33207
33196
33203
33222
33222
33207
33239
33236
33229
33232
33231
33223
33243
33236
33227
33215
33215
33218
33233
33244
33255
33231
33247
33229
33221
33215
33254
33266
33257
33259
33256
33236
33225
33227
33235
33231
33253
33249
33234
33236
33235
33241
33235
33219
33245
33231
33231
33223
33223
33237
33244
33250
33253
33243
33257
33231
33223
33235
33242
33255
33257
33255
33271
33260
33259
33247
33273
33237
33227
33239
33248
33247
33239
33240
33232
33262
33260
33229
33224
33226
33253
33241
33222
33228
33249
33237
33209
33244
33261
33255
33255
33245
33243
33246
33247
33220
33239
33263
33247
33240
33257
33253
33233
33215
33237
33247
33251
33239
33243
33262
33263
33243
33239
33249
33246
33244
33250
33258
33254
33240
33248
33251
33276
33265
33241
33249
33246
33255
33244
33254
33227
33230
33231
33247
33231
33249
33235
33223
33223
33227
33241
33249
33253
33229
33241
33210
33213
33223
33231
33241
33239
33209
33215
33208
33207
33202
33211
33227
33233
33209
33217
33205
33194
33211
33224
33238
33249
33215
33205
33231
33229
33207
33226
33218
33215
33224
33240
33217
33228
33223
33215
33217
33249
33244
33241
33216
33239
33230
33229
33241
33254
33265
33233
33255
33256
33269
33241
33223
33228
33217
33215
33250
33207
33215
33235
33240
33253
33269
33245
33221
33211
33236
33245
33239
33228
33205
33190
33230
33241
33244
33219
33237
33249
33236
33234
33256
33245
33247
33216
33207
33237
33227
33210
33229
33230
33247
33237
33245
33251
33253
33237
33249
33240
33219
33234
33237
33235
33247
33250
33225
33245
33231
33195
33240
33247
33257
33247
33251
33219
33217
33253
33249
33205
33208
33215
33216
33236
33225
33239
33256
33253
33277
33285
33246
33227
33225
33249
33254
33239
33234
33241
33244
33253
33261
33239
33250
33240
33236
33246
33225
33239
33265
33253
33271
33257
33238
33259
33229
33236
33260
33241
33212
33234
33252
33260
33243
33259
33247
33231
33239
33243
33245
33241
33253
33253
33265
33274
33253
33265
33253
33252
33243
33251
33254
33258
33241
33253
33252
33252
33235
33237
33226
33255
33269
33263
33252
33235
33239
33258
33255
33265
33251
33207
33225
33253
33236
33243
33255
33239
33218
33218
33249
33253
33223
33242
33249
33266
33258
33255
33243
33237
33247
33245
33231
33219
33237
33251
33253
33254
33244
33236
33243
33243
33257
33266
33245
33239
33243
33254
33253
33246
33263
33252
33272
33248
33267
33267
33263
33239
33248
33244
33247
33250
33243
33259
33258
33223
33229
33239
33252
33247
33255
33249
33248
33242
33255
33242
33231
33236
33214
33229
33230
33227
33222
33219
33218
33222
33243
33219
33238
33226
33230
33225
33240
33238
33209
33200
33209
33197
33221
33199
33224
33215
33221
33195
33206
33223
33232
33228
33207
33203
33221
33223
33209
33206
33201
33201
33221
33226
33244
33231
33233
33233
33251
33248
33216
33229
33263
33239
33208
33230
33238
33231
33233
33230
33256
33255
33235
33229
33228
33237
33243
33249
33243
33209
33229
33242
33251
33226
33217
33239
33247
33241
33221
33238
33247
33229
33215
33247
33254
33257
33228
33215
33215
33223
33223
33254
33239
33247
33210
33229
33246
33237
33221
33225
33233
33239
33236
33224
33215
33231
33213
33225
33236
33262
33239
33211
33242
33237
33224
33239
33236
33237
33205
33226
33238
33217
33225
33231
33223
33253
33249
33229
33225
33254
33236
33249
33241
33245
33246
33247
33245
33217
33231
33232
33233
33254
33260
33256
33230
33227
33234
33251
33251
33233
33231
33245
33252
33239
33225
33209
33238
33231
33238
33263
33273
33241
33245
33257
33250
33270
33228
33221
33238
33237
33255
33245
33226
33251
33258
33239
33256
33263
33259
33263
33252
33231
33254
33248
33247
33256
33244
33234
33235
33249
33245
33260
33243
33238
33230
33241
33235
33223
33241
33251
33227
33221
33227
33261
33258
33243
33233
33237
33229
33233
33245
33255
33250
33242
33235
33250
33250
33259
33236
33230
33233
33231
33223
33226
33233
33231
33236
33229
33221
33233
33243
33234
33229
33238
33257
33255
33243
33255
33257
33261
33239
33257
33269
33254
33231
33259
33251
33237
33261
33251
33236
33221
33217
33220
33249
33231
33239
33251
33261
33255
33269
33241
33241
33241
33247
33229
33207
33208
33223
33209
33216
33232
33231
33222
33233
33220
33242
33229
33213
33231
33216
33225
33216
33215
33209
33207
33207
33222
33215
33239
33247
33235
33222
33223
33225
33241
33241
33247
33239
33221
33235
33227
33220
33213
33234
33235
33233
33231
33243
33231
33230
33222
33212
33232
33242
33217
33207
33225
33239
33239
33232
33245
33235
33223
33223
33231
33215
33223
33235
33250
33260
33211
33201
33215
33249
33222
33199
33205
33232
33233
33252
33227
33247
33214
33214
33207
33230
33228
33231
33233
33219
33231
33232
33223
33207
33229
33261
33262
33255
33239
33217
33247
33247
33234
33231
33229
33230
33247
33260
33224
33231
33248
33244
33247
33262
33263
33244
33245
33242
33249
33229
33231
33228
33231
33226
33229
33245
33259
33240
33249
33233
33223
33225
33257
33247
33230
33237
33241
33245
33259
33249
33245
33235
33229
33229
33253
33274
33258
33249
33229
33247
33263
33252
33257
33218
33258
33232
33206
33221
33217
33232
33233
33223
33241
33235
33228
33235
33256
33253
33239
33241
33247
33243
33243
33263
33257
33249
33232
33251
33235
33257
33251
33235
33255
33255
33250
33223
33233
33235
33242
33257
33247
33233
33243
33241
33239
33233
33237
33242
33239
33232
33252
33257
33239
33231
33243
33236
33254
33232
33257
33252
33245
33247
33254
33258
33255
33237
33237
33224
33237
33239
33235
33229
33253
33242
33258
33265
33268
33244
33233
33225
33232
33231
33243
33230
33253
33241
33246
33260
33218
33235
33255
33243
33263
33246
33241
33274
33268
33259
33235
33263
33261
33237
33238
33227
33234
33230
33245
33255
33257
33236
33263
33275
33271
33262
33241
33242
33213
33170
33157
33158
33135
33161
33167
33173
33169
33187
33185
33187
33189
33166
33161
33163
33151
33149
33162
33156
33153
33139
33140
33155
33174
33197
33189
33179
33178
33167
33183
33185
33191
33175
33173
33162
33185
33175
33176
33183
33189
33171
33183
33183
33179
33191
33203
33201
33191
33187
33189
33199
33215
33199
33175
33195
33189
33187
33188
33202
33189
33187
33193
33186
33212
33217
33205
33199
33207
33218
33183
33186
33199
33196
33189
33192
33199
33218
33205
33205
33221
33214
33207
33216
33221
33189
33207
33218
33230
33208
33191
33213
33203
33201
33236
33230
33203
33213
33226
33212
33237
33234
33207
33174
33208
33219
33215
33223
33218
33231
33223
33227
33227
33209
33225
33219
33223
33240
33224
33186
33217
33229
33236
33233
33235
33207
33211
33219
33223
33219
33216
33199
33245
33232
33237
33226
33219
33237
33249
33224
33239
33258
33244
33235
33227
33223
33235
33230
33218
33232
33231
33229
33237
33231
33238
33255
33235
33227
33245
33238
33233
33247
33235
33253
33255
33239
33236
33232
33255
33235
33228
33232
33227
33248
33267
33258
33247
33234
33223
33248
33239
33225
33236
33262
33246
33237
33225
33231
33218
33239
33221
33235
33232
33220
33247
33253
33245
33217
33253
33262
33260
33245
33231
33237
33262
33237
33241
33243
33221
33221
33220
33255
33268
33255
33238
33219
33236
33230
33235
33235
33216
33215
33235
33226
33231
33238
33229
33215
33235
33242
33249
33249
33236
33255
33258
33225
33254
33248
33241
33267
33271
33253
33263
33258
33257
33255
33240
33245
33247
33245
33229
33223
33221
33216
33246
33243
33255
33248
33249
33249
33240
33253
33231
33229
33221
33220
33202
33203
33225
33227
33244
33228
33230
33232
33235
33249
33220
33215
33243
33236
33221
33227
33215
33223
33215
33215
33236
33245
33252
33231
33219
33226
33221
33231
33239
33232
33243
33225
33247
33238
33233
33261
33237
33227
33248
33239
33255
33241
33256
33251
33246
33237
33240
33223
33226
33239
33241
33207
33217
33213
33224
33239
33234
33233
33237
33249
33253
33241
33249
33227
33239
33247
33253
33241
33215
33217
33239
33233
33239
33247
33251
33238
33239
33234
33232
33245
33247
33241
33226
33216
33228
33215
33220
33249
33241
33247
33241
33253
33264
33270
33255
33249
33237
33239
33239
33256
33251
33249
33243
33249
33245
33249
33262
33268
33239
33246
33215
33268
33283
33273
33247
33223
33231
33245
33248
33264
33254
33255
33249
33251
33237
33255
33233
33242
33246
33255
33256
33247
33240
33248
33258
33268
33258
33237
33245
33239
33244
33263
33239
33233
33248
33246
33249
33225
33235
33239
33239
33256
33276
33271
33279
33249
33239
33230
33237
33239
33231
33247
33248
33226
33226
33249
33248
33261
33261
33236
33260
33265
33249
33258
33229
33217
33229
33236
33247
33253
33236
33222
33248
33271
33251
33237
33213
33253
33256
33231
33239
33265
33247
33244
33232
33246
33251
33252
33251
33253
33241
33262
33261
33257
33239
33209
33225
33243
33244
33270
33268
33244
33249
33248
33248
33245
33244
33237
33242
33253
33244
33232
33251
33251
33245
33236
33231
33231
33246
33239
33251
33231
33240
33256
33249
33252
33231
33231
33261
33247
33240
33238
33232
33250
33238
33245
33227
33240
33244
33252
33261
33238
33234
33237
33239
33241
33252
33255
33211
33214
33194
33211
33207
33207
33214
33206
33207
33223
33214
33202
33213
33219
33213
33207
33191
33192
33213
33215
33215
33187
33199
33189
33215
33231
33217
33205
33203
33206
33233
33201
33207
33219
33217
33224
33233
33190
33217
33233
33234
33229
33226
33231
33206
33218
33234
33222
33239
33229
33220
33227
33214
33212
33231
33238
33220
33237
33241
33239
33229
33201
33223
33228
33222
33197
33241
33253
33236
33235
33239
33255
33233
33228
33210
33201
33239
33252
33220
33230
33245
33227
33221
33230
33210
33223
33213
33196
33230
33247
33219
33235
33241
33244
33235
33233
33223
33247
33224
33223
33250
33233
33232
33259
33245
33231
33255
33263
33259
33248
33259
33247
33232
33255
33252
33247
33235
33238
33229
33236
33242
33223
33241
33271
33247
33231
33239
33259
33252
33239
33231
33255
33269
33256
33259
33251
33239
33255
33249
33258
33246
33238
33264
33263
33263
33251
33254
33262
33255
33235
33227
33253
33225
33224
33231
33231
33245
33268
33260
33261
33255
33231
33256
33266
33253
33253
33241
33229
33232
33243
33252
33254
33255
33257
33252
33230
33224
33241
33260
33223
33234
33238
33245
33251
33247
33238
33237
33237
33241
33247
33255
33242
33231
33234
33241
33243
33231
33243
33243
33250
33241
33233
33239
33239
33231
33242
33253
33244
33265
33259
33247
33244
33261
33253
33237
33249
33239
33233
33235
33249
33255
33265
33269
33239
33240
