32793
32845
32801
32775
32798
32802
32791
32823
32814
32787
32829
32807
32814
32815
32782
32800
32797
32807
32819
32815
32789
32791
32787
32799
32791
32793
32796
32830
32793
32791
32804
32794
32805
32797
32801
32809
32809
32823
32801
32810
32795
32785
32795
32798
32795
32817
32842
32743
32801
32852
32853
32899
32851
32847
32824
32737
32783
32795
32841
32830
32830
32760
32791
32744
32783
32821
32789
32771
32832
32839
32856
32759
32789
32920
32855
32797
32851
32709
32775
32873
32844
32861
32711
32583
32820
32865
32711
33013
32531
32524
32879
32711
32762
32748
32762
32821
32771
32875
32805
32740
32959
32866
32785
32840
32861
32707
32759
32696
32843
32761
32799
32770
32846
32833
32808
32815
32893
32719
32793
32850
32802
32850
32795
32787
32725
32830
32827
32828
32757
32793
32841
32770
32785
32745
32743
32747
32813
32755
32748
32799
32813
32837
32847
32837
32827
32799
32801
32766
32778
32794
32767
32782
32812
32769
32807
32819
32802
32765
32783
32755
32819
32742
32723
32711
32799
32824
32831
32797
32763
32791
32804
32793
32808
32790
32811
32755
32741
32792
32785
32815
32791
32775
32751
32820
32810
32817
32807
32774
32844
32800
32806
32807
32783
32756
32807
32791
32758
32759
32799
32780
32781
32776
32774
32801
32739
32781
32733
32743
32833
32823
32765
32791
32786
32795
32795
32795
32782
32781
32769
32807
32800
32798
32753
32755
32803
32740
32761
32765
32794
32811
32817
32795
32807
32760
32791
32771
32778
32795
32788
32807
32781
32807
32789
32774
32767
32757
32804
32783
32763
32755
32808
32837
32781
32743
32798
32763
32754
32756
32767
32791
32795
32783
32759
32788
32777
32770
32776
32754
32797
32796
32759
32763
32785
32795
32756
32753
32746
32787
32788
32811
32803
32809
32799
32790
32782
32759
32789
32805
32777
32775
32761
32785
32788
32782
32774
32765
32749
32761
32778
32760
32751
32759
32791
32788
32747
32791
32799
32759
32794
32797
32792
32762
32763
32781
32782
32783
32767
32767
32777
32784
32753
32762
32775
32802
32796
32759
32731
32783
32789
32801
32780
32785
32779
32802
32788
32760
32759
32760
32775
32777
32791
32787
32770
32765
32793
32793
32761
32769
32813
32815
32797
32791
32781
32756
32780
32785
32790
32786
32773
32774
32756
32761
32781
32773
32781
32811
32785
32781
32787
32765
32796
32801
32788
32788
32752
32757
32776
32803
32807
32755
32758
32784
32770
32780
32757
32769
32819
32781
32797
32783
32767
32789
32772
32789
32788
32783
32795
32798
32770
32751
32791
32791
32792
32803
32806
32788
32755
32759
32781
32769
32799
32775
32793
32773
32797
32769
32771
32777
32786
32765
32765
32803
32790
32771
32772
32786
32785
32793
32770
32756
32751
32770
32794
32791
32795
32757
32755
32759
32780
32786
32790
32762
32775
32783
32791
32775
32775
32761
32795
32763
32804
32811
32775
32777
32764
32782
32791
32788
32763
32763
32775
32777
32791
32797
32785
32784
32785
32791
32787
32775
32774
32756
32781
32797
32798
32785
32772
32747
32767
32773
32768
32771
32772
32787
32784
32767
32789
32775
32795
32789
32785
32771
32759
32786
32754
32794
32791
32759
32760
32791
32795
32795
32775
32795
32797
32750
32743
32791
32747
32778
32769
32788
32694
32717
32701
32744
32721
32812
32775
32817
32661
32890
32886
32749
32651
32880
32659
32721
32577
32923
32784
32919
32627
32802
32673
32681
32683
32865
32663
32654
32565
32971
32825
32686
32737
32617
32877
32861
32794
32951
32680
32612
32789
32854
32689
32848
32754
32747
32913
32926
32918
32721
32721
32761
32671
32867
32699
32849
32737
32730
32756
32761
32753
32846
32833
32735
32746
32741
32772
32839
32837
32718
32743
32712
32703
32735
32798
32729
32711
32827
32755
32726
32826
32740
32858
32833
32799
32735
32826
32749
