31656
31608
31571
31605
31606
31610
31591
31569
31573
31579
31591
31580
31574
31577
31592
31586
31599
31589
31575
31588
31602
31588
31585
31550
31561
31603
31578
31565
31557
31619
31608
31621
31596
31583
31605
31626
31607
31612
31614
31591
31590
31588
31599
31589
31603
31577
31609
31617
31591
31591
31595
31596
31607
31635
31599
31582
31608
31621
31592
31573
31609
31612
31593
31617
31574
31609
31618
31595
31605
31610
31567
31586
31598
31591
31555
31541
31565
31587
31599
31588
31593
31565
31605
31603
31583
31617
31606
31596
31585
31573
31581
31612
31609
31622
31605
31626
31610
31603
31609
31599
31617
31631
31639
31615
31607
31608
31622
31630
31617
31627
31629
31618
31597
31616
31613
31622
31622
31657
31627
31631
31645
31620
31572
31605
31619
31601
31619
31631
31635
31623
31632
31625
31622
31627
31594
31594
31575
31572
31574
31569
31607
31598
31618
31623
31595
31600
31577
31597
31585
31591
31587
31595
31603
31595
31625
31631
31644
31625
31613
31602
31602
31607
31616
31623
31621
31599
31625
31621
31587
31596
31607
31634
31629
31644
31623
31635
31617
31611
31613
31593
31604
31583
31599
31623
31623
31609
31598
31624
31612
31610
31627
31613
31623
31627
31619
31609
31609
31627
31609
31624
31605
31599
31651
31625
31634
31633
31642
31643
31628
31640
31633
31629
31617
31625
31639
31625
31603
31621
31635
31623
31611
31647
31609
31632
31639
31648
31637
31635
31634
31623
31614
31629
31624
31627
31640
31633
31626
31617
31615
31619
31636
31615
31606
31628
31622
31624
31633
31641
31633
31644
31639
31621
31626
31630
31620
31626
31624
31631
31649
31644
31657
31641
31643
31644
31622
31583
31607
31633
31623
31629
31627
31623
31630
31599
31619
31610
31579
31578
31601
31607
31589
31613
31611
31606
31623
31631
31647
31626
31631
31663
31675
31655
31635
31653
31666
31665
31675
31674
31681
31686
31693
31667
31649
31657
31642
31663
31671
31651
31633
31648
31653
31660
31643
31665
31658
31672
31663
31643
31651
31639
31639
31666
31663
31637
31632
31641
31628
31635
31672
31652
31637
31655
31665
31655
31639
31637
31651
31667
31655
31636
31631
31622
31636
31623
31605
31639
31609
31615
31606
31639
31635
31616
31627
31643
31630
31631
31623
31633
31623
31615
31629
31633
31612
31639
31647
31639
31639
31626
31631
31611
31607
31639
31624
31623
31637
31642
31647
31655
31659
31659
31637
31662
31657
31660
31639
31645
31651
31636
31641
31634
31643
31630
31667
31641
31637
31642
31619
31626
31637
31627
31637
31641
31608
31639
31643
31635
31632
31613
31609
31629
31628
31640
31655
31639
31649
31645
31632
31657
31651
31651
31630
31641
31647
31671
31632
31623
31652
31654
31637
31617
31623
31619
31623
31632
31636
31650
31647
31649
31653
31639
31631
31635
31670
31678
31691
31679
31647
31609
31615
31620
31647
31653
31640
31641
31659
31655
31647
31643
31635
31620
31635
31639
31631
31621
31636
31652
31633
31621
31634
31623
31633
31613
31646
31629
31644
31655
31627
31633
31637
31654
31640
31617
31619
31600
31619
31611
31639
31653
31629
31649
31641
31665
31642
31630
31627
31632
31643
31636
31591
31618
31656
31643
31649
31647
31647
31623
31617
31639
31643
31649
31668
31635
31629
31631
31628
31663
31635
31632
31647
31622
31647
31651
31641
31633
31650
31664
31647
31641
31649
31622
31633
31617
31629
31617
31625
31642
31657
31627
31607
31624
31660
31640
31631
31625
31637
31652
31673
31669
31667
31655
31663
31651
31669
31661
31663
31689
31664
31639
31625
31631
31635
31655
31678
31657
31651
31639
31629
31651
31628
31645
31641
31633
31643
31626
31639
31658
31645
31648
31623
31665
31687
31662
31638
31645
31667
31656
31669
31670
31681
31689
31677
31674
31657
31671
31653
31651
31670
31667
31668
31652
31659
31651
31643
31664
31669
31679
31652
31637
31661
31655
31671
31661
31647
31646
31662
31643
31637
31635
31623
31623
31629
31655
31662
31653
31658
31665
31671
31652
31655
31639
31640
31654
31631
31629
31652
31660
31641
31647
31632
31653
31685
31665
31647
31617
31623
31615
31623
31631
31631
31642
31619
31620
31615
31599
31610
31622
31625
31617
31632
31610
31629
31627
31641
31610
31597
31605
31627
31627
31622
31633
31611
31623
31620
31661
31650
31644
31648
31655
31646
31633
31640
31615
31637
31644
31642
31647
31652
31619
31626
31649
31619
31624
31634
31634
31631
31613
31621
31601
31613
31623
31636
31605
31619
31639
31633
31617
31626
31640
31637
31637
31655
31631
31661
31611
31619
31613
31621
31619
31634
31633
31627
31635
31660
31655
31643
31628
31648
31639
31631
31620
31625
31625
31643
31644
31626
31605
31613
31615
31644
31643
31631
31637
31631
31614
31607
31615
31637
31633
31629
31636
31644
31649
31639
31649
31639
31625
31625
31637
31648
31655
31625
31630
31610
31623
31628
31602
31607
31629
31631
31624
31599
31584
31617
31622
31621
31643
31661
31612
31609
31636
31626
31617
31635
31631
31636
31625
31611
31621
31657
31615
31630
31637
31638
31609
31610
31623
31651
31629
31621
31608
31623
31625
31617
31634
31619
31639
31650
31635
31619
31608
31607
31651
31625
31600
31604
31608
31656
31637
31619
31645
31618
31613
31621
31626
31647
31647
31619
31636
31636
31671
31668
31651
31643
31624
31621
31623
31605
31607
31658
31638
31636
31643
31633
31633
31631
31633
31630
31619
31630
31617
31639
31655
31645
31647
31633
31626
31624
31632
31650
31643
31637
31612
31617
31631
31635
31641
31638
31630
31635
31649
31672
31643
31646
31647
31641
31623
31647
31654
31661
31637
31637
31626
31609
31645
31640
31649
31646
31628
31613
31645
31617
31627
31621
31615
31639
31652
31639
31617
31607
31600
31623
31631
31639
31640
31661
31632
31623
31638
31631
31627
31615
31619
31638
31634
31621
31606
31607
31615
31619
31606
31614
31618
31616
31595
31582
31618
31608
31623
31622
31629
31606
31597
31609
31648
31612
31629
31640
31639
31647
31640
31629
31649
31663
31666
31659
31662
31662
31655
31637
31647
31633
31645
31649
31620
31638
31626
31613
31633
31650
31644
31639
31632
31641
31669
31655
31645
31637
31623
31641
31646
31628
31647
31653
31629
31627
31638
31659
31644
31613
31604
31597
31615
31585
31591
31605
31619
31608
31623
31591
31583
31601
31595
31615
31624
31638
31628
31620
31630
31647
31639
31613
31648
31640
31634
31641
31647
31621
31605
31653
31614
31618
31621
31631
31620
31609
31619
31638
31634
31603
31616
31628
31626
31645
31616
31633
31632
31654
31651
31634
31655
31639
31650
31669
31685
31673
31669
31665
31624
31619
31611
31602
31622
31644
31634
31645
31647
31639
31623
31619
31620
31608
31606
31606
31595
31687
31613
31603
31601
31587
31599
31635
31597
31609
31641
31637
31670
31671
31645
31633
31639
31638
31652
31669
31679
31658
31631
31653
31637
31646
31619
31630
31644
31629
31637
31617
31634
31630
31629
31651
31633
31608
31639
31645
31624
31615
31613
31619
31615
31625
31623
31630
31635
31629
31603
31591
31623
31645
31639
31671
31681
31650
31660
31637
31648
31643
31625
31611
31603
31607
31625
31615
31617
31593
31615
31646
31625
31632
31639
31651
31618
31610
31639
31637
31615
31625
31617
31647
31637
31644
31646
31630
31647
31631
31635
31639
31660
31652
31643
31651
31666
31639
31627
31652
31631
31627
31616
31639
31641
31627
31638
31639
31635
31610
31609
31599
31584
31577
31618
31575
31601
31600
31593
31599
31592
31555
31570
31611
31610
31565
31571
31589
31615
31594
31592
31607
31599
31587
31593
31600
31607
31611
31559
31567
31583
31567
31551
31605
31585
31612
31598
31611
31589
31583
31591
31606
31575
31619
31584
31632
31599
31627
31616
31578
31589
31575
31595
31619
31591
31623
31605
31598
31624
31639
31615
31571
31586
31583
31593
31605
31599
31609
31609
31611
31589
31621
31581
31579
31606
31635
31592
31597
31586
31627
31582
31574
31618
31627
31608
31603
31591
31567
31604
31588
31600
31585
31598
31611
31598
31575
31607
31585
31604
31637
31623
31608
31588
31589
31558
31571
31613
31607
31606
31595
31599
31601
31615
31581
31582
31622
31623
31598
31608
31602
31604
31626
31633
31612
31625
31635
31625
31621
31611
31606
31605
31627
31604
31612
31646
31607
31596
31624
31635
31647
31620
31647
31627
31640
31623
31635
31638
31647
31625
31609
31605
31591
31593
31625
31588
31562
31591
31622
31627
31635
31615
31600
31614
31612
31621
31587
31596
31627
31640
31621
31557
31585
31623
31632
31608
31615
31638
31625
31629
31613
31627
31603
31623
31599
31597
31610
31612
31608
31617
31604
31612
31625
31632
31628
31615
31599
31601
31615
31609
31603
31607
31637
31605
31597
31615
31607
31607
31611
31610
31602
31591
31572
31607
31610
31593
31599
31580
31581
31598
31620
31643
31589
31581
31610
31636
31601
31606
31607
31611
31617
31607
31600
31597
31605
31629
31611
31597
31591
31612
31608
31619
31621
31634
31599
31610
31623
31606
31636
31611
31621
31643
31628
31627
31631
31623
31639
31617
31606
31606
31615
31639
31607
31620
31623
31615
31620
31617
31613
31633
31625
31606
31597
31592
31583
31568
31602
31588
31599
31601
31587
31591
31581
31585
31599
31601
31612
31625
31623
31606
31601
31602
31612
31615
31615
31611
31612
31617
31623
31607
31583
31593
31615
31591
31615
31611
31613
31619
31645
31634
31629
31632
31629
31628
31645
31637
31643
31638
31615
31629
31630
31637
31615
31607
31610
31602
31583
31611
31623
31601
31603
31629
31623
31649
31633
31624
31625
31625
31636
31627
31623
31652
31670
31634
31647
31627
31624
31616
31615
31626
31647
31637
31581
31581
31594
31621
31615
31621
31629
31627
31642
31651
31642
31611
31583
31623
31623
31636
31637
31671
31647
31629
31611
31617
31638
31607
31625
31639
31638
31638
31637
31602
31623
31640
31659
31655
31637
31649
31642
31623
31641
31639
31634
31625
31625
31613
31625
31615
31613
31659
31653
31647
31645
31635
31641
31633
31659
31655
31638
31647
31629
31653
31643
31612
31603
31600
31614
31611
31631
31623
31600
31617
31615
31609
31633
31641
31627
31596
31605
31621
31609
31591
31605
31625
31634
31630
31650
31652
31646
31646
31641
31626
31628
31657
31631
31638
31664
31631
31648
31652
31647
31637
31661
31656
31645
31668
31648
31644
31666
31655
31648
31648
31670
31678
31645
31651
31647
31651
31652
31645
31667
31652
31659
31639
31655
31675
31644
31629
31642
31629
31630
31615
31606
31618
31623
31605
31617
31631
31626
31612
31623
31624
31642
31649
31625
31617
31638
31668
31645
31631
31638
31639
31642
31639
31637
31665
31652
31659
31638
31638
31611
31622
31636
31633
31636
31633
31611
31637
31625
31653
31637
31637
31625
31634
31627
31621
31621
31607
31623
31636
31635
31629
31637
31639
31618
31624
31639
31637
31661
31673
31668
31653
31636
31607
31630
31619
31629
31641
31633
31630
31627
31631
31617
31627
31630
31643
31661
31633
31650
31629
31645
31642
31623
31633
31626
31645
31625
31613
31627
31634
31623
31596
31613
31621
31659
31663
31636
31620
31633
31629
31645
31629
31608
31588
31608
31614
31623
31641
31643
31657
31651
31631
31664
31646
31650
31653
31662
31637
31635
31645
31641
31636
31615
31597
31622
31637
31632
31610
31631
31629
31627
31616
31621
31639
31642
31629
31640
31619
31594
31607
31597
31604
31596
31631
31649
31635
31621
31633
31623
31624
31620
31616
31647
31599
31605
31629
31609
31616
31601
31613
31595
31615
31639
31617
31639
31636
31612
31615
31632
31641
31668
31663
31643
31647
31657
31632
31624
31607
31645
31628
31617
31629
31648
31628
31624
31645
31637
31639
31658
31628
31629
31638
31640
31670
31685
31651
31661
31659
31679
31665
31649
31638
31647
31653
31657
31667
31656
31647
31641
31645
31651
31654
31663
31653
31649
31651
31660
31665
31659
31654
31652
31665
31651
31661
31662
31650
31640
31641
31659
31645
31636
31648
31659
31657
31663
31645
31647
31637
31644
31636
31623
31606
31615
31644
31638
31621
31631
31647
31651
31645
31647
31648
31647
31651
31664
31635
31663
31655
31671
31623
31599
31631
31622
31633
31619
31639
31658
31623
31626
31615
31624
31632
31653
31655
31641
31643
31651
31664
31663
31659
31669
31649
31643
31642
31645
31647
31645
31626
31639
31629
31638
31643
31639
31639
31662
31663
31643
31646
31668
31652
31644
31632
31634
31641
31637
31649
31638
31631
31615
31600
31615
31645
31624
31603
31621
31600
31627
31599
31619
31607
31595
31595
31615
31644
31606
31623
31614
31622
31645
31633
31631
31634
31638
31637
31634
31652
31651
31655
31631
31623
31634
31629
31615
31655
31651
31624
31590
31565
31641
31615
31593
31615
31608
31608
31630
31641
31631
31631
31645
31634
31627
31629
31625
31625
31643
31635
31639
31610
31611
31610
31597
31648
31639
31639
31639
31639
31651
31639
31643
31629
31648
31633
31633
31635
31605
31594
31633
31645
31633
31625
31628
31646
31627
31605
31641
31638
31646
31629
31659
31663
31627
31623
31635
31634
31669
31663
31655
31621
31633
31629
31639
31642
31645
31645
31630
31641
31631
31631
31633
31623
31629
31635
31645
31632
31619
31607
31600
31623
31628
31631
31636
31645
31656
31655
31655
31651
31643
31648
31647
31661
31651
31666
31639
31619
31633
31649
31651
31659
31661
31651
31634
31619
31645
31659
31667
31681
31672
31689
31661
31647
31641
31634
31623
31639
31647
31636
31623
31645
31630
31628
31623
31635
31633
31625
31612
31621
31645
31646
31615
31647
31655
31631
31599
31622
31607
31618
31608
31603
31621
31625
31641
31647
31653
31625
31646
31662
31618
31602
31647
31663
31651
31638
31647
31655
31623
31627
31642
31648
31620
31618
31639
31651
31637
31628
31635
31630
31643
31651
31651
31639
31617
31629
31641
31630
31615
31620
31632
31613
31615
31645
31638
31642
31648
31666
31648
31643
31637
31648
31654
31650
31641
31645
31633
31632
31618
31649
31635
31629
31637
31611
31627
31634
31652
31669
31655
31593
31591
31613
31636
31625
31609
31590
31609
31614
31577
31609
31615
31627
31595
31600
31612
31613
31595
31603
31591
31615
31627
31613
31617
31606
31605
31621
31596
31622
31625
31615
31614
31625
31602
31612
31621
31613
31619
31649
31669
31643
31633
31617
31627
31631
31637
31636
31631
31651
31638
31637
31612
31618
31602
31627
31621
31625
31599
31647
31621
31599
31613
31578
31600
31625
31595
31605
31595
31577
31587
31591
31597
31615
31627
31621
31617
31627
31643
31633
31671
31623
31620
31623
31613
31613
31609
31639
31645
31631
31599
31607
31639
31637
31619
31620
31624
31619
31608
31605
31592
31598
31601
31615
31618
31615
31655
31637
31571
31580
31605
31621
31619
31619
31623
31625
31614
31619
31627
31647
31623
31610
31621
31629
31604
31616
31641
31621
31631
31641
31620
31587
31601
31629
31634
31639
31637
31623
31632
31653
31649
31623
31625
31615
31620
31630
31623
31645
31627
31623
31629
31642
31641
31613
31615
31611
31623
31629
31654
31647
31628
31607
31599
31623
31643
31624
31633
31633
31629
31645
31641
31650
31615
31633
31634
31636
31623
31638
31649
31649
31631
31615
31633
31637
31625
31638
31636
31626
31661
31650
31651
31647
31639
31639
31640
31645
31629
31642
31663
31661
31636
31644
31626
31617
31647
31659
31623
31629
31652
31669
31662
31652
31642
31647
31639
31635
31654
31643
31620
31634
31633
31614
31615
31626
31634
31607
31604
31650
31643
31615
31615
31618
31607
31653
31637
31635
31636
31641
31635
31629
31645
31643
31644
31627
31631
31633
31631
31631
31631
31651
31645
31652
31629
31610
31628
31638
31643
31631
31641
31665
31644
31639
31629
31633
31617
31601
31627
31651
31639
31629
31643
31631
31613
31612
31604
31654
31648
31635
31634
31625
31598
31602
31632
31630
31643
31634
31624
31615
31627
31655
31643
31629
31607
31599
31629
31629
31634
31621
31644
31656
31654
31645
31646
31617
31621
31633
31630
31655
31617
31643
31647
31634
31627
31641
31622
31625
31612
31609
31601
31607
31636
31633
31639
31655
31653
31644
31636
31630
31648
31655
31665
31655
31634
31634
31639
31652
31625
31605
31615
31656
31638
31626
31628
31619
31625
31615
31636
31620
31628
31633
31631
31610
31615
31650
31649
31630
31635
31651
31653
31630
31613
31646
31657
31646
31643
31652
31635
31631
31645
31641
31655
31660
31649
31652
31656
31631
31639
31617
31591
31587
31587
31603
31564
31633
31562
31643
31615
31637
31636
31630
31614
31644
31657
31639
31625
31647
31620
31603
31594
31627
31630
31599
31663
31595
31623
31629
31580
31594
31598
31596
31583
31627
31645
31612
31617
31625
31647
31639
31603
31623
31630
31608
31649
31665
31649
31609
31621
31607
31610
31623
31614
31636
31632
31639
31661
31660
31671
31645
31613
31627
31640
31665
31639
31630
31621
31633
31628
31642
31639
31639
31628
31625
31617
31623
31615
31645
31641
31643
31663
31665
31659
31653
31645
31641
31637
31653
31665
31617
31625
31653
31608
31679
31655
31625
31647
31649
31655
31608
31595
31613
31645
31615
31639
31646
31670
31663
31615
31624
31641
31631
31631
31633
31640
31641
31647
31647
31653
31657
31646
31655
31625
31628
31658
31643
31678
31657
31647
31645
31651
31635
31635
31636
31645
31640
31645
31603
31639
31637
31621
31632
31626
31609
31643
31634
31639
31646
31663
31644
31630
31639
31621
31613
31611
31619
31639
31622
31617
31640
31606
31572
31576
31589
31621
31639
31631
31610
31630
31625
31645
31618
31613
31631
31641
31617
31639
31631
31634
31615
31611
31607
31608
31623
31629
31630
31653
31662
31639
31659
31647
31662
31631
31640
31607
31621
31646
31631
31603
31620
31631
31628
31643
31621
31623
31628
31631
31649
31624
31597
31591
31632
31627
31630
31625
31619
31605
31632
31623
31631
31617
31625
31631
31623
31601
31615
31644
31631
31629
31612
31607
31612
31622
31622
31613
31630
31617
31632
31620
31609
31626
31607
31593
31626
31653
31651
31631
31649
31653
31641
31663
31641
31620
31630
31640
31626
31625
31631
31637
31634
31626
31650
31644
31620
31640
31629
31621
31601
31612
31581
31640
31627
31657
31661
31641
31636
31666
31654
31633
31611
31625
31646
31639
31607
31617
31615
31643
31646
31653
31681
31639
31638
31641
31603
31645
31639
31627
31638
31623
31633
31624
31623
31645
31667
31646
31663
31646
31648
31640
31640
31647
31639
31650
31639
31631
31625
31640
31635
31653
31640
31635
31621
31639
31663
31663
31673
31658
31636
31659
31645
31623
31638
31672
31685
31661
31615
31600
31617
31617
31597
31657
31639
31673
31671
31642
31657
31671
31643
31632
31646
31653
31655
31630
31653
31621
31623
31649
31638
31631
31623
31639
31640
31649
31645
31653
31648
31627
31651
31667
31657
31649
31614
31619
31614
31639
31659
31638
31639
31650
31631
31645
31625
31641
31658
31657
31623
31619
31635
31631
31630
31640
31648
31638
31624
31628
31611
31631
31647
31652
31615
31613
31624
31618
31619
31637
31628
31623
31620
31628
31615
31614
31604
31636
31627
31620
31635
31608
31622
31646
31631
31642
31643
31654
31643
31626
31643
31636
31614
31614
31588
31624
31629
31595
31607
31620
31643
31623
31636
31615
31603
31635
31595
31573
31611
31610
31631
31632
31585
31617
31623
31603
31637
31653
31639
31628
31623
31643
31610
31640
31572
31595
31625
31623
31621
31623
31626
31647
31639
31645
31624
31619
31606
31615
31626
31627
31625
31603
31593
31593
31627
31623
31631
31663
31631
31635
31647
31639
31613
31582
31613
31624
31614
31625
31627
31629
31639
31659
31652
31639
31618
31631
31631
31634
31615
31625
31626
31635
31613
31635
31650
31633
31643
31645
31625
31613
31625
31607
31615
31615
31629
31635
31642
31614
31627
31599
31653
31633
31637
31622
31624
31659
31638
31628
31610
31636
31640
31641
31628
31624
31629
31620
31609
31613
31623
31606
31579
31632
31635
31605
31614
31601
31645
31630
31619
31620
31637
31618
31635
31651
31649
31629
31638
31619
31621
31630
31627
31596
31607
31642
31600
31655
31627
31611
31615
31631
31611
31605
31631
31640
31616
31626
31643
31645
31615
31629
31607
31623
31649
31650
31642
31639
31635
31631
31629
31647
31631
31627
31619
31645
31649
31641
31656
31624
31602
31637
31663
31673
31655
31642
31622
31649
31634
31634
31661
31619
31619
31628
31621
31591
31622
31623
31627
31625
31637
31607
31603
31625
31619
31625
31645
31631
31643
31631
31606
31605
31627
31622
31639
31645
31636
31621
31629
31643
31645
31662
31654
31652
31646
31633
31625
31609
31629
31629
31629
31634
31586
31586
31606
31619
31631
31637
31634
31643
31635
31639
31643
31638
31615
31585
31543
31564
31579
31572
31592
31591
31604
31601
31585
31607
31597
31599
31605
31573
31618
31586
31603
31593
31601
31579
31606
31570
31605
31578
31611
31596
31605
31607
31628
31615
31621
31617
31613
31598
31587
31597
31589
31599
31601
31590
31591
31571
31573
31567
31611
31591
31555
31563
31574
31595
31596
31560
31596
31585
31605
31589
31583
31583
31587
31620
31563
31610
31617
31597
31611
31597
31585
31581
31596
31618
31631
31601
31595
31583
31605
31621
31599
31597
31621
31618
31586
31602
31615
31623
31613
31621
31628
31611
31598
31602
31617
31583
31622
31593
31622
31600
31598
31608
31593
31580
31583
31614
31607
31606
31619
31627
31613
31617
31607
31629
31611
31626
31637
31594
31588
31584
31599
31604
31598
31603
31601
31607
31610
31597
31613
31623
31619
31595
31607
31619
31615
31640
31615
31627
31619
31640
31601
31605
31599
31613
31631
31603
31621
31624
31591
31617
31613
31607
31629
31621
31635
31644
31633
31630
31638
31605
31621
31632
31635
31651
31627
31536
31611
31619
31622
31623
31605
31639
31629
31623
31639
31637
31642
31623
31631
31627
31611
31615
31633
31591
31611
31607
31625
31603
31651
31599
31631
31618
31649
31617
31618
31626
31598
31608
31633
31597
31621
31658
31603
31629
31609
31632
31647
31627
31655
31631
31643
31631
31623
31614
31635
31607
31591
31615
31622
31607
31633
31595
31591
31593
31624
31643
31631
31615
31625
31611
31585
31600
31626
31639
31636
31656
31613
31599
31625
31621
31617
31650
31611
31608
31617
31636
31623
31639
31631
31634
31621
31630
31657
31580
31651
31623
31668
31623
31639
31623
31623
31627
31650
31628
31603
31638
31623
31635
31619
31590
31599
31629
31644
31614
31615
31631
31615
31615
31647
31647
31655
31639
31637
31612
31621
31629
31637
31622
31611
31622
31616
31619
31621
31603
31605
31607
31625
31629
31631
31615
31617
31630
31629
31626
31607
31619
31612
31603
31609
31631
31624
31618
31632
31647
31652
31648
31631
31605
31630
31617
31639
31639
31606
31587
31633
31619
31610
31638
31612
31637
31659
31638
31663
31669
31653
31635
31650
31632
31631
31605
31610
31629
31627
31597
31623
31639
31650
31649
31634
31627
31639
31651
31647
31636
31630
31640
31631
31642
31640
31633
31635
31610
31598
31614
31629
31619
31617
31621
31623
31632
31629
31648
31647
31656
31605
31619
31603
31639
31623
31617
31637
31637
31614
31603
31609
31610
31625
31591
31592
31613
31633
31615
31634
31654
31656
31639
31645
31631
31623
31623
31628
31643
31635
31645
31626
31640
31618
31613
31615
31631
31635
31623
31617
31649
31636
31631
31619
31639
31631
31616
31595
31653
31647
31637
31626
31637
31639
31627
31647
31632
31631
31637
31641
31637
31635
31683
31647
31645
31625
31652
31645
31620
31631
31646
31634
31621
31577
31609
31607
31617
31615
31637
31646
31645
31621
31647
31633
31657
31631
31610
31628
31644
31630
31639
31651
31623
31648
31627
31632
31657
31645
31664
31687
31665
31647
31649
31647
31618
31643
31651
31637
31639
31640
31653
31671
31632
31634
31639
31624
31640
31623
31635
31662
31631
31618
31655
31669
31651
31649
31654
31658
31659
31643
31627
31607
31619
31622
31647
31629
31633
31663
31653
31626
31621
31632
31630
31617
31675
31641
31631
31625
31625
31620
31609
31611
31633
31645
31637
31637
31612
31618
31645
31627
31652
31639
31625
31615
31597
31614
31599
31603
31606
31637
31601
31608
31615
31605
31609
31627
31629
31607
31623
31603
31633
31644
31593
31636
31639
31637
31619
31623
31615
31624
31635
31620
31614
31601
31643
31628
31637
31639
31634
31638
31636
31649
31649
31634
31651
31633
31633
31623
31639
31651
31643
31609
31639
31632
31613
31631
31642
31634
31628
31631
31645
31645
31657
31623
31604
31639
31633
31626
31637
31638
31655
31639
31639
31632
31629
31635
31644
31655
31641
31648
31623
31647
31643
31624
31655
31630
31632
31635
31633
31631
31635
31623
31655
31616
31614
31653
31655
31643
31624
31647
31639
31635
31625
31607
31641
31611
31624
31596
31617
31631
31625
31619
31609
31609
31630
31639
31606
31625
31607
31598
31647
31616
31648
31661
31650
31653
31641
31643
31652
31633
31645
31634
31645
31649
31633
31621
31643
31620
31617
31631
31615
31637
31623
31647
31655
31647
31646
31651
31645
31619
31639
31647
31639
31634
31637
31633
31613
31656
31642
31639
31629
31645
31639
31645
31654
31623
31631
31639
31606
31600
31591
31621
31608
31611
31609
31603
31645
31589
31611
31605
31640
31654
31621
31636
31610
31645
31638
31624
31619
31641
31629
31606
31646
31638
31641
31657
31647
31640
31666
31655
31643
31644
31647
31632
31630
31657
31623
31647
31658
31652
31643
31647
31643
31653
31655
31655
31647
31643
31631
31620
31639
31603
31611
31629
31645
31635
31635
31659
31661
31647
31648
31629
31633
31632
31647
31679
31664
31656
31635
31633
31633
31658
31641
31659
31651
31629
31659
31609
31639
31627
31615
31618
31637
31639
31636
31621
31615
31634
31630
31627
31623
31638
31647
31637
31639
31657
31645
31627
31651
31655
31635
31629
31620
31613
31637
31637
31611
31607
31632
31641
31629
31593
31624
31624
31615
31606
31611
31621
31644
31641
31639
31635
31617
31615
31625
31616
31632
31645
31619
31636
31626
31617
31625
31633
31654
31644
31645
31635
31639
31637
31651
31639
31635
31667
31659
31623
31666
31631
31639
31611
31609
31623
31611
31608
31623
31636
31620
31608
31615
31625
31619
31627
31611
31613
31642
31652
31638
31627
31627
31630
31621
31615
31636
31626
31640
31619
31611
31641
31624
31629
31625
31634
31623
31627
31639
31640
31637
31633
31622
31639
31642
31619
31637
31622
31650
31655
31637
31628
31637
31623
31635
31624
31636
31639
31623
31643
31643
31652
31635
31612
31623
31634
31614
31615
31620
31659
31659
31611
31632
31659
31655
31653
31618
31643
31647
31651
31635
31623
31621
31625
31647
31651
31627
31599
31638
31583
31630
31641
31634
31628
31621
31611
31621
31639
31644
31657
31636
31611
31634
31651
31654
31645
31645
31615
31615
31604
31650
31640
31628
31623
31640
31627
31638
31638
31623
31627
31623
31631
31635
31648
31633
31624
31605
31620
31631
31635
31645
31623
31633
31653
31619
31645
31641
31636
31612
31661
31609
31619
31621
31645
31627
31610
31619
31633
31624
31629
31599
31634
31636
31635
31637
31633
31619
31591
31636
31625
31639
31625
31617
31631
31634
31633
31644
31623
31615
31631
31644
31639
31613
31602
31658
31633
31637
31599
31603
31645
31616
31587
31621
31639
31621
31629
31619
31623
31613
31626
31641
31647
31625
31598
31607
31587
31600
31587
31577
31599
31584
31555
31564
31585
31591
31557
31604
31579
31558
31598
31581
31601
31587
31587
31593
31629
31611
31566
31577
31576
31603
31593
31598
31549
31578
31591
31591
31591
31582
31571
31591
31569
31590
31608
31612
31621
31614
31610
31589
31600
31619
31597
31580
31567
31600
31587
31614
31615
31591
31598
31583
31611
31607
31599
31592
31607
31617
31613
31625
31623
31618
31623
31629
31591
31570
31608
31591
31612
31574
31635
31606
31600
31590
31596
31607
31608
31590
31581
31582
31599
31583
31607
31621
31646
31626
31615
31606
31605
31631
31629
31620
31610
31609
31612
31583
31612
31601
31611
31626
31620
31630
31627
31614
31597
31603
31637
31627
31631
31608
31608
31599
31615
31609
31604
31607
31601
31607
31615
31615
31626
31629
31603
31605
31625
31628
31627
31629
31607
31601
31623
31601
31612
31613
31615
31623
31628
31625
31628
31620
31627
31604
31622
31621
31616
31618
31609
31609
31628
31618
31611
31597
31618
31599
31615
31631
31642
31635
31623
31635
31629
31649
31642
31649
31635
31613
31620
31625
31598
31599
31638
31633
31615
31611
31596
31595
31607
31607
31612
31629
31631
31627
31611
31621
31637
31643
31654
31660
31642
31656
31662
31635
31627
31623
31637
31641
31643
31637
31633
31623
31661
31647
31623
31615
31627
31631
31621
31623
31615
31617
31615
31611
31627
31637
31605
31645
31642
31606
31631
31641
31629
31643
31622
31607
31632
31623
31641
31634
31636
31641
31619
31634
31648
31640
31644
31627
31625
31625
31605
31610
31608
31617
31637
31631
31634
31633
31613
31621
31633
31631
31652
31635
31605
31631
31635
31587
31597
31625
31610
31625
31617
31633
31625
31655
31639
31634
31629
31622
31633
31640
31624
31613
31625
31605
31598
31623
31631
31622
31615
31639
31641
31623
31613
31609
31631
31623
31625
31618
31607
31621
31632
31638
31648
31631
31625
31637
31642
31612
31622
31626
31621
31619
31623
31627
31645
31647
31632
31603
31615
31622
31639
31651
31644
31647
31631
31628
31624
31646
31641
31647
31633
31625
31639
31632
31621
31667
31614
31639
31641
31620
31623
31631
31641
31645
31639
31617
31625
31624
31627
31626
31607
31611
31623
31618
31618
31629
31606
31618
31627
31657
31634
31638
31614
31625
31615
31646
31655
31651
31631
31653
31662
31658
31671
31665
31644
31641
31637
31639
31668
31647
31633
31637
31658
31675
31653
31640
31629
31643
31637
31623
31637
31639
31658
31649
31666
31676
31675
31655
31663
31678
31636
31655
31656
31655
31647
31664
31655
31665
31665
31671
31662
31667
31647
31640
31639
31647
31652
31650
31652
31655
31640
31660
31647
31647
31659
31644
31656
31663
31663
31657
31647
31653
31668
31677
31703
31683
31631
31641
31666
31649
31659
31662
31651
31652
31661
31653
31639
31635
31665
31649
31659
31659
31648
31655
31650
31646
31657
31657
31659
31657
31646
31644
31623
31649
31683
31649
31653
31657
31660
31684
31686
31655
31651
31687
31679
31664
31672
31674
31673
31665
31658
31689
31651
31653
31645
31658
31647
31655
31659
31632
31629
31641
31667
31667
31662
31658
31635
31653
31662
31676
31672
31665
31669
31673
31671
31674
31673
31671
31664
31661
31672
31682
31667
31665
31655
31661
31659
31652
31641
31665
31654
31644
31667
31634
31639
31629
31655
31663
31617
31634
31620
31629
31659
31668
31641
31622
31639
31633
31647
31614
31617
31631
31639
31626
31633
31653
31649
31619
31624
31657
31646
31649
31644
31635
31645
31659
31653
31667
31658
31629
31631
31655
31638
31645
31615
31629
31658
31643
31620
31631
31648
31655
31655
31637
31637
31655
31667
31651
31628
31622
31644
31635
31622
31651
31625
31641
31638
31675
31666
31633
31641
31636
31629
31609
31632
31637
31623
31635
31662
31658
31659
31642
31657
31655
31655
31642
31638
31661
31624
31629
31620
31621
31634
31663
31639
31647
31668
31665
31643
31663
31648
31647
31641
31650
31651
31618
31641
31636
31626
31661
31647
31643
31655
31649
31633
31649
31653
31646
31652
31649
31639
31646
31639
31634
31623
31635
31639
31649
31646
31677
31661
31645
31637
31645
31649
31663
31642
31676
31659
31670
31662
31649
31645
31648
31647
31631
31664
31659
31631
31643
31668
31657
31639
31652
31637
31646
31623
31618
31647
31655
31632
31651
31666
31656
31652
31645
31658
31639
31639
31654
31652
31645
31663
31667
31637
31668
31686
31658
31657
31651
31641
31673
31646
31639
31652
31654
31647
31644
31656
31626
31648
31665
31654
31649
31647
31623
31670
31675
31648
31641
31647
31645
31647
31636
31633
31635
31661
31639
31632
31639
31651
31657
31686
31664
31647
31663
31663
31649
31646
31632
31653
31622
31633
31621
31661
31661
31649
31611
31634
31633
31663
31626
31692
31655
31655
31664
31648
31656
31655
31639
31631
31658
31702
31690
31666
31655
31677
31654
31633
31651
31641
31647
31658
31664
31636
31651
31661
31678
31663
31651
31649
31655
31661
31647
31653
31641
31653
31655
31659
31653
31662
31659
31667
31659
31663
31654
31641
31665
31663
31616
31626
31639
31664
31665
31656
31655
31631
31617
31615
31654
31628
31606
31627
31613
31626
31619
31611
31653
31604
31621
31620
31655
31625
31655
31650
31647
31651
31662
31637
31614
31623
31635
31605
31612
31600
31607
31604
31603
31589
31639
31638
31636
31615
31621
31628
31616
31626
31613
31631
31654
31619
31639
31625
31623
31606
31623
31654
31655
31638
31628
31649
31621
31638
31637
31613
31631
31641
31604
31642
31625
31619
31603
31652
31631
31630
31630
31655
31666
31653
31628
31607
31597
31635
31650
31638
31603
31643
31645
31655
31638
31636
31648
31631
31637
31635
31645
31614
31607
31619
31615
31631
31655
31632
31628
31605
31646
31618
31651
31627
31643
31633
31661
31659
31684
31658
31637
31648
31661
31635
31663
31671
31639
31648
31625
31653
31650
31643
31635
31630
31628
31610
31635
31621
31623
31627
31619
31632
31623
31609
31625
31620
31635
31640
31620
31641
31610
31625
31609
31626
31641
31653
31639
31624
31615
31624
31649
31643
31645
31653
31639
31658
31647
31612
31623
31667
31635
31657
31645
31636
31591
31647
31595
31591
31615
31665
31615
31631
31639
31681
31659
31660
31643
31654
31639
31635
31607
31635
31637
31608
31641
31623
31649
31637
31643
31619
31628
31634
31636
31623
31644
31629
31633
31635
31619
31623
31637
31643
31615
31609
31616
31647
31635
31640
31650
31636
31637
31599
31601
31617
31619
31635
31639
31650
31631
31638
31640
31657
31619
31629
31639
31660
31661
31629
31625
31639
31641
31645
31626
31617
31631
31649
31630
31625
31606
31577
31590
31608
31607
31589
31588
31607
31633
31611
31591
31598
31597
31573
31563
31615
31585
31606
31585
31587
31563
31591
31590
31595
31577
31567
31555
31567
31592
31583
31612
31567
31619
31606
31577
31560
31545
31564
31584
31582
31603
31574
31594
31581
31590
31597
31591
31595
31608
31612
31615
31598
31608
31576
31619
31603
31620
31583
31607
31610
31609
31629
31592
31601
31604
31575
31572
31631
31623
31596
31613
31614
31630
31604
31612
31601
31591
31595
31587
31579
31565
31570
31571
31591
31585
31599
31593
31589
31583
31581
31571
31559
31581
31607
31612
31608
31585
31607
31564
31590
31585
31596
31623
31619
31650
31638
31614
31601
31608
31619
31621
31616
31623
31607
31597
31604
31617
31630
31636
31584
31600
31583
31607
31589
31615
31611
31579
31607
31615
31631
31617
31635
31619
31609
31615
31611
31624
31623
31630
31611
31624
31629
31640
31615
31615
31607
31587
31610
31619
31626
31608
31642
31627
31643
31607
31590
31608
31599
31575
31599
31577
31617
31601
31629
31589
31659
31611
31611
31615
31607
31633
31637
31610
31629
31593
31607
31607
31621
31617
31603
31631
31617
31632
31602
31599
31608
31649
31597
31591
31604
31608
31617
31609
31615
31615
31609
31621
31620
31626
31594
31591
31613
31631
31604
31622
31619
31625
31636
31637
31621
31648
31623
31669
31614
31659
31632
31640
31640
31641
31651
31659
31643
31651
31607
31625
31631
31647
31629
31647
31653
31644
31657
31622
31655
31618
31622
31609
31624
31641
31647
31638
31652
31680
31636
31633
31629
31631
31630
31639
31631
31651
31656
31655
31665
31673
31657
31644
31655
31645
31653
31637
31630
31631
31627
31653
31627
31635
31610
31636
31654
31627
31620
31655
31639
31650
31638
31648
31637
31625
31642
31639
31645
31609
31629
31581
31599
31624
31623
31599
31631
31623
31625
31615
31629
31655
31659
31613
31625
31626
31602
31630
31632
31641
31629
31645
31622
31610
31583
31593
31615
31628
31652
31653
31650
31639
31623
31640
31638
31629
31641
31627
31615
31608
31599
31617
31616
31621
31591
31610
31615
31639
31645
31637
31617
31613
31621
31633
31615
31625
31627
31623
31622
31608
31633
31623
31645
31643
31631
31623
31613
31620
31640
31662
31649
31641
31621
31621
31644
31619
31609
31643
31646
31633
31643
31616
31647
31676
31633
31635
31629
31668
31646
31643
31613
31617
31637
31651
31645
31651
31652
31607
31581
31583
31599
31635
31622
31581
31587
31615
31615
31634
31630
31647
31621
31614
31625
31653
31645
31639
31665
31651
31638
31635
31641
31668
31670
31654
31641
31645
31643
31644
31616
31620
31611
31625
31626
31639
31652
31656
31649
31667
31667
31649
31639
31612
31651
31652
31629
31650
31668
31639
31637
31646
31677
31660
31644
31643
31651
31643
31657
31657
31673
31643
31652
31656
31631
31639
31643
31658
31651
31635
31643
31635
31663
31643
31638
31653
31663
31673
31671
31674
31657
31663
31674
31662
31678
31671
31636
31651
31631
31635
31639
31639
31640
31649
31635
31645
31650
31643
31618
31630
31668
31676
31651
31647
31645
31645
31629
31655
31671
31663
31667
31661
31657
31659
31672
31641
31659
31677
31676
31635
31647
31646
31646
31647
31644
31651
31639
31635
31622
31647
31647
31643
31645
31649
31653
31640
31650
31674
31665
31644
31624
31601
31627
31607
31642
31633
31626
31634
31649
31624
31630
31638
31609
31612
31598
31615
31649
31652
31659
31627
31646
31645
31635
31648
31637
31644
31641
31639
31617
31648
31637
31657
31639
31659
31657
31654
31651
31663
31639
31632
31609
31657
31662
31623
31611
31633
31637
31643
31643
31633
31646
31633
31625
31623
31647
31646
31633
31617
31613
31627
31639
31651
31646
31663
31651
31639
31631
31647
31623
31630
31633
31655
31647
31615
31634
31651
31651
31657
31632
31648
31629
31603
31609
31626
31619
31623
31602
31625
31625
31609
31636
31655
31655
31639
31631
31641
31647
31663
31637
31645
31651
31665
31631
31645
31605
31633
31639
31645
31639
31635
31653
31657
31671
31664
31660
31663
31660
31622
31642
31612
31611
31615
31637
31639
31669
31667
31662
31648
31651
31649
31660
31645
31639
31651
31658
31647
31671
31641
31654
31659
31679
31668
31656
31683
31658
31677
31659
31639
31641
31639
31671
31643
31635
31656
31661
31653
31647
31623
31569
