32509
32695
32571
32324
32433
32432
32502
32739
32601
32329
32761
32735
32585
32589
32450
32489
32479
32687
32639
32494
32705
32689
32702
32618
32615
32495
32487
32766
32850
32379
32842
32479
32497
32413
32486
32658
32847
32753
32700
32567
32597
32567
32505
32453
32607
32704
32606
32591
32631
32486
32483
32392
32571
33073
32813
32377
32381
32760
32593
32764
32556
32549
33399
32659
33303
32425
32002
32622
32479
32465
32784
32849
32924
32510
32587
32541
32949
32684
32737
32704
32657
32601
32771
32447
32517
32698
32607
32947
33131
33022
32407
32372
32931
32693
32769
32591
32815
32444
32554
32416
32816
32444
32763
32548
32732
32575
32983
32889
32107
32522
32465
32852
32603
33031
32275
32654
32519
32948
32396
32286
32683
32659
32517
32537
32787
32516
32386
32457
32757
32736
32709
32382
32328
32502
32752
32902
32490
32727
32803
32770
32551
32577
32245
32383
32517
32497
32363
32723
32377
32654
32387
32247
32465
32707
32395
32557
32618
32415
32677
32711
32392
32539
32831
32670
32616
32502
32439
32540
32708
32851
32715
32944
32549
32761
32775
32765
32789
32593
32587
32543
32717
32568
32703
32541
32616
32491
32737
32485
32327
32695
32989
32414
32957
32321
32660
32749
32713
32639
32519
32710
32600
32741
32706
32312
32664
32445
32676
32835
32470
32505
32493
32671
32727
32431
32561
32465
32665
32635
32696
32509
32573
32526
32683
32789
32557
32704
32619
32650
32556
32594
32471
32703
32523
32435
32584
32571
32659
32583
32675
32523
32503
32509
32484
32649
32719
32621
32495
32591
32678
32620
32591
32501
32626
32589
32507
32524
32585
32595
32629
32531
32513
32503
32646
32635
32497
32580
32649
32673
32497
32574
32716
32558
32638
32693
32625
32723
32677
32615
32653
32569
32561
32553
32580
32564
32627
32560
32708
32595
32439
32645
32682
32717
32610
32481
32539
32617
32629
32688
32465
32543
32672
32674
32641
32487
32774
32585
32523
32456
32637
32593
32412
32598
32497
32727
32735
32567
32747
32751
32569
32412
32503
32696
32821
32558
32590
32597
32678
32652
32633
32575
32522
32728
32677
32733
32629
32544
32619
32595
32605
32801
32561
32493
32699
32656
32599
32495
32663
32765
32523
32582
32595
32428
32476
32604
32636
32567
32488
32534
32583
32607
32623
32541
32559
32742
32627
32407
32416
32338
32813
32685
32524
32711
33011
32366
32474
32656
32255
33084
32045
32963
32716
32703
32035
31911
31989
32351
33052
33007
33379
33354
32183
31945
32925
34999
31583
32199
33535
30435
34375
30932
30165
34455
30649
30777
31817
34305
31674
33450
33409
33518
32447
34247
32493
34852
32351
33531
33950
30605
32326
33388
32148
31255
33302
31799
33167
33137
32588
32253
32554
33005
32591
33149
33741
33223
32361
33175
32702
33502
33953
31320
31660
32075
32522
33627
31761
32285
33197
32040
32883
32872
32138
33971
32237
32475
31836
33443
32569
32599
32224
32227
32569
33459
33121
33096
32960
32543
32633
32837
32775
32330
32279
32939
32648
33068
33171
33785
32701
32528
32729
32829
32679
32567
32740
32465
32010
32027
33101
33795
32366
31665
31376
31568
31459
33479
31495
33213
31957
32087
32715
32744
32943
32880
32825
32390
31951
32350
32395
32934
32817
32562
32269
32631
32803
32422
32240
32178
32023
32404
33369
32010
31823
31785
31752
32185
32969
33157
33246
33137
33269
32338
32285
32229
32333
31959
32455
32807
32857
32986
32371
32359
33171
32988
32351
32730
33154
33175
32151
32043
32949
33035
32052
32971
32525
32719
32956
32834
33090
33064
33127
32146
32096
33168
33170
33206
32170
32012
32179
32269
33039
32892
32212
32610
32397
32550
32487
32521
32932
32879
32621
32746
32583
32455
32473
32472
32473
32295
32380
32956
32535
32976
32488
32645
32362
32813
32642
32769
32997
32589
32263
32389
