28255
31008
31101
31227
31558
31776
32213
26479
32279
31871
31425
31412
31422
31545
31452
31873
32352
32456
32446
32238
31963
31827
31799
31725
31783
32070
32374
32302
32183
32207
32087
31845
31615
31451
31669
32027
32424
26743
26674
26691
32417
31999
31673
31172
31243
31740
32161
32410
32325
32383
32418
32112
31627
31090
30827
31295
31623
32125
32466
32303
32097
31753
31201
30845
31127
31593
32003
32231
32319
32241
32004
31615
31236
30792
30746
31471
32157
26739
26715
32187
31719
31422
31447
31477
31557
31879
32203
26535
32551
32208
31946
31647
31621
31740
31738
32103
26813
27249
26860
32101
31760
31465
31375
31755
32050
32166
26391
26684
26591
32184
32027
31745
31632
31583
31755
32086
32287
32431
32184
31709
31631
31479
31736
31896
31831
31673
31655
31699
31644
31701
31623
31331
31309
31613
31824
32195
32159
31998
31885
31607
31368
31346
31404
31561
31899
32061
32073
32027
32035
31862
31730
31541
31405
31535
31872
32289
26580
26553
32257
32120
31933
31971
32045
32019
32125
32277
32533
32507
32362
32197
32057
32023
31943
32147
32196
32296
32297
32087
31786
31725
31802
32163
32347
32156
32071
32039
31891
31688
31417
31419
31466
31869
31937
31949
31843
31769
31471
31096
30997
31271
31751
32083
32373
32318
31896
31572
31111
31289
31411
31569
31731
31924
32297
32423
32186
31839
31287
31127
31273
31742
32063
32452
32551
32439
32213
32013
31785
31827
31910
32129
32240
32439
32689
26623
32420
32189
32139
32152
32236
32339
26663
26881
32639
32381
32220
32248
32103
32025
32035
32071
32274
32319
32467
32305
32191
31856
31543
31521
31767
32166
32275
32157
31863
31703
31748
31684
31586
31293
31127
31313
31779
32065
31993
31937
31743
31647
31443
31367
31537
31649
31758
31887
31827
31866
31863
31800
31504
31339
31431
31877
32163
32398
32308
32063
32020
31871
31765
31631
31905
32329
32458
32467
32340
32249
32195
32227
32283
32316
32323
32407
32596
32468
32289
32327
32021
31728
32103
32447
32586
32488
32161
31961
31845
31995
32079
32175
32156
32255
32256
32251
32152
32013
31747
31656
31577
31523
31655
32124
32115
31927
31623
31576
31746
31699
31653
31631
31621
31664
31831
32009
31861
31893
31807
31640
31365
31239
31554
31862
32132
32028
31957
32067
32203
32112
32010
31849
31803
32072
32322
32580
26907
32675
32401
32009
31658
31537
31886
32340
32593
27029
27345
27027
32613
32253
31971
31690
31786
32126
32531
27291
27553
27169
32338
31579
31223
31415
31639
32099
32434
32672
32632
32359
32085
31637
31179
31191
31366
31791
32167
32454
32365
32135
31728
31223
31086
31230
31634
31743
31781
32057
32183
32175
31806
31525
31192
31224
31585
31798
32019
32158
32154
32196
32041
31895
32016
32019
32016
32104
31999
31959
32181
32269
32149
32172
32231
32114
32183
32156
32465
32445
32359
32347
32413
32483
32493
32412
32253
32095
32017
32061
32281
32184
32185
32057
31959
31797
31829
31998
32051
31980
31888
31891
31991
32191
32183
32083
31864
31773
31945
31893
31818
31845
31958
31943
32007
31889
31957
32014
31869
31839
31490
31445
31603
31761
32085
32193
32148
32014
31985
31911
31909
31827
32042
32029
32105
32120
32273
32304
32344
32199
32043
32125
32242
32432
32371
32247
32246
32050
32085
32008
32207
32239
32380
32415
32423
32371
32310
32167
31963
31887
31877
32180
32447
32513
32275
32203
32062
31861
31923
31906
31943
31979
32143
32167
32134
32073
31965
31835
31715
31664
31852
32166
32342
32352
32238
31869
31844
31652
31527
31662
31747
31856
32103
32251
32327
32189
31985
31727
31502
31569
31697
31983
32245
32533
26787
26949
32527
32167
31985
31815
31732
31795
32198
32493
26999
27051
32541
32262
32009
31839
31757
31830
32183
32401
26903
26864
32349
32208
31949
31748
31755
31801
31959
32226
32408
32396
32181
31767
31751
31671
31534
31715
31839
32033
32208
32229
32181
31903
31779
31837
31839
31848
31866
31967
32069
32143
32067
32016
31919
31890
32138
32071
31881
31823
31879
32157
32351
32318
32231
32091
32189
32305
32199
32183
32241
32357
32340
32428
32366
32489
32560
32337
32171
32129
32201
32389
32563
32665
32523
32359
32288
32201
32066
32001
32021
32132
32349
32483
32373
32188
32069
31965
31858
31899
31799
31991
32188
32296
32186
32063
31773
31679
31841
31727
31717
31581
31809
32117
32173
32102
31903
31791
31801
31893
31945
31983
31883
32031
31969
31950
31997
32013
32140
32081
31869
31945
32234
32375
32321
32327
32321
32442
32387
32309
32143
32178
32298
32591
32579
32613
32545
32535
32456
32389
32115
32104
32429
32464
32511
32620
32634
32446
32329
32107
31973
32115
32178
32275
32323
32385
32182
32168
31879
31791
31829
31835
32203
32279
32253
32205
31938
31791
31674
31551
31455
31646
31751
31999
32201
32053
31999
31858
31722
31484
31743
32015
31943
31895
31854
32272
32109
32093
31897
32121
32305
32374
32534
32139
31975
31863
32077
32029
31713
32046
32767
27979
27640
27507
27071
32711
32344
31825
31148
31050
32319
27179
27895
27533
27448
28191
32631
31897
30988
30619
31150
31784
32388
27171
28274
27498
27207
32255
31701
31114
30815
30966
31052
32145
32424
32577
32287
31656
31883
31991
31547
31727
31436
31409
32033
32139
31507
31293
31359
31672
31693
31856
31863
32183
32508
32215
32018
31914
31890
32268
31675
31486
31731
31951
32436
32419
32003
32074
32195
32285
32446
32641
27056
27607
27852
27411
32443
31809
31403
31043
31242
31255
32401
26841
28163
28494
27651
32849
32335
31804
31263
31173
31491
32231
26836
27597
27639
27012
32502
31784
31028
29931
30151
30889
31184
32120
27139
28243
27906
32417
31555
30545
30196
30195
30821
31887
27375
29179
29261
28127
32117
30736
29552
28665
28789
30221
31998
27533
28703
29023
28290
27075
31838
30839
29935
30408
31724
27369
28673
29191
28999
28377
32630
31397
29868
29223
30212
31656
32675
28234
29203
28917
28469
32639
31519
30570
30557
31257
32407
27744
28996
29213
28645
32817
31688
30323
29287
29399
30853
32118
27246
28247
28309
27381
32191
31510
30803
30423
30994
31757
32636
27311
27440
27121
32372
31604
30806
30321
30161
30456
31143
31967
32278
32607
27365
27481
27324
32479
32167
31597
30767
30954
31337
31857
32461
27170
27822
27485
32483
32021
31735
30904
30875
31359
32222
28015
29088
29193
28220
26925
32010
31440
30996
30663
31387
32391
27787
28155
27954
26879
31806
30704
30295
30766
31401
32245
27692
29308
29663
29081
27335
31764
30827
30441
30150
30877
31769
32807
28045
27774
32736
31759
30965
30299
30209
30271
31391
32519
27726
28337
28135
27425
32649
32312
31758
31219
31121
31486
31839
32029
32364
32462
32623
32487
31899
31422
31199
31255
31691
32096
27147
28487
29479
29391
28508
26809
31984
30873
30183
30335
31011
32095
27305
28387
28747
28149
32471
31315
29769
29406
30521
31905
27128
29052
30133
30621
29489
26716
30455
32087
31967
28980
31141
32749
28737
29855
29323
27483
31554
29366
32354
28735
30647
32653
29433
30239
29710
27639
31979
30473
29359
28986
29329
31119
32877
29327
29716
28493
32875
31943
30995
30582
30491
31207
32165
27749
29051
29647
28951
27783
32290
31066
30407
30219
31042
31969
27084
28606
29035
28815
27175
31707
30783
30511
30948
31883
26727
28541
29379
29231
28214
32205
30749
29842
29885
30436
30985
32023
27329
28329
28065
27230
32311
31623
30855
30544
31007
31699
32607
27826
28331
28229
27585
32489
31218
29615
28855
29496
31189
32459
27563
28313
28493
27879
32414
31065
30366
30767
31941
32959
28363
29297
29399
28060
32271
30763
29375
29468
30467
32098
27862
29211
29219
28195
32425
31195
31095
31310
31810
32482
28057
29797
30039
28963
32607
31101
29951
29905
30902
31763
32446
27260
28265
28055
27000
32022
31073
30709
30776
31827
26983
27893
28181
27893
27199
32275
31315
30323
29955
30670
31642
32431
26971
32473
31947
31418
31035
30847
31321
31883
32616
27505
28343
28343
27472
32214
31075
30465
30857
32009
32747
27161
32842
32499
32368
32307
31698
31080
31287
32235
27433
28920
28883
27919
26931
32622
32172
31752
31991
32513
32724
32961
27213
26967
32514
31889
31944
32166
32296
32543
26787
32785
32515
32387
32433
32045
31979
32287
32721
32767
32513
32279
31965
31578
31238
31094
31406
31792
31944
32317
32262
32337
32316
32385
32268
31861
32215
32484
32251
31831
31636
31409
31291
31447
31935
32336
32318
32093
32189
32207
31975
31985
32280
32441
32431
32681
27683
27951
32862
32343
32047
32167
32238
32302
32655
32932
32710
32325
32249
32215
32407
32039
31961
32229
32818
27912
28265
27730
33031
32701
32529
32488
32148
31835
32007
32082
32327
32559
32341
32112
31711
31775
31831
31912
32169
32812
27772
27958
27271
32287
31713
31015
31129
31385
31940
32447
32855
27653
27303
32289
31424
30905
30893
30946
31658
32408
27758
27807
26667
32253
31907
31725
31809
32102
32400
32645
27013
27229
32575
31865
31110
30531
31071
32349
27337
28067
28241
27781
27057
32357
31664
31200
31519
32144
32869
28041
28297
27838
32986
32290
31248
30809
30874
31585
32654
27675
27919
27735
26994
32491
31678
30955
31129
31759
32463
32967
27671
27777
32942
32437
31419
30761
30495
30981
32017
32783
27591
27208
32583
32455
32314
32035
31403
31976
32479
32831
27285
27486
27094
32189
31325
30933
31552
31827
32239
32485
27143
27335
26828
32487
32163
32197
32209
32329
32321
32545
26968
27109
32622
32370
32214
32086
32055
32080
32095
31927
31667
32025
32441
32680
32511
32777
27518
26958
32351
31861
32049
32427
32420
32215
32126
32449
32713
32728
32607
32029
31578
31383
31764
32213
32652
32659
32747
32843
32829
32575
32189
31951
32003
32059
32211
32624
27123
27037
32681
31735
31265
31197
31707
32279
32579
32691
32679
32825
26767
32690
32181
31915
32099
32619
27068
27354
26973
32657
32401
31760
31257
31328
31955
32537
26871
27120
27301
26850
32423
31993
31860
31788
31900
32255
26987
27735
27607
32678
32413
31737
31075
30810
31558
32445
32678
32731
32879
32573
32267
31913
31487
31207
31088
32007
27373
29173
28894
27817
32631
31328
30747
30371
30375
31338
32781
28861
29191
28584
27280
32315
31304
30183
30791
31365
31857
27821
29797
30339
28972
32764
31933
31555
31332
30972
30664
31421
32943
28583
28332
27145
32809
32650
32242
31986
31862
32023
32267
32703
26952
32760
32150
31703
32210
32189
31673
31638
31703
32374
32321
32214
32172
32194
32425
32179
31954
31957
32083
32383
32459
32519
32407
32054
31437
31626
32231
32066
32064
31935
32315
32469
26924
27367
32544
32201
31509
31472
31808
32254
32283
32582
27312
27897
28163
27099
32530
31477
30945
31037
31487
32555
28049
29506
29248
28393
27284
32323
31220
29791
28887
29708
32197
28651
29773
29919
28984
27176
31767
30508
29435
30049
31500
32711
28961
29943
29986
28911
31989
29383
32079
32135
29165
31215
32668
28233
29306
29455
28817
32592
31231
30207
30506
30785
31528
32814
28546
29435
28902
27036
32191
31075
30335
29195
29782
30899
32522
28391
29754
30328
29490
27571
32166
30715
30041
30297
31731
26832
28473
28858
29073
28507
32463
30896
29118
28913
30221
31990
28315
29555
30439
30071
27967
31903
30465
30107
30083
30101
31095
32831
29215
30071
29679
27703
31952
29917
29059
29343
30329
31847
27225
28648
29387
29480
28071
31967
30181
28880
29751
31043
32561
28094
29291
29746
28529
32791
31711
29999
29525
30205
31341
32673
28745
30083
30031
28487
32527
31521
30884
31137
31444
32327
27663
29187
29439
28352
32550
31401
30743
30253
31123
32069
32663
27922
28559
28737
27519
32227
32067
32429
32455
32354
32194
32397
32509
32317
32098
31785
31379
31579
31587
31946
32255
32125
32065
32293
32409
32735
32865
27471
27818
27055
32281
31985
31442
31215
31255
31519
31870
32035
32417
32795
32880
32427
31851
31287
31542
32159
32805
27477
28715
29754
29963
28597
32962
32038
30985
30729
30928
31422
32337
27213
28359
28524
27895
33097
32559
31561
31703
32295
33151
28973
29519
29341
28223
33015
32445
31796
30841
30722
31192
31966
32787
27551
27887
27589
32559
31933
31263
31100
31279
31531
31982
26839
28579
29283
28273
32600
31498
30057
29378
29618
30493
31990
27823
29151
29255
27791
31871
30684
28897
32345
29252
31597
28803
31047
31234
30244
27591
31357
29235
32257
32361
30221
32799
30163
31456
30775
28901
32067
29607
32439
32421
30278
32941
30595
28333
28187
30143
32959
30727
32525
32327
29337
31897
28217
30409
31454
30811
27841
31081
32722
32582
29855
32287
28364
30461
31132
30797
28571
31735
29695
32305
32375
29493
31649
28239
29928
29927
28065
31721
29949
29878
30724
31623
32368
27831
29507
29593
28338
32319
30803
30211
30043
30509
31267
31962
26807
27514
32703
32295
32068
31959
32047
32412
32562
32858
32985
27437
27489
26955
32695
32566
32272
32070
31974
32080
32017
31879
32063
32458
32938
27800
28198
27188
32807
32395
32001
32435
33041
27943
28103
27324
33051
33213
33163
32638
31591
30899
31455
32464
27231
27193
32717
32303
32405
32562
32291
31891
32188
32931
27389
27391
33065
32891
32725
32469
31869
31139
31218
32164
32717
32720
32289
31927
31871
32087
32013
31867
31703
32259
26994
27497
27511
27352
26834
32396
31957
31473
31351
31751
32509
26962
26985
32858
32567
32067
31703
31798
31970
32123
32611
28061
29119
29002
27655
32463
31597
31235
31507
31669
32298
33075
27950
27469
32777
32361
31874
31697
31975
32505
33012
28103
28802
28461
33005
31986
31207
31519
32131
32473
32377
32517
32843
32847
32561
32111
32039
32032
32499
32941
27257
27239
33013
33011
32670
32247
32183
32170
32271
32297
32247
32109
32025
32077
32281
32552
32358
32531
32574
32648
32640
32485
32077
32045
32306
32763
27284
27007
26901
32737
32485
32079
31429
31149
31505
32389
27047
27369
26930
32925
32583
32227
31724
31471
31901
32879
28087
28447
28301
27645
32767
32170
31711
31261
31048
31811
32999
27865
27834
32935
32569
32127
31814
31969
32217
32662
27379
28312
28346
27775
33000
32336
31615
31255
31662
32455
33100
27638
33212
32889
32501
31981
31700
31850
32117
32583
27178
28499
28868
27981
32788
32240
31877
32100
32394
32376
32471
32627
32898
32703
32118
31423
31286
31755
32537
27172
27991
28309
27954
32752
32063
31780
31906
32077
32403
32690
32764
32846
32935
32527
31785
31319
31479
32240
32979
27471
27477
27159
26889
32822
32400
31820
31863
32311
32583
32909
33146
33161
32799
32421
31987
31759
31893
32356
32743
33111
27336
27752
27781
33159
32800
32386
32055
32017
32431
32957
27707
28093
27255
32825
32406
32031
31847
31863
32095
32576
33279
28269
28071
27190
32699
32261
32075
31981
32031
32425
32873
27467
27553
32915
32470
32099
31739
31583
31765
32091
32575
32698
32809
26999
32759
32469
32208
32108
32215
32474
32750
32945
32756
32569
32402
32161
32113
31923
31729
31621
31882
32331
32731
26995
27603
27399
32841
32671
32683
32506
32529
32715
33001
33246
27391
27331
32973
32471
31951
31547
31607
32001
32721
33186
27561
27399
33243
33032
32879
32683
32535
32765
32995
33237
27358
27320
33096
32597
32023
31691
31639
31975
32557
32973
33119
32967
32895
32883
32660
32258
32103
32115
32194
32615
33007
32842
32793
32548
32161
31644
31400
31633
32013
32449
32863
26939
26915
32738
32635
32205
31829
31805
32151
32437
32887
27703
27677
27351
32765
32066
31393
31261
31578
32288
32952
27535
27849
27837
27115
32571
31753
31393
31937
32671
27471
28519
28656
28036
32867
32150
31425
31336
31711
32341
33031
27911
28251
27803
32976
32439
31927
31840
32253
32885
27688
28277
28307
27483
32871
32254
31847
31740
31801
32027
32581
33036
33079
32919
32459
32213
32159
32257
32475
32715
27063
27421
33005
32678
32323
32201
32083
31919
32053
32131
32503
32649
32453
32104
32114
32175
32257
32529
32839
27032
27357
27654
27427
32817
32532
32529
32291
32097
32356
32669
33087
33135
32818
32545
32203
32063
32057
32372
32798
27561
28058
27847
33223
32926
32615
32337
32257
32415
32535
32985
27426
27352
33216
32631
31996
31659
31691
32173
32747
33155
27909
27789
33181
32792
32415
31963
31822
32037
32629
27115
27859
27663
33140
32727
31981
31375
31271
31815
32304
32749
32983
27043
27367
32924
32703
32161
32145
32067
32364
32602
33019
27267
27023
32767
32313
32079
32167
32223
32383
32443
32352
32615
32893
27341
26942
32871
32555
32391
32521
32607
32743
32767
32677
32713
32557
32639
32871
32663
32215
32072
32435
32528
32723
32834
33043
33048
33113
33105
33071
32951
32667
32512
32205
32218
32541
32761
33025
32996
32807
32557
32541
32593
32541
32458
32525
32955
33275
27229
27267
33183
32847
32688
32558
32483
32455
32884
33090
33082
32812
32535
32428
32437
32698
32715
32773
32969
28019
28351
27685
32906
32486
32409
32293
32223
32582
27195
27374
33029
32589
32141
32316
32401
32285
31942
32213
26817
27815
28042
32919
32529
32042
31751
32197
32606
32737
32716
32713
32831
32947
32829
32183
31943
31655
32147
32519
32931
32965
33125
33108
32803
32692
32454
32383
32590
32760
32954
32989
33143
32943
32842
32207
31511
31423
32257
32733
33213
27918
28365
28487
27773
32897
32603
32444
32591
33049
27283
27252
27677
27471
32801
32291
31315
31297
32007
32836
27901
28327
28535
27707
32715
31992
31777
32154
32414
32818
27404
27719
27769
32754
32076
31075
30711
31047
32055
32919
27832
28219
27353
32679
32217
31841
31599
32247
32796
27420
27735
27309
33134
32626
31884
31356
31777
32304
32445
32749
32887
32963
32855
32614
32481
32675
32927
33155
32963
32921
33125
33305
33015
32962
32907
33095
32966
32618
32312
32158
32567
33033
27291
27678
27571
27518
33103
32633
32219
32324
32947
28088
28777
28711
27779
32847
32278
31669
31701
32279
32544
33031
27403
27157
32848
32369
32109
31893
31987
32415
27149
28259
28309
27565
32742
32187
31850
31833
31759
31948
32255
32483
32727
32628
32563
32443
32208
32190
32249
32940
27325
33150
32847
32775
32667
32491
32317
31895
31721
31899
32519
32839
32799
33017
33118
33131
32990
32471
32167
32269
32862
27269
27358
27366
27499
27625
33368
32688
31989
31930
32271
32910
27381
27845
27232
32986
32755
32135
31978
32258
32947
28181
28765
28904
28495
33229
32333
31578
31532
31732
32526
27353
28177
28055
27629
32721
31149
30231
30111
31356
32560
27399
28413
28721
28886
27831
32787
31629
31089
31159
31659
32537
27251
27629
27095
32645
31931
31455
30967
31109
31907
32893
28159
29217
29355
28655
27695
33031
31994
31119
31063
31537
32652
27180
27815
27925
27071
32943
32551
31971
31797
32327
32855
33372
28417
29200
29195
28273
32946
31731
31507
32079
32578
32901
32991
33113
27261
27525
33156
32389
31971
31755
32513
33172
27823
28831
28768
27360
32465
31832
31441
31599
32075
32438
32936
27544
27654
27212
32765
32151
31330
31367
31783
32733
28183
28610
28212
33062
32213
31665
31231
31366
31917
32773
27314
28095
28029
27152
32394
31287
30541
30585
31580
32903
28636
29436
28720
27733
32806
32143
31648
31985
32519
33271
28353
28557
28189
33243
32220
31254
30353
30622
32057
27756
28983
29212
28478
33336
32895
32641
32575
32767
33033
27319
28042
28148
27647
32941
32211
30923
30347
31291
32380
33144
28153
27961
27540
27719
27695
27407
32503
32053
32151
32376
32663
32967
27479
33095
32561
32094
31779
31785
31821
31965
31953
32447
32830
27900
28415
27997
33036
32399
32051
32021
32410
32613
32777
33118
32909
32937
32687
32403
32169
31887
31750
31943
32479
33004
27881
28585
28271
27309
32738
32511
32327
32469
32705
32583
32879
33417
27963
28161
27313
32647
31894
31735
31791
32465
32860
27513
28523
28596
27945
33269
32809
32489
32005
31983
32703
27486
28769
29147
28216
32629
31172
30687
31030
31892
32931
28125
28261
28463
27885
33087
32339
31529
31469
32141
33115
28775
29585
28820
32931
31435
30487
30594
31347
32239
32967
27390
27432
27415
33046
32493
31991
31894
32418
33122
28427
28700
28085
32759
31997
31458
31343
31649
32493
33147
27213
33170
32899
32483
32588
32833
32950
32981
33383
27754
28375
27855
33183
32617
32167
32366
32748
33147
33279
33133
33153
32843
32520
32559
32618
32799
33029
33105
33327
27757
27911
27735
33367
32673
32309
32085
32294
32646
32941
33114
33087
32953
32761
32587
32430
32443
32505
32563
32852
27439
28024
27877
33147
32537
32044
32144
32401
32839
33128
33017
32583
32635
32637
32607
32571
32307
32162
32505
33083
27209
33058
32834
32618
32705
32848
33087
33102
33165
33194
33029
32961
32625
32618
32791
32892
32876
32776
32605
32442
32676
33087
33443
27509
27800
28220
28135
33440
32758
31958
31613
31980
32698
33324
27431
33392
32891
32695
32706
33060
32833
32599
32647
32974
27679
28029
27483
33108
32577
32407
32521
32897
32863
32772
32647
32399
32977
27383
27765
33304
32677
32004
31632
32107
32682
33202
27911
28295
28676
28599
27353
32644
31931
31092
31111
31783
32481
27736
28441
28529
27047
32220
31575
31997
32759
33159
27678
27722
27963
27884
33179
32387
31545
31418
31534
32367
33481
28796
28653
33205
32189
31589
31627
32237
32871
33303
27903
28727
28445
33357
32947
32623
32147
31569
31918
33085
28192
28983
28348
32690
31631
31543
32016
32713
33121
33377
27858
27987
27902
33350
32535
32200
32165
32343
32745
27405
28311
28413
27841
32929
32195
31879
32221
32409
32463
32439
32414
32791
27353
28107
27779
32983
32787
32937
33117
33039
32971
32739
32461
32696
32661
32718
32441
32651
32811
32801
32513
32767
32961
33233
27448
33135
32534
32312
32726
33303
33137
32973
32980
33001
33172
32890
32449
31993
32182
32579
32923
33243
27541
28009
33431
32945
32736
32688
32790
33149
33345
33188
32907
32888
32882
32404
31949
31942
32372
33069
27775
28327
28255
27864
27376
32821
32133
31784
31839
32327
33028
28043
28434
27938
27559
33239
32588
31867
31185
31321
32238
33197
28531
28631
27825
33013
32447
32011
31602
31537
32282
27127
28847
29350
28975
27979
32783
31623
30507
30431
31446
32763
28016
28687
28575
28153
27292
32829
32031
31545
31870
32681
33335
28210
28494
28017
33439
33074
32595
32036
31911
32137
32691
32851
32987
33063
27389
27985
27637
33168
32380
32183
32604
32987
33431
27431
27443
27683
28071
27572
32602
31431
30848
31350
32337
33286
28290
28784
28419
27685
32995
32365
31963
31967
32369
32996
27713
28491
28651
27819
32925
32145
31273
31351
32040
32611
33189
28135
28807
28613
27581
32689
31927
31863
32247
32657
32949
27511
28482
28621
27845
32759
31782
31202
31388
32233
32941
27352
28026
28468
28350
27575
32679
31812
31271
31619
32606
33381
28147
28861
28652
27539
32757
32113
31627
31953
32437
32908
33337
27549
28231
27782
32970
32356
32023
32457
33144
27631
28163
27927
33515
33063
32580
32368
32605
32762
32923
33212
33415
33400
33149
33055
32847
32541
32507
32895
27260
27799
27713
33127
32861
32575
32543
32440
32385
32581
32825
33053
33183
33127
32999
32757
32627
32483
32167
32141
32621
33047
27760
28394
28297
27769
33121
32578
31850
31537
31513
32065
32907
27933
28855
28509
33239
32319
31470
31261
31801
32834
27972
29179
29622
29307
27887
32659
31398
30367
30487
31746
33095
28849
29831
29712
28605
33023
31909
31223
30755
31289
32437
27773
29511
30014
29695
28609
33154
32118
31045
30577
31508
32730
27783
28941
29425
28931
28106
32957
31781
30901
30796
31700
32987
28344
29512
29320
28744
33170
32083
31251
31114
31415
32237
33191
28611
29280
29083
27815
32472
31581
31073
31004
31929
32900
28405
29479
29282
28383
33109
32299
31423
31069
31381
32274
33431
28686
29105
28705
27731
33015
32447
31795
31665
32097
32979
27437
28054
28071
27913
27725
33446
32883
32413
32337
32676
33185
33275
33119
33065
33275
33511
33511
33280
33066
33095
33057
32920
32919
33031
33233
33462
27399
33474
33389
33258
32827
32092
31644
31607
32194
32892
27353
28323
28755
28435
27547
32791
32077
31760
32033
32673
33011
27853
28436
28312
27171
32612
31894
31324
31427
32079
32831
27587
28354
28621
28042
27238
32880
32368
31853
31927
32328
32893
27755
28231
28156
27721
33236
32696
32015
31649
31799
32421
32936
33440
28112
28821
29201
28671
33271
32486
31759
31795
32075
32751
33203
28024
28919
29165
28629
33331
32386
31497
31221
31481
32381
33473
28766
29335
28789
27665
32832
32124
31543
31517
32327
33327
28815
29511
29255
28161
33054
32113
31350
31287
31658
32498
33283
28425
28838
28486
33213
32572
31947
31731
31985
32625
33143
28070
28724
28779
27911
32804
32010
31579
31926
32349
32864
33319
27794
28329
28326
27595
32949
32515
32111
32223
32742
32999
27627
27917
27497
33042
32781
32591
32686
32647
32555
32779
33414
27827
27861
33345
33092
32815
33019
33197
33179
33192
33129
33126
33169
33003
32829
32917
32789
32877
33202
33236
33473
33435
33167
32935
33138
33135
33128
33192
33199
33260
33137
32985
32947
32769
32694
32706
32806
33031
33328
27303
33240
33027
32775
32693
32838
32961
32937
33157
27301
27465
33415
33213
32807
32661
32642
32611
32506
32957
33185
27251
33313
33148
32948
32862
32733
32645
32675
32786
33047
33380
33377
33495
33385
33255
33209
33013
32784
32619
32670
32906
33127
33165
33211
33262
33127
33089
33095
33047
32955
32950
33204
33467
27395
27573
33563
33199
33131
32892
32897
32717
32815
33016
33146
33259
33331
33299
33180
33145
32871
32703
32801
33155
33273
33381
33444
33499
33407
33151
32701
32318
32436
32719
32943
33017
33103
33376
27487
27394
33101
32764
32606
32666
32771
33009
32996
33285
27317
33453
33231
33023
32758
32462
32473
32643
32865
33189
33367
33399
33394
33263
32971
32748
32599
32737
32879
33258
33435
33345
33349
33252
32997
32913
32988
32973
33151
33183
33307
33304
33558
33447
33491
33297
33189
33073
32967
32872
32826
32806
33143
33227
33489
33590
33487
33407
33215
32895
32773
32765
32926
33391
33453
33549
33411
33258
33032
32637
32558
32619
32905
33275
27400
27569
27303
33302
32823
32631
32335
32537
32711
32982
33225
33304
33444
27368
33218
32964
32963
32995
33053
33013
32989
32988
33047
33123
32914
32760
32743
32881
33072
33038
33002
32955
32960
33115
33035
33182
33193
33233
33290
33210
33059
33004
32933
33189
33209
33097
33210
33095
33045
33005
32940
32971
33207
33127
33279
33373
33357
33548
33607
33566
33303
33047
32895
33027
32999
32958
33120
33261
33405
27391
33493
33337
33098
32923
32899
32858
32947
33001
33143
33207
33245
33380
33245
33029
33027
32817
32767
32810
32962
33104
33165
33255
33306
33215
32985
33059
32871
32743
32766
32983
33261
33345
33315
33345
33291
33157
32938
32651
32583
32682
32896
33170
33309
33411
33469
33415
33237
33034
32827
32757
32875
33262
33353
33431
33462
33485
33341
33279
33103
32899
32981
32909
32935
33071
33277
33454
33347
33254
33170
33303
33292
33247
33256
33273
33301
33433
33384
33280
33186
33120
33021
33003
32854
32749
32927
33249
33355
33301
33183
33195
33087
32836
32792
32663
32675
33086
33239
33415
27409
27463
33343
32966
32626
32527
32532
32510
32823
33013
33314
27266
27341
33437
33067
32971
32825
33021
33106
33285
33303
33265
33119
33084
32929
33006
33106
33079
33033
33051
33099
33311
33252
33257
33229
33203
33119
33225
33035
32777
32727
32879
33214
33429
33684
33560
33512
33295
33101
32743
32677
32800
33079
33436
33724
27805
27511
33415
33212
32839
32653
32685
32783
33177
33575
27709
27536
33377
33240
32791
32577
32540
32777
33201
33400
33591
33447
33327
33099
33152
32751
32697
32721
32992
33237
33285
33332
33271
33333
33218
33071
32781
32663
32711
32885
33139
33167
33235
33349
33393
33330
33093
33093
32947
32871
32823
32855
33117
33345
33527
33316
33179
33119
32978
32885
32761
32878
33207
33500
27491
27521
33563
33425
33131
32977
32849
32887
33003
33160
33463
33514
33504
33417
33197
33101
32964
33147
32981
33121
33305
33339
33347
33417
33587
33495
33342
33175
33027
32926
32919
32879
32952
33213
33467
33443
33386
33268
33125
33035
32934
32973
33111
33292
33477
33509
33349
33212
33023
32884
32763
32685
32752
33062
33139
33437
27418
33289
33071
32985
32818
32646
32655
32695
32949
33297
27638
27700
27567
33343
33149
32985
32787
32831
32851
33130
33386
27533
27577
33537
33272
33049
32746
32765
32843
33214
33481
27439
27731
27534
33496
33205
32905
32834
32879
33133
33395
33564
33607
33603
33441
33243
33084
32889
32840
32823
33263
33417
33493
33445
33351
33333
33281
33093
32895
32925
33127
33239
33275
33240
33252
33289
33197
33271
33171
33114
33095
33225
33096
33107
33308
33473
33319
33175
33022
32889
32864
33022
32997
33054
33161
33213
33224
33269
33127
33197
33207
33382
33306
33242
33000
33064
33046
33128
33140
33257
33347
33475
33440
33323
33125
32884
32817
32969
33187
33448
33750
27860
27927
33567
33308
32965
32815
32774
33108
33349
33719
27797
27843
33512
33146
32824
32805
32856
33139
33335
33511
33647
27461
33552
33295
32914
32863
33008
33214
33169
33191
33299
33367
33430
33321
33193
33129
32975
32975
32874
32879
33031
33209
33381
33471
33553
33383
33194
33045
32775
32578
32708
32864
33421
27809
27972
27598
33375
32980
32533
32188
32270
32743
33329
27907
28297
27787
33507
33304
32803
32555
32623
32873
33520
27943
28151
27625
33302
33033
32698
32644
32638
32874
33388
27649
28191
27988
33628
33279
33127
32984
32819
33079
33223
33330
33541
33517
33455
33327
33288
33207
32972
32896
33076
33283
33300
33478
33489
33513
33465
33333
33321
33033
32853
32945
33151
33317
33344
33403
33197
33160
32927
32773
32757
32783
33089
33255
33333
33433
33424
33326
33167
33111
32971
32950
32999
33022
33069
33095
33136
33227
33153
33143
32946
33105
33157
33251
33239
33221
33247
33231
33301
33289
33291
33212
33313
33299
33298
33204
33262
33132
33312
33297
33296
33268
33315
33422
33354
33345
33371
33231
33291
33379
33252
33232
33377
33373
33319
33379
33343
33210
33197
33115
33071
33103
33365
33556
33593
33553
33395
33226
33003
32821
32829
32807
33191
33458
27600
27793
33571
33279
32974
32783
32784
32763
33003
33251
33463
27388
33469
33261
33151
32882
32711
32730
33160
33415
27605
27602
33483
33285
33087
32919
32735
32747
32718
33035
33441
27431
33698
33485
33321
33239
33075
32899
33000
33073
33391
33636
33687
33533
33557
33405
33344
33144
32955
32973
33183
33409
33692
33724
33589
33477
33295
33215
32959
32974
33231
33333
33593
33519
33404
33319
33239
33106
32906
32868
32895
33265
33476
33623
33519
33405
33304
33140
33039
33041
33119
33265
33395
33447
33261
33316
33123
33241
33179
33114
33219
33208
33302
33309
33177
33122
33022
33061
33062
33037
33172
33296
33422
33493
33384
33125
33223
33076
33139
33147
33207
33439
33525
33446
33227
33109
32991
33028
33199
33287
33366
33423
33553
33598
33311
33205
33114
33187
33317
33409
33469
33609
33627
33571
33457
33237
33025
32952
32939
33157
33413
33719
33745
33759
33598
33388
33024
32999
32978
33224
33318
33373
33621
33645
33707
33390
33251
33079
33061
33112
33261
33281
33461
33509
33671
33525
33182
33239
33357
33259
33179
33158
33090
33206
33143
33137
33207
33312
33265
33207
33135
32945
32951
33223
33271
33341
33463
33585
33479
33252
33026
32873
32911
33139
33261
33487
33525
33459
33439
33244
32988
32973
33019
33333
33430
33559
33568
33475
33513
33395
33136
33135
33063
33231
33399
33623
33660
33607
33488
33440
33299
33016
33037
33083
33399
33523
33683
33548
33427
33468
33321
33139
33262
33319
33571
33671
33561
33405
33293
33105
33004
33081
33163
33301
33485
33592
33535
33412
33157
33133
33090
33146
33231
33314
33409
33336
33203
33190
33195
33269
33172
33194
33087
33173
33201
33280
33324
33366
33393
33453
33301
33223
33357
33240
33379
33289
33199
33247
33280
33383
33485
33402
33299
33149
33100
33104
33292
33315
33555
33855
33694
33569
33340
33147
32967
33119
33117
33330
33492
33763
27589
33680
33341
33211
33019
32983
33194
33289
33415
33748
33805
33687
33335
33254
33213
33206
33111
33385
33406
33533
33634
33423
33403
33183
33113
33041
33012
33076
33247
33337
33613
33607
33575
33423
33415
33270
33196
33106
33098
33169
33273
33353
33511
33415
33355
33339
33155
33142
33135
33175
33300
33332
33277
33407
33430
33431
33361
33363
33141
33189
33268
33409
33459
33647
33729
33529
33422
33127
33101
33015
33159
33381
33631
33715
33755
33767
33591
33372
33023
32975
32999
33383
33601
33791
27589
33685
33481
33281
32972
32959
32957
33399
33707
33817
33734
33552
33512
33399
33009
32834
32931
33283
33608
33719
33709
33541
33495
33421
33228
32923
33043
33139
33304
33243
33341
33287
33365
33384
33304
33171
33080
33083
33223
33225
33254
33492
33382
33350
33211
33021
32891
33084
33227
33284
33471
33591
33711
33603
33489
33225
32945
32777
32938
33329
33631
27939
28135
27792
33633
33384
32964
32776
32983
33224
33593
28115
28289
28113
33758
33349
32862
32511
32403
32898
33626
28060
28508
28350
27973
33587
33003
32611
32389
32707
33089
33621
33800
28323
28339
28060
33631
33103
32872
32846
33043
33343
33428
33476
33523
33605
33641
33477
33212
32893
32931
32799
32993
33223
33477
33773
27797
27660
33642
33471
33282
33055
32871
32864
33025
33406
33622
33678
33682
33543
33452
33263
33189
33181
33223
33261
33335
33341
33415
33471
33645
33598
33431
33421
33422
33403
33517
33343
33101
32999
33169
33517
33706
33844
27639
33733
33450
33122
33079
33009
33191
33538
33945
28031
28173
28001
33639
33307
32963
32850
33031
33515
33920
28455
28068
33681
33133
32887
32823
32999
33118
33363
33713
28154
28334
27525
33288
32846
32481
32671
33102
33655
27903
28040
33731
33234
32917
32760
32639
32871
33249
33717
28184
28429
27751
33343
32671
32391
32541
32926
33213
33709
27979
27960
33718
33165
32823
32872
33001
33120
33361
33793
27916
27653
33617
33216
32936
32964
33157
33418
33588
33882
27711
33745
33454
33164
32961
33030
33287
33503
33655
33668
33515
33296
33287
33329
33402
33397
33386
33767
33703
33672
33511
33331
33319
33181
33241
33379
33541
33675
33630
33559
33331
33371
33359
33349
33403
33489
27549
33711
33476
33327
33256
33255
33305
33379
33332
33519
33503
33554
33379
33057
32959
33036
33381
33557
27600
27917
27974
33611
33315
32843
32742
32727
32837
33458
33743
28063
28112
33771
33389
32991
32669
32647
32897
33352
33715
27673
28131
27995
33945
33599
33277
33083
32879
33066
33342
33683
27879
28115
27911
33690
33391
33009
32977
33063
33423
33570
33801
27994
28056
33860
33575
33098
32793
32867
33303
33656
27832
27865
27769
33539
33505
33293
33039
33015
33047
33204
33516
33639
33754
27601
33639
33278
33135
32929
33063
33172
33218
33277
33507
33608
33799
33811
33447
33242
32829
32994
33114
33392
33583
27744
28003
27604
33633
33277
32911
32719
32736
32995
33641
27662
28103
27891
33753
33532
33046
32727
32767
32945
33438
33780
27935
28157
27881
33641
33401
32951
33042
33119
33304
33462
33628
33799
27762
33879
33636
33245
33086
33100
33057
33362
33517
33675
27738
28087
33807
33497
33255
33079
33049
32993
33017
33487
27655
28391
28217
33800
33439
33199
33055
32993
32898
33167
33388
27542
28016
28111
33701
33499
32980
32625
32447
32749
33287
27900
28259
28057
33723
33429
33211
32995
32675
32791
33125
33443
27559
27807
27987
33547
33197
32833
32777
32916
33491
33874
27997
27754
33730
33501
33227
33266
33175
33470
33545
33718
33557
33528
33461
33383
33107
33239
33543
33847
28207
27691
33714
33291
33201
33073
33139
33310
33642
27795
27869
33933
33663
33303
33192
33047
33271
33479
33675
27845
28006
33736
33315
32964
32815
33055
33247
33588
27663
28113
27875
33703
33307
32665
32578
32857
33327
33686
27864
28021
27794
33565
33055
32861
32834
33079
33479
33849
27911
27899
33535
33425
33007
32970
32951
33355
33647
27861
27991
27614
33657
33393
33243
33053
33128
33281
33638
28023
28154
33877
33589
33204
33357
33454
33437
33570
33507
33733
33815
33705
33267
33048
33319
33511
33699
33891
33898
33824
33545
33339
33068
33146
33458
33760
33821
33767
33681
33525
33609
33378
32935
32899
33377
33633
33739
33596
33539
33489
33327
33127
33171
33249
33509
33677
33678
33459
33361
33180
33236
33353
33427
33413
33529
33661
33867
33671
33311
32977
32994
33099
33252
33493
33707
33646
33501
33441
33301
33099
33143
33181
33515
33879
27977
27886
33889
33495
33079
32713
32838
33351
33815
28149
28139
27828
33667
33443
33003
32874
32819
33079
33783
28465
29207
28909
28133
33596
33100
32594
32439
32931
33697
28398
28676
28707
28305
33767
33241
32669
32242
32419
33238
27915
28879
29041
28688
28039
33509
33075
32641
32403
32665
33267
33729
28167
28560
28513
27929
33403
32837
32433
32581
33203
33493
33833
27884
28039
28095
33743
33400
32728
32569
32648
33119
33601
27864
28448
28488
27781
33423
33013
32836
32901
32999
33010
33511
27759
28579
28679
28026
33593
33081
32754
32717
33190
33505
33943
28353
28841
28694
27771
33393
32551
32231
32588
33119
33791
28207
28621
28522
27671
33592
33049
32971
32952
33191
33633
28079
28579
28479
33708
33376
33109
33035
33321
33527
33655
33759
33699
33748
33666
33469
33309
33289
33367
33503
33434
33667
33542
33431
33125
33217
33357
33463
33595
33693
33828
33715
33424
33269
33228
33286
33430
33627
33805
33904
33773
33769
33583
33377
32943
32931
33063
33570
33801
28017
27836
33853
33556
33563
33265
33127
33155
33215
33436
33577
33753
33939
33867
33591
33298
33318
33492
33636
33601
33595
33460
33662
33795
33967
33869
33781
33707
33387
33295
33279
33336
33591
33697
33743
33863
28184
28078
33702
33259
32817
32784
33087
33621
27981
28491
28377
33925
33479
32895
32645
32632
33015
33523
27980
28651
28602
28217
33453
32903
32570
32615
33137
33631
28302
28461
28110
33787
33419
32983
32809
32663
33071
33739
28106
28525
28089
33781
33365
33009
32944
33116
33519
33698
33767
33810
33849
33613
33492
33523
33514
33548
33513
33639
33605
33565
33587
33365
33407
33567
33784
33921
33813
33727
33518
33473
33519
33543
33555
33534
33668
33605
33671
33761
33591
33647
33465
33391
33357
33501
33580
33872
27870
33806
33598
33317
33287
33537
33627
33579
33595
33669
33845
33745
33423
33151
33127
33175
33215
33369
33449
33764
33723
33597
33325
33335
33528
33768
33679
33455
33071
33135
33409
33617
33558
33597
33704
33683
33527
33393
33439
33435
33258
33197
33347
33639
33936
27829
33815
33495
33003
33211
33487
33709
33801
34031
27826
34073
33861
33655
33161
33103
33173
33415
33597
34049
28293
28104
33923
33515
33142
33176
33193
33565
33698
33849
33979
34024
33937
33745
33504
33067
33211
33421
33605
33789
33968
27873
33853
33623
33385
33135
33151
33281
33400
33490
33763
27832
28056
27816
33779
33178
32923
33026
33274
33411
33339
33588
33737
28193
28321
33743
33458
33192
33089
32892
33012
33284
33877
28377
28255
28181
28127
33797
33294
32324
31917
32537
33638
28674
29255
28969
28217
33846
33575
32678
31988
32103
33147
28166
29655
29856
29233
33897
32992
32209
32101
32726
33383
33975
28599
28783
28925
28181
33560
32629
32089
32428
33202
27766
28773
28758
28027
33881
33691
33382
33099
32823
32874
33359
33955
28323
27924
33607
33265
33171
33143
33345
33537
33527
33617
27659
28081
33823
33531
33321
33179
33195
33217
33555
28028
28487
28239
33710
33323
33070
33042
33155
33569
33603
33863
28055
28224
33936
33569
33189
33009
32915
33102
33545
27933
28725
28653
33818
33451
33239
33227
33387
33475
33401
33543
33758
28133
28649
28116
33623
33125
33122
33453
33904
27863
33959
33753
33653
33660
33618
33548
33475
33389
33515
33707
33759
33729
33569
33503
33191
33179
33481
33964
28186
33797
33418
33261
33453
33579
33639
33463
33372
33462
33904
28103
33739
33071
32771
33112
33406
33719
33875
27853
27661
33687
33223
33047
33126
33599
33659
33827
33755
33795
33901
33901
33543
33167
33023
33126
33521
33915
28429
28305
33836
33407
32808
32815
33207
33607
33838
33935
33886
33913
27938
27999
33805
33168
32439
32621
33269
28427
29343
28971
33887
33137
32849
33269
33749
33589
33639
33473
33838
28259
28287
33833
33331
32697
32775
33305
34071
29003
29098
28247
33557
32858
32599
32697
33211
33653
34045
28345
28501
28177
33735
33223
32609
32626
33211
33705
28703
29297
28748
33707
32627
32086
32359
33141
27876
29015
29328
28832
27870
33558
32997
32703
32334
32599
33544
28655
29959
29860
28470
32998
32174
32207
33013
33795
28461
28811
29156
28680
34047
33525
32897
32615
32535
32992
33831
29317
30067
29358
33767
32604
32271
32815
33596
27981
28247
28135
28407
28663
28030
33543
32675
31943
32373
33382
28807
29953
29873
28703
33474
32659
32557
32793
33255
33645
27785
28647
28909
28865
27958
33160
32243
31877
32441
33655
29177
29513
28733
33537
32968
32649
32885
33295
33614
27771
27827
33941
33675
33479
33170
32817
32735
33127
27921
29337
29731
28803
33358
32466
32190
32844
33704
28413
28801
28734
28185
33574
33127
32527
32272
32654
33549
28623
29433
29404
28593
33681
32648
31871
32127
33420
28757
29810
29763
28770
33588
33043
32581
32449
32873
33704
28117
28875
29384
29104
28151
33243
32141
31656
32319
33671
28693
29575
29171
27963
33497
33147
32985
32964
33047
33205
33725
28544
29439
29098
33864
32869
32098
32191
32887
33537
27951
28618
28718
28413
33749
33263
32919
32845
32681
32961
33655
28662
29267
29220
27863
33271
32408
32427
32769
33323
33838
28077
28647
28734
28535
33806
33183
32652
32325
32728
33453
28179
29305
29392
28702
33959
33281
33169
33175
33155
33225
33635
28008
28861
29078
28402
33743
33259
32747
32761
33202
33767
28327
28611
28090
33868
33535
33203
33303
33289
33543
33718
33904
27830
28055
34136
33706
33190
32960
33155
33596
33898
33963
33928
34028
33879
33634
33279
33183
33384
33633
33639
33744
33791
33917
33857
33657
33535
33497
33559
33684
33631
33632
33579
33671
33825
33981
33864
33911
33879
33811
33634
33178
33069
33207
33663
33835
27816
28071
28071
27893
33841
33542
33013
32899
33221
33763
28230
29153
29149
28087
33471
32599
32468
32775
33327
33795
28131
29134
29554
29163
33859
32789
31759
32004
33107
28343
29481
29703
29179
27894
33373
32658
32172
32091
32917
33956
29377
30279
30149
28462
33005
31673
31319
32424
33590
28775
29783
29982
29351
28083
33075
32209
31645
31997
33088
28162
29575
29924
29337
33961
32915
32225
32140
32754
33625
28381
29083
29049
28586
33771
33079
32780
32700
32881
33473
28035
29065
29521
28906
33851
33041
32253
32449
33309
33927
28339
28785
28657
28315
34050
33657
33141
32864
33045
33521
34175
28805
28867
28241
33770
33071
32957
33237
33603
33830
34028
34063
34099
34103
34105
33767
33283
32998
33159
33797
28481
28791
28041
33649
33169
33289
33616
33747
33665
33537
33708
33988
27908
33929
33709
33478
33421
33607
33795
33888
33697
33652
33509
33503
33849
34013
33979
33824
33751
33661
33625
33313
33191
33499
33829
28190
28067
33918
33712
33444
33393
33316
33284
33421
33632
28005
28838
28637
33994
33355
33045
33132
33327
33808
28063
28175
28009
34040
34053
33795
33521
32989
33091
33321
33991
28743
28731
34073
33673
33486
33719
33697
33604
33641
33781
33911
34175
34171
33779
33528
33575
33511
33647
33715
33747
33831
33897
33859
33865
33867
33629
33346
33479
33613
33833
33993
34006
34049
33915
33671
33391
33485
33556
33765
33521
33653
33819
27839
33989
33624
33110
33164
33343
33577
33960
34019
33913
33854
33807
33651
33475
33315
33238
33617
33943
28443
28598
28151
33864
33455
32991
32970
33367
33861
28190
28367
28468
28130
34026
33631
33127
32650
32838
33767
28528
29422
29188
28471
34011
33518
33103
32649
32750
33389
34158
28971
29276
28775
34203
33571
33005
32763
32869
33454
33997
28701
28934
28515
33938
33453
33169
33044
33271
33687
34003
28274
28289
28187
33947
33423
32829
32828
33211
33637
33922
28202
28566
28205
33866
33423
32967
32908
33103
33496
33945
28351
28351
28069
33901
33655
33407
33335
33455
33677
34152
28340
28077
33956
33760
33319
33339
33364
33733
34119
28373
28394
34274
33975
33663
33389
33381
33609
34043
28385
28270
34228
33730
33465
33213
33211
33439
33737
28202
28804
28474
33967
33461
33165
33166
33259
33611
28114
29161
29113
28369
33831
33489
33095
32969
33221
33625
28189
28667
28465
34173
33667
33317
33055
33116
33334
33753
28057
28579
28611
28339
33879
33409
33149
33049
33211
33687
28307
29071
28807
27965
33749
33231
33004
33040
33315
33638
33940
27965
28074
33925
33663
33356
33175
33258
33614
28206
29039
28939
28221
33687
33160
33045
33073
33278
33729
34218
28951
29522
29030
34033
33089
32371
32247
32866
33957
28739
29287
29103
28723
34061
33446
32962
32743
33296
33969
28813
29079
28786
28633
33815
33365
32788
32831
33275
33917
28296
28351
33997
33808
33662
33391
33113
33049
33345
27915
28661
28409
27959
33891
33691
33342
33129
33313
33551
33883
28231
28310
33818
33607
33463
33296
33245
33382
33693
34102
28286
28051
34123
33899
33796
33673
33419
33532
33587
33691
33599
33479
33630
33789
33934
27985
27983
28121
28533
28389
28159
33890
33427
32976
32893
32823
33400
34007
28996
29397
29198
28523
34303
33858
33487
33073
33183
33769
34214
28149
34147
34019
33890
33805
33575
33216
33418
33847
28639
28759
28449
34045
33657
33487
33143
32863
33329
33854
28945
29164
28698
33926
33883
33632
33388
33023
32626
32768
33316
33543
33747
34008
28635
29020
29117
28621
33984
33631
33387
32767
32081
31827
32769
34214
29431
29967
29637
28751
33863
33394
32667
32581
32804
33127
33567
34167
28887
29521
29151
28231
33805
33405
32969
33105
33403
33961
28663
28900
28695
34114
33551
33409
32951
33106
33793
28689
29517
29375
28821
28477
34110
33455
32733
32439
32859
33577
34164
28825
28944
29154
28482
33678
33032
32697
32680
33345
33697
27989
29271
29351
28989
33846
33162
32698
32823
32936
33157
33595
28415
29060
28696
33921
33362
33227
33245
33568
33682
33915
28365
28924
28599
33700
33315
33309
33439
33563
33629
34066
28644
28352
33619
33089
33211
33543
33865
28258
29323
29439
28725
34165
33607
33137
33103
33433
33933
28428
28615
28560
34145
33615
32891
33233
33725
34184
28567
29170
29156
28926
34095
33012
32467
32714
33612
28313
28999
29394
29681
28607
33593
32588
31909
32324
33183
28626
30101
30275
29255
33903
33079
32613
32447
33180
33863
28675
29089
29198
28763
34115
33389
32140
31993
33205
34205
28628
28350
27879
28151
27663
33439
33083
33528
28153
28453
34212
33820
33475
33050
32965
33355
34023
29759
30957
30924
29701
33951
32439
30591
34287
30516
32811
29551
31865
29258
28991
31499
34059
31309
33538
33730
32639
33609
29487
29642
29569
30547
34343
31517
33649
31365
33751
31735
30211
29631
32358
28440
31405
32485
31197
31179
33471
33314
29853
30921
33396
30815
30261
31213
32919
33273
30756
31663
33864
29093
32827
31159
32619
34190
30398
33501
33177
30603
33034
28101
32664
32631
28151
31860
29990
33383
29921
31895
32249
32092
33847
34211
28780
29721
32439
28479
32231
33451
30199
32723
32659
30717
33991
33183
31927
32223
29169
30183
34584
33603
30151
32003
32207
31608
34005
31511
30855
31316
31609
30773
33335
31799
31866
33698
31953
31103
33938
33580
31708
30511
33427
29586
29671
32871
31966
33316
29763
32019
32273
32897
32325
33183
29941
31910
31676
33513
30143
33457
32745
28565
30523
29862
31668
28400
31517
30631
30152
33335
32009
32785
30689
32288
32359
30873
33631
32869
32353
28831
32436
32970
32425
31332
32195
31080
31767
30545
31273
32438
33494
31300
33864
30783
32659
30924
31535
30216
30922
31166
31413
31431
30014
30151
29887
31713
32471
31534
29909
30310
31377
29153
30893
31876
28867
31539
30531
33063
30644
30502
29343
30180
33148
31336
32447
32611
33747
30343
31025
32933
31174
31561
31815
28620
31575
29700
33843
32427
32429
33793
29859
32199
31983
31361
28925
30269
29735
31997
31984
28865
31995
31905
30467
29785
31459
32336
31338
32157
33620
34089
33825
33578
31631
30771
30035
31736
29991
31383
30215
29694
30785
28899
29477
30795
31585
30317
28177
31891
29815
32638
34137
31169
33487
30120
32626
30382
30557
31134
32893
31137
32820
31397
30191
31859
30687
31646
30711
31786
34279
33923
31273
32318
30373
31755
32471
32769
32062
31743
31369
30433
31615
30351
32807
33464
32098
31753
31835
32199
32074
31589
29273
31029
29257
30151
30705
33083
32375
30799
31049
30793
27807
29013
32065
30849
28506
30655
34191
31325
30496
29617
32371
29091
33031
30205
32759
31815
31451
31972
32109
30099
28893
32428
29213
31309
31618
31957
31975
33943
34739
31981
31187
29325
31727
29647
30623
31367
32416
30929
33765
32909
31737
31795
32296
33253
32470
32376
29719
29844
33550
31785
33934
30739
33940
31962
31093
32503
33086
31569
31691
32902
31228
33519
32801
32849
33179
32470
32403
28914
31002
29404
32767
31512
29914
32876
33525
29413
29105
31338
28695
33075
29125
28936
31661
30127
29375
32480
33743
33157
28755
30782
30287
29123
32185
33166
31502
33732
32114
32231
32425
33977
29835
33071
32504
32986
31315
33393
29903
28801
31925
33777
32411
31499
32923
32397
29186
33228
31439
30875
30663
33625
33161
30833
32616
31049
32550
33171
30377
30573
31475
33838
34361
31569
31289
33169
32816
32317
32519
29307
31392
32635
33321
32379
32213
33323
31436
33502
32574
32727
31008
31248
31127
30987
31679
31389
33017
32945
33499
32665
31279
32452
33473
32989
32141
30371
29376
28716
31319
28972
29789
29340
29905
30887
30271
33223
31703
30139
30084
33046
29353
30927
31634
28774
32107
30321
29903
29158
32649
34369
32461
32725
33143
32929
28811
32519
29479
32108
29941
32885
32144
32093
30119
29559
33671
33490
31322
33021
33671
32963
31537
33064
32841
31373
31999
30155
32140
33597
29674
29967
31806
32901
31312
32227
31381
30908
31654
29625
30315
29171
30438
29537
32709
31631
32849
30048
31959
31895
33819
32153
30635
30401
28561
31745
31973
32430
32638
29301
33346
30317
32327
29699
31918
33015
30797
31747
31122
31390
29526
31298
30567
32260
32683
30655
32764
32595
31380
29831
34216
34159
30983
31517
32914
30219
31313
33498
32748
30694
29577
33018
29302
33543
29481
28901
33742
31679
32735
31598
32155
32645
33202
31943
32058
29025
32540
31512
33906
29244
34077
33165
34869
31199
31754
32833
30735
30487
30457
30165
30519
33439
33887
31143
34244
29101
31769
31361
30923
31478
29236
32959
32372
30148
32546
33971
32310
29641
32204
30521
29623
32551
29542
29831
28789
29527
33503
28144
32743
30237
32447
31088
32272
31961
32178
33861
31197
30729
32807
31841
32994
29627
30163
28511
31881
30198
30003
32986
33054
30593
30969
30808
32069
32153
32922
29199
29093
31843
32806
32126
30825
29992
33642
30022
32413
33520
34073
32987
31075
30561
31711
32727
32175
29530
30746
32918
32254
30830
32001
31191
30323
30655
33191
29613
33164
30092
28291
30031
31007
30820
29486
33271
32414
32006
29017
33177
31600
32470
33380
33191
29131
31147
29703
27916
28714
32558
28434
32937
31935
29680
29529
30301
30249
31943
30558
30236
31348
29720
32055
32380
31721
31309
32683
33105
31615
30609
29721
33065
30267
31790
33287
32253
31398
30363
31305
29613
32817
30075
33052
31015
33273
30753
32645
30715
29611
32811
34281
30011
32646
32694
33765
31566
34559
29088
33047
31091
29527
30510
32276
30809
31978
32105
31707
31683
32103
28783
29447
32919
34195
32004
32290
32648
32626
31749
30559
30711
32491
33252
30469
33156
31166
32667
29165
29607
30496
31615
30615
31567
31362
29276
32200
33263
31739
29765
29641
31128
32602
32344
33566
30089
30727
32075
33329
29957
30805
29803
30856
30914
33254
30519
32093
29673
31608
31805
30358
32465
30207
31065
30747
30047
34072
32681
32809
31948
30385
32219
33399
33350
29713
32603
32348
32827
32357
33241
29602
30423
30263
29375
31081
30295
31209
32659
32574
33708
30575
32568
33476
33140
33610
32195
32361
32827
31349
30869
30879
32319
30368
32807
32075
30460
29581
32229
29434
29310
30147
32169
29695
32115
32913
28245
28863
32639
30909
29746
33303
31921
32259
31231
30741
28405
32241
31209
32325
30557
29969
33329
31377
33569
31758
32947
30138
31563
32756
31759
31249
33753
31081
33136
30071
30690
30812
32331
30759
31247
32979
32933
33715
33849
34291
30507
31143
32740
31704
28835
30177
31614
31335
33809
32543
33805
32570
30936
31451
29051
29026
34103
30151
33410
32219
33365
32516
32013
29320
33063
32828
32679
32238
31106
32815
31855
28749
31372
32639
32159
29498
31239
32705
33053
31699
33799
29671
30923
31349
30441
28508
33389
32781
32574
32907
33665
28447
29309
29365
34057
32701
32204
32442
33135
33143
33001
33438
28379
29741
29173
33866
33095
33238
34057
29205
29433
29365
30039
30176
28912
32917
30762
34155
30987
33445
30361
32243
32327
30637
34080
31623
30481
31617
32815
34507
31295
29365
29840
31801
33800
34287
33375
30688
33931
30797
32333
32219
30527
33555
30766
33815
30114
32975
30679
29177
30095
32063
33957
29863
32578
33488
32367
29485
32391
29715
28133
28585
33669
30380
29761
32866
28167
30201
32923
32113
32265
32656
31052
31921
32715
33459
30567
32661
31770
30384
32446
29864
31073
32205
31049
34111
32425
30495
33429
32455
30636
31804
31637
32204
30989
30446
29823
31801
32871
29028
31063
33079
30378
32782
32779
32203
30039
31831
33410
30277
31881
33841
32655
32156
31889
33515
32722
32378
33161
30383
28800
33936
31040
31788
30250
33943
31458
32986
32730
30677
33596
31207
30467
32447
28813
31426
31079
30105
29385
27902
32699
30309
30043
31607
33847
28838
28109
33511
33590
28631
28003
28554
28659
29944
30257
28676
33567
31772
30157
30517
32209
33795
30523
32227
32091
30885
34279
32759
31199
30144
33643
34134
32982
29095
32388
33005
32243
31599
30207
34375
33025
32129
31498
31300
31195
32294
34609
29931
30217
29859
29628
29438
28690
33922
31967
32125
33486
29063
31469
32151
31543
29612
34015
32381
33911
32639
33359
32935
31501
29987
30258
32222
28995
31975
33304
32458
33459
32263
30327
29925
31911
30999
31068
32421
32649
31299
32519
31346
28375
31195
32127
31551
29742
33223
29926
32751
34076
34127
32539
30467
29662
31742
28613
31534
33740
33196
30025
32291
28662
31238
30984
29246
32961
31322
31552
32887
28945
31133
32040
31824
30756
34188
31957
34103
29987
32821
30265
32853
32966
31246
33957
30487
32637
32188
33772
33449
31143
29559
31231
30279
31370
33326
33878
33617
31476
28171
31125
31807
31251
28383
32081
33708
32813
34351
33216
31057
29708
30945
29239
30743
32938
33589
32519
33537
32339
29861
32714
28748
31421
28817
32875
30942
33997
34002
31755
33869
30768
32125
31862
29423
33187
31487
30826
32007
33473
29311
30693
31405
31187
29503
33383
31243
34019
34023
31591
33649
29142
31092
31773
31385
29419
33382
32497
32475
32698
33167
33942
34549
28533
29027
29641
30037
29561
34417
33371
32413
32599
32911
33287
33181
34117
29455
30915
31629
31050
29185
33499
32783
33847
29917
31676
31364
29871
34260
32603
30421
33306
33420
30509
33471
30894
33105
29313
32193
29542
33119
31541
31859
33864
30160
31431
31565
29910
33593
31536
29715
33817
30935
32547
33691
34239
34503
28839
28703
27901
28274
29605
31357
32655
28575
30652
32571
32956
31407
32603
31619
29410
31793
32463
31653
28880
31987
32648
31549
33379
33591
29165
29884
30775
32085
31102
30911
29791
32298
33961
30927
31275
32167
29001
31408
30189
30741
31067
34056
32531
33156
32631
32629
30815
32826
31454
30607
33659
32443
30811
32369
32462
32655
29495
31859
31919
31945
31360
33068
33650
33512
28717
30505
32771
32236
32473
33501
33437
31383
31728
33755
33320
31539
30316
30623
31879
33854
30309
32665
32413
33745
32955
30065
32216
32477
31346
33795
31127
29881
31558
34149
30849
32476
32889
32179
30188
32639
32921
31105
32624
31979
29679
32319
29191
32979
31079
34532
32924
32458
33256
34469
30661
31885
31378
29853
33397
30615
33771
30107
32954
29117
31086
31936
31745
30041
34348
32979
32693
33653
28771
30918
31451
30166
34525
33776
33346
32763
32527
32938
33947
34075
33581
33287
33227
33393
33971
29543
31178
32005
31865
30343
34125
32984
32558
31762
30711
30612
31973
33676
34136
28495
28835
28536
34003
33721
33546
34123
34399
28897
29737
29612
29809
30797
30352
29154
34474
33678
32783
32197
32903
33593
33585
33803
34179
33751
33768
28769
30383
30808
31069
31082
29175
33511
32732
31974
31901
33535
29987
31625
31791
31614
30626
34099
30908
33629
33994
31775
28873
31436
32279
32116
30539
33881
31547
30516
32168
28559
31845
33187
29451
32658
30003
31730
31361
33423
30657
30065
29287
32680
30038
29830
32565
29985
32193
33791
33583
31725
29678
32565
29576
31912
34134
30929
32723
31683
32763
31673
29041
32334
29842
32741
29607
32691
31097
30890
32472
28357
31390
32479
31791
29095
31592
32041
29553
31029
31258
30203
30915
33297
32782
29327
29132
30881
32091
31246
32518
30899
28521
29007
32366
31601
31994
33534
31041
30826
32103
33729
29171
31175
32767
32916
30820
33373
34279
32981
30631
34277
31717
32773
28535
31945
28275
31112
33823
34327
31793
34527
31779
32829
31628
28279
31145
31665
29917
31842
31733
30451
29530
30751
32737
29114
32039
33626
32711
33314
32809
30599
32687
32708
30485
33518
33778
31831
31790
33589
33259
31255
30518
31621
28871
30371
33655
31410
34431
31140
33432
30657
33112
29573
32669
30506
33978
31309
33635
33497
31129
34637
29143
33347
33351
31501
32020
33479
33765
31043
30359
32895
33898
29842
33785
30090
31789
29754
33445
32787
31217
33463
30598
31996
29094
32118
30721
29413
31009
32409
33176
29879
31558
29198
31910
30748
30125
30639
33353
33695
33239
29333
29906
33253
30703
31343
31105
30741
28255
32534
32614
32159
31113
32907
29551
30538
31326
31786
29333
33432
29451
33584
31945
32560
32079
33198
31115
32580
30130
34041
31135
30925
32903
32877
31449
31660
29380
32738
32266
32455
32366
30575
31907
31235
30161
29117
30475
33273
30163
33225
31083
34383
30441
32637
30161
29721
31023
33275
29993
32972
31251
30905
31180
32675
34411
30460
31351
30314
34516
33209
32396
32753
33310
34371
29644
30391
30409
30151
29143
34023
33153
32382
32858
33325
33589
33551
32578
31625
32324
34201
30021
30321
29727
28499
33063
32024
31311
30981
32109
34137
30812
31741
30839
28752
32414
33383
31979
33371
32639
29951
32661
28935
32039
28774
32199
34072
33935
32410
29898
32887
30083
29048
32006
29341
32544
34105
34039
32803
31423
29864
29975
32550
29683
34260
33355
32668
33141
35203
31813
32720
31529
34925
32697
30875
31231
33357
30020
33164
31239
30676
31467
33296
33646
31367
31145
33351
33317
31982
30560
29569
29842
31519
32355
30727
31220
29690
28047
29041
32091
31945
28210
32895
31327
31762
31223
29889
31889
31959
32080
32815
30807
30519
30871
30189
33018
31561
33528
29473
33335
29257
31550
32183
32781
31250
32504
34439
32258
32719
32965
33455
31756
32398
33906
34098
32702
34442
34219
31589
33533
30750
30418
31941
33767
33945
32643
34639
34138
30007
31160
31979
32278
31251
28959
33614
32723
32943
33235
33224
33279
33695
34288
34634
34538
28815
28884
33971
32791
31671
31414
32268
33107
33793
28795
30610
31505
30291
33235
30125
33046
29785
32097
33725
29371
31053
31577
30740
28196
32202
30818
30297
31391
33352
29620
31799
32724
31660
28359
32561
31869
32545
33252
33904
29263
31240
32327
31743
30039
34132
33194
33343
33451
33752
34609
30034
30291
28852
34041
33915
34409
35023
29309
30052
30700
30814
30193
28940
34135
33172
32475
31863
32767
33946
34770
34914
34793
34539
34587
34592
34212
33460
32959
33605
34501
29359
29461
29603
29839
29630
34058
32489
31119
31139
32376
33476
34023
28175
29067
29031
33916
33406
33259
33297
33565
28769
30482
31095
30057
34083
32827
32219
32831
27897
29351
29265
28593
33865
33301
33064
33182
33430
34463
30519
32225
32523
30939
34069
31152
33648
33807
32577
29601
32425
33302
32839
30684
33721
30910
34011
34541
32925
29593
32110
33090
32089
29096
32385
34199
33110
34255
33615
31963
30489
29491
31660
34863
32923
30987
34308
30824
33186
29863
32403
32783
31870
29537
32837
30491
34195
31979
34439
30817
32111
32189
31687
30061
34147
32195
30376
30393
32229
28334
30825
31639
30991
29509
33592
31913
30957
31997
33511
29207
30952
31672
31235
28903
32303
29810
33452
30659
33277
29604
31246
32277
31779
34152
30395
33385
34211
32562
29169
32230
28969
33149
31379
34052
34030
31579
32780
31955
29871
33151
30352
29375
31414
33505
33951
32763
34308
33766
31039
33463
30971
30724
32182
33727
33985
32759
34241
33351
30332
32581
29287
32982
30903
33983
31679
30625
31611
33600
29983
31921
32246
31656
29566
32985
31095
31152
32161
33334
28607
30357
30821
29882
33871
32647
32486
33033
33223
33247
33569
28536
28686
33531
32287
31768
32425
33790
29319
29887
29570
28859
33805
32335
30519
30899
32615
28311
30549
31127
30665
29509
34149
32217
30392
31157
34077
30756
32705
33207
32089
29016
32907
30914
30742
32822
29074
32173
33367
33127
31474
34679
32072
34551
34827
33488
31089
30032
31003
33260
30000
33024
30505
34470
32254
34634
31267
32463
32328
30995
33999
30759
33307
33815
32989
30906
28825
29157
31456
33891
31477
33345
32898
29665
33305
31159
28592
31917
28734
31417
32921
32435
33351
32024
29663
32722
29935
32469
29132
31770
32879
31887
33105
32480
30743
29356
29365
31693
28227
32226
29999
33929
30731
33318
30520
33348
30513
32994
30198
33317
31289
30741
32380
34661
30983
32431
33052
32745
31216
34985
33130
31463
31435
33061
34947
30845
32381
32998
32570
30352
34076
32081
31191
31926
33210
34665
30167
31599
32069
31106
34810
32353
34155
33821
31035
33315
29460
31527
31839
30688
33880
32009
30623
30072
30505
31804
33681
30407
31839
31807
29687
33025
31218
30237
30366
31759
33529
29221
30407
30681
30103
28857
33831
32836
32268
32419
33757
29380
30711
31213
30958
29534
34327
33464
33183
33280
34153
29037
30165
30863
31413
31069
29788
34665
33996
33921
34050
34727
29637
30508
30638
30024
34647
33602
32948
33201
33853
34645
29199
30091
30319
29899
28747
34021
32882
32767
33534
34407
29166
29699
29329
34378
33162
32235
32263
32907
33564
34099
28533
29190
29317
34371
33435
32625
32505
33292
28561
29580
29492
28765
33735
33315
32992
33188
33335
33628
28471
29525
29623
28806
33907
33385
33415
33979
28841
29617
29732
29636
29641
29003
28379
34369
34217
34553
34639
28388
34779
34651
34457
34401
34655
34941
29191
28943
34911
34471
34152
33943
34215
34734
28876
29829
30334
29879
34928
33780
32847
32743
33575
34663
29236
29703
29605
35001
33996
32806
32010
32106
33347
28523
30863
31698
31109
29351
33815
32685
31888
32287
33405
28815
30375
30667
29661
34443
33251
32392
32055
32695
33837
29971
31615
31965
31167
29123
32946
31663
31575
32650
27959
29983
31048
31381
30633
28736
33232
31440
30535
31604
33751
29913
32003
32581
31551
28410
32592
30961
31079
32527
34179
29786
31331
31801
31037
34728
32679
31085
31077
32555
34469
30258
31799
32020
30777
34699
32591
31319
31739
32991
34279
29302
30576
30887
30233
34991
33755
33061
33298
34131
34885
29625
29829
29421
34639
34143
33837
33866
34302
34583
28499
28487
28353
34360
34118
34283
28682
29198
29387
29015
28484
33957
33391
33090
33445
33976
29235
30195
30250
29422
33955
33004
32261
32164
33075
28013
29803
30512
30154
28932
33777
32443
31319
31397
32818
28391
30399
31087
30373
34651
33479
32349
32197
32760
33851
29354
30703
30965
30043
34436
32687
31615
31745
33270
34845
30870
31967
31671
30173
34672
33765
33236
33268
34200
29173
30868
31239
30369
34962
34316
33647
33423
33459
34270
29524
30643
30949
30169
28907
34293
33863
33861
33828
34205
28658
29230
29339
29047
28777
34219
33588
32761
32612
33274
34015
28810
28973
29021
28687
28231
33919
33484
32882
32813
33284
33788
28250
28759
28618
34150
33475
33091
32997
33160
33491
34071
28625
29126
29157
28727
34207
33759
33359
33545
33924
34365
34809
29203
29723
29697
28968
34753
34377
34346
34558
34745
34935
35283
29270
29579
29709
29383
34964
34574
34084
34216
34865
29743
30232
30358
29799
29246
34948
34455
33897
33555
33984
34813
29654
30127
29899
28840
34218
33613
33454
33601
34116
28652
29125
29114
28539
34161
33682
33139
32922
33063
33614
34207
28769
28269
33743
33007
32532
32455
32862
33667
28507
29468
29534
28957
33971
32985
32259
32185
32705
33903
29267
30299
30591
29439
34212
33086
32657
32874
34155
29580
31357
31890
31366
29543
34167
32859
32471
32915
34440
30028
31833
32385
31583
29267
33804
32415
32222
33389
35129
31053
32225
32313
30938
34910
33462
32399
32225
32978
34514
30279
31623
31327
29744
33913
32331
31710
32349
33518
34537
29762
30668
30171
28456
33337
32108
31689
32302
33497
28423
29637
29975
29346
34094
33117
32508
32343
33049
33874
28799
29647
29518
28765
33919
33390
33173
33444
34061
28753
29378
29542
29234
28695
34147
33676
33618
34037
34685
29317
29543
29238
34786
34523
34376
34417
34780
28861
29467
29763
29980
29641
34967
34395
34111
34211
34831
29183
29503
28951
35015
34505
34069
33729
34161
34791
28993
29703
29726
29481
34759
34097
33239
33095
33891
34686
29228
29579
28824
34390
33514
32697
32504
32853
33907
29042
30146
30297
29291
34092
33083
32405
32585
33438
34113
29423
30184
30082
28948
33780
32858
32472
32856
33694
28855
30172
30621
30223
29147
34103
33267
33176
33561
34099
28963
30036
30488
30033
28825
34127
33453
33484
33855
34499
28582
29403
29599
29173
34846
34429
34038
34121
34166
34691
35009
35151
35143
34947
34703
34538
34481
34497
34506
34400
34470
34314
34344
34609
34691
34754
34540
34412
34395
34216
34124
34203
34416
34815
29039
29429
29054
34652
34431
33930
33812
33807
34138
34635
29077
29381
29097
34518
34073
33655
33652
33628
34308
29040
29753
29978
29351
28154
33679
33253
33284
33625
34160
29253
29940
30028
29378
34213
33559
33343
33361
33591
34073
28701
29678
29698
29101
34241
33674
33319
33175
33604
34045
34692
29259
29839
29423
34904
34323
33855
33543
33597
34035
34683
35237
29539
29383
35208
34792
34253
33780
33657
34081
34652
28951
29898
30024
29863
35185
34476
33957
33889
34189
34731
29485
30066
29962
29314
34601
34063
33888
33747
34122
34563
29047
29623
29774
29249
34487
33901
33835
33873
34291
28645
28785
28698
28432
34151
34003
33974
33853
34005
28073
34308
34239
33954
33857
33653
33807
34005
34033
34147
34321
34217
34134
34061
34107
34164
34342
34553
34689
34605
34379
33965
33927
33965
34387
34789
35075
28933
34983
34764
34497
34161
34198
34343
34903
29487
29855
29774
28809
34751
34404
34361
34543
35016
29408
29855
29798
29162
34791
34383
34229
34123
34535
28775
29956
30458
30119
29297
34543
33993
33789
33941
34188
28477
29257
29773
29593
28524
33977
33333
32941
33206
33791
28235
29286
29655
29205
34291
33593
32828
32573
32943
33863
28378
29271
29407
28919
34183
33430
32624
32539
33021
33940
28679
29570
29561
28887
34415
33807
33418
33419
33921
34767
29340
29799
29571
28577
34586
34159
33887
34129
34724
29362
30427
30440
29704
28887
34729
34319
34341
34621
35115
29759
30342
30345
29475
34876
34427
34291
34197
34789
29015
29816
29795
29303
34807
34311
33946
33922
34224
34538
28767
29177
29136
34593
34147
33767
33363
33419
33841
34197
34525
28403
28275
34161
33859
33491
33494
33689
34053
28239
28431
28107
34021
33809
33729
33525
33677
33898
34459
28609
28607
34441
34068
33892
33951
34174
34430
28662
29231
29363
28780
34661
34421
34481
34658
34927
29050
29623
29676
29568
35115
34645
34401
34599
34824
35223
29409
29736
29811
29679
35279
34892
34639
34551
34729
35135
29341
29501
29241
35010
34663
34247
34131
34252
34427
34677
34859
28695
28712
34759
34273
34003
33916
34192
34277
34455
34401
34322
34402
34239
34069
33788
33661
33752
33994
34134
34171
34243
34278
34203
34039
34047
34103
34144
34255
34321
34308
28161
34409
34295
34126
34072
34141
34297
34434
28359
28431
28519
28702
28719
28541
34757
34671
34637
34792
34922
34931
34979
34833
35057
28911
35171
35041
34987
34917
34998
34923
34899
35018
35195
35121
35089
34830
34684
34729
34606
34511
34565
34690
34983
35115
35085
35007
34716
34323
34165
34209
34271
34379
34511
34744
34722
34591
34263
33839
33955
33795
34054
34286
28378
28865
29118
28823
34559
33980
33925
33828
33921
34167
28268
28797
28943
28623
34217
33961
33691
33570
33865
28114
29027
29750
29695
28967
34396
33862
33671
33675
34171
34680
29244
29640
29405
28523
34337
33952
33921
34179
34666
29002
29487
29493
35119
34585
34098
33999
34284
34661
34986
29183
29266
35220
34747
34091
33813
34005
34465
34983
29409
29606
29223
34966
34342
33700
33721
34301
34585
29148
29639
29727
29279
34669
34006
33726
33595
34091
34718
29081
29706
29570
28954
34485
33909
33577
33719
34068
28218
28836
29167
29395
29110
28485
34013
33705
33800
34055
28331
28834
29231
29215
28720
34309
34047
33883
34007
34314
28342
28671
28618
28719
28383
34399
34131
33978
33943
34241
34320
34681
34698
34728
34663
34458
34456
34429
34702
34911
34866
34888
34703
34755
34800
34728
34917
34833
34854
34921
34751
34807
34685
34797
34831
34879
35040
35183
28991
29016
35042
34921
34862
34911
28909
28995
28889
28812
34922
34717
34327
34273
34382
34401
34693
28730
29044
28985
28411
34373
34105
34106
34304
34409
28730
28996
29040
28375
34006
33612
33432
33514
33947
28203
28945
29347
29146
34399
33823
33463
33241
33467
34067
28431
29201
29201
28915
34563
34046
33559
33338
33827
34420
28695
29442
29347
28759
34624
34156
33895
33981
34373
34851
29240
29687
29743
29612
35142
34717
34373
34463
34818
35080
29200
29560
29776
29756
29307
34943
34609
34521
34469
34680
34965
29055
29529
29582
29385
28731
34731
34530
34476
34445
34505
34695
28578
28660
28444
34522
34350
34199
34211
34099
33925
34081
34199
34429
28239
34374
34292
34097
34038
33877
33877
33805
34025
34207
34401
34291
34224
34199
34075
33999
33936
34104
34303
34590
28681
28841
28567
34614
34347
34450
34233
34226
34397
34711
34971
29237
29255
29203
28720
35050
34759
34655
34791
35038
35306
29401
29547
29543
29439
28932
35096
34833
34731
34831
35019
35147
29052
29279
29065
35179
35078
35055
34937
35048
35107
28796
35067
34633
34328
34003
33998
34181
34448
34803
28863
29058
28917
34559
33991
33615
33245
33298
33637
33903
34487
28644
28935
28433
34237
34035
34163
34093
33618
33562
33973
34466
34583
34311
34077
34295
28839
29243
34621
34111
33755
33879
34375
34590
34427
29050
30143
30769
30417
29114
34779
34453
34101
33817
33845
34437
29231
30583
30983
30457
29775
29423
35127
34565
33974
33881
34399
35122
29753
30076
30489
30497
30028
35319
34255
33462
33233
33298
34027
34719
29225
30055
30313
30092
29295
34348
33143
31904
31959
33001
34236
29459
30520
30720
30735
29379
33905
32494
31405
31469
32783
34164
29886
31143
31401
30751
29096
33393
32014
31503
32491
33535
28593
30401
31507
31532
30311
34387
33383
32690
32717
33873
34754
29567
30612
30891
30174
28871
34361
33951
34116
34633
34859
28943
29087
29157
29043
35162
34740
34925
29192
29317
29721
29756
28919
34545
34027
33719
34113
34816
28934
29931
30078
29662
29013
34653
33952
33385
33371
34071
34747
29275
30055
29975
29152
34537
34043
33765
33627
33737
34029
34351
34741
28724
28911
28716
34263
34015
34085
34089
34225
34359
34561
34599
34418
34201
34143
34095
34231
34435
28582
29231
29139
29166
28470
34465
34112
33855
34145
34173
34476
28896
29463
29888
29724
29301
28796
28482
34731
34487
34071
34119
34128
34380
34991
29838
30100
30310
29859
29455
34818
34423
33629
33295
33977
34729
29408
30247
30039
29485
34890
34511
34049
33771
33665
34358
35047
29137
29212
35169
34815
34546
34188
33723
33769
34463
29087
29723
29318
34486
33899
33914
33723
33979
34491
28885
29968
29953
29316
34399
33813
33535
33688
34169
28500
29572
30301
30324
29151
34232
33659
33597
33911
34412
28933
29715
30103
29679
28680
34247
33477
33758
34052
34737
29682
30119
30257
29840
28543
34085
33661
33550
34001
34601
28992
29509
29621
29332
35031
34765
34301
33884
33973
34314
34889
29349
29474
28896
35021
34701
34468
34437
34253
34351
34623
35001
35142
29016
35064
34701
34439
34421
34437
34733
28875
29446
29247
28775
34529
34175
34124
34235
34610
34744
28671
29432
29484
28946
34635
34145
34051
34046
34287
34547
28715
29222
29157
28871
28581
34430
34415
34263
34128
34119
34151
34250
28293
28491
28545
28432
28327
34535
34490
34346
34196
34122
34067
34311
34630
28978
28999
28682
34735
34317
34268
34315
34601
34821
28919
29007
34971
34624
34329
34303
34559
34590
34833
35088
29515
29663
29606
35153
34655
34118
34012
34393
34707
35195
29418
29706
29759
29463
35053
34586
34310
34125
34148
34701
28815
29543
29807
29615
29124
34926
34555
34147
34111
34306
34481
34693
28671
28722
28865
28690
34641
34421
34384
34061
34204
34253
34339
34633
28415
34493
34691
34473
34408
34392
34390
34231
34288
34431
34579
34564
34397
34261
34263
34257
34427
34657
34747
34923
28840
28938
34904
34682
34302
34111
34281
34627
35148
29511
29619
29333
35167
34835
34320
34458
34710
35077
29459
29449
29559
29431
35061
34343
34129
34281
34855
29683
30480
30595
30233
29171
34607
34033
33944
34215
34913
29729
30434
30255
29773
34931
34310
33431
33247
33743
34477
29296
30225
30357
29802
28695
34320
33621
33351
33509
33767
34463
28747
29162
29185
28716
34497
33987
33675
33637
33911
34444
28487
29094
28839
28384
34335
34008
33897
33991
34223
34412
34709
28637
28861
29022
34837
34464
34239
34534
34884
28972
29141
29157
35079
34954
34839
34909
34949
34915
35221
29477
29401
29205
35174
34933
34906
34891
28950
29667
29956
29964
29409
34859
34369
33994
34234
34653
35121
29659
29925
29643
28902
34547
33791
33397
33473
34086
34936
29702
30365
30255
29044
34391
33596
33265
33762
34317
28469
29201
29354
29087
28517
34227
33755
33443
33863
34379
28796
29333
29109
28664
34416
34034
33816
34037
34225
34647
29019
29183
29033
28761
34765
34415
34435
34507
34926
28695
28764
35039
34955
35079
35044
34925
34973
35037
28939
28770
34971
34779
34777
34943
35131
35189
35158
28841
35217
35093
34903
34558
34495
34750
34927
35256
35228
28887
35185
34879
34725
34453
34369
34254
34533
34617
34792
34874
34925
34835
34715
34647
34475
34289
34131
34243
34593
34800
34847
34681
34545
34515
34460
34492
34563
34795
28622
28731
28513
34631
34319
34227
34269
34231
34662
28679
29323
29391
29337
28771
34737
34595
34405
34237
34463
34839
29057
29338
28871
34976
34831
34787
34749
34763
35003
28942
28877
35057
34857
34773
34488
34515
34759
35027
28963
29113
28885
35121
34731
34641
34450
34638
34853
35071
35219
29009
35189
34927
34507
34215
34326
34480
34735
34738
34901
35130
35047
34988
34794
34590
34547
34645
34516
34774
34697
34649
34712
34732
34819
34808
34888
28844
34861
34612
34509
34487
34665
28633
28968
28904
28734
28627
34636
34397
34405
34341
34517
28707
29254
29158
28879
34588
34315
34252
34381
34517
34815
29113
29402
29307
28553
34465
34041
33955
34034
34371
34776
29131
29578
29562
35189
34657
34262
33900
34103
34468
34864
29163
29455
29448
28969
34854
34515
34210
34303
34441
34751
