31745
31754
31752
31743
31743
31735
31745
31755
31758
31770
31757
31753
31759
31774
31761
31761
31747
31719
31744
31731
31733
31741
31737
31750
31752
31730
31740
31743
31726
31736
31727
31717
31731
31724
31735
31743
31734
31729
31741
31751
31757
31760
31751
31756
31763
31760
31776
31786
31763
31767
31761
31759
31753
31763
31775
31750
31744
31749
31756
31740
31728
31753
31752
31755
31752
31755
31761
31747
31734
31770
31743
31742
31754
31777
31775
31751
31770
31751
31751
31763
31771
31773
31775
31766
31769
31739
31769
31759
31773
31754
31762
31767
31760
31767
31761
31743
31743
31752
31726
31734
31858
31767
31770
31760
31751
31740
31758
31745
31766
31761
31783
31787
31781
31778
31767
31775
31783
31759
31753
31729
31772
31767
31754
31717
31721
31723
31734
31721
31740
31751
31737
31729
31731
31722
31740
31729
31736
31749
31761
31751
31746
31764
31775
31771
31771
31775
31781
31794
31783
31769
31783
31799
31782
31791
31759
31771
31771
31773
31802
31789
31781
31777
31769
31774
31780
31749
31738
31746
31743
31721
31739
31743
31737
31729
31749
31749
31771
31778
31773
31762
31779
31807
31812
31801
31790
31783
31814
31804
31805
31796
31807
31821
31794
31777
31781
31783
31770
31762
31783
31762
31757
31780
31769
31749
31737
31736
31725
31757
31737
31734
31744
31757
31751
31759
31767
31784
31827
31804
31812
31815
31791
31807
31807
31812
31804
31815
31815
31829
31801
31813
31816
31796
31778
31789
31807
31772
31763
31765
31751
31772
31774
31751
31739
31740
31787
31785
31785
31766
31769
31801
31825
31786
31776
31810
31791
31803
31826
31822
31815
31839
31826
31827
31820
31826
31825
31821
31813
31781
31775
31795
31761
31743
31763
31767
31782
31775
31765
31769
31790
31781
31781
31757
31762
31787
31779
31795
31766
31811
31788
31790
31823
31787
31803
31813
31791
31805
31799
31788
31792
31829
31820
31779
31801
31791
31795
31793
31787
31761
31746
31785
31783
31775
31777
31807
31775
31764
31772
31782
31795
31800
31825
31829
31799
31783
31819
31837
31813
31820
31833
31822
31807
31799
31815
31805
31803
31799
31792
31775
31781
31801
31783
31761
31755
31772
31791
31797
31793
31773
31775
31765
31779
31790
31810
31783
31800
31812
31806
31823
31797
31815
31839
31860
31820
31817
31816
31827
31805
31813
31797
31803
31787
31807
31799
31775
31777
31774
31770
31804
31811
31813
31796
31759
31766
31805
31789
31773
31819
31781
31785
31809
31817
31812
31819
31836
31801
31817
31805
31839
31823
31821
31811
31798
31815
31782
31822
31811
31785
31767
31775
31796
31800
31806
31796
31791
31797
31766
31772
31790
31801
31789
31796
31805
31791
31804
31821
31823
31839
31847
31821
31839
31847
31841
31831
31827
31853
31813
31847
31811
31803
31815
31799
31804
31822
31807
31822
31813
31815
31799
31771
31772
31788
31755
31762
31782
31777
31765
31770
31775
31793
31798
31771
31778
31753
31772
31775
31793
31784
31771
31771
31774
31795
31772
31757
31785
31845
31812
31823
31821
31789
31783
31789
31830
31787
31813
31783
31771
31769
31755
31775
31804
31797
31806
31797
31785
31801
31801
31790
31798
31785
31789
31779
31800
31779
31787
31785
31783
31785
31806
31786
31767
31825
31832
31806
31825
31831
31831
31793
31833
31837
31842
31846
31804
31814
31817
31826
31838
31822
31810
31815
31807
31785
31782
31799
31806
31829
31821
31789
31785
31789
31785
31802
31817
31789
31792
31804
31801
31784
31791
31801
31794
31788
31836
31803
31794
31784
31809
31835
31838
31795
31812
31827
31841
31803
31847
31841
31849
31807
31839
31871
31823
31800
31807
31804
31824
31795
31767
31779
31763
31775
31798
31783
31775
31783
31771
31769
31771
31766
31773
31760
31801
31788
31782
31786
31797
31799
31816
31811
31828
31815
31826
31821
31819
31820
31809
31817
31823
31816
31809
31814
31807
31823
31797
31799
31781
31784
31785
31776
31769
31777
31767
31773
31783
31816
31785
31797
31777
31779
31776
31780
31793
31792
31831
31825
31818
31811
31823
31815
31814
31823
31831
31821
31817
31814
31776
31775
31777
31763
31768
31761
31771
31791
31777
31759
31723
31775
31761
31775
31760
31734
31744
31732
31771
31783
31791
31763
31776
31786
31811
31811
31825
31815
31808
31805
31797
31789
31811
31827
31819
31807
31814
31821
31823
31809
31813
31815
31781
31799
31785
31791
31749
31754
31770
31766
31774
31763
31759
31759
31767
31769
31778
31767
31761
31789
31770
31805
31810
31792
31842
31795
31811
31809
31812
31801
31812
31799
31815
31787
31769
31787
31812
31823
31799
31804
31796
31817
31801
31772
31795
31767
31783
31770
31795
31805
31755
31800
31803
31781
31794
31791
31775
31769
31795
31812
31803
31807
31806
31799
31793
31762
31783
31817
31819
31791
31767
31788
31805
31812
31768
31790
31804
31803
31796
31792
31806
31780
31805
31799
31779
31803
31811
31798
31790
31803
31787
31791
31801
31803
31796
31800
31791
31802
31820
31809
31783
31793
31777
31802
31788
31781
31778
31796
31800
31792
31781
31775
31805
31793
31787
31775
31789
31788
31799
31834
31805
31788
31773
31773
31781
31792
31803
31804
31799
31799
31786
31809
31832
31819
31831
31826
31839
31822
31809
31819
31799
31789
31801
31828
31823
31828
31816
31788
31799
31825
31831
31831
31817
31818
31811
31807
31822
31849
31847
31846
31827
31835
31848
31847
31815
31835
31845
31861
31828
31817
31822
31831
31805
31815
31812
31810
31785
31784
31797
31779
31765
31767
31775
31785
31785
31767
31795
31793
31797
31792
31803
31829
31807
31800
31811
31837
31845
31830
31810
31811
31828
31821
31802
31814
31824
31830
31797
31775
31778
31798
31783
31784
31781
31771
31789
31765
31778
31769
31775
31750
31765
31743
31767
31767
31779
31795
31769
31773
31803
31800
31821
31783
31763
31792
31791
31807
31793
31818
31823
31835
31799
31791
31799
31785
31784
31798
31778
31789
31799
31845
31793
31749
31752
31773
31775
31779
31768
31785
31789
31811
31789
31796
31783
31756
31783
31766
31773
31800
31806
31815
31811
31793
31830
31799
31811
31827
31796
31791
31803
31781
31782
31789
31784
31800
31784
31775
31779
31771
31786
31779
31786
31778
31787
31765
31767
31785
31783
31783
31796
31813
31809
31796
31819
31809
31791
31772
31785
31816
31809
31800
31795
31817
31799
31817
31803
31800
31819
31799
31791
31765
31801
31826
31795
31793
31805
31792
31793
31757
31787
31791
31806
31781
31767
31795
31803
31793
31825
31815
31784
31774
31800
31800
31772
31791
31803
31787
31816
31826
31821
31816
31783
31787
31801
31817
31802
31790
31813
31839
31783
31813
31857
31798
31815
31777
31788
31793
31789
31757
31770
31811
31783
31801
31785
31797
31783
31783
31784
31764
31733
31791
31791
31786
31783
31806
31794
31805
31809
31820
31812
31825
31823
31815
31793
31815
31831
31807
31831
31823
31807
31795
31812
31805
31819
31811
31791
31797
31793
31774
31797
31778
31777
31781
31805
31799
31792
31775
31793
31796
31791
31787
31761
31781
31794
31807
31813
31818
31830
31827
31815
31807
31817
31815
31814
31807
31801
31786
31823
31822
31773
31790
31784
31799
31775
31778
31773
31770
31783
31785
31790
31773
31764
31781
31785
31779
31803
31797
31779
31791
31821
31798
31797
31807
31821
31817
31807
31820
31817
31815
31839
31819
31822
31830
31822
31794
31791
31816
31820
31810
31795
31813
31790
31759
31785
31769
31753
31723
31754
31731
31733
31743
31735
31761
31751
31741
31754
31733
31741
31735
31741
31784
31765
31750
31767
31767
31787
31791
31789
31786
31776
31775
31766
31787
31775
31759
31753
31763
31757
31754
31767
31759
31753
31774
31768
31765
31738
31734
31708
31745
31745
31741
31746
31722
31753
31769
31759
31763
31772
31783
31767
31775
31887
31802
31801
31791
31802
31784
31772
31789
31788
31789
31791
31792
31779
31775
31775
31765
31758
31780
31763
31741
31765
31758
31743
31759
31775
31743
31735
31752
31761
31759
31774
31788
31755
31733
31741
31767
31757
31779
31766
31783
31774
31800
31784
31791
31789
31793
31788
31773
31789
31797
31766
31771
31788
31792
31767
31767
31765
31751
31759
31785
31789
31758
31769
31753
31775
31755
31727
31745
31799
31751
31772
31770
31789
31779
31749
31738
31761
31756
31764
31783
31791
31815
31777
31799
31775
31768
31783
31800
31791
31799
31802
31803
31807
31771
31757
31754
31766
31787
31798
31790
31779
31772
31771
31747
31796
31768
31787
31778
31773
31793
31817
31783
31760
31767
31774
31772
31799
31781
31771
31790
31803
31827
31842
31791
31793
31789
31822
31819
31813
31817
31793
31793
31805
31832
31813
31781
31782
31798
31807
31787
31763
31795
31803
31800
31786
31767
31782
31783
31783
31799
31785
31810
31805
31805
31820
31809
31807
31805
31796
31819
31803
31813
31819
31800
31799
31788
31806
31817
31807
31783
31767
31778
31787
31794
31777
31794
31787
31774
31769
31774
31775
31785
31767
31764
31768
31778
31753
31750
31775
31761
31773
31792
31799
31797
31806
31791
31820
31823
31825
31821
31817
31798
31782
31821
31783
31809
31804
31799
31806
31791
31793
31775
31792
31785
31747
31761
31787
31765
31765
31781
31766
31757
31770
31757
31757
31788
31801
31767
31781
31751
31795
31785
31806
31777
31785
31800
31804
31778
31803
31805
31784
31797
31819
31813
31799
31784
31813
31826
31789
31778
31790
31799
31804
31791
31794
31791
31769
31785
31791
31811
31784
31801
31801
31818
31811
31793
31821
31814
31801
31823
31823
31816
31823
31819
31842
31805
31794
31790
31785
31790
31813
31785
31795
31795
31800
31787
31800
31799
31802
31801
31789
31790
31789
31777
31823
31778
31779
31793
31783
31797
31779
31779
31811
31832
31797
31788
31789
31835
31807
31824
31799
31797
31815
31810
31805
31792
31801
31845
31795
31786
31789
31791
31809
31787
31797
31799
31785
31785
31805
31795
31785
31757
31778
31787
31785
31787
31797
31785
31798
31804
31804
31810
31780
31773
31793
31799
31796
31777
31779
31782
31786
31802
31793
31789
31787
31784
31800
31782
31800
31799
31797
31782
31779
31815
31813
31819
31785
31777
31791
31812
31799
31829
31819
31800
31793
31770
31825
31805
31801
31811
31803
31809
31782
31787
31775
31809
31792
31800
31789
31804
31806
31811
31795
31785
31777
31803
31795
31813
31810
31786
31801
31802
31823
31803
31791
31827
31840
31860
31855
31851
31845
31853
31847
31829
31839
31856
31825
31813
31817
31837
31823
31819
31844
31839
31857
31856
31825
31845
31847
31835
31819
31843
31829
31847
31849
31831
31847
31825
31819
31815
31839
31835
31824
31827
31832
31827
31817
31823
31815
31819
31845
31833
31824
31841
31839
31826
31847
31811
31818
31803
31800
31793
31793
31791
31791
31795
31781
31791
31803
31767
31748
31788
31772
31764
31789
31765
31741
31749
31758
31772
31770
31771
31811
31801
31774
31767
31775
31791
31791
31759
31741
31775
31795
31801
31783
31786
31775
31777
31756
31758
31771
31767
31754
31771
31747
31798
31755
31745
31757
31749
31747
31757
31759
31760
31757
31765
31771
31765
31757
31776
31791
31783
31789
31784
31768
31763
31791
31799
31775
31751
31795
31779
31793
31795
31785
31799
31775
31765
31777
31811
31787
31749
31799
31795
31774
31765
31755
31752
31765
31759
31764
31778
31775
31772
31763
31765
31770
31761
31787
31751
31772
31793
31768
31760
31791
31767
31767
31799
31791
31758
31819
31842
31815
31794
31797
31778
31789
31790
31769
31797
31792
31799
31777
31782
31793
31788
31769
31779
31784
31767
31788
31770
31755
31789
31760
31791
31782
31811
31781
31793
31793
31799
31805
31801
31795
31795
31776
31842
31803
31805
31813
31827
31831
31805
31812
31816
31799
31811
31797
31791
31812
31821
31818
31827
31805
31800
31819
31797
31810
31810
31804
31809
31787
31815
31821
31790
31807
31798
31813
31801
31794
31793
31785
31797
31804
31790
31797
31815
31811
31811
31816
31818
31821
31827
31811
31838
31799
31804
31793
31819
31815
31811
31831
31835
31767
31826
31831
31784
31813
31809
31810
31781
31797
31792
31817
31779
31771
31814
31785
31777
31803
31793
31800
31783
31809
31837
31819
31819
31799
31803
31798
31786
31821
31807
31807
31805
31801
31795
31817
31839
31782
31801
31784
31796
31799
31816
31821
31804
31796
31804
31792
31784
31805
31799
31799
31803
31795
31788
31791
31784
31765
31778
31807
31810
31781
31783
31765
31782
31791
31781
31783
31797
31808
31799
31820
31823
31811
31802
31803
31783
31815
31799
31775
31789
31774
31774
31785
31781
31810
31817
31772
31810
31793
31785
31822
31793
31789
31793
31805
31811
31802
31776
31829
31801
31789
31799
31776
31783
31793
31809
31815
31806
31787
31809
31792
31791
31793
31797
31809
31788
31790
31821
31800
31805
31799
31830
31797
31810
31815
31803
31817
31807
31798
31795
31787
31805
31855
31839
31814
31815
31801
31779
31809
31782
31766
31775
31807
31789
31799
31796
31797
31772
31799
31811
31817
31795
31831
31791
31791
31801
31807
31827
31807
31827
31825
31826
31817
31803
31815
31814
31801
31788
31807
31791
31797
31780
31797
31791
31769
31791
31816
31809
31774
31771
31791
31787
31780
31807
31810
31793
31810
31809
31803
31807
31805
31809
31780
31829
31843
31823
31813
31798
31829
31832
31807
31831
31837
31807
31782
31814
31823
31794
31799
31810
31805
31787
31811
31813
31773
31768
31828
31799
31788
31775
31775
31789
31806
31790
31823
31817
31803
31799
31783
31809
31821
31789
31806
31822
31831
31827
31845
31825
31807
31812
31816
31795
31821
31810
31813
31821
31823
31809
31807
31802
31826
31801
31801
31797
31777
31772
31779
31776
31781
31809
31808
31800
31800
31793
31783
31797
31811
31791
31795
31809
31802
31795
31822
31808
31817
31832
31809
31826
31813
31813
31783
31821
31827
31827
31808
31792
31825
31810
31793
31803
31823
31797
31786
31781
31820
31793
31815
31807
31813
31787
31806
31799
31763
31777
31797
31791
31798
31803
31781
31791
31801
31819
31801
31785
31813
31785
31791
31805
31802
31811
31797
31816
31817
31789
31781
31788
31803
31775
31816
31765
31765
31785
31807
31817
31775
31792
31779
31783
31788
31762
31777
31772
31759
31759
31804
31800
31776
31789
31788
31775
31792
31811
31801
31806
31817
31818
31800
31799
31806
31816
31790
31800
31819
31824
31792
31800
31813
31800
31801
31819
31818
31789
31820
31803
31759
31787
31774
31791
31790
31800
31793
31795
31801
31802
31785
31798
31817
31794
31803
31818
31816
31783
31805
31819
31814
31801
31789
31801
31794
31801
31789
31797
31807
31831
31811
31807
31802
31813
31767
31814
31805
31783
31827
31832
31806
31806
31786
31783
31765
31791
31806
31804
31786
31795
31779
31773
31787
31763
31781
31785
31785
31804
31802
31799
31783
31767
31773
31777
31801
31816
31810
31803
31795
31783
31811
31807
31825
31811
31797
31769
31789
31793
31782
31815
31811
31799
31784
31778
31772
31806
31801
31798
31782
31783
31785
31779
31755
31788
31809
31811
31803
31777
31810
31783
31781
31828
31831
31807
31788
31800
31800
31787
31815
31821
31789
31811
31801
31805
31775
31782
31787
31803
31805
31767
31771
31759
31781
31789
31793
31799
31788
31787
31785
31788
31803
31783
31775
31779
31789
31796
31811
31801
31797
31812
31799
31796
31800
31792
31830
31815
31800
31799
31829
31807
31800
31790
31819
31787
31804
31774
31794
31820
31785
31782
31787
31788
31786
31783
31805
31795
31794
31792
31778
31788
31792
31785
31807
31773
31807
31783
31810
31814
31788
31801
31815
31765
31783
31780
31807
31812
31809
31801
31809
31813
31797
31788
31823
31783
31823
31812
31807
31789
31785
31813
31823
31807
31804
31790
31783
31765
31780
31803
31823
31803
31800
31784
31758
31791
31789
31813
31799
31774
31817
31822
31808
31807
31809
31806
31805
31799
31815
31826
31801
31803
31823
31804
31828
31813
31812
31792
31834
31820
31791
31789
31807
31805
31799
31815
31837
31826
31795
31783
31810
31799
31800
31814
31799
31785
31784
31792
31781
31803
31805
31790
31805
31793
31791
31824
31785
31814
31809
31819
31792
31823
31818
31806
31775
31812
31822
31817
31824
31796
31791
31810
31797
31802
31802
31803
31807
31809
31795
31807
31785
31801
31805
31793
31788
31792
31805
31817
31828
31815
31808
31807
31807
31799
31785
31798
31783
31781
31789
31786
31837
31815
31806
31805
31811
31798
31790
31801
31809
31825
31815
31815
31835
31807
31813
31807
31792
31798
31793
31825
31837
31825
31817
31806
31819
31821
31804
31815
31791
31797
31822
31803
31801
31822
31805
31816
31823
31819
31820
31816
31800
31816
31829
31827
31807
31807
31800
31813
31793
31815
31808
31835
31819
31813
31799
31799
31799
31831
31813
31801
31802
31823
31821
31851
31848
31825
31804
31791
31804
31777
31771
31815
31816
31813
31797
31801
31808
31802
31798
31783
31791
31785
31813
31841
31804
31808
31816
31821
31789
31791
31831
31823
31805
31812
31807
31795
31798
31782
31787
31791
31817
31803
31793
31823
31820
31805
31787
31796
31797
31797
31772
31810
31803
31785
31829
31837
31798
31797
31822
31807
31813
31799
31803
31829
31829
31797
31785
31801
31809
31825
31849
31807
31805
31801
31797
31794
31805
31837
31819
31814
31792
31795
31827
31817
31807
31801
31814
31815
31791
31807
31813
31807
31813
31818
31809
31788
31777
31774
31817
31778
31816
31819
31813
31825
31814
31798
31807
31811
31777
31796
31809
31819
31785
31795
31800
31815
31818
31777
31807
31799
31789
31819
31795
31793
31795
31775
31805
31798
31769
31769
31801
31812
31798
31803
31789
31802
31809
31822
31811
31810
31815
31799
31797
31801
31815
31813
31829
31795
31800
31799
31821
31812
31780
31797
31793
31824
31795
31783
31796
31806
31795
31787
31777
31809
31796
31799
31797
31795
31769
31772
31799
31793
31798
31819
31785
31767
31773
31784
31799
31785
31799
31809
31801
31797
31786
31807
31814
31793
31789
31806
31801
31823
31793
31783
31795
31815
31796
31787
31806
31802
31807
31799
31779
31789
31800
31809
31821
31808
31801
31782
31773
31769
31799
31831
31807
31798
31785
31790
31804
31786
31802
31805
31799
31807
31786
31820
31810
31810
31803
31823
31816
31800
31831
31807
31798
31804
31825
31799
31813
31792
31813
31804
31801
31813
31807
31801
31797
31778
31783
31785
31779
31795
31794
31807
31798
31784
31786
31791
31761
31799
31770
31807
31815
31809
31812
31807
31815
31835
31823
31793
31787
31806
31804
31793
31790
31813
31799
31792
31791
31815
31787
31787
31823
31817
31833
31809
31791
31812
31809
31787
31792
31803
31801
31802
31828
31819
31803
31787
31793
31811
31831
31803
31796
31811
31789
31804
31799
31793
31788
31785
31817
31799
31804
31805
31824
31809
31802
31791
31795
31807
31793
31822
31789
31798
31794
31791
31789
31777
31785
31786
31792
31821
31812
31781
31781
31783
31813
31804
31785
31798
31803
31775
31797
31819
31801
31808
31794
31767
31785
31794
31801
31801
31814
31831
31818
31799
31802
31788
31801
31784
31799
31761
31769
31781
31792
31787
31781
31767
31799
31797
31769
31764
31775
31795
31785
31791
31783
31771
31771
31806
31830
31788
31776
31793
31806
31805
31785
31787
31797
31804
31796
31807
31803
31810
31815
31773
31780
31803
31823
31770
31813
31795
31776
31784
31800
31798
31793
31798
31802
31784
31789
31781
31813
31788
31785
31765
31791
31817
31764
31821
31781
31807
31795
31815
31799
31771
31798
31813
31785
31813
31801
31791
31810
31791
31814
31801
31797
31773
31811
31811
31800
31777
31783
31802
31817
31791
31787
31786
31777
31789
31775
31787
31828
31791
31781
31789
31784
31783
31783
31802
31810
31805
31830
31804
31783
31778
31797
31803
31812
31799
31802
31794
31817
31801
31824
31807
31785
31786
31818
31835
31803
31767
31779
31813
31809
31813
31797
31785
31780
31793
31798
31821
31797
31805
31827
31813
31785
31815
31789
31797
31773
31811
31797
31783
31797
31793
31817
31810
31807
31792
31799
31805
31795
31821
31823
31804
31791
31787
31812
31795
31797
31832
31804
31833
31804
31817
31827
31799
31804
31809
31804
31820
31825
31792
31807
31779
31771
31816
31793
31799
31767
31767
31812
31793
31799
31795
31771
31806
31821
31831
31825
31797
31797
31786
31807
31783
31810
31814
31798
31803
31783
31812
31801
31805
31796
31798
31783
31789
31825
31792
31791
31789
31803
31801
31813
31809
31790
31783
31812
31813
31819
31801
31799
31815
31802
31769
31804
31803
31778
31823
31825
31827
31804
31784
31799
31807
31818
31795
31817
31814
31833
31836
31803
31783
31788
31796
31821
31797
31777
31802
31795
31795
31795
31796
31781
31783
31777
31759
31745
31770
31781
31785
31781
31779
31767
31767
31785
31779
31767
31779
31767
31777
31783
31767
31751
31770
31797
31791
31767
31783
31791
31785
31768
31793
31813
31783
31775
31778
31778
31799
31779
31792
31786
31805
31800
31789
31781
31778
31791
31813
31803
31793
31782
31796
31788
31785
31785
31743
31750
31780
31786
31811
31813
31809
31805
31788
31795
31793
31777
31787
31783
31761
31781
31795
31787
31787
31801
31805
31791
31795
31796
31817
31804
31815
31799
31788
31798
31794
31789
31791
31799
31815
31789
31783
31806
31815
31784
31787
31792
31784
31815
31799
31814
31809
31826
31807
31779
31795
31797
31777
31823
31809
31815
31791
31803
31795
31777
31788
31823
31806
31783
31811
31806
31793
31767
31804
31805
31783
31778
31806
31772
31763
31807
31803
31797
31806
31813
31768
31805
31803
31792
31807
31799
31785
31811
31821
31803
31827
31789
31818
31813
31807
31793
31827
31781
31767
31807
31797
31798
31811
31772
31802
31791
31822
31789
31795
31800
31804
31819
31799
31799
31806
31802
31791
31787
31801
31825
31803
31800
31787
31783
31787
31831
31802
31801
31826
31817
31825
31781
31821
31806
31792
31818
31832
31796
31809
31793
31776
31802
31819
31819
31805
31805
31796
31805
31807
31811
31828
31832
31799
31799
31799
31795
31815
31810
31804
31805
31788
31790
31823
31783
31801
31825
31813
31819
31801
31810
31797
31815
31827
31820
31813
31801
31816
31823
31801
31805
31820
31826
31781
31831
31807
31784
31813
31799
31791
31801
31803
31789
31791
31799
31796
31803
31810
31795
31788
31823
31814
31783
31789
31813
31836
31793
31787
31813
31816
31843
31795
31805
31824
31803
31813
31829
31794
31820
31797
31813
31789
31827
31787
31787
31817
31807
31802
31795
31812
31771
31808
31805
31799
31786
31765
31785
31805
31804
31803
31786
31818
31851
31815
31800
31804
31802
31803
31803
31799
31799
31827
31821
31796
31799
31775
31805
31805
31795
31790
31767
31807
31792
31786
31783
31819
31777
31775
31792
31809
31791
31781
31801
31794
31809
31810
31813
31799
31805
31815
31807
31838
31822
31824
31801
31788
31793
31783
31779
31771
31808
31803
31795
31787
31766
31800
31792
31799
31801
31811
31820
31792
31796
31820
31838
31829
31842
31847
31834
31809
31802
31819
31815
31825
31823
31839
31835
31811
31810
31799
31799
31801
31805
31799
31797
31791
31789
31779
31805
31789
31775
31799
31808
31788
31787
31771
31809
31831
31814
31807
31807
31807
31823
31814
31803
31829
31815
31830
31833
31814
31807
31807
31809
31823
31811
31813
31821
31813
31803
31805
31805
31801
31795
31809
31815
31800
31775
31777
31787
31791
31775
31809
31807
31809
31797
31793
31810
31803
31811
31804
31810
31798
31806
31786
31801
31815
31782
31779
31780
31832
31813
31799
31777
31775
31764
31805
31815
31799
31795
31783
31800
31812
31807
31791
31787
31799
31799
31783
31786
31818
31839
31841
31844
31857
31839
31860
31836
31841
31839
31858
31877
31873
31886
31863
31879
31887
31891
31887
31905
31913
31873
31896
31907
31905
31928
31929
31951
31979
31954
31954
31999
31999
32023
32043
32007
32012
32008
32027
32056
32081
32077
32053
32045
32055
32079
32039
32027
32049
32058
32021
32045
32064
32079
32054
32025
32019
32009
32021
32044
32033
32043
32051
32039
32039
32081
32089
32124
32108
32105
32145
32125
32140
32163
32169
32149
32152
32183
32205
32263
32277
32246
32261
32239
32219
32266
32243
32255
32262
32238
32225
32201
32191
32175
32173
32167
32103
32080
32067
32029
32021
32002
31982
31959
31937
31959
31959
31930
31922
31895
31895
31873
31846
31843
31862
31876
31905
31910
31901
31907
31877
31863
31824
31791
31785
31795
31807
31816
31828
31816
31767
31741
31704
31711
31719
31714
31689
31653
31598
31586
31620
31641
31667
31666
31623
31555
31501
31493
31539
31617
31622
31604
31587
31553
31568
31635
31692
31691
31659
31629
31607
31635
31673
31709
31766
31745
31727
31683
31671
31714
31748
31784
31769
31713
31678
31683
31701
31729
31735
31726
31723
31730
31679
31652
31675
31713
31739
31722
31675
31655
31667
31707
31728
31777
31804
31753
31695
31671
31703
31766
31823
31839
31810
31807
31819
31815
31809
31837
31879
31867
31833
31789
31751
31785
31845
31889
31883
31813
31780
31793
31774
31779
31789
31839
31835
31754
31747
31724
31779
31813
31808
31781
31713
31713
31707
31722
31775
31805
31823
31815
31775
31751
31781
31820
31862
31861
31843
31831
31799
31797
31864
31873
31891
31903
31827
31804
31789
31833
31835
31845
31820
31786
31789
31791
31799
31806
31790
31807
31791
31731
31697
31727
31767
31773
31761
31749
31725
31735
31767
31754
31755
31801
31787
31771
31752
31734
31791
31811
31829
31803
31787
31787
31825
31798
31785
31792
31799
31806
31799
31782
31798
31819
31811
31815
31777
31769
31797
31778
31793
31780
31767
31787
31793
31797
31773
31753
31760
31756
31771
31779
31791
31798
31779
31767
31781
31783
31799
31795
31793
31805
31785
31791
31810
31823
31813
31807
31817
31801
31775
31745
31772
31780
31765
31793
31789
31787
31764
31755
31769
31777
31791
31784
31784
31759
31757
31755
31784
31767
31778
31777
31767
31761
31783
31794
31796
31798
31805
31787
31800
31797
31789
31797
31793
31787
31781
31793
31780
31784
31781
31797
31792
31787
31799
31778
31805
31797
31807
31801
31820
31796
31767
31759
31751
31772
31764
31774
31804
31786
31764
31772
31773
31779
31796
31810
31787
31774
31777
31774
31793
31839
31815
31823
31827
31776
31773
31814
31807
31824
31830
31812
31785
31777
31790
31792
31807
31811
31803
31775
31797
31778
31781
31783
31790
31761
31769
31780
31780
31783
31793
31807
31783
31799
31782
31770
31751
31782
31802
31793
31787
31800
31797
31798
31809
31808
31798
31813
31824
31831
31839
31791
31819
31831
31842
31787
31783
31768
31759
31787
31813
31789
31799
31801
31781
31765
31767
31783
31783
31779
31768
31799
31789
31805
31804
31805
31812
31809
31803
31822
31813
31805
31833
31842
31832
31845
31815
31840
31831
31850
31845
31805
31784
31806
31798
31819
31815
31791
31811
31795
31792
31799
31805
31824
31810
31805
31769
31813
31808
31804
31787
31782
31801
31810
31814
31804
31793
31823
31801
31817
31828
31815
31816
31831
31831
31824
31807
31812
31816
31848
31835
31811
31799
31807
31791
31800
31815
31813
31805
31803
31795
31785
31784
31790
31780
31794
31789
31811
31789
31815
31794
31805
31815
31803
31832
31820
31815
31795
31812
31833
31834
31837
31811
31836
31824
31841
31821
31803
31823
31823
31774
31791
31781
31765
31751
31767
31755
31743
31742
31737
31751
31745
31739
31775
31765
31775
31764
31785
31782
31755
31762
31805
31770
31754
31753
31801
31801
31799
31794
31821
31806
31789
31774
31799
31768
31768
31791
31783
31778
31764
31756
31766
31759
31768
31773
31755
31753
31763
31751
31749
31758
31795
31778
31737
31715
31762
31756
31767
31753
31729
31751
31758
31781
31783
31783
31778
31791
31788
31782
31755
31782
31793
31785
31799
31760
31747
31797
31791
31792
31794
31773
31751
31751
31743
31769
31806
31788
31769
31760
31771
31757
31793
31773
31774
31806
31791
31773
31775
31751
31795
31794
31791
31794
31791
31791
31777
31765
31781
31799
31791
31786
31799
31799
31782
31791
31789
31812
31799
31765
31761
31765
31756
31795
31807
31753
31759
31783
31783
31775
31769
31780
31791
31793
31776
31779
31802
31781
31773
31785
31769
31775
31772
31807
31793
31764
31779
31771
31779
31773
31789
31767
31769
31779
31756
31773
31787
31767
31799
31790
31757
31787
31782
31794
31789
31787
31802
31831
31847
31927
31924
31924
31943
31917
31927
31942
31967
31970
31937
31925
31915
31917
31897
31895
31901
31894
31915
31933
31928
31923
31911
31921
31903
31900
31977
32137
32241
32215
32181
32166
32152
32127
32103
32099
32081
32089
32055
32055
32032
32033
32002
32041
32041
32041
31995
31997
31993
31991
32001
31983
31985
31996
31981
31990
32009
31994
31997
31954
31927
31934
31935
31946
31946
31951
31931
31897
31883
31889
31896
31869
31869
31874
31836
31841
31839
31834
31831
31842
31805
31765
31775
31794
31783
31786
31783
31787
31803
31799
31790
31791
31781
31773
31780
31767
31766
31743
31754
31776
31772
31750
31755
31759
31765
31774
31787
31767
31743
31743
31751
31741
31743
31751
31740
31719
31746
31733
31707
31716
31708
31697
31674
31673
31688
31645
31665
31655
31640
31669
31691
31679
31684
31678
31696
31717
31706
31711
31741
31739
31769
31754
31759
31769
31767
31787
31789
31787
31783
31780
31773
31761
31754
31758
31747
31730
31735
31722
31723
31711
31699
31721
31703
31711
31718
31688
31719
31712
31701
31703
31715
31735
31742
31738
31743
31793
31805
31782
31786
31789
31796
31791
31809
31806
31822
31822
31794
31811
31813
31815
31799
31794
31805
31819
31795
31781
31779
31779
31785
31767
31763
31759
31758
31767
31752
31784
31758
31764
31787
31806
31793
31807
31783
31795
31815
31804
31833
31859
31847
31831
31823
31844
31857
31871
31861
31874
31895
31893
31877
31839
31849
31867
31865
31862
31851
31847
31839
31847
31841
31850
31821
31825
31816
31821
31801
31799
31827
31829
31823
31817
31831
31822
31825
31817
31851
31845
31835
31839
31873
31863
31888
31867
31873
31895
31894
31910
31895
31866
31877
31879
31875
31886
31879
31864
31864
31889
31859
31868
31861
31822
31852
31828
31808
31791
31788
31779
31785
31797
31804
31806
31815
31821
31829
31798
31791
31831
31835
31828
31841
31853
31851
31868
31869
31861
31851
31847
31823
31803
31803
31811
31825
31813
31783
31816
31807
31801
31777
31788
31799
31765
31747
31780
31769
31763
31761
31769
31780
31797
31827
31805
31824
31804
31820
31816
31814
31841
31851
31828
31839
31822
31836
31824
31835
31821
31812
31837
31831
31823
31805
31809
31765
31771
31805
31766
31797
31746
31775
31767
31759
31738
31738
31741
31765
31775
31795
31785
31791
31797
31788
31794
31790
31795
31775
31775
31831
31831
31822
31822
31815
31825
31847
31845
31830
31825
31816
31836
31800
31779
31784
31784
31770
31773
31765
31760
31736
31748
31767
31759
31758
31787
31758
31783
31812
31786
31778
31805
31803
31819
31817
31831
31805
31805
31815
31823
31823
31839
31826
31815
31844
31841
31803
31819
31808
31813
31772
31779
31775
31759
31751
31749
31755
31773
31749
31764
31763
31751
31779
31765
31802
31772
31785
31799
31798
31792
31811
31799
31804
31805
31820
31849
31833
31830
31831
31834
31841
31851
31821
31821
31817
31802
31794
31810
31800
31827
31795
31779
31795
31764
31780
31775
31767
31755
31767
31788
31781
31781
31813
31813
31791
31813
31819
31835
31840
31839
31826
31854
31862
31850
31857
31820
31831
31847
31827
31815
31828
31826
31831
31821
31812
31821
31826
31813
31810
31789
31783
31779
31796
31797
31784
31813
31797
31811
31782
31799
31777
31802
31791
31801
31811
31823
31811
31799
31821
31839
31858
31857
31846
31831
31829
31835
31829
31806
31799
31823
31849
31837
31816
31840
31859
31857
31833
31816
31822
31841
31838
31805
31812
31799
31835
31805
31802
31790
31801
31818
31813
31813
31809
31803
31820
31793
31789
31775
31817
31802
31792
31811
31830
31814
31821
31817
31833
31845
31863
31829
31843
31853
31837
31856
31839
31852
31847
31847
31837
31839
31882
31849
31805
31803
31812
31817
31781
31811
31812
31804
31807
31807
31802
31810
31783
31801
31802
31783
31774
31801
31817
31825
31815
31833
31828
31845
31847
31861
31860
31862
31841
31847
31843
31823
31809
31819
31831
31826
31815
31845
31835
31798
31809
31783
31780
31782
31771
31767
31742
31770
31784
31757
31765
31761
31803
31789
31794
31797
31770
31799
31809
31831
31821
31837
31857
31847
31861
31847
31838
31865
31867
31879
31842
31824
31830
31871
31839
31831
31813
31796
31805
31799
31804
31795
31762
31765
31761
31766
31765
31767
31778
31769
31787
31775
31787
31779
31759
31799
31797
31831
31799
31822
31843
31854
31870
31839
31848
31859
31851
31855
31855
31845
31832
31837
31855
31847
31811
31805
31809
31823
31829
31783
31796
31799
31799
31779
31769
31777
31793
31810
31799
31805
31802
31797
31791
31807
31825
31823
31832
31844
31838
31839
31862
31840
31835
31809
31839
31841
31842
31837
31849
31836
31857
31842
31839
31831
31803
31833
31779
31821
31823
31797
31785
31799
31819
31822
31799
31814
31809
31803
31809
31801
31809
31811
31792
31786
31785
31779
31797
31813
31791
31801
31831
31829
31831
31831
31833
31815
31806
31816
31831
31831
31857
31846
31830
31814
31824
31831
31812
31829
31839
31803
31824
31797
31810
31816
31817
31777
31800
31816
31827
31807
31807
31811
31815
31807
31808
31791
31799
31775
31775
31799
31791
31789
31820
31820
31799
31811
31837
31853
31827
31839
31855
31835
31847
31839
31865
31839
31839
31860
31845
31819
31825
31831
31830
31803
31807
31776
31805
31791
31802
31794
31795
31791
31782
31785
31774
31802
31819
31799
31811
31825
31803
31785
31821
31794
31833
31819
31819
31837
31866
31863
31850
31843
31843
31845
31831
31828
31844
31814
31823
31851
31832
31821
31844
31803
31806
31813
31791
31798
31765
31762
31760
31739
31751
31731
31712
31717
31745
31756
31735
31749
31769
31777
31777
31775
31800
31809
31814
31803
31807
31807
31791
31807
31803
31777
31803
31778
31797
31807
31795
31791
31779
31788
31765
31777
31779
31766
31760
31735
31759
31751
31805
31778
31753
31735
31748
31757
31761
31767
31761
31770
31760
31784
31800
31823
31799
31800
31790
31824
31792
31795
31815
31811
31799
31803
31813
31813
31801
31810
31823
31814
31800
31781
31789
31789
31801
31772
31759
31766
31769
31745
31743
31743
31765
31772
31772
31758
31743
31761
31778
31769
31775
31795
31819
31774
31785
31805
31841
31796
31793
31816
31816
31807
31791
31790
31783
31815
31804
31822
31791
31821
31807
31807
31800
31800
31779
31777
31753
31767
31778
31785
31799
31781
31765
31784
31770
31859
31791
31805
31806
31778
31821
31815
31791
31811
31813
31793
31805
31799
31815
31818
31827
31789
31809
31799
31808
31822
31805
31819
31807
31827
31802
31792
31809
31831
31811
31788
31803
31792
31772
31804
31785
31796
31801
31786
31791
31809
31817
31815
31807
31765
31763
31790
31752
31785
31798
31798
31790
31790
31821
31799
31824
31821
31820
31835
31849
31845
31819
31820
31820
31862
31847
31829
31834
31839
31821
31830
31810
31814
31821
31818
31820
31789
31783
31783
31793
31792
31775
31782
31809
31785
31785
31771
31779
31796
31795
31793
31776
31793
31833
31791
31817
31811
31822
31833
31865
31841
31843
31840
31831
31828
31841
31871
31841
31836
31841
31822
31815
31836
31833
31809
31801
31792
31774
31783
31809
31767
31789
31796
31799
31791
31798
31817
31814
31786
31780
31802
31783
31794
31858
31839
31827
31845
31867
31841
31835
31827
31831
31855
31831
31842
31839
31852
31842
31805
31803
31804
31823
31817
31780
31783
31785
31784
31783
31772
31767
31765
31775
31780
31792
31790
31777
31773
31794
31787
31790
31792
31807
31799
31792
31807
31827
31803
31825
31847
31847
31844
31843
31845
31832
31803
31818
31803
31815
31816
31852
31831
31814
31804
31802
31819
31794
31775
31766
31773
31813
31816
31809
31814
31799
31823
31797
31772
31793
31791
31800
31803
31825
31827
31865
31810
31847
31864
31853
31822
31823
31839
31857
31866
31863
31837
31835
31820
31834
31829
31800
31835
31825
31837
31807
31826
31847
31834
31838
31798
31791
31807
31831
31822
31799
31809
31809
31823
31817
31823
31821
31824
31801
31801
31791
31817
31816
31823
31785
31812
31815
31851
31827
31860
31827
31836
31809
31828
31837
31841
31831
31821
31807
31817
31835
31794
31821
31813
31827
31815
31809
31801
31844
31846
31813
31793
31785
31826
31788
31784
31767
31761
31775
31775
31779
31789
31799
31813
31807
31791
31815
31801
31800
31815
31822
31827
31823
31839
31833
31851
31835
31819
31828
31843
31856
31851
31821
31829
31825
31821
31828
31826
31827
31815
31817
31833
31827
31813
31809
31807
31815
31803
31806
31799
31804
31807
31804
31807
31803
31792
31797
31805
31831
31833
31846
31818
31848
31851
31848
31864
31821
31844
31861
31843
31865
31848
31833
31831
31846
31846
31824
31825
31828
31831
31799
31807
31817
31807
31793
31818
31775
31787
31801
31807
31805
31825
31811
31806
31803
31801
31792
31831
31811
31831
31868
31869
31847
31862
31859
31876
31849
31839
31871
31817
31829
31825
31826
31813
31820
31819
31805
31777
31773
31799
31794
31785
31777
31765
31760
31785
31797
31791
31762
31769
31781
31789
31802
31806
31803
31811
31809
31823
31823
31831
31821
31830
31831
31853
31859
31831
31853
31845
31837
31832
31807
31819
31829
31795
31803
31815
31817
31805
31796
31793
31783
31808
31785
31801
31807
31807
31798
31789
31781
31801
31818
31812
31805
31824
31815
31838
31848
31843
31833
31829
31836
31831
31863
31851
31845
31853
31859
31850
31840
31848
31788
31839
31838
31801
31799
31783
31781
31796
31817
31807
31783
31805
31793
31817
31824
31823
31821
31824
31810
31817
31845
31829
31822
31815
31803
31822
31831
31835
31831
31839
31837
31847
31820
31807
31840
31836
31857
31808
31821
31819
31817
31812
31832
31835
31823
31831
31833
31828
31830
31835
31823
31824
31834
31827
31813
31823
31829
31832
31829
31819
31829
31835
31835
31813
31825
31799
31801
31789
31821
31817
31821
31835
31845
31839
31837
31792
31821
