32638
33391
32597
32756
33214
32953
32668
33218
32508
32471
33325
33023
32859
32611
32685
32693
32561
32555
33271
33493
32344
32610
32517
32421
32396
32772
32977
32676
32281
32960
32669
32303
32699
32983
33045
33315
32939
32621
32332
32917
32964
32720
32533
32368
32687
33142
33288
32664
33302
33292
33301
32813
32415
32399
32397
32791
33005
33207
33068
32203
32255
33015
33323
32993
32400
32400
32520
33290
32535
32248
32982
33077
33228
32446
32791
32805
33189
32510
32947
33071
32884
32572
32393
32566
33111
33165
33079
32803
32621
32586
32343
32791
32543
32393
32951
33113
33111
32474
32893
32918
33124
32953
32924
32624
32853
32375
32479
32759
33181
33134
32767
32784
33113
32759
32643
32991
32637
32127
33415
33207
32805
32908
32516
32575
32655
33324
33365
33241
32492
32907
33093
33060
33155
33075
32480
32468
32623
32481
32362
32850
33082
33191
33314
33287
33166
32863
32769
32722
32675
32851
32773
33199
33159
32377
32596
32788
33121
33135
32823
32673
33033
32317
32519
32590
33016
33557
33675
32762
32456
32295
33065
33295
32501
32535
32511
32590
32631
32823
32454
32903
33569
33637
32293
33061
33379
32784
32967
32134
33084
33226
32930
33211
32970
32303
33075
32728
32263
32195
33175
32379
32701
32383
32528
33140
32167
32846
32369
32399
33128
33355
32809
32679
32805
33160
33342
33073
33036
32531
32555
32911
33013
33285
32410
32337
32879
32441
32301
32365
32683
33181
33123
32748
32835
33295
32928
32810
32447
32591
32691
32996
33116
33189
33009
32741
32411
32345
33285
32830
32463
32387
33159
33179
32937
32300
33139
32893
32824
32800
32724
33013
33231
33219
32710
32510
33144
32631
32626
32621
32806
33221
32564
32361
32693
32791
32494
32537
32431
32501
32529
32759
32758
32805
32841
33198
32992
32847
32663
32892
33021
32879
32575
32456
32508
33108
32850
32535
32468
32528
33147
32751
32455
32464
32997
33080
32569
32690
32935
33047
32795
32869
33083
32958
32827
32646
32691
33003
32424
32687
32729
32801
32621
32463
32497
32820
33107
32661
32625
32505
32697
33049
33065
32532
32760
32838
33035
32710
32525
32508
32503
32519
32909
33049
32479
32535
32897
33113
32750
32546
33055
33083
33121
33095
33052
32911
32609
32775
33043
32755
32841
33173
32871
32596
32571
32885
33030
32793
32915
33035
32873
32454
32837
33041
32827
32871
32599
32542
32411
33071
32985
32605
32396
32445
32847
32645
32773
32564
33065
33020
32943
32614
32807
32935
32839
33015
32609
32711
32883
32478
32983
32575
32731
32679
32881
32840
32843
32828
32630
32632
32558
32577
32847
32661
32761
32780
32857
32932
32753
32497
32819
32775
32636
32769
32959
32829
32837
33023
33021
32879
32814
32755
32596
32581
32755
32912
33002
32565
32596
32581
32704
32895
32718
32858
32792
32829
32813
32823
32634
32806
32759
32710
32945
32924
33001
32897
32582
32671
32855
32919
32777
32686
32629
32825
32867
32844
32751
32815
32809
32831
32811
32745
32671
32662
32670
32973
32913
33062
33209
32624
32600
33145
32344
32643
32945
32364
32785
32994
32927
33289
32578
32769
32643
32379
32789
33099
32588
33128
32679
32350
32791
33159
33379
33145
32917
32857
32600
32629
32401
33136
33009
32797
32506
32830
32853
32373
32419
32623
32681
32572
33009
32725
32518
32700
32583
32788
32975
33049
32841
32901
33187
32779
32671
32572
32476
32436
32605
33023
33047
33000
32631
32657
33095
32879
32751
32797
32914
33008
32634
32524
32854
32927
32491
33150
32861
32962
33076
32901
32900
32897
32911
32646
32647
33050
33050
33041
32657
32537
32535
32501
32936
33113
32527
32797
32552
32757
32739
32746
32949
32903
32989
32919
32674
32805
32656
32543
32529
32576
32651
32973
32847
32991
32782
32795
32669
32801
32890
32965
32950
32816
32719
32606
