32173
32093
32193
32320
32360
32401
32374
32237
32039
31863
31703
31623
31669
31713
31771
31802
31749
31669
31682
31781
31957
32103
32063
31918
31779
31679
31621
31621
31641
31637
31705
31815
31958
32152
32263
32301
32297
32230
32166
32160
32186
32259
32391
32512
32658
32847
33103
33335
33563
33671
33601
33505
33463
33441
33463
33490
33483
33511
33585
33691
33783
33943
34111
34205
34202
34036
33787
33571
33387
33162
32993
32911
32931
33073
33179
33134
33011
32822
32575
32361
32207
32019
31905
31851
31823
31866
31942
31971
32000
31995
31914
31905
31849
31735
31615
31559
31411
31298
31247
31233
31350
31575
31716
31830
31949
31950
32019
32021
31934
31903
31889
31835
31870
32016
32154
32340
32498
32544
32592
32687
32717
32739
32745
32701
32747
32863
32980
33117
33284
33407
33559
33735
33793
33838
33869
33882
33861
33862
33827
33756
33670
33537
33495
33551
33623
33641
33653
33601
33503
33434
33298
33139
32969
32871
32831
32787
32713
32522
32313
32183
32155
32183
32127
32022
31907
31805
31698
31587
31497
31431
31361
31349
31423
31549
31669
31767
31812
31827
31803
31751
31695
31713
31783
31815
31768
31671
31684
31786
31998
32234
32413
32506
32499
32499
32502
32541
32605
32620
32559
32527
32487
32539
32739
32947
33159
33343
33431
33517
33523
33477
33340
33271
33239
33234
33315
33437
33615
33781
33897
33883
33825
33736
33616
33593
33568
33483
33335
33120
32923
32821
32847
32886
33006
33089
33036
32882
32714
32477
32298
32094
31909
31789
31741
31688
31741
31843
31865
31878
31862
31815
31850
31865
31783
31671
31515
31399
31407
31570
31799
31999
32133
32165
32221
32269
32255
32183
32106
32060
32033
32077
32104
32189
32254
32319
32434
32623
32768
32869
32920
32908
32854
32839
32809
32766
32735
32800
32929
33081
33219
33296
33334
33334
33344
33393
33413
33458
33447
33396
33359
33353
33311
33313
33343
33411
33507
33541
33487
33319
33135
32951
32842
32793
32737
32656
32633
32608
32605
32570
32504
32416
32303
32209
32181
32169
32111
32050
31962
31888
31831
31779
31797
31883
31975
32024
32044
32008
31930
31847
31823
31847
31951
31993
31999
32000
32005
32036
32091
32179
32285
32379
32448
32473
32447
32407
32309
32245
32275
32375
32538
32687
32758
32765
32726
32702
32735
32839
32961
33012
33043
33036
33054
33048
33039
33044
33099
33184
33337
33431
33511
33529
33492
33422
33325
33206
33158
33181
33213
33255
33278
33200
33100
33064
33078
33115
33116
33005
32799
32605
32460
32413
32449
32451
32395
32367
32322
32239
32197
32139
32084
31999
31933
31871
31853
31783
31691
31653
31723
31810
31949
32065
32129
32179
32171
32087
31991
31901
31855
31883
31975
32076
32133
32167
32150
32175
32277
32383
32495
32551
32551
32499
32459
32457
32469
32524
32580
32677
32839
33017
33159
33202
33155
33076
33023
32958
33023
33153
33275
33365
33407
33431
33495
33556
33587
33645
33631
33570
33470
33415
33368
33295
33252
33161
33113
33100
33091
33057
32948
32846
32743
32669
32585
32451
32309
32169
32096
32084
32093
32074
32049
32051
32048
32030
31984
31863
31709
31571
31492
31511
31580
31698
31798
31895
31950
31927
31865
31828
31846
31918
32017
32084
32111
32104
32085
32067
32115
32200
32291
32342
32410
32486
32563
32600
32607
32621
32667
32719
32839
33031
33212
33293
33305
33255
33241
33283
33357
33436
33510
33535
33526
33481
33447
33479
33535
33591
33639
33652
33620
33557
33479
33387
33324
33233
33128
33076
33026
32964
32927
32770
32605
32470
32374
32343
32373
32363
32262
32153
31987
31867
31813
31785
31767
31783
31755
31697
31655
31611
31577
31625
31622
31664
31691
31684
31665
31662
31640
31666
31741
31821
31924
32052
32152
32223
32327
32340
32328
32327
32360
32471
32607
32664
32695
32693
32709
32781
32936
33063
33135
33233
33279
33289
33318
33318
33302
33335
33393
33456
33576
33655
33669
33657
33579
33525
33503
33497
33425
33383
33311
33251
33256
33216
33195
33201
33167
33147
33100
33008
32875
32703
32473
32300
32223
32168
32142
32099
32059
32006
31980
31910
31844
31741
31663
31611
31579
31570
31595
31571
31513
31507
31572
31674
31758
31845
31855
31857
31889
31880
31862
31877
31957
32063
32213
32343
32439
32515
32569
32575
32653
32721
32733
32726
32747
32798
32859
32951
33005
33046
33113
33201
33289
33410
33415
33319
33247
33201
33199
33274
33361
33431
33509
33543
33483
33483
33452
33417
33409
33382
33319
33239
33134
33045
32978
32907
32879
32850
32815
32777
32749
32662
32587
32456
32311
32174
32089
32049
32008
31985
31935
31883
31843
31779
31767
31786
31791
31785
31736
31632
31601
31647
31719
31832
31901
31959
31977
32000
32055
32113
32139
32181
32211
32255
32304
32344
32367
32383
32444
32513
32598
32677
32751
32827
32909
32937
32920
32911
32854
32887
32999
33099
33149
33159
33125
33107
33184
33239
33295
33356
33340
33335
33335
33302
33255
33204
33161
33136
33161
33177
33156
33132
33147
33139
33065
32993
32915
32878
32815
32735
32619
32524
32449
32407
32375
32363
32358
32307
32272
32214
32121
32040
31984
31937
31889
31896
31873
31830
31855
31885
31931
32022
32036
31999
31990
31950
31964
31950
31942
31953
31991
32040
32124
32228
32319
32399
32465
32494
32508
32501
32487
32480
32540
32561
32634
32695
32747
32817
32911
33015
33067
33085
33067
33012
32993
32962
32959
32995
33007
33048
33117
33171
33244
33307
33325
33325
33365
33316
33257
33161
33080
33059
33017
33005
32983
32976
33028
33058
33087
33021
32903
32750
32615
32549
32522
32480
32423
32375
32349
32345
32320
32270
32213
32127
32089
32007
31928
31884
31839
31784
31738
31711
31756
31829
31920
32013
32071
32070
32022
31970
31963
32003
32031
32075
32082
32114
32171
32265
32374
32449
32523
32551
32559
32563
32573
32602
32623
32663
32710
32755
32825
32893
32963
33017
33043
33075
33113
33157
33175
33191
33216
33199
33183
33184
33199
33273
33355
33391
33410
33401
33373
33323
33267
33215
33173
33168
33159
33101
33075
32977
32865
32795
32737
32662
32645
32619
32562
32492
32396
32284
32174
32091
32039
32006
31977
31956
31933
31914
31855
31841
31793
31765
31747
31741
31725
31717
31701
31717
31793
31873
31943
31997
32058
32092
32127
32175
32217
32239
32253
32231
32257
32311
32355
32431
32511
32613
32712
32813
32895
32954
33052
33063
33073
33068
33049
33057
33134
33183
33279
33346
33394
33425
33440
33418
33433
33419
33405
33377
33341
33291
33269
33275
33295
33336
33313
33270
33206
33124
33042
33019
32920
32763
32607
32479
32409
32395
32391
32357
32325
32263
32215
32173
32093
31984
31892
31818
31725
31657
31634
31668
31707
31743
31755
31782
31754
31767
31767
31742
31740
31735
31725
31727
31816
31943
32058
32179
32245
32308
32393
32456
32543
32593
32597
32601
32621
32647
32719
32842
32935
33026
33094
33143
33213
33279
33308
33263
33274
33271
33295
33343
33384
33399
33415
33417
33419
33437
33431
33389
33339
33308
33275
33229
33154
33094
33026
33001
33009
33019
32992
32939
32832
32732
32634
32547
32471
32407
32311
32212
32160
32115
32032
32017
31981
31935
31909
31857
31775
31735
31693
31680
31673
31663
31661
31665
31684
31713
31757
31823
31863
31879
31951
32035
32125
32197
32199
32205
32255
32323
32405
32483
32557
32667
32734
32786
32853
32887
32924
32989
33031
33067
33134
33159
33169
33178
33181
33206
33253
33277
33275
33316
33344
33363
33351
33309
33273
33266
33244
33213
33199
33175
33153
33140
33103
33089
33083
33052
32967
32877
32761
32671
32629
32579
32529
32467
32413
32343
32319
32291
32258
32191
32091
31997
31933
31897
31846
31819
31789
31780
31795
31823
31831
31873
31913
31964
31954
31915
31892
31876
31884
31925
32025
32112
32158
32218
32289
32369
32450
32509
32513
32514
32519
32559
32651
32719
32757
32819
32867
32929
32985
33031
33077
33101
33106
33111
33100
33078
33073
33103
33151
33171
33217
33243
33275
33264
33257
33237
33191
33099
33058
33029
33032
33010
33001
32979
32954
32928
32895
32883
32866
32789
32704
32576
32511
32460
32450
32417
32362
32327
32269
32264
32263
32255
32203
32130
32049
31996
31989
31953
31922
31890
31912
31923
31965
31992
32037
32040
32025
32025
32009
32009
32034
32081
32099
32159
32222
32295
32363
32370
32403
32451
32478
32543
32605
32649
32679
32693
32722
32767
32841
32919
32959
32981
33022
33029
33064
33076
33058
33066
33067
33066
33085
33111
33133
33145
33173
33184
33168
33111
33080
33089
33111
33118
33099
33041
32959
32932
32955
32932
32923
32844
32770
32746
32718
32712
32676
32623
32551
32524
32477
32386
32328
32305
32276
32198
32151
32073
32052
32075
32056
32016
31976
31920
31888
31930
31940
31947
31934
31898
31890
31947
32001
32056
32074
32106
32138
32164
32213
32221
32252
32281
32320
32365
32401
32507
32567
32639
32691
32754
32780
32814
32856
32866
32910
32921
32926
32959
32980
33021
33071
33179
33207
33213
33214
33190
33161
33183
33180
33165
33181
33181
33199
33223
33229
33201
33215
33185
33135
33077
33015
32933
32889
32835
32711
32658
32655
32623
32583
32570
32515
32443
32379
32319
32249
32172
32086
31997
31991
31989
31943
31924
31887
31893
31903
31879
31851
31803
31798
31777
31799
31813
31876
31927
31980
32037
32077
32107
32163
32219
32270
32291
32339
32345
32361
32414
32479
32565
32666
32754
32821
32903
32929
32976
33017
33029
33041
33085
33142
33183
33219
33273
33263
33313
33343
33313
33329
33367
33368
33333
33275
33233
33214
33225
33204
33201
33183
33135
33112
33073
32966
32936
32863
32769
32703
32639
32621
32582
32491
32389
32325
32271
32243
32210
32167
32112
32072
31995
31891
31847
31850
31849
31845
31795
31764
31763
31764
31807
31826
31839
31823
31793
31824
31884
31940
31991
31993
32059
32142
32242
32343
32375
32396
32463
32525
32620
32665
32685
32753
32823
32878
32930
33015
33102
33152
33206
33211
33239
33283
33293
33311
33349
33337
33351
33329
33298
33275
33234
33221
33210
33254
33295
33313
33276
33190
33077
32990
32930
32904
32883
32822
32743
32678
32727
32779
32744
32604
32427
32319
32273
32273
32224
32105
32050
32049
32063
32017
31955
31922
31905
31861
31833
31805
31822
31845
31841
31833
31813
31799
31803
31851
31894
31918
31992
32047
32132
32232
32315
32313
32267
32297
32441
32535
32575
32632
32685
32725
32814
32911
33044
33096
33051
32995
33034
33127
33203
33182
33166
33149
33141
33279
33410
33280
33143
33063
33136
33334
33326
33272
33281
33290
33095
33029
33073
32969
32815
32799
32835
32907
32967
32871
32763
32813
32759
32561
32417
32364
32210
32133
32219
32233
32373
32413
32132
32116
32217
32053
31832
31794
31791
31786
31969
31922
31798
31889
31967
32017
32195
32189
31959
31818
31897
32007
32153
32215
32113
31961
32189
32456
32684
32799
32631
32349
32571
32864
32717
32511
32621
32741
32853
33047
33093
32975
33097
33161
33261
33407
33101
32803
32903
33131
33266
33241
33148
32974
33087
33284
33206
33115
33223
33263
33237
33095
32911
32668
32490
32549
32593
32749
32745
32531
32695
32928
32853
32750
32475
31857
31796
32515
33153
33013
32689
32331
31425
31231
31457
31217
31373
31924
32576
33314
33221
32423
31743
31255
31178
31424
31861
32022
31903
32337
32452
31703
31792
31925
31657
31979
33029
33467
33429
32915
31882
31159
31714
32063
32283
32972
33521
33951
33752
32935
31899
31720
32426
33517
34447
34815
34292
32907
31607
30329
30085
31069
32783
34803
35860
35411
34028
32576
31821
31617
31423
31241
31751
32679
33327
33758
33022
32340
32759
33727
34471
34726
33965
32872
32400
31458
30899
30855
31367
32476
33663
34432
33900
33036
32270
31562
31769
32725
33111
33209
33283
32673
31815
30667
29767
29586
30157
31762
33104
33956
34114
33255
32223
31911
31511
31179
31427
31662
31731
32026
32255
32497
33330
33904
33612
32966
32385
31988
32147
33015
34125
34563
33753
32688
31906
31463
31119
31381
32430
33969
34384
34332
33740
32719
31938
31799
31424
31094
31287
31627
31798
32570
33119
33075
33490
34011
33917
33826
33623
32662
31857
31491
31149
31899
33181
33637
33513
33636
33671
34083
34080
33695
33097
33168
34047
33872
33295
32344
31127
30870
31574
32409
33075
33231
32903
32197
31365
31263
30955
30991
31883
32475
33153
33725
33087
32171
31537
31347
31292
32261
33161
33466
33239
32931
31830
31265
31703
32379
33313
34053
33883
33640
33535
33095
32503
32358
32619
32779
33193
33381
32689
32497
32460
32663
33242
33246
32635
31958
31229
30714
30334
30237
31137
32846
34615
35499
35489
34575
33098
31771
30743
30755
31712
32423
33181
33899
34040
34109
33732
32518
31781
31743
31883
33033
34263
34683
34927
34726
33931
32947
32042
30785
30221
30808
31931
32935
34207
34409
33723
32715
31704
30758
30373
30311
30284
30662
31881
33097
33745
34065
33815
33260
33255
32919
32415
31831
31383
31294
31583
32160
32266
31909
32063
32522
32933
33439
33624
33625
34025
34167
34054
33511
32710
31679
30687
30828
31732
32484
33024
33074
32616
32545
32579
32157
32291
32664
32675
32239
31750
31169
30974
31759
32852
33686
34448
34668
33852
32752
31522
30280
30067
31127
32275
33417
34433
34425
33686
33067
32027
30813
30941
31933
33659
35501
35543
34008
32275
30853
30472
31032
31908
32198
32695
33246
33248
33209
32938
32228
32167
32640
32908
33199
32956
32052
31878
32415
33087
33475
33264
32695
32326
32486
32345
32329
32630
32727
33119
33858
33971
33534
32566
32069
32335
32752
32651
32557
32540
32463
32571
32067
31361
31190
31487
32020
32545
32669
31834
31381
31359
31461
32104
32557
32310
32155
32213
31619
31299
31401
31767
32569
33391
33468
32759
32025
31375
30931
31295
31867
32287
32791
33445
33845
34124
34008
33607
33574
34035
34327
34279
33340
31893
30798
30771
31485
32663
33372
33832
34077
33900
33269
32881
32511
32648
33084
33403
33428
33026
32361
31911
31935
32361
32845
33611
34304
34475
33958
32774
31177
29919
29448
29823
31205
33121
34271
34415
34167
33649
33375
33567
33355
32538
31255
30230
29825
30015
30568
31261
32161
33023
33246
33029
32651
31895
31121
31159
31937
32685
33272
33269
32551
31896
31502
31247
31642
32426
33144
33761
34219
34001
33275
32489
31770
31620
32289
33132
33567
33966
34147
33930
33951
34047
33541
33038
32926
32821
32662
32458
31887
31775
32485
33151
33418
33281
32643
31941
31819
32065
32682
33673
34350
33743
32758
32151
31540
31400
31503
31484
31955
32451
32455
32489
32495
32330
32148
32285
32639
33172
33309
32788
31812
31103
31113
31624
32632
33882
34375
34031
33032
31493
30057
29330
29528
30503
31871
33165
33787
33679
33321
32921
32913
33118
33150
32997
32949
32957
32845
32611
32140
31829
32157
32663
32877
33116
33097
33067
33234
33449
33520
33501
33299
32869
32476
32276
32419
32911
33778
34741
34929
34390
33175
31568
30423
29942
29857
30433
31713
32855
33650
34193
34139
33264
32622
32493
32447
32409
32249
31943
32201
32479
32307
32019
31949
32100
32567
33124
33031
32333
31735
31524
31924
32532
32985
32853
32399
32232
32485
32763
33060
32896
32864
33294
33391
32735
31663
30871
30833
31383
32082
32570
32599
32490
32590
32835
33356
33551
33395
33219
33123
32917
32681
32350
32061
32079
32490
32963
33191
33151
32917
32365
32046
32165
32639
33340
33849
33765
33345
32681
31863
31711
31989
32399
32964
33335
33414
33340
32871
32223
31574
31125
31272
31842
32343
32547
32559
32539
32690
33092
33404
33465
33571
33481
33081
32485
31720
31221
31077
31545
32399
33231
33560
33177
32630
32325
32209
32501
32870
32987
33063
33063
32831
32573
32135
31697
31627
31961
32327
32716
32768
32482
32316
32301
32056
31774
31787
31661
31569
31989
32559
33205
33987
34242
33916
33431
32675
31809
31455
31517
31953
32625
33001
33051
33132
33114
32805
32451
32367
32427
32599
33043
33453
33572
33476
32985
32455
32197
32091
32194
32506
32743
32941
33080
32832
32457
32307
32329
32452
32565
32423
32271
32279
32461
32967
33518
33783
33824
33577
32885
32185
31776
31631
31849
32341
32609
32733
32674
32326
32007
32030
32185
32471
32685
32652
32531
32444
32205
31867
31775
31887
32076
32249
32249
32097
31955
32005
32155
32421
32650
32703
32634
32500
32318
32238
32305
32383
32543
32981
33448
33809
33877
33433
32802
32263
31856
31793
32055
32473
33109
33567
33699
33689
33621
33379
33020
32758
32571
32433
32428
32451
32598
32878
33119
33168
33030
32597
32167
32000
32055
32335
32872
33318
33360
33165
32759
32334
32112
32091
32173
32508
32852
33006
32873
32470
31891
31578
31549
31625
31885
32228
32260
32272
32351
32419
32492
32485
32283
32137
32163
32217
32187
32010
31851
31943
32279
32526
32589
32486
32159
31904
31869
32096
32462
32806
33117
33415
33678
33745
33418
32917
32602
32634
32862
32996
33045
33143
33152
33039
32983
32950
33005
33160
33163
32988
32728
32467
32426
32815
33319
33597
33559
33244
32798
32559
32361
32058
32039
32099
32135
32363
32634
32498
32309
32084
31912
32022
32335
32517
32805
32991
32862
32556
32195
31896
31847
31951
31906
31848
31951
32133
32318
32461
32432
32317
32112
31892
31831
31869
32152
32415
32639
32802
32943
32958
32828
32551
32231
31904
31899
32047
32263
32683
33135
33337
33460
33305
33061
32959
32924
32876
32946
33152
33349
33489
33651
33631
33482
33295
32939
32389
32171
32191
32399
32831
33153
33143
33077
32775
32388
32269
32447
32601
32795
32964
33013
33004
32819
32315
31624
31104
31077
31489
32193
32726
32761
32639
32405
32140
32009
32014
32078
32255
32371
32465
32628
32761
32742
32755
32601
32528
32401
32097
31790
31599
31559
31761
31999
32285
32606
32892
33025
32958
32919
32887
32741
32660
32598
32764
33031
33103
32930
32719
32567
32607
32663
32685
32646
32677
32830
32917
32975
33063
33133
33157
33191
33220
33208
33169
33116
33064
33143
33207
32985
32613
32256
31948
31921
31981
31933
32051
32318
32591
32826
32917
32817
32615
32438
32217
31983
31898
32019
32255
32633
32813
32671
32445
32161
31885
31775
31719
31739
31911
32209
32564
32944
33205
33199
32862
32421
32201
32213
32343
32591
32873
33096
33115
32831
32325
31923
31806
31885
32151
32481
32737
33047
33253
33219
33086
33003
32828
32592
32549
32629
32609
32784
32907
32933
33033
32867
32470
32296
32293
32431
32737
32986
33071
33111
33203
33163
33023
32871
32519
32243
32251
32403
32723
33067
33110
32871
32465
31947
31593
31567
31823
32169
32504
32673
32656
32669
32661
32647
32602
32487
32395
32389
32389
32321
32169
32109
32097
32063
32208
32467
32633
32746
32864
32881
32729
32464
32393
32571
32701
32751
32672
32487
32460
32748
32851
32903
32921
32627
32269
31951
31829
31903
32257
32490
32551
32770
33018
32891
32611
32527
32464
32655
33031
33127
32961
32778
32503
32237
32407
32368
32295
32657
32880
33047
33095
32809
32403
32439
32793
33104
33142
32947
32593
32312
32589
32678
32510
32489
32199
32041
32596
33016
32763
32612
32272
31957
32315
32562
32205
31947
32337
32739
33039
33293
32931
32613
32768
32805
32467
32195
31830
31517
31975
32775
33039
33035
32827
32142
32272
32755
32878
32971
32888
32815
32911
32931
32570
31892
31515
31511
31795
32434
32903
32949
32888
32965
33083
33019
32897
32405
31796
31851
32117
32533
32995
33095
33166
33507
33676
33255
32695
32253
32033
32135
32332
32143
31994
32304
32807
33391
33633
33512
33055
32871
33088
33095
32851
32521
32105
31924
32295
32477
32396
32325
32256
32380
32615
32557
32238
32132
32415
32717
32859
32786
32444
32391
32710
32878
32860
32648
32532
32554
32407
32050
31493
31133
31359
32017
32700
33199
33245
32984
32970
33077
32823
32423
32159
32020
32261
32596
32511
32477
32576
32775
33019
33073
32715
32143
31822
31947
32136
32285
32549
32607
32815
33398
33527
33263
33131
33035
33001
33152
33040
32626
32433
32478
32330
32193
32151
32041
32384
33037
33483
33465
33395
33169
32895
32862
32680
32214
32135
32320
32469
32705
32703
32446
32347
32443
32517
32392
32131
31804
31672
31948
32234
32451
32673
32791
32880
33011
32938
32593
32291
32127
32050
32145
32337
32313
32179
32121
32185
32338
32578
32688
32560
32429
32365
32337
32678
33173
33383
33420
33315
32954
32609
32487
32248
31845
31883
32125
32281
32563
32707
32654
32905
33360
33392
33140
33001
32768
32763
33049
32873
32461
32381
32431
32619
33195
33369
32993
32584
32283
32040
32059
32201
31929
31970
32452
32803
32930
32928
32809
32895
33285
33356
32931
32315
31664
31271
31346
31593
31685
31875
32311
32755
33070
33012
32519
32071
32151
32359
32429
32424
32281
32364
32802
33199
33250
33031
32672
32481
32551
32463
32195
31887
31771
31982
32379
32633
32830
32984
33276
33701
33847
33656
33179
32727
32451
32435
32345
32088
31849
32057
32602
33201
33556
33379
32953
32630
32470
32456
32410
32195
32141
32507
33001
33343
33299
32987
32761
32699
32702
32618
32337
32049
31871
31843
31910
32044
32065
32143
32383
32671
32991
33184
32937
32765
32775
32687
32483
32147
31710
31537
31818
32190
32395
32495
32475
32299
32439
32652
32495
32451
32576
32656
32960
33201
32969
32679
32485
32351
32439
32737
32910
32824
32797
32790
32613
32490
32409
32287
32487
32859
32983
32897
32883
32849
32807
32995
32999
32877
32941
32959
32900
32911
32690
32187
31871
31908
31925
32073
32298
32277
32459
32969
33277
33315
33366
33127
32837
32673
32347
31900
31735
31810
32073
32469
32843
32815
32614
32492
32357
32285
32453
32381
32164
32291
32471
32443
32517
32469
32356
32614
32944
33015
32905
32807
32527
32296
32257
32130
31869
31895
31986
32129
32559
32983
33099
33252
33455
33403
33271
33079
32546
32142
32127
32233
32461
32700
32764
32663
32726
32719
32541
32458
32495
32473
32643
32861
32771
32689
32635
32492
32514
32719
32808
32788
32747
32576
32371
32366
32337
32279
32333
32439
32378
32391
32551
32613
32717
32903
32912
32883
32911
32747
32483
32393
32276
32225
32369
32458
32465
32515
32620
32546
32439
32400
32299
32343
32589
32631
32647
32678
32602
32543
32637
32727
32734
32736
32653
32399
32205
32097
31970
32039
32379
32707
32939
33012
32886
32737
32720
32707
32609
32644
32621
32548
32606
32639
32517
32391
32347
32353
32487
32587
32620
32609
32623
32632
32503
32473
32537
32592
32693
32763
32731
32736
32756
32784
32845
32871
32772
32497
32225
32117
32122
32270
32487
32642
32784
32918
32938
32813
32683
32639
32640
32713
32850
32890
32847
32746
32522
32335
32213
32139
32133
32253
32407
32483
32535
32582
32583
32611
32688
32691
32652
32659
32611
32507
32425
32295
32197
32231
32348
32475
32544
32487
32381
32370
32467
32521
32529
32522
32475
32443
32483
32510
32590
32751
32905
32985
33010
32966
32807
32596
32419
32263
32166
32168
32159
32272
32555
32802
32986
33128
33187
33180
33176
33024
32680
32448
32331
32289
32352
32403
32408
32557
32747
32866
32921
32897
32762
32679
32690
32640
32531
32478
32369
32401
32625
32791
32818
32751
32681
32659
32648
32563
32283
32003
31941
31986
32097
32218
32276
32281
32518
32738
32863
32883
32786
32549
32369
32271
32187
32167
32301
32373
32450
32565
32530
32393
32348
32345
32385
32531
32645
32669
32772
32932
32975
33001
33027
32967
32919
32763
32554
32366
32340
32413
32477
32541
32655
32726
32801
32872
32840
32725
32637
32668
32736
32875
32945
32861
32781
32736
32722
32736
32772
32718
32687
32666
32539
32304
32117
31974
32027
32218
32488
32727
32948
33063
33027
32924
32754
32523
32323
32191
32050
31997
32045
32113
32199
32251
32295
32340
32429
32532
32591
32553
32395
32248
32285
32453
32571
32623
32667
32660
32695
32798
32817
32715
32587
32460
32351
32312
32251
32251
32425
32695
33004
33204
33168
32964
32850
32821
32852
32854
32811
32705
32559
32562
32665
32733
32711
32631
32585
32617
32664
32653
32610
32580
32516
32503
32582
32708
32822
32918
32929
32875
32747
32592
32415
32285
32221
32120
32115
32155
32215
32295
32459
32593
32713
32739
32743
32625
32431
32223
32176
32273
32463
32541
32519
32472
32439
32370
32365
32297
32227
32254
32363
32459
32511
32524
32498
32503
32605
32791
32929
33016
32970
32815
32715
32581
32439
32375
32380
32468
32624
32770
32807
32792
32762
32699
32717
32777
32821
32857
32865
32853
32831
32835
32864
32785
32676
32549
32456
32415
32431
32387
32327
32346
32399
32505
32669
32741
32719
32719
32696
32680
32672
32619
32446
32295
32255
32287
32385
32463
32485
32526
32643
32646
32537
32377
32205
32137
32233
32373
32489
32577
32635
32637
32674
32737
32750
32693
32612
32469
32369
32283
32200
32119
32173
32289
32457
32645
32813
32912
32969
32967
32879
32821
32721
32630
32536
32447
32392
32435
32569
32689
32791
32854
32903
32872
32773
32617
32432
32332
32359
32463
32627
32739
32735
32748
32774
32813
32827
32759
32592
32442
32375
32355
32327
32291
32266
32257
32374
32586
32791
32902
32884
32815
32732
32635
32574
32499
32445
32405
32407
32390
32398
32449
32508
32581
32601
32557
32479
32407
32398
32437
32550
32635
32663
32644
32595
32537
32536
32543
32524
32493
32500
32457
32419
32453
32455
32465
32449
32457
32481
32597
32701
32769
32799
32713
32581
32566
32583
32648
32692
32711
32675
32579
32490
32423
32411
32444
32481
32511
32541
32589
32635
32708
32792
32834
32821
32768
32673
32570
32576
32561
32515
32535
32559
32543
32572
32563
32559
32539
32513
32511
32550
32621
32671
32671
32635
32591
32585
32609
32689
32727
32764
32759
32639
32515
32383
32237
32171
32199
32275
32421
32592
32682
32698
32680
32663
32613
32607
32567
32467
32405
32383
32316
32349
32368
32382
32431
32510
32529
32551
32557
32509
32447
32439
32416
32395
32445
32541
32640
32813
32925
32913
32879
32854
32752
32641
32494
32293
32146
32191
32312
32500
32747
32928
33024
33049
32992
32856
32749
32676
32614
32567
32546
32476
32463
32550
32589
32618
32684
32678
32671
32718
32702
32593
32511
32393
32342
32413
32526
32592
32685
32807
32879
32896
32835
32643
32425
32321
32209
32121
32084
32101
32171
32327
32508
32590
32647
32626
32551
32527
32535
32473
32401
32372
32373
32399
32457
32469
32397
32389
32433
32462
32501
32530
32503
32547
32583
32581
32586
32640
32679
32781
32887
32900
32886
32826
32777
32729
32715
32665
32589
32504
32483
32543
32617
32699
32720
32701
32695
32672
32677
32727
32749
32762
32807
32800
32777
32753
32719
32603
32505
32415
32349
32318
32339
32361
32430
32529
32642
32698
32687
32661
32589
32533
32490
32413
32375
32356
32329
32341
32378
32415
32412
32401
32359
32338
32390
32386
32328
32309
32304
32327
32376
32463
32579
32718
32823
32859
32774
32673
32579
32477
32395
32344
32335
32409
32481
32563
32677
32799
32875
32922
32941
32949
32901
32801
32672
32571
32538
32577
32653
32737
32827
32887
32891
32846
32697
32552
32487
32443
32453
32487
32528
32573
32643
32735
32809
32851
32865
32788
32661
32547
32415
32283
32179
32165
32239
32342
32428
32471
32495
32545
32591
32641
32617
32471
32351
32329
32353
32425
32455
32438
32433
32475
32549
32583
32575
32478
32367
32268
32229
32276
32390
32476
32561
32615
32693
32715
32737
32789
32827
32823
32766
32607
32485
32425
32431
32495
32563
32638
32719
32750
32793
32822
32772
32754
32743
32720
32719
32751
32748
32738
32729
32715
32661
32638
32623
32609
32608
32553
32443
32406
32406
32446
32560
32613
32563
32567
32561
32561
32607
32602
32503
32483
32503
32494
32481
32423
32334
32337
32428
32492
32567
32512
32388
32389
32426
32451
32550
32594
32586
32568
32630
32603
32584
32500
32340
32317
32393
32397
32421
32454
32361
32402
32573
32628
32785
32821
32683
32594
32560
32407
32405
32449
32517
32731
32942
32855
32683
32619
32586
32617
32743
32722
32611
32600
32546
32519
32581
32601
32597
32731
32913
33022
33015
32864
32569
32379
32294
32309
32357
32443
32555
32635
32663
32670
32577
32501
32541
32621
32680
32759
32661
32515
32448
32422
32441
32533
32645
32669
32753
32684
32573
32516
32457
32372
32367
32392
32356
32397
32489
32543
32621
32701
32663
32591
32639
32644
32577
32415
32160
32031
32164
32391
32496
32525
32533
32467
32506
32531
32499
32487
32499
32514
32577
32679
32639
32496
32473
32531
32653
32744
32731
32666
32680
32751
32735
32671
32577
32444
32433
32561
32711
32839
32893
32831
32796
32841
32835
32843
32797
32706
32663
32593
32502
32477
32467
32524
32642
32686
32607
32551
32531
32623
32723
32705
32575
32485
32516
32609
32696
32690
32594
32482
32415
32390
32402
32451
32439
32418
32451
32525
32537
32461
32347
32235
32249
32354
32462
32517
32537
32479
32398
32329
32264
32251
32299
32335
32319
32347
32434
32540
32510
32427
32357
32321
32458
32670
32821
32919
32882
32727
32701
32685
32687
32695
32639
32583
32602
32764
32926
32927
32904
32829
32804
32863
32879
32819
32780
32721
32674
32726
32760
32731
32704
32667
32577
32597
32647
32570
32542
32571
32455
32389
32439
32469
32556
32708
32752
32683
32705
32691
32631
32579
32490
32346
32301
32338
32350
32381
32402
32287
32239
32325
32388
32481
32595
32573
32389
32289
32204
32156
32285
32367
32349
32316
32330
32367
32511
32554
32504
32368
32187
32075
32127
32352
32557
32662
32716
32791
32863
32970
32999
32911
32765
32659
32614
32710
32831
32905
32779
32683
32619
32663
32842
32967
32978
32926
32833
32726
32631
32617
32631
32633
32725
32796
32843
32910
32831
32662
32597
32539
32475
32461
32422
32373
32436
32495
32442
32412
32475
32541
32662
32759
32667
32529
32447
32341
32339
32446
32443
32388
32364
32309
32276
32275
32225
32167
32195
32295
32391
32481
32485
32443
32453
32468
32455
32431
32406
32370
32390
32476
32501
32463
32388
32354
32427
32635
32762
32783
32766
32690
32686
32759
32813
32889
32879
32818
32789
32818
32915
32966
32991
32910
32801
32710
32636
32592
32603
32589
32580
32655
32781
32927
33055
32995
32831
32661
32585
32543
32588
32589
32449
32282
32236
32240
32345
32518
32567
32582
32623
32638
32599
32553
32427
32297
32211
32252
32334
32447
32612
32632
32553
32492
32377
32317
32323
32349
32311
32272
32201
32163
32277
32439
32509
32492
32481
32430
32536
32724
32724
32628
32500
32374
32375
32457
32523
32531
32531
32554
32600
32755
32870
32870
32786
32711
32631
32667
32799
32924
33007
33048
33012
32945
32887
32800
32684
32590
32567
32570
32647
32690
32652
32612
32565
32533
32561
32688
32747
32717
32647
32599
32606
32625
32572
32389
32317
32335
32394
32511
32531
32453
32378
32350
32343
32427
32533
32555
32534
32541
32559
32551
32553
32487
32437
32412
32360
32309
32311
32351
32401
32434
32417
32331
32302
32337
32423
32489
32565
32530
32506
32501
32551
32581
32578
32567
32525
32521
32615
32738
32763
32693
32589
32487
32512
32618
32755
32843
32877
32847
32852
32918
32927
32916
32838
32723
32605
32626
32670
32689
32703
32666
32598
32649
32681
32656
32599
32528
32459
32511
32569
32578
32575
32558
32519
32527
32628
32689
32679
32604
32511
32446
32447
32423
32328
32267
32237
32274
32391
32531
32627
32655
32640
32580
32551
32562
32523
32466
32365
32280
32231
32263
32299
32336
32411
32468
32520
32546
32537
32477
32404
32337
32327
32403
32515
32584
32660
32730
32727
32698
32687
32656
32668
32693
32654
32637
32615
32599
32579
32579
32612
32703
32816
32917
32986
33047
33027
32931
32797
32647
32545
32542
32572
32604
32655
32623
32593
32630
32665
32688
32663
32551
32496
32529
32631
32671
32625
32479
32367
32387
32528
32636
32645
32539
32411
32409
32455
32512
32525
32411
32307
32281
32350
32451
32525
32561
32485
32452
32446
32407
32445
32440
32409
32409
32396
32369
32387
32404
32359
32327
32287
32299
32359
32477
32567
32647
32652
32648
32669
32673
32631
32602
32599
32592
32663
32718
32708
32655
32671
32687
32727
32840
32888
32848
32837
32813
32793
32768
32751
32714
32771
32843
32861
32858
32799
32741
32674
32616
32537
32481
32433
32410
32428
32477
32525
32551
32587
32618
32673
32719
32685
32555
32453
32419
32376
32390
32373
32358
32380
32420
32451
32467
32478
32443
32425
32383
32372
32357
32359
32321
32339
32381
32462
32511
32547
32555
32503
32435
32367
32317
32293
32287
32319
32367
32442
32525
32590
32637
32672
32686
32730
32809
32855
32813
32728
32637
32588
32612
32692
32753
32840
32923
32911
32886
32848
32785
32745
32693
32658
32669
32736
32789
32807
32806
32745
32704
32713
32709
32691
32690
32626
32494
32387
32353
32372
32423
32480
32523
32555
32548
32539
32515
32543
32524
32507
32485
32431
32391
32365
32361
32341
32332
32363
32377
32428
32444
32389
32357
32329
32333
32353
32423
32482
32509
32503
32466
32431
32419
32437
32438
32454
32459
32484
32516
32511
32497
32514
32535
32587
32648
32703
32719
32727
32727
32734
32734
32771
32816
32877
32919
32909
32877
32829
32739
32648
32602
32619
32637
32687
32733
32777
32821
32847
32827
32811
32763
32710
32675
32611
32499
32421
32431
32473
32523
32560
32555
32492
32433
32409
32417
32443
32450
32408
32363
32379
32409
32458
32475
32463
32458
32524
32557
32571
32525
32423
32311
32256
32232
32220
32280
32334
32407
32531
32598
32631
32599
32544
32494
32474
32465
32461
32440
32461
32500
32549
32608
32631
32649
32638
32620
32600
32615
32618
32641
32687
32728
32759
32779
32795
32807
32829
32865
32919
32921
32883
32823
32733
32643
32611
32578
32591
32601
32647
32705
32775
32794
32759
32675
32584
32497
32490
32513
32527
32561
32514
32448
32453
32455
32455
32449
32421
32371
32376
32424
32457
32475
32467
32414
32412
32461
32481
32535
32553
32538
32485
32440
32400
32383
32402
32415
32431
32435
32419
32408
32414
32429
32463
32515
32543
32529
32511
32527
32557
32593
32603
32575
32564
32543
32556
32599
32621
32624
32616
32627
32647
32699
32742
32771
32792
32807
32800
32820
32839
32822
32775
32743
32693
32707
32711
32706
32698
32667
32655
32673
32672
32654
32579
32495
32487
32512
32595
32612
32623
32585
32599
32592
32582
32541
32492
32423
32397
32421
32399
32387
32385
32384
32405
32463
32515
32539
32517
32507
32507
32507
32489
32446
32418
32417
32421
32433
32436
32437
32445
32436
32458
32447
32450
32471
32442
32427
32441
32464
32519
32575
32581
32599
32631
32650
32653
32655
32640
32588
32592
32560
32556
32601
32639
32649
32695
32740
32788
32850
32879
32857
32823
32758
32700
32674
32687
32681
32719
32731
32733
32698
32674
32640
32639
32616
32610
32569
32575
32510
32481
32521
32550
32556
32559
32534
32551
32600
32599
32544
32443
32341
32329
32338
32389
32421
32412
32408
32424
32437
32517
32517
32498
32454
32439
32447
32510
32481
32447
32430
32435
32429
32453
32451
32423
32415
32433
32442
32447
32454
32486
32511
32584
32593
32611
32617
32631
32607
32631
32661
32654
32655
32632
32642
32652
32687
32707
32729
32775
32812
32799
32760
32725
32735
32771
32794
32813
32785
32787
32791
32799
32814
32764
32675
32628
32557
32516
32495
32498
32509
32541
32559
32559
32569
32589
32603
32571
32573
32503
32421
32389
32359
32374
32404
32429
32436
32425
32452
32463
32471
32457
32439
32394
32366
32358
32389
32409
32410
32427
32483
32542
32554
32549
32524
32453
32428
32423
32370
32340
32339
32394
32485
32558
32611
32618
32610
32624
32662
32698
32686
32681
32690
32671
32681
32729
32727
32727
32733
32759
32775
32799
32783
32775
32756
32719
32695
32701
32717
32749
32797
32829
32824
32787
32735
32683
32615
32569
32519
32500
32472
32459
32473
32494
32528
32558
32540
32511
32460
32427
32400
32423
32447
32459
32471
32488
32467
32454
32444
32398
32355
32338
32341
32380
32419
32413
32399
32404
32429
32449
32475
32483
32513
32543
32526
32480
32439
32433
32428
32447
32501
32524
32547
32563
32572
32567
32593
32613
32603
32629
32671
32681
32705
32702
32732
32751
32765
32801
32807
32818
32819
32779
32723
32675
32647
32695
32733
32730
32735
32727
32730
32743
32766
32753
32705
32667
32605
32591
32560
32537
32504
32513
32517
32541
32559
32550
32481
32423
32369
32342
32340
32353
32395
32444
32506
32502
32495
32484
32475
32445
32432
32426
32386
32367
32350
32336
32350
32359
32400
32462
32505
32533
32559
32583
32580
32538
32497
32494
32493
32503
32503
32503
32516
32558
32614
32642
32673
32636
32599
32579
32599
32607
32644
32647
32686
32719
32786
32835
32829
32825
32817
32797
32755
32711
32699
32707
32724
32693
32648
32629
32647
32703
32731
32723
32713
32684
32633
32583
32575
32551
32525
32511
32503
32479
32475
32472
32457
32479
32461
32409
32381
32361
32413
32456
32463
32435
32407
32421
32463
32490
32481
32471
32439
32413
32445
32473
32498
32487
32466
32422
32425
32451
32461
32465
32472
32481
32529
32526
32539
32504
32529
32587
32629
32663
32638
32602
32556
32550
32537
32547
32545
32598
32631
32679
32711
32777
32793
32779
32759
32726
32729
32754
32783
32764
32703
32697
32692
32690
32703
32743
32714
32676
32651
32607
32603
32575
32563
32555
32543
32567
32579
32596
32607
32583
32557
32545
32507
32495
32453
32384
32335
32339
32360
32429
32467
32487
32514
32503
32535
32513
32477
32410
32389
32395
32451
32471
32463
32481
32485
32499
32496
32495
32466
32470
32457
32459
32442
32456
32447
32482
32528
32575
32626
32647
32650
32647
32647
32613
32599
32565
32555
32567
32591
32624
32645
32677
32717
32735
32744
32743
32740
32739
32727
32727
32712
32689
32683
32681
32700
32719
32725
32739
32718
32676
32637
32604
32556
32545
32548
32537
32547
32566
32573
32583
32564
32551
32529
32516
32506
32498
32489
32415
32355
32344
32374
32384
32398
32423
32445
32463
32447
32447
32479
32477
32487
32473
32471
32436
32457
32472
32465
32462
32451
32445
32457
32487
32519
32509
32502
32493
32487
32474
32522
32574
32596
32631
32630
32626
32615
32615
32619
32634
32644
32663
32647
32667
32678
32675
32691
32684
32693
32703
32713
32723
32783
32821
32825
32778
32765
32753
32750
32723
32692
32604
32563
32551
32596
32631
32637
32606
32583
32565
32555
32551
32516
32486
32445
32440
32453
32462
32444
32408
32423
32448
32449
32456
32442
32439
32431
32424
32389
32351
32340
32347
32404
32438
32459
32491
32520
32519
32532
32531
32495
32493
32472
32439
32435
32423
32431
32453
32487
32565
32607
32607
32604
32603
32607
32612
32593
32601
32610
32648
32663
32688
32681
32671
32745
32769
32789
32783
32756
32703
32669
32679
32695
32709
32703
32705
32737
32770
32815
32818
32785
32700
32635
32621
32598
32562
32550
32515
32481
32504
32497
32513
32541
32551
32539
32512
32474
32441
32405
32416
32401
32416
32421
32415
32416
32449
32457
32417
32379
32375
32379
32386
32415
32401
32413
32409
32430
32473
32503
32511
32537
32541
32515
32491
32477
32471
32455
32483
32522
32543
32556
32575
32590
32612
32649
32638
32633
32641
32652
32662
32683
32675
32702
32709
32727
32751
32735
32728
32740
32717
32719
32686
32663
32673
32711
32758
32771
32743
32671
32645
32663
32673
32684
32653
32594
32574
32583
32611
32593
32558
32494
32465
32473
32486
32461
32394
32371
32358
32379
32426
32458
32458
32435
32434
32471
32477
32468
32415
32358
32338
32341
32376
32374
32406
32443
32472
32495
32513
32525
32514
32511
32487
32479
32495
32510
32529
32559
32566
32569
32582
32610
32622
32625
32621
32598
32590
32581
32571
32565
32597
32617
32691
32747
32783
32832
32803
32773
32729
32710
32676
32656
32647
32633
32688
32708
32720
32734
32727
32719
32724
32725
32680
32637
32597
32556
32567
32567
32558
32546
32541
32535
32525
32505
32499
32471
32467
32427
32403
32378
32372
32375
32385
32427
32435
32443
32452
32469
32488
32481
32438
32427
32412
32414
32449
32481
32477
32498
32504
32487
32481
32476
32478
32503
32531
32570
32593
32591
32564
32567
32586
32599
32603
32590
32591
32591
32591
32593
32589
32594
32578
32624
32691
32742
32743
32727
32702
32671
32679
32692
32733
32748
32717
32702
32727
32724
32707
32697
32671
32663
32635
32623
32601
32593
32590
32593
32611
32619
32591
32567
32558
32559
32547
32504
32457
32446
32423
32423
32415
32409
32394
32383
32415
32450
32483
32482
32457
32433
32453
32463
32429
32420
32425
32453
32475
32487
32454
32451
32463
32503
32527
32522
32492
32452
32501
32533
32539
32562
32537
32529
32578
32631
32659
32629
32581
32565
32583
32598
32611
32597
32627
32631
32662
32667
32671
32692
32673
32670
32700
32759
32715
32691
32665
32617
32653
32742
32748
32719
32670
32631
32583
32574
32569
32566
32629
32625
32554
32473
32369
32442
32559
32566
32574
32589
32560
32557
32459
32338
32301
32329
32436
32471
32456
32441
32445
32471
32469
32417
32399
32450
32471
32552
32496
32356
32208
32297
32539
32663
32719
32558
32337
32391
32548
32587
32567
32508
32511
32589
32609
32525
32365
32356
32493
32714
32811
32762
32691
32666
32725
32701
32519
32431
32491
32694
32909
32921
32697
32540
32581
32796
32888
32807
32543
32512
32845
33037
32932
32768
32537
32671
32897
32863
32667
32436
32417
32533
32645
32582
32401
32437
32584
32692
32749
32573
32304
32300
32508
32632
32587
32417
32214
32291
32499
32541
32388
32191
32191
32444
32663
32615
32330
32167
32255
32403
32534
32562
32481
32471
32556
32577
32466
32345
32357
32402
32628
32711
32556
32386
32352
32532
32713
32729
32577
32439
32571
32760
32802
32631
32381
32381
32627
32841
32849
32689
32571
32623
32782
32944
32857
32714
32674
32768
32897
32887
32714
32581
32632
32858
32943
32881
32749
32639
32747
32794
32734
32614
32503
32567
32707
32725
32592
32436
32425
32559
32639
32608
32476
32329
32322
32378
32427
32390
32387
32457
32592
32657
32563
32427
32347
32335
32439
32477
32417
32357
32368
32391
32370
32268
32227
32311
32511
32661
32682
32560
32477
32483
32549
32557
32482
32352
32331
32417
32464
32507
32515
32483
32625
32787
32791
32671
32561
32519
32571
32632
32616
32568
32639
32725
32771
32791
32714
32621
32711
32848
32979
33017
32951
32775
32634
32561
32503
32546
32644
32753
32892
32943
32912
32932
32856
32799
32730
32586
32437
32475
32508
32472
32450
32455
32465
32607
32716
32697
32619
32493
32297
32219
32223
32227
32300
32379
32347
32351
32417
32491
32495
32567
32567
32546
32532
32423
32325
32240
32191
32159
32181
32243
32369
32565
32653
32697
32795
32835
32821
32856
32721
32532
32359
32204
32145
32279
32445
32662
32889
33000
32999
32943
32855
32758
32728
32711
32657
32634
32679
32752
32835
32877
32836
32787
32760
32872
32983
32959
32860
32727
32587
32535
32552
32498
32454
32535
32563
32600
32628
32595
32654
32695
32689
32639
32518
32297
32153
32111
32101
32104
32172
32299
32427
32582
32617
32477
32303
32214
32217
32207
32209
32239
32274
32355
32511
32599
32586
32543
32529
32528
32570
32517
32449
32423
32440
32471
32447
32408
32383
32427
32597
32760
32879
32967
32923
32865
32794
32684
32528
32397
32371
32440
32594
32697
32755
32779
32825
32895
32905
32833
32788
32710
32675
32628
32535
32456
32443
32586
32787
32935
33042
32961
32747
32546
32447
32343
32356
32381
32387
32467
32580
32568
32532
32482
32442
32456
32490
32532
32547
32526
32447
32301
32251
32211
32178
32276
32349
32431
32547
32578
32583
32527
32511
32528
32550
32495
32387
32313
32314
32393
32539
32632
32727
32802
32807
32749
32616
32497
32395
32381
32473
32580
32657
32687
32627
32619
32598
32612
32669
32729
32827
32923
32927
32808
32608
32412
32265
32289
32375
32464
32660
32781
32926
32990
32923
32789
32671
32574
32525
32528
32506
32509
32511
32530
32610
32694
32699
32694
32671
32647
32634
32560
32433
32344
32343
32349
32316
32323
32392
32450
32571
32711
32766
32755
32667
32501
32401
32376
32339
32292
32228
32221
32310
32440
32569
32595
32669
32726
32727
32704
32646
32503
32411
32359
32368
32387
32431
32529
32658
32752
32833
32793
32664
32553
32519
32479
32473
32424
32365
32409
32555
32687
32737
32670
32580
32587
32670
32725
32707
32672
32614
32601
32663
32660
32609
32565
32546
32563
32628
32701
32748
32748
32767
32721
32681
32614
32502
32518
32577
32615
32675
32651
32599
32551
32587
32581
32507
32480
32418
32414
32512
32563
32527
32495
32440
32437
32477
32450
32407
32385
32422
32452
32512
32559
32547
32527
32516
32477
32402
32351
32339
32440
32564
32619
32601
32551
32526
32526
32528
32460
32379
32387
32440
32515
32609
32619
32624
32601
32614
32639
32628
32592
32514
32504
32524
32563
32641
32669
32667
32727
32774
32782
32757
32669
32617
32615
32659
32703
32734
32735
32669
32648
32707
32723
32758
32772
32727
32700
32705
32667
32607
32535
32445
32424
32454
32479
32541
32625
32633
32631
32601
32528
32478
32431
32366
32281
32282
32271
32293
32407
32453
32484
32542
32555
32529
32487
32388
32311
32287
32301
32317
32407
32472
32477
32539
32591
32565
32555
32533
32519
32551
32578
32559
32501
32464
32459
32478
32529
32583
32615
32695
32753
32816
32843
32794
32710
32639
32583
32593
32637
32671
32695
32728
32720
32744
32754
32781
32781
32821
32806
32753
32707
32633
32584
32621
32671
32669
32691
32706
32679
32647
32583
32533
32470
32476
32465
32469
32452
32453
32418
32410
32347
32296
32318
32325
32439
32566
32558
32492
32383
32345
32326
32323
32312
32285
32281
32317
32387
32434
32483
32503
32519
32559
32565
32545
32503
32455
32463
32505
32557
32599
32665
32699
32718
32711
32663
32581
32551
32581
32656
32710
32716
32656
32600
32598
32666
32709
32756
32757
32794
32833
32858
32847
32803
32730
32679
32648
32616
32673
32669
32657
32655
32662
32653
32665
32679
32613
32610
32568
32504
32470
32510
32521
32563
32573
32496
32444
32423
32375
32341
32362
32311
32294
32345
32377
32382
32402
32333
32285
32310
32364
32406
32471
32517
32475
32480
32487
32487
32515
32496
32447
32455
32446
32463
32494
32561
32613
32672
32713
32701
32656
32606
32567
32604
32645
32654
32677
32699
32699
32735
32719
32661
32657
32640
32638
32690
32714
32719
32699
32707
32679
32670
32697
32690
32680
32683
32687
32647
32677
32672
32650
32634
32642
32579
32561
32535
32488
32491
32501
32515
32535
32524
32534
32487
32458
32413
32397
32412
32460
32473
32495
32497
32442
32389
32349
32357
32363
32376
32407
32417
32430
32452
32480
32522
32523
32553
32527
32508
32478
32492
32522
32536
32600
32639
32643
32645
32625
32583
32555
32537
32519
32526
32585
32663
32711
32717
32692
32629
32630
32663
32683
32679
32711
32688
32657
32625
32590
32516
32527
32518
32572
32658
32683
32683
32695
32719
32684
32656
32615
32554
32527
32513
32500
32473
32546
32631
32665
32707
32679
32618
32549
32493
32445
32406
32397
32405
32466
32535
32547
32529
32530
32473
32467
32500
32495
32492
32495
32462
32418
32415
32401
32411
32467
32523
32543
32559
32530
32505
32511
32581
32559
32558
32525
32487
32487
32519
32517
32551
32603
32602
32660
32697
32677
32585
32526
32488
32449
32495
32567
32594
32626
32622
32613
32567
32593
32627
32619
32635
32643
32621
32623
32626
32595
32578
32545
32560
32622
32682
32659
32647
32655
32703
32709
32735
32696
32621
32661
32637
32543
32524
32512
32498
32603
32695
32647
32660
32665
32608
32566
32581
32498
32414
32451
32472
32487
32546
32511
32431
32498
32546
32529
32555
32476
32364
32419
32539
32451
32476
32479
32407
32455
32597
32526
32475
32556
32536
32540
32609
32533
32407
32441
32431
32380
32489
32539
32450
32579
32700
32655
32686
32717
32544
32517
32609
32533
32457
32559
32548
32602
32742
32759
32691
32793
32757
32639
32675
32669
32596
32635
32699
32682
32681
32745
32711
32658
32724
32755
32691
32679
32683
32629
32605
32571
32487
32464
32493
32513
32539
32634
32638
32573
32513
32483
32433
32396
32373
32368
32346
32358
32376
32430
32435
32414
32453
32439
32403
32406
32391
32328
32323
32363
32376
32381
32478
32521
32519
32524
32531
32500
32509
32566
32531
32518
32553
32514
32463
32538
32580
32549
32600
32672
32695
32765
32807
32759
32679
32671
32687
32746
32768
32723
32683
32657
32631
32682
32740
32729
32770
32857
32794
32758
32741
32681
32612
32622
32621
32602
32650
32701
32658
32655
32636
32558
32503
32503
32485
32463
32449
32443
32390
32341
32375
32423
32397
32429
32477
32441
32394
32418
32360
32312
32333
32359
32299
32303
32313
32313
32395
32463
32471
32467
32535
32519
32522
32538
32473
32417
32452
32495
32541
32643
32653
32625
32727
32753
32697
32709
32687
32606
32676
32745
32677
32594
32610
32593
32679
32787
32801
32788
32812
32835
32850
32864
32775
32679
32600
32605
32647
32675
32659
32634
32620
32639
32687
32715
32652
32633
32599
32547
32530
32499
32447
32461
32448
32431
32468
32492
32493
32487
32491
32419
32367
32347
32288
32274
32314
32284
32300
32382
32423
32444
32521
32513
32449
32477
32469
32421
32452
32456
32405
32473
32489
32471
32536
32591
32623
32659
32729
32656
32631
32699
32652
32605
32648
32622
32575
32633
32698
32705
32768
32807
32745
32735
32763
32706
32658
32644
32585
32574
32629
32639
32662
32710
32725
32705
32713
32696
32655
32645
32607
32552
32549
32561
32513
32511
32537
32519
32530
32575
32603
32532
32516
32481
32423
32426
32401
32395
32411
32435
32425
32464
32466
32473
32459
32467
32481
32481
32449
32410
32359
32348
32408
32441
32464
32504
32515
32556
32598
32607
32588
32570
32571
32543
32575
32599
32571
32567
32568
32559
32586
32608
32651
32675
32733
32741
32695
32665
32636
32585
32611
32623
32621
32633
32600
32603
32614
32662
32687
32706
32683
32655
32624
32587
32545
32529
32524
32522
32539
32599
32629
32659
32669
32627
32562
32531
32563
32531
32517
32521
32502
32508
32575
32581
32546
32544
32556
32538
32525
32560
32543
32498
32511
32469
32399
32411
32444
32425
32479
32522
32531
32574
32633
32595
32527
32517
32470
32423
32448
32437
32456
32515
32551
32555
32619
32647
32599
32617
32631
32583
32541
32543
32501
32476
32532
32545
32583
32640
32650
32644
32673
32674
32644
32646
32585
32523
32535
32541
32523
32559
32587
32585
32637
32708
32698
32679
32683
32652
32593
32590
32563
32539
32581
32647
32653
32615
32614
32630
32679
32744
32671
32585
32515
32504
32471
32530
32541
32524
32543
32590
32632
32657
32620
32499
32465
32433
32438
32421
32402
32404
32455
32546
32573
32498
32446
32410
32431
32493
32487
32442
32451
32521
32563
32539
32497
32437
32405
32481
32527
32555
32579
32553
32515
32542
32487
32466
32518
32573
32657
32713
32691
32591
32548
32527
32563
32637
32718
32650
32567
32561
32592
32649
32664
32657
32679
32625
32587
32655
32620
32639
32713
32747
32830
32901
32775
32581
32488
32381
32423
32556
32621
32717
32743
32674
32563
32525
32523
32527
32658
32694
32615
32484
32391
32326
32356
32377
32427
32509
32628
32733
32659
32481
32269
32112
32157
32355
32529
32589
32523
32471
32450
32445
32486
32445
32424
32521
32635
32746
32710
32473
32333
32396
32489
32615
32727
32701
32629
32643
32653
32631
32608
32557
32549
32651
32769
32749
32727
32663
32674
32720
32743
32751
32734
32701
32644
32582
32571
32505
32446
32544
32706
32726
32742
32646
32537
32462
32457
32509
32617
32771
32807
32685
32567
32418
32349
32367
32442
32569
32649
32657
32638
32538
32429
32317
32229
32295
32456
32581
32607
32562
32424
32360
32447
32514
32545
32591
32557
32541
32532
32428
32339
32331
32341
32428
32584
32698
32726
32742
32639
32565
32527
32521
32536
32638
32734
32687
32595
32557
32608
32770
32887
32847
32730
32615
32613
32690
32714
32607
32393
32324
32411
32573
32702
32747
32689
32717
32779
32750
32631
32489
32338
32275
32383
32503
32612
32632
32565
32511
32517
32481
32473
32512
32579
32623
32605
32527
32401
32391
32423
32449
32421
32442
32504
32618
32757
32739
32559
32357
32311
32412
32532
32613
32620
32485
32401
32411
32473
32541
32585
32560
32559
32612
32583
32486
32473
32527
32588
32775
32816
32747
32701
32657
32583
32569
32636
32691
32831
32849
32731
32505
32423
32397
32485
32645
32790
32873
32863
32809
32683
32577
32472
32382
32454
32659
32789
32813
32607
32247
31999
32034
32278
32551
32736
32785
32695
32543
32383
32224
32117
32211
32427
32669
32821
32771
32511
32269
32138
32225
32488
32738
32834
32772
32599
32386
32333
32303
32329
32437
32631
32763
32890
32884
32724
32517
32373
32356
32485
32643
32707
32695
32617
32543
32547
32565
32660
32749
32815
32841
32737
32503
32348
32315
32399
32627
32848
32924
32900
32859
32729
32676
32667
32653
32613
32575
32435
32366
32389
32433
32455
32519
32613
32741
32830
32830
32719
32541
32401
32281
32302
32331
32325
32367
32393
32463
32496
32491
32459
32452
32495
32541
32525
32473
32360
32303
32423
32565
32708
32799
32769
32695
32587
32515
32470
32488
32522
32535
32528
32513
32461
32468
32504
32599
32759
32855
32898
32856
32789
32651
32565
32482
32433
32447
32526
32569
32543
32551
32507
32524
32591
32643
32671
32673
32657
32681
32720
32691
32623
32556
32531
32595
32657
32647
32555
32502
32477
32449
32520
32627
32688
32688
32571
32428
32336
32321
32397
32539
32610
32578
32484
32435
32507
32626
32703
32637
32511
32407
32370
32405
32377
32352
32307
32355
32519
32679
32723
32739
32705
32599
32544
32559
32633
32645
32689
32671
32615
32560
32511
32512
32588
32670
32673
32617
32548
32489
32459
32436
32413
32483
32627
32711
32776
32799
32742
32632
32607
32571
32544
32543
32489
32411
32337
32311
32401
32571
32723
32754
32727
32687
32657
32629
32607
32548
32509
32525
32577
32647
32651
32599
32476
32439
32489
32560
32645
32682
32571
32462
32407
32369
32407
32473
32537
32653
32760
32804
32779
32671
32511
32351
32271
32319
32461
32605
32607
32541
32472
32507
32605
32670
32706
32674
32591
32543
32532
32554
32560
32471
32417
32473
32615
32759
32773
32669
32544
32511
32501
32461
32351
32335
32400
32527
32611
32617
32535
32502
32575
32676
32739
32689
32543
32427
32472
32573
32609
32576
32494
32439
32502
32598
32631
32648
32639
32612
32648
32682
32655
32653
32680
32673
32680
32675
32629
32567
32567
32591
32551
32530
32485
32439
32432
32478
32551
32626
32702
32651
32540
32464
32389
32397
32523
32645
32681
32621
32520
32487
32523
32515
32430
32388
32405
32510
32599
32567
32494
32467
32502
32598
32695
32706
32659
32565
32564
32527
32454
32367
32303
32327
32455
32641
32779
32788
32680
32511
32382
32391
32467
32566
32640
32667
32598
32552
32551
32600
32689
32689
32638
32596
32652
32683
32679
32623
32562
32561
32634
32665
32669
32663
32697
32745
32751
32683
32584
32503
32521
32579
32627
32629
32519
32442
32474
32571
32672
32621
32464
32352
32367
32465
32549
32549
32481
32423
32473
32520
32518
32463
32444
32484
32537
32579
32579
32516
32433
32371
32328
32383
32481
32599
32687
32707
32636
32537
32495
32564
32615
32559
32468
32414
32475
32616
32643
32588
32509
32455
32526
32645
32679
32648
32621
32605
32679
32727
32700
32599
32551
32589
32652
32673
32634
32661
32707
32775
32785
32656
32515
32453
32528
32641
32722
32711
32629
32599
32636
32631
32613
32596
32575
32566
32551
32517
32422
32335
32339
32410
32452
32481
32473
32496
32530
32527
32495
32483
32436
32413
32428
32447
32477
32451
32455
32508
32551
32526
32475
32488
32530
32583
32599
32532
32489
32507
32576
32693
32690
32627
32551
32509
32569
32668
32700
32708
32681
32639
32588
32511
32438
32452
32541
32663
32773
32861
32757
32615
32517
32506
32562
32630
32669
32706
32769
32719
32573
32606
32598
32534
32557
32583
32567
32554
32562
32600
32584
32505
32479
32551
32680
32719
32607
32539
32439
32383
32351
32344
32434
32550
32581
32523
32418
32379
32337
32371
32435
32435
32444
32487
32568
32652
32637
32501
32467
32567
32633
32615
32589
32525
32439
32406
32457
32568
32627
32561
32609
32669
32633
32663
32769
32795
32768
32619
32505
32527
32573
32632
32662
32605
32524
32431
32587
32787
32814
32609
32458
32509
32616
32508
32392
32563
32690
32654
32622
32686
32820
32804
32603
32437
32468
32425
32404
32542
32655
32685
32534
32342
32309
32487
32583
32679
32822
32697
32407
32292
32353
32501
32599
32529
32443
32548
32707
32752
32688
32337
32035
32099
32359
32654
32836
32731
32493
32469
32570
32572
32637
32717
32539
32471
32721
32847
32617
32297
32301
32514
32787
32845
32695
32586
32547
32431
32457
32425
32447
32605
32623
32741
32943
32911
32543
32411
32449
32439
32558
32454
32335
32574
32623
32334
32543
32833
32861
33084
32944
32563
32566
32391
31750
31990
32239
32084
32443
32933
32756
32815
33188
32717
32191
32322
32151
32103
32295
32070
32037
32497
32140
32048
32789
32857
32449
33009
33169
32719
32751
32489
32061
32417
32543
32083
32131
32551
33111
33487
33359
33030
32497
32343
32137
32107
32656
33127
33343
33483
32775
31959
31309
30908
31447
32318
33103
33759
33619
33739
33069
32049
31174
30624
30671
31602
32533
32605
32456
32900
33246
32903
32685
32571
32755
33646
33907
33181
31095
29474
29581
31688
34176
35567
35199
34340
33061
31485
30961
31097
31881
33403
34232
33665
32723
31523
29921
29477
30233
31575
33136
33921
33582
32716
32602
31304
29831
29389
29880
31613
33550
34114
33142
32811
31963
31465
32319
33880
35745
37399
37263
35299
32869
31005
31413
33065
34983
35904
35381
34013
32607
32066
32328
32697
33626
34417
34568
34696
33343
31083
29911
29125
29155
30271
30754
31173
32359
32917
31910
30670
28750
26945
27578
29535
30469
30383
30110
29550
30343
32106
33434
34390
35443
36429
36695
36742
35311
33031
32179
32487
33718
35267
35905
36089
36503
36961
36798
36055
34861
34423
34058
34175
34153
33025
31601
30832
30904
31008
31423
31162
30790
31499
32045
31393
29957
28178
26372
25822
26237
26308
26611
27999
29546
31547
33613
34250
33465
33055
32733
33015
34089
34885
35224
35813
36427
36635
36848
36959
37297
37264
37323
36833
36008
35927
36248
36821
37549
36877
35191
34027
33623
33759
33297
32050
30628
30228
30791
31055
30799
30015
28958
28039
27676
27393
26913
26347
26031
26266
27022
27932
29202
31117
33106
34270
34423
33311
31692
30650
30279
30683
31109
32051
33583
35341
36748
37170
36657
36221
36353
36535
36703
36224
35207
34265
34033
34280
34484
34607
35313
36495
38216
39054
37837
35320
32696
30559
29176
28754
28678
29336
30699
32249
33187
32984
31790
30500
30315
30911
30931
29661
28291
27753
28481
29856
30681
30735
31002
31825
32803
33119
32316
30852
30083
30535
31413
32175
32521
32449
32251
33214
34339
34988
35404
35810
36057
35867
35010
34051
34026
34424
34584
34623
35308
35499
35914
36206
35511
34531
33829
33473
34024
34795
34215
32568
30904
29725
29691
30740
31525
31777
32058
31524
30961
30437
29541
29016
29224
29773
30654
31256
31301
30785
30299
29653
29143
29247
29874
31055
32647
33768
34230
34055
33153
32668
32949
33072
32836
32857
33113
33723
34855
35817
36073
36485
36743
36237
35257
33100
30716
29664
29940
30583
31469
31902
31913
32762
33859
34435
34734
34434
33172
31422
30099
29152
29297
30346
31216
32311
33292
33631
33939
34287
33947
33605
33187
32338
31773
31781
32011
32281
32866
33228
33594
34361
35199
35990
36221
35010
32959
31333
30115
29616
29502
29558
29704
30184
30309
30397
31296
32164
32559
32459
31624
30652
30340
30425
30164
29996
29918
30680
32528
34036
34461
34199
33597
32728
32735
33273
33433
33273
33098
33103
33678
34401
34473
34327
34347
34298
34451
34782
34549
33909
33588
33098
32713
32942
32549
31872
31562
31039
30455
30261
30511
31376
32705
33836
34031
33587
33115
32350
31797
31191
30327
30321
31395
32431
33279
33871
33613
33361
33730
34196
34816
34939
34069
32847
31595
30752
30680
31181
31985
33065
34251
34749
34523
33903
32700
31487
30669
29542
28803
29254
30205
31154
32153
31952
31573
32344
33279
33881
34060
33055
31599
30963
31002
31251
31629
31875
32123
33194
34151
34412
34847
35173
34950
34793
34204
33156
32927
33103
33040
32973
33044
33006
33624
34413
34186
33291
31933
30676
30754
31078
30733
30761
31001
31557
32641
33399
32883
31925
31312
31621
32745
33411
32928
32167
31961
32021
32563
33430
33199
32759
32954
32829
32909
33117
32907
33072
33811
34031
34039
33893
33623
33471
33599
33012
32143
31577
30945
30738
31535
32293
32483
32520
31928
31170
30908
30913
30735
30774
30859
30813
31482
32403
32953
33614
34218
33845
33223
32504
31989
32492
33192
33017
32547
32426
32407
32743
33410
33995
34361
34559
34085
33327
32891
32452
32400
32801
32615
32014
31649
31581
31866
32773
33202
32987
32558
31733
30985
30915
31135
31441
31839
31773
31659
32415
33574
34332
34783
34475
33604
32856
32167
31820
32313
32829
33113
33619
33948
34145
34289
34053
33592
33477
33068
32400
32201
32089
31851
32199
32665
32679
32546
32044
31254
31176
31455
31471
31389
31183
30705
30743
31167
31263
31483
32079
32488
32757
33088
32923
32601
32371
32158
32191
32511
32633
32760
33138
33434
33385
33080
32875
32863
33195
33459
33301
33212
33103
32894
32983
33392
33608
33552
33190
32591
32031
31780
31657
31717
31872
31785
31655
31871
32455
33139
33529
33185
32711
32559
32612
32989
33367
33214
32877
32843
33097
33916
34729
34725
34087
33447
32543
31711
31437
31352
31595
32316
32933
33429
33735
33385
32925
32759
32357
31881
31530
31178
30777
30663
30577
30451
30558
30933
31534
32323
32811
32596
32053
31361
30731
30719
31063
31625
32507
33353
33856
34051
33815
33469
33590
33932
33949
33567
32872
32321
32462
32836
33145
33353
33366
33321
33587
33881
33893
33613
33007
32233
31869
32027
32133
32441
32923
32983
32753
32479
32060
32106
32608
32837
32967
32959
32459
31861
31921
32341
32941
33645
33893
33588
33310
33096
32737
32594
32579
32445
32626
32904
32935
32951
32807
32289
31809
31401
31092
31255
31601
31750
31937
32013
31905
31804
31581
31231
31159
31259
31569
31823
31637
31263
31265
31406
31851
32658
33345
33843
34153
33847
33367
33143
32943
32726
32791
32905
33047
33657
34279
34411
34363
33977
33183
33013
33284
33277
33393
33103
32288
31919
32119
32463
32997
33415
33258
32951
32740
32400
32069
31878
31519
31263
31655
32039
32164
32374
32365
32271
32595
32870
33009
33239
33221
32926
32705
32497
32100
31781
31735
32060
32703
33279
33461
33246
32674
32027
31511
31377
31511
31575
31641
31842
32147
32311
32070
31800
31836
31935
32102
32203
32169
32264
32391
32367
32523
32681
32550
32319
32213
32332
32813
33366
33609
33645
33655
33633
33797
34023
33919
33507
33174
33056
33099
33367
33455
33237
33094
32847
32749
32953
33095
33035
32866
32452
31919
31678
31487
31415
31542
31796
32170
32514
32737
32804
32719
32436
32013
31607
31513
31757
32169
32431
32494
32517
32573
32755
33009
33136
33127
33014
32673
32453
32521
32561
32528
32416
32188
32072
32223
32450
32709
33013
33095
32871
32535
32099
31592
31248
31289
31497
31890
32227
32447
32719
32993
32997
32757
32488
32183
31991
32312
32934
33527
33796
33537
33015
32844
32978
33289
33570
33554
33309
33077
33063
33175
33309
33305
32937
32411
32111
32007
32071
32395
32603
32673
32616
32444
32263
32136
31995
31995
32043
31949
31859
31813
31929
32263
32439
32238
32033
32137
32588
33143
33399
33221
33021
32731
32393
32287
32347
32470
32863
33399
33665
33709
33508
33017
32567
32331
32135
32099
32175
32044
31931
31919
31899
32071
32375
32533
32631
32719
32503
32134
31944
31820
31787
31879
31939
32106
32457
32693
32776
32953
33145
33274
33326
33197
32940
32768
32607
32398
32355
32431
32663
33231
33766
33981
33866
33347
32705
32272
32033
32015
32237
32376
32281
32334
32432
32422
32511
32519
32443
32505
32544
32359
32325
32375
32255
32191
32213
32225
32474
32945
33200
33292
33277
32951
32698
32741
32733
32669
32753
32711
32775
32994
33039
32918
32759
32503
32338
32402
32397
32264
32124
32087
32143
32339
32246
31969
31799
31676
31683
31924
32125
32168
32156
32063
32019
32273
32474
32437
32403
32356
32324
32502
32625
32522
32571
32701
32935
33331
33545
33417
33261
33189
33206
33327
33319
32979
32720
32591
32612
32733
32889
32958
32959
33023
33069
33032
32873
32414
31926
31794
31885
32095
32423
32719
32937
33149
33084
32867
32697
32535
32319
32266
32323
32363
32401
32430
32448
32607
32917
33097
33175
33129
32857
32589
32405
32220
32040
31943
31885
31985
32265
32459
32455
32365
32161
32009
32002
31855
31723
31525
31347
31416
31697
31953
32237
32346
32423
32626
32936
33067
32919
32649
32489
32597
32821
32837
32850
32989
33091
33263
33548
33747
33775
33677
33355
33134
33147
33111
32971
32923
32869
32929
33097
33115
33018
32883
32634
32412
32411
32449
32440
32379
32246
32091
32081
32212
32404
32509
32481
32405
32407
32555
32642
32581
32429
32337
32317
32366
32376
32374
32386
32358
32363
32395
32452
32458
32389
32302
32271
32227
32181
32117
32031
32023
32098
32151
32019
31719
31531
31695
32135
32628
32792
32616
32337
32205
32232
32379
32535
32573
32635
32652
32807
33163
33491
33514
33352
33243
33238
33395
33560
33499
33283
33139
32979
32839
32942
33071
33187
33367
33407
33326
33228
32955
32612
32425
32322
32186
32119
32124
32178
32305
32447
32487
32396
32283
32137
32125
32175
32129
31984
31863
31945
32138
32381
32497
32453
32396
32439
32538
32629
32630
32458
32259
32178
32203
32231
32297
32257
32165
32248
32465
32671
32759
32650
32393
32223
32191
32199
32247
32261
32222
32227
32326
32472
32627
32703
32703
32681
32735
32859
32965
32997
33023
33035
32964
32891
32859
32946
33095
33285
33458
33510
33488
33351
33174
33043
32951
32872
32819
32731
32601
32559
32649
32742
32858
32797
32533
32242
32087
32049
32116
32149
32083
31949
31848
31879
32026
32236
32351
32317
32261
32207
32257
32364
32421
32399
32351
32312
32302
32316
32412
32564
32707
32831
32927
32908
32788
32609
32371
32290
32357
32491
32566
32552
32533
32535
32602
32580
32433
32301
32262
32329
32498
32607
32525
32414
32359
32401
32528
32666
32677
32597
32623
32769
33015
33206
33215
33050
32962
32959
32997
33063
33028
32985
33002
32962
32894
32829
32723
32667
32719
32741
32686
32579
32471
32449
32478
32445
32369
32209
31990
31904
32059
32305
32506
32529
32367
32177
32123
32158
32222
32268
32311
32346
32438
32517
32633
32721
32749
32773
32799
32771
32755
32749
32684
32586
32544
32551
32540
32507
32417
32477
32645
32774
32818
32681
32430
32267
32175
32156
32116
32061
32036
32183
32420
32635
32790
32732
32541
32389
32363
32424
32574
32605
32559
32573
32680
32817
32964
32989
33003
33075
33086
33017
32943
32891
32813
32736
32633
32592
32671
32834
32917
32942
32865
32747
32673
32579
32441
32341
32266
32303
32362
32387
32418
32435
32459
32490
32503
32509
32521
32453
32277
32174
32237
32429
32624
32770
32774
32734
32705
32612
32563
32583
32635
32646
32650
32532
32450
32402
32360
32350
32387
32395
32317
32287
32282
32312
32400
32343
32226
32082
32048
32184
32410
32605
32607
32413
32177
32069
32175
32359
32471
32510
32551
32634
32763
32929
33047
33051
32988
32941
32912
32927
32990
33091
33135
33153
33116
33043
33043
33076
33069
32991
32859
32702
32565
32546
32607
32647
32628
32475
32391
32409
32524
32671
32715
32588
32413
32209
32125
32138
32201
32259
32316
32376
32466
32561
32627
32599
32503
32369
32275
32305
32356
32387
32394
32407
32452
32527
32527
32414
32385
32437
32476
32458
32360
32164
31978
31937
31979
32056
32179
32258
32342
32445
32574
32613
32560
32454
32346
32355
32463
32599
32709
32828
32917
33011
33127
33169
33147
33102
33085
33119
33168
33203
33169
33146
33114
33079
33075
33105
33096
33032
32937
32818
32789
32796
32687
32530
32388
32285
32267
32319
32440
32468
32432
32349
32256
32189
32201
32171
32136
32123
32138
32195
32283
32375
32375
32295
32221
32165
32193
32317
32454
32583
32619
32541
32391
32245
32199
32219
32285
32355
32375
32377
32369
32371
32339
32305
32309
32329
32366
32439
32511
32625
32617
32538
32423
32424
32529
32719
32871
32981
33029
33049
33061
33055
33063
33022
32983
32925
32947
33043
33151
33215
33178
33113
33134
33158
33163
33097
32985
32849
32711
32626
32598
32589
32572
32479
32411
32381
32367
32357
32342
32265
32176
32116
32087
32078
32056
31991
31962
32023
32168
32333
32399
32415
32383
32350
32259
32183
32176
32239
32256
32311
32327
32343
32397
32509
32632
32734
32765
32669
32535
32467
32468
32557
32572
32470
32357
32357
32467
32627
32783
32798
32756
32691
32688
32669
32674
32657
32611
32581
32599
32687
32863
33039
33136
33122
33101
33003
32983
32997
33029
33030
32977
32871
32793
32792
32869
32919
32932
32901
32815
32727
32631
32553
32504
32403
32297
32217
32173
32189
32233
32253
32233
32187
32187
32183
32213
32215
32188
32166
32114
32070
32067
32141
32243
32363
32506
32554
32561
32537
32487
32501
32573
32655
32688
32683
32620
32545
32553
32583
32621
32639
32676
32737
32746
32702
32591
32527
32459
32487
32487
32467
32484
32491
32531
32602
32626
32645
32631
32609
32629
32745
32867
32923
32913
32823
32723
32705
32781
32849
32896
32925
32887
32872
32864
32898
32931
32935
32816
32657
32573
32539
32575
32594
32528
32487
32454
32438
32405
32405
32383
32343
32260
32201
32125
32166
32189
32181
32175
32217
32297
32430
32574
32657
32639
32595
32491
32387
32392
32454
32496
32527
32545
32538
32594
32668
32719
32753
32775
32721
32644
32533
32399
32345
32376
32451
32457
32461
32489
32548
32633
32647
32608
32563
32445
32359
32341
32340
32386
32431
32501
32581
32676
32795
32869
32903
32893
32866
32833
32789
32715
32660
32687
32811
32919
32939
32915
32858
32839
32849
32816
32798
32759
32685
32575
32479
32454
32468
32515
32555
32561
32567
32562
32510
32429
32399
32345
32310
32255
32215
32197
32268
32378
32463
32491
32460
32456
32479
32529
32553
32520
32453
32365
32384
32464
32551
32640
32604
32471
32394
32402
32474
32554
32580
32509
32441
32370
32375
32426
32479
32463
32386
32363
32346
32407
32521
32573
32537
32486
32440
32436
32543
32669
32779
32813
32771
32730
32719
32752
32861
32988
33018
32981
32959
32950
32994
33045
33061
33017
32929
32843
32764
32721
32734
32763
32801
32816
32757
32693
32644
32565
32481
32387
32303
32247
32244
32299
32345
32335
32287
32243
32241
32309
32363
32379
32329
32264
32203
32215
32274
32291
32298
32353
32436
32554
32647
32674
32620
32490
32362
32295
32295
32301
32320
32347
32398
32475
32551
32575
32570
32509
32452
32423
32480
32515
32533
32505
32463
32463
32515
32648
32745
32809
32866
32911
32911
32927
32956
32943
32907
32911
32871
32909
33023
33111
33215
33285
33204
33073
32930
32812
32752
32769
32784
32724
32631
32525
32481
32506
32575
32551
32468
32351
32268
32265
32274
32281
32235
32173
32089
32054
32071
32169
32249
32324
32335
32281
32247
32235
32241
32272
32321
32319
32306
32317
32341
32427
32543
32593
32572
32501
32456
32439
32467
32519
32532
32546
32529
32535
32545
32583
32581
32591
32574
32584
32603
32687
32769
32798
32786
32751
32748
32793
32847
32889
32915
32938
32970
32964
32979
32933
32912
32925
32968
33008
33031
32982
32905
32847
32801
32765
32730
32719
32673
32641
32625
32604
32587
32516
32415
32321
32279
32250
32256
32235
32194
32137
32088
32091
32148
32231
32283
32272
32232
32150
32107
32111
32137
32201
32271
32336
32399
32439
32465
32491
32530
32553
32575
32573
32567
32573
32586
32581
32587
32581
32550
32599
32695
32793
32861
32831
32744
32631
32565
32587
32651
32683
32690
32669
32689
32751
32808
32842
32855
32812
32786
32764
32753
32764
32783
32783
32738
32775
32847
32924
32947
32901
32858
32842
32819
32768
32703
32638
32578
32536
32498
32462
32447
32433
32431
32440
32429
32391
32294
32178
32121
32098
32117
32164
32197
32201
32227
32251
32258
32261
32275
32297
32371
32396
32397
32395
32396
32409
32461
32517
32595
32635
32644
32677
32702
32738
32743
32675
32639
32621
32652
32698
32724
32731
32671
32631
32601
32617
32637
32633
32604
32565
32533
32537
32593
32661
32715
32714
32703
32661
32651
32663
32677
32743
32793
32807
32759
32729
32737
32783
32844
32837
32779
32726
32697
32695
32687
32679
32648
32571
32491
32479
32531
32616
32607
32503
32376
32275
32243
32237
32307
32313
32345
32307
32283
32277
32330
32380
32399
32383
32358
32339
32342
32360
32368
32419
32484
32518
32567
32609
32625
32635
32643
32619
32608
32569
32548
32532
32547
32583
32606
32611
32607
32588
32607
32637
32623
32603
32501
32455
32451
32476
32507
32533
32580
32590
32647
32688
32687
32683
32663
32669
32679
32708
32712
32683
32671
32663
32726
32815
32879
32880
32841
32815
32783
32784
32748
32668
32598
32583
32635
32679
32733
32724
32639
32551
32477
32467
32455
32436
32401
32310
32271
32265
32313
32367
32393
32381
32370
32359
32336
32341
32358
32389
32409
32406
32381
32375
32395
32448
32510
32521
32520
32479
32463
32455
32503
32568
32557
32511
32495
32505
32562
32633
32664
32631
32569
32511
32499
32517
32535
32527
32528
32556
32603
32646
32657
32647
32613
32612
32639
32639
32683
32708
32759
32817
32853
32894
32905
32893
32876
32908
32913
32889
32868
32846
32809
32800
32779
32775
32769
32731
32685
32685
32663
32631
32570
32461
32399
32336
32327
32339
32341
32361
32367
32341
32311
32263
32218
32185
32183
32183
32203
32214
32210
32234
32307
32389
32468
32481
32478
32439
32427
32443
32491
32515
32487
32450
32440
32466
32533
32631
32667
32667
32622
32587
32554
32567
32593
32567
32545
32528
32527
32575
32663
32771
32835
32795
32732
32696
32703
32739
32769
32810
32825
32843
32868
32896
32929
32946
32960
32962
32941
32897
32875
32844
32816
32789
32741
32647
32598
32599
32645
32683
32657
32585
32473
32379
32339
32321
32297
32243
32191
32157
32193
32231
32268
32278
32231
32165
32137
32169
32202
32228
32258
32290
32293
32307
32326
32371
32401
32457
32501
32517
32513
32495
32519
32553
32583
32586
32593
32567
32575
32617
32647
32679
32713
32697
32668
32659
32674
32683
32733
32740
32784
32799
32788
32756
32727
32733
32765
32787
32829
32832
32831
32838
32838
32870
32891
32896
32836
32763
32737
32751
32775
32789
32768
32689
32646
32625
32640
32627
32609
32543
32449
32367
32325
32305
32320
32321
32269
32254
32249
32251
32275
32252
32231
32238
32210
32175
32139
32153
32184
32212
32249
32280
32321
32392
32451
32505
32519
32517
32483
32459
32469
32531
32594
32649
32636
32631
32663
32721
32779
32825
32799
32785
32749
32702
32699
32687
32698
32687
32692
32709
32727
32751
32793
32807
32796
32733
32689
32669
32651
32649
32691
32719
32744
32751
32778
32791
32791
32779
32719
32703
32663
32637
32607
32599
32598
32601
32615
32591
32558
32519
32502
32479
32464
32435
32375
32279
32236
32219
32234
32257
32289
32291
32294
32280
32273
32280
32281
32258
32231
32261
32264
32308
32369
32437
32499
32533
32536
32547
32555
32592
32640
32659
32661
32665
32660
32663
32705
32750
32767
32717
32681
32652
32689
32731
32739
32703
32665
32623
32594
32601
32655
32679
32698
32685
32661
32656
32645
32636
32625
32623
32615
32647
32677
32717
32753
32757
32730
32673
32635
32599
32663
32705
32761
32747
32687
32635
32595
32599
32604
32562
32517
32469
32410
32388
32383
32421
32383
32359
32345
32336
32354
32360
32355
32335
32295
32280
32282
32293
32323
32368
32393
32455
32476
32530
32555
32538
32511
32503
32487
32478
32479
32489
32535
32577
32655
32701
32735
32717
32693
32662
32635
32605
32598
32610
32607
32574
32545
32551
32592
32634
32685
