44507
44509
44503
44489
44483
44477
44475
44465
44455
44457
44458
44463
44467
44468
44476
44475
44492
44502
44508
44519
44531
44542
44553
44561
44579
44585
44594
44599
44607
44607
44610
44605
44599
44589
44582
44567
44563
44551
44533
44523
44511
44505
44490
44473
44462
44467
44459
44456
44455
44455
44451
44456
44455
44464
44476
44481
44491
44501
44512
44527
44534
44545
44557
44566
44583
44593
44599
44605
44605
44611
44606
44606
44600
44591
44578
44566
44556
44543
44535
44515
44505
44495
44483
44473
44465
44462
44456
44455
44459
44456
44459
44463
44469
44474
44487
44495
44506
44517
44527
44533
44541
44554
44559
44569
44581
44588
44593
44591
44595
44593
44593
44589
44581
44572
44569
44552
44542
44530
44521
44507
44500
44494
44481
44473
44470
44463
44462
44468
44467
44471
44467
44466
44477
44477
44487
44495
44501
44511
44520
44532
44538
44548
44555
44557
44566
44573
44577
44583
44579
44582
44577
44576
44573
44565
44556
44551
44537
44531
44527
44517
44511
44499
44487
44484
44470
44468
44509
44665
44475
44476
44473
44479
44483
44488
44498
44503
44508
44512
44514
44526
44536
44543
44555
44566
44564
44570
44579
44579
44581
44580
44584
44587
44579
44575
44568
44557
44557
44549
44539
44524
44517
44505
44503
44491
44485
44481
44477
44469
44472
44473
44469
44473
44474
44475
44479
44482
44495
44505
44508
44514
44522
44534
44543
44544
44555
44563
44571
44575
44584
44583
44580
44585
44585
44587
44577
44568
44559
44553
44546
44533
44524
44511
44504
44496
44491
44483
44472
44469
44464
44464
44472
44468
44469
44476
44483
44485
44493
44500
44508
44521
44535
44543
44551
44558
44564
44573
44579
44584
44589
44595
44592
44592
44583
44578
44569
44565
44553
44551
44543
44532
44524
44511
44501
44492
44483
44471
44471
44465
44455
44458
44465
44466
44469
44472
44485
44483
44496
44510
44519
44526
44534
44548
44558
44559
44575
44578
44575
44582
44592
44591
44587
44592
44585
44581
44566
44555
44552
44559
44535
44517
44509
44503
44491
44478
44473
44457
44455
44460
44459
44454
44453
44462
44465
44469
44475
44484
44493
44507
44515
44523
44533
44537
44547
44554
44565
44575
44574
44571
44577
44577
44573
44569
44572
44567
44555
44547
44533
44529
44523
44511
44507
44505
44494
44483
44474
44473
44469
44467
44462
44469
44471
44471
44479
44485
44487
44497
44506
44515
44524
44535
44543
44549
44549
44559
44563
44572
44569
44575
44579
44574
44574
44573
44567
44561
44553
44545
44535
44536
44526
44517
44511
44501
44494
44484
44479
44475
44477
44467
44468
44464
44478
44471
44482
44484
44488
44497
44496
44507
44516
44516
44521
44530
44541
44542
44557
44563
44567
44568
44573
44575
44578
44573
44576
44569
44564
44561
44551
44551
44536
44533
44525
44517
44511
44499
44497
44486
44482
44485
44484
44472
44471
44475
44483
44485
44491
44493
44501
44509
44510
44517
44526
44533
44543
44549
44557
44563
44561
44569
44578
44572
44576
44572
44567
44565
44557
44562
44553
44545
44537
44528
44519
44511
44509
44498
44489
44481
44478
44473
44466
44467
44471
44472
44477
44481
44480
44491
44496
44503
44512
44523
44533
44541
44549
44551
44561
44570
44574
44577
44581
44587
44583
44586
44581
44575
44571
44566
44560
44551
44541
44537
44519
44513
44500
44489
44481
44470
44471
44466
44459
44462
44460
44461
44465
44471
44483
44487
44488
44503
44514
44525
44534
44543
44550
44560
44555
44569
44573
44578
44579
44583
44579
44582
44575
44569
44569
44559
44553
44545
44535
44527
44520
44501
44494
44485
44471
44469
44471
44462
44459
44465
44465
44465
44475
44475
44482
44489
44504
44514
44516
44526
44531
44535
44553
44559
44559
44569
44567
44565
44568
44563
44565
44565
44566
44563
44553
44546
44543
44534
44519
44515
44501
44490
44489
44489
44475
44463
44465
44465
44468
44469
44463
44469
44474
44479
44479
44487
44502
44505
44517
44531
44537
44539
44549
44558
44559
44561
44562
44565
44567
44566
44562
44563
44566
44557
44558
44550
44538
44533
44527
44521
44517
44505
44499
44496
44485
44479
44481
44479
44479
44480
44476
44473
44479
44485
44483
44492
44499
44509
44511
44520
44531
44535
44545
44544
44556
44552
44551
44560
44565
44558
44559
44563
44563
44558
44555
44553
44552
44540
44537
44527
44519
44511
44507
44499
44497
44490
44487
44482
44481
44475
44481
44477
44477
44476
44475
44482
44488
44498
44511
44516
44529
44529
44531
44537
44548
44551
44558
44565
44562
44563
44571
44568
44567
44563
44563
44559
44543
44539
44579
44524
44523
44519
44503
44494
44494
44483
44471
44467
44471
44470
44467
44469
44470
44472
44472
44481
44487
44495
44500
44505
44523
44522
44531
44542
44551
44553
44559
44562
44570
44575
44575
44571
44571
44569
44565
44554
44548
44547
44535
44525
44520
44511
44505
44492
44487
44481
44473
44469
44469
44471
44467
44468
44476
44477
44477
44483
44487
44503
44511
44519
44527
44534
44541
44552
44555
44563
44563
44568
44573
44571
44567
44568
44564
44558
44554
44543
44543
44535
44529
44521
44513
44503
44490
44486
44485
44475
44470
44469
44467
44467
44463
44469
44475
44477
44479
44485
44498
44503
44509
44521
44526
44539
44542
44545
44547
44558
44561
44559
44564
44572
44561
44564
44556
44553
44551
44540
44538
44529
44523
44518
44507
44505
44491
44489
44479
44483
44479
44471
44464
44470
44472
44477
44479
44481
44484
44491
44497
44509
44504
44516
44527
44535
44537
44541
44549
44560
44553
44557
44556
44558
44558
44551
44551
44548
44541
44540
44529
44524
44518
44517
44509
44504
44502
44491
44487
44487
44487
44487
44483
44481
44479
44489
44501
44507
44511
44519
44525
44534
44543
44552
44559
44567
44568
44584
44591
44596
44597
44601
44607
44607
44613
44607
44608
44610
44621
44619
44621
44621
44623
44622
44614
44621
44617
44614
44597
44604
44607
44598
44592
44591
44594
44603
44607
44614
44609
44611
44618
44641
44651
44647
44657
44663
44681
44677
44685
44687
44697
44706
44703
44711
44709
44704
44718
44717
44725
44735
44743
44746
44753
44753
44759
44750
44755
44748
44743
44753
44743
44731
44723
44724
44729
44723
44713
44709
44711
44721
44722
44731
44734
44728
44729
44733
44741
44733
44733
44732
44738
44741
44733
44731
44734
44731
44728
44733
44737
44731
44730
44731
44731
44737
44735
44730
44731
44722
44720
44712
44704
44700
44691
44687
44680
44672
44667
44655
44647
44636
44633
44635
44639
44639
44631
44631
44629
44628
44630
44625
44627
44627
44621
44615
44610
44604
44599
44603
44600
44595
44586
44583
44581
44583
44582
44582
44582
44582
44580
44585
44580
44576
44575
44576
44573
44571
44563
44556
44555
44560
44563
44566
44559
44559
44554
44545
44546
44537
44535
44532
44527
44529
44521
44514
44509
44495
44485
44483
44477
44471
44474
44471
44475
44479
44479
44483
44488
44496
44503
44513
44517
44527
44529
44541
44541
44547
44549
44551
44549
44552
44551
44540
44542
44543
44535
44535
44529
44527
44517
44513
44509
44506
44497
44429
44495
44484
44479
44479
44481
44481
44476
44474
44475
44483
44497
44503
44500
44510
44514
44521
44527
44537
44538
44543
44547
44553
44551
44555
44554
44549
44541
44541
44534
44531
44527
44521
44517
44513
44511
44511
44502
44495
44496
44497
44489
44493
44495
44489
44487
44495
44495
44498
44507
44503
44507
44505
44508
44515
44530
44532
44535
44542
44540
44543
44543
44547
44540
44534
44528
44527
44531
44535
44521
44519
44521
44519
44511
44504
44500
44499
44500
44501
44502
44505
44509
44497
44495
44495
44497
44497
44507
44506
44501
44505
44528
44526
44529
44527
44532
44533
44537
44543
44537
44533
44543
44547
44540
44545
44541
44539
44543
44537
44535
44531
44530
44531
44526
44523
44519
44529
44525
44521
44525
44529
44520
44519
44519
44516
44511
44515
44511
44510
44513
44511
44515
44513
44513
44514
44514
44516
44519
44522
44524
44529
44534
44529
44536
44537
44537
44535
44538
44537
44535
44529
44535
44537
44531
44528
44537
44538
44531
44536
44532
44529
44524
44520
44519
44519
44522
44519
44511
44514
44510
44507
44505
44505
44506
44516
44513
44519
44527
44529
44533
44530
44543
44543
44551
44546
44547
44550
44551
44545
44551
44545
44544
44545
44542
44535
44535
44532
44526
44526
44518
44514
44517
44509
44510
44506
44501
44503
44497
44491
44500
44501
44503
44503
44503
44508
44517
44520
44521
44535
44541
44541
44546
44550
44547
44557
44559
44551
44551
44551
44547
44548
44538
44542
44541
44530
44525
44517
44519
44507
44501
44503
44505
44504
44503
44496
44495
44493
44501
44499
44502
44503
44505
44509
44509
44514
44522
44527
44531
44537
44539
44543
44541
44545
44552
44558
44549
44545
44545
44549
44537
44529
44525
44527
44519
44519
44519
44505
44503
44504
44497
44496
44499
44493
44497
44504
44504
44506
44505
44514
44518
44519
44515
44519
44518
44527
44529
44540
44541
44544
44541
44551
44553
44551
44543
44545
44554
44545
44541
44535
44535
44527
44520
44515
44510
44510
44505
44500
44503
44503
44503
44508
44509
44504
44498
44503
44503
44503
44509
44504
44509
44512
44517
44520
44529
44531
44519
44533
44533
44539
44535
44531
44539
44533
44533
44538
44533
44529
44522
44516
44525
44522
44527
44520
44516
44519
44512
44512
44514
44513
44502
44509
44515
44515
44521
44518
44522
44521
44521
44519
44526
44526
44531
44526
44530
44531
44534
44533
44532
44541
44539
44539
44540
44539
44538
44541
44539
44546
44543
44547
44548
44537
44535
44539
44541
44539
44531
44537
44531
44532
44531
44535
44537
44535
44539
44539
44539
44539
44536
44542
44543
44543
44545
44543
44546
44548
44551
44552
44555
44550
44551
44559
44562
44559
44563
44554
44560
44567
44570
44561
44555
44557
44551
44553
44553
44553
44550
44548
44541
44547
44543
44539
44538
44541
44538
44535
44535
44535
44535
44531
44535
44541
44542
44541
44542
44545
44543
44543
44543
44547
44549
44546
44551
44559
44557
44551
44556
44555
44553
44554
44546
44549
44548
44543
44540
44537
44535
44535
44532
44530
44523
44518
44514
44519
44521
44523
44522
44521
44517
44517
44521
44522
44525
44523
44523
44527
44534
44537
44535
44537
44537
44535
44534
44531
44531
44531
44529
44531
44531
44527
44529
44521
44513
44516
44512
44505
44503
44505
44503
44505
44503
44503
44499
44508
44506
44506
44503
44503
44511
44517
44520
44523
44526
44524
44525
44527
44527
44535
44525
44531
44535
44532
44529
44535
44530
44531
44526
44524
44524
44523
44523
44518
44513
44513
44513
44505
44507
44503
44511
44507
44505
44508
44516
44517
44516
44515
44514
44522
44527
44525
44527
44528
44531
44532
44532
44533
44534
44535
44538
44534
44529
44529
44524
44517
44523
44521
44518
44519
44513
44508
44511
44514
44517
44513
44510
44510
44508
44511
44510
44505
44508
44517
44515
44511
44518
44519
44515
44517
44519
44525
44529
44527
44530
44535
44533
44530
44530
44522
44525
44522
44526
44519
44521
44521
44525
44527
44519
44519
44522
44517
44515
44519
44525
44524
44517
44511
44519
44519
44519
44519
44515
44515
44513
44513
44510
44513
44511
44515
44515
44515
44515
44515
44523
44525
44519
44518
44519
44527
44523
44523
44524
44526
44520
44519
44521
44523
44517
44521
44524
44521
44511
44517
44517
44523
44523
44522
44514
44517
44520
44515
44511
44510
44511
44506
44512
44513
44515
44515
44519
44515
44513
44521
44519
44525
44529
44529
44525
44527
44529
44527
44526
44527
44527
44530
44531
44533
44526
44527
44523
44523
44522
44519
44513
44519
44511
44516
44513
44515
44511
44506
44499
44508
44510
44510
44513
44508
44507
44513
44510
44511
44515
44515
44515
44523
44526
44522
44519
44524
44527
44529
44527
44531
44529
44525
44520
44525
44521
44521
44515
44517
44517
44520
44514
44517
44509
44510
44511
44506
44508
44509
44507
44503
44505
44503
44504
44512
44519
44514
44512
44519
44518
44517
44520
44526
44517
44527
44527
44526
44523
44526
44519
44522
44525
44517
44517
44526
44521
44515
44513
44515
44511
44513
44510
44511
44503
44502
44503
44503
44506
44505
44504
44505
44508
44511
44513
44517
44519
44519
44521
44527
44525
44528
44522
44527
44527
44531
44527
44527
44531
44528
44528
44521
44523
44519
44525
44516
44519
44517
44511
44507
44519
44519
44510
44506
44511
44509
44504
44507
44509
44511
44505
44510
44515
44512
44506
44513
44513
44513
44518
44512
44519
44516
44517
44518
44531
44527
44521
44517
44519
44520
44515
44518
44517
44515
44516
44519
44519
44515
44516
44525
44523
44520
44520
44517
44515
44512
44508
44511
44512
44513
44510
44507
44517
44518
44518
44518
44519
44521
44515
44517
44512
44519
44520
44514
44521
44523
44522
44523
44519
44519
44516
44522
44521
44522
44517
44510
44516
44521
44519
44513
44519
44516
44520
44511
44516
44518
44517
44509
44510
44509
44509
44513
44510
44507
44508
44509
44510
44517
44513
44515
44518
44525
44527
44519
44522
44523
44526
44531
44533
44532
44519
44523
44531
44526
44531
44527
44530
44527
44526
44521
44524
44525
44524
44522
44519
44519
44511
44512
44512
44508
44507
44508
44515
44509
44505
44507
44505
44513
44511
44508
44512
44519
44521
44518
44522
44527
44522
44521
44523
44532
44532
44527
44525
44529
44525
44517
44520
44523
44527
44519
44517
44515
44511
44511
44502
44503
44503
44511
44512
44508
44506
44503
44505
44508
44506
44507
44506
44509
44515
44519
44519
44519
44523
44525
44524
44533
44531
44525
44521
44525
44523
44522
44524
44524
44525
44522
44517
44509
44511
44506
44508
44516
44513
44503
44498
44505
44507
44503
44506
44498
44503
44503
44505
44510
44511
44510
44511
44514
44515
44523
44521
44522
44514
44522
44521
44525
44525
44521
44517
44521
44530
44527
44524
44519
44518
44519
44512
44514
44511
44515
44507
44507
44509
44505
44509
44509
44512
44514
44513
44510
44509
44511
44513
44514
44514
44519
44520
44522
44519
44521
44520
44525
44525
44527
44525
44528
44531
44528
44530
44525
44523
44523
44530
44524
44527
44521
44525
44519
44524
44521
44521
44519
44527
44519
44519
44519
44514
44509
44516
44513
44514
44517
44509
44516
44521
44529
44528
44531
44533
44535
44535
44533
44539
44535
44539
44543
44543
44551
44543
44542
44548
44543
44543
44543
44543
44543
44542
44543
44550
44543
44535
44535
44528
44529
44528
44531
44528
44515
44522
44522
44515
44518
44511
44513
44519
44523
44521
44524
44519
44525
44528
44525
44531
44529
44535
44542
44542
44548
44541
44542
44546
44541
44538
44539
44541
44539
44537
44535
44535
44535
44540
44534
44526
44528
44526
44521
44519
44517
44517
44520
44515
44519
44511
44509
44511
44507
44510
44519
44515
44526
44523
44527
44529
44527
44539
44535
44533
44543
44540
44542
44541
44542
44539
44536
44536
44533
44536
44534
44527
44529
44523
44521
44519
44513
44513
44517
44515
44507
44505
44511
44508
44507
44511
44508
44504
44507
44509
44515
44516
44519
44523
44522
44525
44527
44531
44534
44533
44533
44536
44541
44534
44539
44536
44535
44533
44537
44534
44532
44519
44520
44525
44523
44524
44519
44518
44518
44513
44515
44507
44501
44505
44511
44512
44507
44508
44505
44503
44511
44509
44510
44519
44522
44530
44523
44526
44525
44532
44529
44530
44535
44531
44533
44535
44535
44532
44528
44527
44527
44518
44519
44515
44518
44513
44512
44512
44505
44505
44510
44513
44509
44510
44509
44515
44513
44511
44511
44517
44519
44519
44519
44519
44520
44525
44527
44529
44531
44530
44539
44534
44535
44538
44541
44535
44535
44534
44529
44527
44527
44525
44523
44524
44520
44514
44510
44514
44516
44514
44509
44504
44503
44502
44506
44509
44506
44503
44507
44509
44509
44511
44515
44519
44521
44525
44520
44527
44527
44525
44525
44532
44531
44530
44531
44537
44532
44533
44533
44538
44539
44535
44536
44529
44527
44523
44527
44525
44520
44519
44518
44518
44513
44515
44517
44519
44513
44517
44517
44519
44519
44519
44519
44523
44521
44521
44527
44531
44529
44523
44531
44535
44541
44537
44531
44535
44531
44536
44536
44529
44531
44527
44528
44519
44519
44517
44520
44513
44517
44513
44519
44512
44514
44507
44504
44504
44508
44510
44505
44514
44517
44518
44523
44527
44527
44527
44531
44535
44537
44539
44535
44535
44537
44539
44541
44539
44540
44537
44533
44535
44531
44529
44527
44528
44527
44523
44524
44517
44517
44517
44515
44513
44511
44513
44505
44503
44503
44503
44507
44517
44518
44517
44513
44519
44521
44520
44523
44533
44534
44531
44537
44538
44542
44540
44542
44541
44535
44529
44533
44530
44530
44527
44521
44520
44516
44519
44517
44511
44519
44515
44519
44514
44509
44508
44515
44511
44511
44514
44511
44513
44516
44519
44523
44524
44523
44526
44527
44532
44533
44534
44535
44529
44535
44541
44542
44535
44529
44531
44525
44523
44523
44520
44523
44518
44519
44508
44511
44504
44503
44515
44509
44499
44504
44505
44509
44509
44507
44509
44513
44513
44507
44510
44507
44514
44518
44520
44519
44519
44525
44531
44529
44533
44535
44532
44532
44535
44533
44534
44527
44526
44523
44524
44526
44523
44519
44513
44520
44520
44519
44519
44514
44511
44509
44515
44513
44515
44509
44515
44516
44511
44513
44517
44512
44515
44522
44521
44519
44517
44526
44525
44524
44528
44528
44529
44531
44528
44533
44531
44522
44519
44525
44528
44527
44517
44515
44515
44514
44509
44505
44511
44507
44503
44507
44518
44513
44513
44514
44512
44511
44511
44515
44518
44519
44522
44523
44519
44520
44522
44521
44529
44529
44535
44533
44533
44532
44532
44537
44542
44533
44529
44525
44527
44523
44519
44517
44517
44511
44511
44505
44509
44505
44512
44504
44505
44505
44507
44501
44511
44506
44509
44510
44515
44522
44516
44512
44515
44527
44523
44527
44531
44527
44528
44529
44528
44536
44532
44525
44527
44530
44528
44533
44529
44519
44521
44522
44519
44508
44503
44513
44511
44509
44513
44510
44505
44502
44505
44506
44513
44514
44512
44517
44515
44517
44516
44521
44527
44529
44531
44530
44526
44533
44535
44533
44529
44530
44531
44536
44527
44526
44525
44519
44516
44517
44523
44511
44509
44509
44511
44509
44505
44508
44507
44511
44505
44504
44508
44503
44503
44506
44516
44513
44515
44518
44519
44522
44520
44520
44524
44527
44534
44531
44525
44527
44531
44526
44528
44527
44526
44523
44528
44521
44519
44517
44519
44519
44515
44511
44512
44504
44503
44505
44506
44503
44508
44507
44510
44508
44505
44508
44512
44511
44512
44515
44517
44513
44514
44519
44513
44514
44520
44524
44529
44530
44528
44523
44532
44529
44521
44521
44522
44522
44519
44519
44513
44513
44511
44510
44511
44511
44511
44511
44506
44503
44511
44507
44513
44504
44507
44506
44509
44513
44516
44515
44523
44521
44516
44515
44525
44530
44533
44523
44526
44532
44527
44532
44530
44529
44525
44525
44516
44513
44516
44517
44519
44521
44518
44506
44507
44507
44503
44503
44505
44504
44513
44505
44510
44509
44509
44506
44513
44513
44512
44512
44512
44517
44511
44517
44520
44524
44524
44519
44529
44539
44535
44528
44532
44534
44532
44527
44525
44522
44531
44527
44519
44525
44521
44513
44519
44519
44511
44512
44507
44511
44515
44520
44511
44505
44511
44513
44509
44512
44519
44516
44518
44523
44521
44519
44521
44529
44529
44526
44533
44535
44535
44527
44524
44527
44527
44521
44525
44528
44521
44521
44519
44517
44516
44517
44511
44516
44503
44507
44511
44515
44509
44505
44507
44512
44515
44515
44515
44513
44523
44519
44525
44525
44525
44527
44523
44527
44531
44533
44532
44533
44537
44534
44535
44534
44527
44531
44531
44533
44527
44523
44523
44519
44513
44507
44511
44516
44511
44505
44499
44515
44511
44510
44507
44508
44512
44512
44507
44519
44535
44524
44517
44525
44522
44526
44524
44531
44532
44527
44534
44530
44523
44524
44521
44521
44528
44530
44527
44524
44528
44519
44519
44514
44516
44514
44511
44512
44507
44509
44506
44505
44505
44507
44511
44518
44516
44513
44513
44516
44517
44516
44517
44519
44520
44515
44521
44527
44525
44529
44527
44523
44521
44523
44527
44519
44522
44526
44521
44517
44518
44517
44509
44511
44511
44511
44507
44508
44504
44506
44512
44506
44507
44511
44505
44504
44511
44509
44511
44511
44517
44513
44514
44514
44527
44526
44523
44526
44525
44534
44529
44529
44527
44525
44527
44524
44528
44522
44528
44523
44519
44524
44524
44521
44525
44525
44521
44522
44517
44523
44520
44524
44533
44527
44521
44528
44533
44530
44527
44534
44532
44539
44541
44542
44544
44543
44553
44548
44549
44551
44558
44560
44556
44557
44559
44559
44559
44561
44555
44552
44552
44549
44551
44548
44548
44551
44546
44543
44549
44559
44559
44561
44563
44557
44559
44566
44564
44568
44573
44571
44572
44579
44575
44575
44583
44585
44588
44591
44593
44599
44597
44598
44595
44599
44597
44599
44593
44593
44589
44593
44584
44578
44577
44576
44575
44575
44566
44568
44564
44567
44571
44567
44565
44551
44561
44563
44564
44560
44562
44567
44569
44563
44571
44570
44569
44574
44577
44583
44577
44583
44583
44581
44579
44588
44591
44587
44587
44582
44585
44585
44585
44579
44572
44567
44565
44562
44563
44557
44557
44556
44557
44549
44545
44543
44545
44551
44551
44550
44549
44545
44551
44550
44551
44550
44557
44552
44551
44555
44555
44560
44555
44559
44562
44558
44558
44559
44551
44547
44550
44543
44547
44543
44539
44537
44526
44528
44525
44527
44523
44517
44515
44515
44510
44512
44514
44513
44519
44517
44518
44519
44518
44526
44529
44523
44523
44527
44522
44525
44531
44530
44529
44532
44527
44525
44535
44532
44528
44528
44532
44525
44527
44533
44522
44527
44527
44515
44515
44514
44511
44508
44514
44508
44504
44510
44511
44517
44511
44513
44508
44508
44514
44517
44520
44520
44519
44521
44528
44524
44525
44525
44527
44527
44531
44533
44534
44530
44526
44521
44523
44520
44518
44519
44527
44526
44523
44525
44523
44520
44519
44515
44515
44521
44516
44513
44519
44519
44521
44520
44521
44526
44525
44522
44521
44527
44531
44521
44527
44519
44523
44525
44525
44535
44525
44531
44532
44527
44523
44523
44524
44531
44525
44523
44527
44520
44519
44518
44517
44512
44517
44515
44511
44515
44510
44511
44511
44513
44514
44512
44510
44509
44512
44515
44511
44519
44519
44521
44520
44529
44526
44531
44533
44535
44533
44536
44538
44535
44541
44539
44541
44533
44535
44535
44535
44533
44535
44527
44515
44522
44523
44516
44516
44519
44519
44519
44514
44517
44511
44512
44515
44516
44517
44516
44515
44513
44520
44526
44522
44533
44527
44521
44530
44529
44529
44535
44535
44537
44543
44543
44532
44529
44535
44532
44531
44528
44523
44518
44519
44518
44516
44511
44507
44510
44513
44515
44516
44511
44517
44521
44521
44521
44519
44519
44521
44531
44527
44527
44531
44537
44540
44535
44537
44539
44538
44535
44535
44534
44534
44531
44531
44534
44535
44532
44528
44522
44523
44517
44519
44521
44509
44509
44513
44511
44509
44510
44513
44512
44513
44507
44513
44519
44520
44527
44526
44523
44526
44530
44525
44529
44527
44533
44533
44529
44530
44527
44535
44529
44524
44527
44525
44527
44525
44519
44525
44520
44519
44522
44508
44512
44518
44509
44503
44508
44511
44509
44517
44512
44522
44517
44520
44513
44519
44517
44522
44519
44520
44529
44526
44528
44523
44521
44525
44523
44520
44521
44520
44519
44517
44518
44519
44518
44515
44513
44513
44517
44515
44517
44513
44510
44517
44515
44507
44513
44509
44506
44514
44513
44511
44516
44518
44509
44519
44526
44525
44517
44523
44519
44519
44527
44529
44523
44523
44526
44529
44529
44530
44535
44529
44535
44532
44535
44537
44535
44533
44529
44529
44531
44532
44523
44527
44526
44527
44523
44521
44519
44519
44517
44521
44515
44523
44523
44515
44519
44519
44521
44522
44519
44519
44519
44521
44519
44522
44526
44527
44527
44533
44532
44530
44527
44531
44532
44525
44526
44525
44523
44524
44523
44517
44525
44519
44515
44510
44514
44517
44515
44511
44503
44511
44507
44509
44507
44511
44517
44515
44513
44519
44521
44523
44520
44524
44531
44533
44530
44529
44531
44533
44532
44532
44526
44525
44522
44521
44524
44523
44521
44515
44519
44509
44512
44508
44508
44505
44504
44505
44513
44505
44501
44504
44511
44511
44511
44510
44520
44524
44517
44514
44521
44523
44521
44521
44535
44533
44535
44532
44531
44531
44533
44537
44536
44530
44519
44523
44527
44526
44523
44511
44512
44513
44517
44515
44514
44516
44505
44512
44515
44517
44512
44513
44509
44519
44518
44519
44526
44521
44523
44524
44530
44531
44527
44529
44528
44529
44533
44531
44523
44528
44529
44524
44524
44527
44527
44522
44515
44526
44525
44513
44511
44505
44508
44511
44513
44511
44508
44509
44505
44511
44513
44515
44515
44521
44519
44519
44515
44518
44525
44519
44514
44522
44524
44524
44525
44528
44533
44524
44523
44528
44526
44527
44519
44517
44523
44517
44517
44517
44515
44513
44519
44519
44505
44510
44510
44507
44513
44509
44509
44511
44509
44507
44513
44515
44517
44513
44511
44519
44517
44519
44523
44527
44518
44521
44527
44524
44523
44523
44519
44517
44519
44519
44521
44521
44529
44526
44526
44523
44519
44517
44517
44514
44512
44511
44512
44513
44512
44509
44511
44515
44513
44515
44515
44511
44520
44521
44519
44519
44519
44519
44521
44518
44519
44526
44523
44520
44527
44525
44527
44522
44525
44526
44533
44527
44525
44526
44522
44528
44531
44519
44520
44519
44523
44521
44522
44517
44513
44523
44522
44522
44516
44516
44517
44518
44521
44524
44530
44521
44531
44533
44527
44531
44534
44536
44537
44533
44536
44535
44543
44536
44540
44531
44536
44533
44529
44536
44535
44531
44535
44529
44535
44533
44531
44528
44527
44527
44528
44524
44527
44528
44524
44523
44519
44523
44527
44535
44529
44526
44531
44527
44527
44531
44531
44531
44534
44533
44531
44530
44529
44535
44534
44532
44522
44526
44527
44524
44523
44525
44527
44528
44521
44523
44523
44522
44520
44526
44527
44526
44525
44522
44523
44527
44527
44527
44523
44529
44529
44527
44535
44538
44526
44529
44530
44526
44535
44530
44526
44527
44521
44521
44524
44525
44518
44521
44516
44515
44515
44512
44511
44518
44519
44515
44519
44519
44517
44518
44515
44518
44519
44514
44519
44522
44527
44527
44521
44524
44527
44523
44523
44523
44529
44523
44524
44521
44522
44523
44519
44522
44521
44516
44517
44513
44515
44515
44515
44509
44506
44509
44509
44512
44509
44511
44518
44516
44514
44521
44519
44524
44526
44524
44521
44529
44526
44524
44524
44524
44525
44524
44521
44521
44516
44514
44517
44516
44519
44516
44516
44519
44512
44513
44509
44511
44516
44510
44513
44519
44514
44511
44511
44516
44511
44514
44516
44515
44513
44515
44518
44525
44523
44518
44519
44519
44521
44518
44521
44522
44523
44523
44520
44523
44521
44519
44519
44519
44518
44521
44513
44519
44525
44519
44517
44523
44520
44521
44523
44527
44519
44521
44515
44521
44527
44517
44516
44517
44518
44515
44513
44515
44522
44519
44519
44520
44517
44513
44514
44520
44519
44517
44519
44519
44520
44527
44520
44521
44521
44525
44520
44525
44519
44518
44523
44519
44519
44518
44519
44519
44531
44529
44529
44530
44532
44533
44532
44530
44533
44531
44534
44534
44531
44535
44531
44531
44539
44535
44538
44535
44534
44544
44538
44535
44543
44538
44534
44534
44538
44540
44534
44539
44531
44531
44533
44529
44530
44529
44530
44519
44523
44525
44523
44525
44524
44527
44525
44525
44527
44528
44523
44522
44525
44530
44535
44535
44533
44535
44534
44534
44537
44533
44532
44536
44537
44539
44543
44542
44541
44541
44541
44537
44535
44537
44535
44534
44533
44531
44529
44529
44527
44528
44529
44529
44531
44530
44531
44528
44529
44531
44533
44535
44537
44535
44540
44543
44539
44531
44534
44537
44538
44543
44543
44539
44536
44535
44529
44528
44530
44527
44529
44529
44533
44527
44530
44530
44527
44531
44527
44522
44525
44527
44526
44521
44523
44530
44527
44531
44528
44527
44531
44535
44536
44533
44529
44527
44529
44534
44539
44532
44537
44535
44532
44531
44527
44531
44528
44527
44529
44527
44529
44529
44533
44531
44527
44522
44519
44519
44521
44523
44520
44513
44513
44518
44521
44524
44521
44521
44523
44523
44518
44521
44519
44519
44521
44526
44527
44527
44527
44525
44531
44532
44529
44526
44523
44525
44522
44521
44525
44525
44521
44527
44525
44529
44535
44535
44541
44615
44543
44543
44543
44545
44541
44553
44560
44557
44560
44555
44559
44566
44566
44567
44566
44567
44575
44577
44578
44583
44581
44585
44583
44582
44607
44611
44613
44615
44618
44622
44629
44637
44634
44639
44641
44642
44651
44663
44667
44668
44677
44697
44721
44727
44737
44754
44769
44775
44786
44798
44805
44797
44801
44789
44776
44762
44755
44745
44741
44745
44750
44753
44755
44763
44780
44799
44821
44850
44874
44898
44923
44947
44967
44976
44983
44978
44966
44958
44937
44919
44901
44871
44856
44850
44847
44855
44862
44872
44889
44915
44945
44976
45011
45035
45058
45082
45109
45111
45103
45090
45064
45035
45009
44967
44923
44897
44865
44837
44819
44815
44810
44806
44817
44833
44860
44884
44902
44937
44980
45004
45029
45052
45055
45058
45055
45050
45034
45016
44991
44961
44934
44913
44888
44859
44834
44813
44797
44783
44778
44774
44775
44783
44795
44810
44831
44848
44868
44874
44883
44892
44900
44903
44897
44889
44876
44852
44835
44813
44783
44751
44718
44690
44665
44640
44622
44600
44598
44590
44590
44600
44609
44618
44631
44640
44647
44655
44661
44658
44666
44671
44663
44653
44641
44633
44625
44611
44597
44583
44575
44567
44571
44576
44571
44565
44559
44563
44552
44548
44533
44519
44510
44505
44491
44484
44471
44453
44443
44455
44463
44465
44459
44465
44482
44501
44519
44535
44547
44557
44569
44577
44581
44573
44563
44555
44547
44546
44541
44527
44525
44519
44525
44525
44520
44517
44520
44519
44524
44528
44525
44517
44513
44522
44519
44511
44497
44493
44486
44482
44477
44479
44483
44480
44489
44521
44535
44541
44539
44547
44561
44565
44567
44560
44556
44555
44559
44557
44551
44538
44531
44525
44519
44518
44515
44517
44524
44530
44542
44548
44543
44539
44539
44538
44538
44525
44517
44512
44512
44503
44495
44497
44496
44490
44497
44498
44502
44513
44518
44521
44535
44545
44551
44543
44551
44550
44546
44547
44543
44535
44535
44533
44535
44533
44536
44539
44545
44547
44555
44552
44559
44567
44565
44565
44561
44553
44543
44537
44528
44525
44517
44505
44501
44490
44495
44499
44498
44505
44506
44519
44537
44541
44546
44554
44556
44565
44563
44561
44567
44558
44563
44564
44560
44553
44561
44555
44561
44561
44561
44558
44556
44554
44560
44557
44555
44547
44535
44532
44517
44511
44503
44498
44489
44485
44483
44488
44493
44495
44499
44501
44509
44528
44539
44543
44551
44563
44571
44576
44581
44580
44580
44581
44577
44571
44563
44559
44553
44557
44555
44559
44553
44547
44547
44543
44539
44534
44527
44516
44512
44508
44505
44492
44490
44491
44478
44487
44489
44496
44504
44508
44518
44529
44539
44543
44551
44559
44567
44563
44564
44559
44559
44560
44551
44546
44542
44539
44531
44526
44529
44525
44517
44508
44505
44510
44508
44507
44503
44497
44497
44496
44495
44491
44481
44486
44496
44501
44498
44504
44513
44519
44520
44533
44537
44541
44553
44564
44565
44561
44561
44559
44555
44551
44551
44540
44530
44526
44521
44511
44517
44509
44503
44508
44501
44497
44497
44501
44504
44504
44489
44504
44508
44503
44506
44508
44509
44509
44506
44506
44511
44515
44519
44528
44533
44535
44541
44547
44543
44542
44539
44539
44507
44535
44529
44527
44525
44520
44519
44513
44515
44511
44512
44511
44515
44515
44516
44519
44519
44520
44521
44518
44521
44517
44519
44518
44515
44507
44503
44503
44513
44512
44515
44514
44516
44520
44525
44531
44530
44533
44533
44533
44536
44539
44535
44531
44530
44527
44522
44522
44525
44521
44525
44527
44525
44521
44528
44521
44522
44521
44519
44519
44518
44513
44503
44506
44505
44498
44498
44495
44503
44503
44501
44505
44513
44517
44525
44534
44536
44541
44542
44539
44545
44549
44548
44543
44545
44543
44549
44543
44539
44533
44533
44535
44533
44521
44522
44519
44523
44519
44517
44511
44515
44509
44496
44498
44492
44495
44491
44487
44489
44502
44501
44507
44507
44519
44525
44534
44538
44541
44551
44551
44552
44552
44552
44556
44551
44547
44536
44535
44536
44527
44524
44517
44515
44519
44519
44513
44512
44509
44507
44506
44505
44503
44499
44492
44496
44501
44500
44507
44509
44511
44512
44520
44523
44533
44537
44538
44543
44559
44559
44565
44567
44564
44563
44562
44556
44542
44538
44532
44521
44519
44517
44508
44506
44509
44497
44495
44498
44496
44495
44497
44494
44503
44504
44501
44503
44503
44507
44513
44511
44517
44519
44525
44529
44534
44539
44543
44546
44551
44549
44555
44554
44549
44550
44547
44539
44535
44533
44523
44522
44519
44504
44493
44498
44498
44506
44506
44501
44502
44503
44508
44513
44505
44511
44511
44513
44515
44517
44519
44515
44514
44517
44514
44515
44525
44532
44524
44532
44539
44535
44535
44535
44538
44537
44537
44530
44525
44521
44515
44515
44511
44512
44508
44504
44509
44505
44505
44500
44503
44507
44513
44509
44513
44514
44521
44518
44513
44515
44516
44516
44511
44519
44516
44519
44521
44521
44525
44529
44533
44533
44539
44533
44542
44543
44537
44531
44533
44535
44526
44527
44523
44523
44522
44523
44515
44512
44513
44505
44515
44511
44506
44508
44509
44586
44509
44505
44504
44505
44509
44506
44501
44505
44508
44510
44516
44518
44524
44523
44525
44515
44537
44540
44543
44546
44543
44539
44545
44547
44551
44547
44549
44542
44538
44535
44534
44531
44528
44521
44522
44521
44528
44519
44522
44519
44520
44522
44517
44521
44518
44521
44520
44529
44532
44531
44530
44537
44539
44545
44554
44555
44556
44560
44557
44559
44563
44557
44558
44555
44553
44546
44537
44534
44530
44529
44523
44512
44514
44512
44513
44506
44516
44513
44509
44511
44511
44511
44510
44511
44515
44513
44522
44529
44535
44535
44538
44545
44551
44551
44559
44563
44565
44565
44563
44564
44565
44567
44559
44554
44551
44545
44537
44535
44528
44527
44521
44519
44515
44514
44511
44512
44507
44515
44514
44515
44516
44522
44528
44526
44527
44534
44537
44537
44535
44543
44545
44547
44548
44549
44553
44554
44559
44565
44561
44559
44557
44551
44551
44551
44540
44533
44533
44535
44529
44519
44517
44517
44511
44509
44506
44503
44511
44519
44514
44517
44519
44521
44522
44525
44524
44527
44529
44531
44534
44535
44535
44535
44542
44543
44543
44543
44541
44545
44543
44542
44545
44543
44539
44537
44539
44531
44530
44523
44518
44520
44511
44509
44507
44511
44513
44507
44513
44511
44512
44515
44517
44520
44519
44519
44524
44529
44527
44529
44523
44535
44527
44529
44527
44533
44529
44533
44541
44548
44545
44543
44542
44548
44543
44545
44542
44540
44535
44530
44529
44526
44523
44520
44524
44526
44523
44519
44519
44519
44521
44525
44517
44521
44517
44520
44523
44522
44524
44523
44519
44523
44525
44523
44527
44531
44530
44540
44536
44543
44545
44543
44543
44543
44542
44543
44545
44535
44538
44539
44534
44523
44519
44516
44513
44510
44510
44513
44518
44505
44509
44509
44507
44507
44515
44523
44521
44523
44521
44525
44535
44535
44535
44536
44540
44545
44551
44545
44545
44551
44555
44555
44556
44558
44554
44554
44551
44547
44543
44537
44530
44529
44531
44521
44521
44518
44513
44510
44507
44503
44507
44510
44510
44507
44517
44510
44513
44520
44525
44524
44529
44533
44535
44541
44546
44551
44543
44550
44550
44552
44549
44551
44551
44547
44545
44547
44544
44532
44535
44527
44525
44525
44519
44517
44517
44513
44511
44510
44507
44507
44511
44509
44514
44521
44525
44527
44529
44535
44533
44540
44541
44543
44546
44543
44550
44551
44551
44553
44554
44554
44550
44545
44543
44543
44546
44540
44534
44531
44533
44525
44523
44519
44505
44505
44503
44504
44510
44507
44515
44511
44519
44519
44525
44523
44529
44531
44527
44527
44531
44535
44537
44535
44537
44543
44541
44535
44543
44537
44542
44495
44539
44543
44547
44549
44542
44537
44535
44535
44528
44528
44525
44521
44521
44519
44515
44513
44516
44517
44511
44510
44517
44524
44523
44523
44519
44521
44525
44526
44525
44522
44525
44525
44524
44529
44531
44529
44527
44531
44535
44537
44535
44537
44539
44540
44533
44531
44536
44539
44535
44527
44521
44515
44512
44517
44519
44512
44511
44516
44518
44519
44515
44519
44516
44521
44518
44524
44519
44519
44527
44524
44526
44527
44533
44535
44537
44538
44535
44542
44540
44539
44544
44545
44543
44543
44551
44543
44538
44537
44537
44531
44527
44522
44517
44518
44520
44515
44511
44509
44505
44507
44504
44511
44513
44512
44505
44510
44519
44513
44518
44521
44526
44526
44527
44529
44531
44539
44448
44539
44545
44543
44541
44543
44551
44549
44545
44541
44541
44537
44535
44533
44527
44525
44519
44513
44514
44511
44507
44505
44503
44499
44505
44506
44511
44521
44516
44517
44519
44523
44528
44525
44535
44533
44537
44541
44543
44541
44535
44537
44536
44549
44543
44537
44539
44540
44537
44535
44535
44530
44519
44521
44518
44510
44507
44504
44505
44503
44504
44507
44507
44504
44499
44503
44511
44509
44510
44512
44527
44531
44533
44527
44536
44539
44536
44541
44539
44543
44545
44541
44539
44541
44547
44543
44539
44541
44539
44539
44531
44530
44532
44526
44524
44520
44519
44507
44515
44514
44509
44518
44507
44509
44510
44506
44516
44522
44519
44516
44521
44523
44520
44524
44524
44535
44530
44532
44536
44535
44543
44538
44542
44543
44541
44536
44536
44535
44531
44530
44534
44533
44527
44525
44522
44517
44513
44513
44515
44515
44515
44516
44511
44507
44509
44506
44513
44519
44519
44522
44519
44526
44519
44525
44527
44529
44533
44534
44527
44527
