33330
33297
33110
32981
33023
33175
33206
33067
32911
32903
32983
33048
33045
32989
33014
33067
33135
33077
32975
32953
33043
33157
33087
32873
32833
32937
33112
33162
33013
32827
32854
33022
33143
33133
33031
33039
33084
33141
33147
33085
33057
33159
33297
33340
33265
33186
33191
33328
33394
33314
33224
33283
33526
33671
33629
33435
33295
33407
33578
33607
33463
33389
33435
33559
33655
33545
33319
33252
33348
33499
33490
33325
33276
33308
33359
33402
33313
33143
33079
33123
33223
33239
33115
33005
33023
33087
33050
32965
32841
32840
32948
33015
33023
33028
33054
33099
33032
32979
32895
32833
32946
33068
33063
33016
32958
32981
33034
32964
32866
32834
32997
33158
33183
33100
33021
33048
33173
33231
33148
33112
33161
33343
33532
33501
33364
33207
33162
33290
33414
33389
33239
33191
33344
33556
33659
33600
33413
33333
33415
33539
33569
33507
33463
33489
33585
33615
33530
33398
33319
33293
33337
33319
33283
33283
33233
33175
33127
33057
33027
33041
33090
33149
33163
33201
33241
33235
33095
32877
32770
32826
32952
33012
32975
32924
32940
32971
32965
32869
32789
32835
32957
33121
33137
33021
32956
32997
33097
33197
33159
33089
33087
33174
33265
33252
33101
33009
33007
33161
33287
33207
33141
33148
33282
33416
33429
33366
33287
33307
33411
33462
33424
33391
33428
33497
33525
33449
33382
33349
33378
33425
33422
33359
33396
33485
33489
33400
33282
33242
33315
33407
33407
33329
33289
33317
33335
33291
33153
33013
33002
33067
33086
33083
32994
32944
33028
33058
33030
32919
32821
32863
33051
33165
33157
33051
32959
32974
33022
33039
32946
32903
32940
33062
33147
33127
33021
32962
33038
33169
33126
33033
33005
33112
33320
33349
33245
33117
33104
33184
33275
33289
33213
33186
33265
33362
33373
33277
33173
33199
33273
33322
33333
33317
33392
33465
33471
33441
33388
33336
33368
33402
33406
33416
33371
33404
33428
33383
33320
33241
33273
33367
33372
33270
33158
33143
33174
33239
33213
33107
33063
33137
33277
33312
33163
33023
32971
33066
33159
33077
32935
32870
32973
33079
33123
33017
32934
32935
33029
33095
33072
33055
32981
33039
33079
33103
33105
33091
33107
33111
33114
33094
33121
33158
33193
33147
33079
33088
33117
33167
33195
33155
33134
33194
33295
33370
33337
33223
33161
33225
33322
33367
33303
33239
33295
33405
33461
33419
33265
33207
33285
33394
33455
33401
33330
33307
33337
33392
33354
33281
33305
33391
33467
33424
33329
33275
33243
33249
33241
33197
33166
33145
33161
33187
33121
33097
33103
33116
33118
33091
33052
33019
33049
33083
33065
33011
33001
33060
33089
33085
33008
32932
32935
33010
33087
33111
33035
32976
33060
33125
33095
33052
33033
33110
33180
33167
33109
33052
33093
33178
33199
33133
33095
33132
33255
33297
33253
33186
33165
33243
33398
33375
33306
33211
33258
33335
33366
33355
33303
33311
33379
33443
33469
33415
33353
33357
33406
33463
33464
33409
33371
33447
33437
33387
33317
33251
33265
33286
33274
33232
33193
33205
33226
33191
33149
33104
33081
33092
33079
32997
32975
33049
33127
33133
33061
32967
32969
33028
33058
33055
32965
32937
32985
33023
33036
32962
32894
32887
32953
33045
33095
33066
33085
33089
33094
33110
33092
33089
33149
33229
33246
33230
33194
33193
33208
33211
33208
33155
33133
33154
33239
33338
33327
33313
33383
33420
33489
33463
33426
33431
33484
33493
33492
33442
33432
33425
33384
33393
33363
33319
33351
33398
33440
33348
33267
33212
33242
33297
33293
33279
33243
33225
33279
33289
33227
33126
33030
33038
33098
33053
32983
32919
32937
32977
32971
32977
32905
32894
32967
32952
32975
32953
32966
33031
33013
33033
33017
32961
33015
33103
33152
33130
33028
33028
33063
33067
33063
33027
33033
33120
33188
33230
33237
33242
33260
33301
33337
33318
33366
33401
33407
33403
33335
33325
33397
33397
33405
33309
33300
33391
33440
33455
33401
33351
33393
33453
33483
33451
33372
33371
33404
33467
33435
33329
33257
33220
33259
33306
33247
33151
33087
33103
33163
33155
33127
33050
33010
33043
33033
33037
32973
32951
32975
33029
33011
32964
32951
32967
32961
32959
32957
32957
33001
33001
32985
32952
32974
32997
33013
33051
33087
33088
33107
33135
33151
33141
33134
33175
33214
33291
33329
33279
33235
33195
33235
33289
33303
33308
33303
33306
33331
33301
33313
33331
33331
33400
33449
33469
33445
33393
33389
33349
33338
33351
33376
33421
33407
33402
33403
33363
33353
33292
33279
33231
33247
33277
33255
33221
33203
33163
33166
33156
33147
33101
33053
33031
33027
33044
33066
33047
33020
32988
33005
33038
33012
32992
32953
32957
33008
33011
32990
32949
32964
32983
32991
33008
32994
33036
33121
33173
33201
33159
33127
33136
33131
33141
33157
33170
33193
33226
33239
33234
33199
33219
33221
33257
33300
33295
33287
33313
33315
33300
33272
33278
33355
33415
33435
33362
33318
33343
33373
33383
33315
33304
33335
33323
33351
33329
33300
33301
33308
33323
33301
33235
33231
33223
33235
33235
33205
33202
33193
33183
33193
33153
33111
33137
33139
33105
33079
33037
32991
32977
32997
32998
32997
33004
33029
33063
33060
33025
33007
33028
33065
33120
33059
33029
33039
33079
33140
33105
33071
33030
33055
33140
33155
33119
33108
33119
33187
33261
33220
33175
33171
33197
33279
33285
33272
33279
33279
33294
33290
33281
33263
33237
33315
33348
33337
33333
33278
33300
33332
33338
33315
33266
33263
33325
33371
33402
33370
33319
33340
33348
33351
33319
33255
33251
33260
33288
33276
33243
33193
33171
33151
33125
33119
33130
33127
33129
33115
33097
33125
33105
33100
33097
33048
33068
33066
33052
33035
32961
32927
32949
33009
33042
33008
32985
33001
33031
33065
33077
33071
33095
33112
33145
33151
33094
33115
33140
33174
33207
33185
33149
33146
33195
33223
33199
33185
33182
33221
33283
33289
33259
33245
33257
33325
33359
33373
33351
33350
33352
33357
33368
33356
33353
33364
33360
33362
33381
33373
33363
33345
33338
33320
33307
33296
33293
33295
33288
33285
33276
33293
33288
33247
33220
33207
33180
33163
33125
33096
33045
33017
32996
32984
32994
32998
33033
33045
33060
33012
32983
32977
32999
33013
33017
33013
33011
33035
33033
33043
33034
33039
33025
33013
33049
33069
33093
33087
33080
33119
33167
33231
33210
33168
33177
33223
33269
33270
33273
33248
33241
33293
33287
33328
33317
33313
33327
33355
33370
33404
33386
33373
33365
33367
33415
33430
33398
33369
33354
33375
33367
33370
33363
33351
33327
33307
33310
33287
33281
33247
33221
33204
33200
33194
33156
33113
33127
33130
33115
33093
33053
33032
33031
33043
33039
33020
32983
32983
32988
32988
32935
32921
32921
32963
33007
33007
32999
32991
33001
32984
33012
33011
33021
33058
33078
33119
33125
33114
33104
33116
33140
33173
33197
33244
33249
33266
33261
33271
33286
33280
33310
33309
33327
33339
33372
33366
33363
33319
33338
33343
33367
33371
33367
33361
33375
33411
33422
33419
33379
33358
33349
33333
33319
33305
33286
33281
33232
33220
33237
33232
33215
33175
33167
33156
33154
33156
33129
33143
33091
33063
33047
33007
33015
33001
32983
33023
33017
32994
32950
32939
32915
32911
32943
32950
32988
32982
32997
33040
33038
33038
33041
33055
33092
33107
33104
33107
33096
33133
33135
33197
33224
33232
33223
33233
33242
33258
33247
33257
33281
33285
33319
33327
33328
33367
33367
33398
33383
33375
33395
33395
33373
33368
33289
33305
33339
33342
33341
33319
33281
33308
33325
33311
33312
33287
33277
33299
33260
33241
33217
33197
33192
33189
33201
33159
33133
33104
33082
33063
33047
33022
33027
33013
33008
32989
33009
33031
33035
33017
32996
33000
33023
33026
33031
33038
32999
33005
33014
33067
33086
33064
33048
33041
33087
33114
33120
33111
33122
33143
33180
33195
33205
33223
33218
33245
33263
33296
33313
33283
33279
33287
33271
33292
33295
33305
33321
33328
33311
33317
33323
33319
33287
33285
33298
33317
33353
33350
33326
33321
33323
33317
33307
33299
33267
33256
33247
33223
33186
33168
33182
33207
33186
33191
33169
33133
33137
33148
33129
33096
33103
33113
33135
33119
33075
33039
33025
33035
33048
33044
33033
33013
33013
33021
33021
33017
33012
33009
33031
33063
33076
33045
33065
33066
33096
33112
33103
33129
33144
33168
33181
33177
33166
33191
33191
33214
33196
33203
33193
33211
33245
33247
33271
33283
33284
33311
33317
33319
33327
33311
33303
33313
33343
33324
33290
33289
33313
33325
33319
33290
33276
33287
33299
33317
33278
33271
33265
33258
33255
33239
33266
33285
33281
33225
33223
33213
33214
33199
33161
33114
33090
33121
33135
33099
33068
33054
33082
33094
33104
33057
33039
33015
33026
33027
33017
33021
33017
33006
33047
33031
33043
33089
33063
33063
33063
33077
33072
33054
33063
33070
33113
33131
33133
33151
33189
33199
33220
33212
33221
33223
33232
33239
33245
33253
33243
33279
33304
33261
33280
33301
33316
33353
33327
33317
33306
33274
33311
33367
33367
33308
33276
33329
33371
33412
33370
33297
33265
33276
33326
33309
33296
33233
33215
33254
33255
33253
33208
33139
33111
33139
33131
33164
33119
33098
33099
33063
33070
33033
33025
33032
32999
33034
33042
33029
33071
33006
32990
32998
32983
33007
32975
32967
32991
33015
33046
33016
33031
33095
33128
33174
33156
33106
33131
33140
33162
33149
33124
33168
33215
33256
33290
33272
33273
33252
33271
33342
33305
33279
33261
33252
33332
33346
33364
33366
33355
33415
33484
33455
33397
33321
33281
33299
33313
33327
33314
33315
33323
33300
33316
33276
33271
33275
33213
33151
33159
33165
33201
33188
33143
33131
33117
33160
33145
33074
33039
32995
33013
33075
33015
32993
32945
32920
33009
32986
32967
32955
32957
33037
33024
33001
32954
32987
33059
33099
33083
33039
33017
33070
33145
33125
33061
33015
33103
33175
33225
33255
33221
33203
33233
33235
33273
33278
33297
33387
33393
33355
33310
33249
33279
33293
33321
33387
33447
33514
33501
33383
33256
33145
33191
33296
33335
33357
33335
33324
33379
33370
33345
33300
33261
33235
33215
33202
33179
33134
33091
33063
33121
33199
33261
33287
33167
33061
32964
32991
32984
32974
32979
33006
33085
33023
32990
33030
33070
33044
33070
33011
32941
32963
32964
32970
32928
32910
32957
33131
33263
33215
33017
32921
32985
33134
33303
33288
33171
33071
33098
33237
33337
33331
33282
33217
33289
33373
33430
33299
33217
33058
33027
33329
33509
33567
33622
33351
33177
33270
33337
33291
33210
33265
33330
33281
33417
33435
33303
33199
33335
33439
33429
33362
33007
32991
33011
32976
33207
33315
33191
33228
33297
33393
33164
32931
33057
32904
33047
33084
32943
32991
32891
33073
33229
33099
33089
33127
33230
33240
33011
32703
32469
32578
32972
33143
33203
33209
33241
33415
33175
33135
33050
32944
33141
33139
33360
33153
32859
32931
33092
33336
33323
33329
33388
33327
33328
33386
33189
33094
33095
33187
33463
33574
33733
33383
33045
33131
33253
33435
33477
33153
32964
33215
33487
33615
33452
33053
33037
33147
33326
33376
33031
33015
33290
33349
33545
33535
33017
32999
32997
33229
33343
32716
32680
33049
32790
33223
33443
33413
33277
32631
32975
33253
33104
33203
32864
32875
33255
32849
33095
32953
32819
33342
33166
32858
32207
32533
33535
33785
33698
32914
32721
33142
33479
33455
32505
32417
33371
33353
33690
33071
31993
32956
33879
34340
34207
33073
32857
32697
33607
33561
32806
32699
32429
33363
33610
33607
33479
32999
33767
33747
33045
32759
32663
33071
33492
33360
33547
33340
33195
33519
33101
33057
32687
32503
33375
33307
33319
33860
33756
33929
33454
32798
32793
32484
32663
32867
33599
33913
33687
33499
33243
32970
32887
33133
32688
32252
32143
32741
33199
33728
33818
33426
33176
33084
32903
33202
32815
32337
32634
33023
33935
33770
33105
32583
31776
32729
33399
33095
33607
33435
33898
34461
34663
34055
32274
31228
32019
32565
33141
32930
32748
34181
34815
34699
34005
32423
32145
32416
33747
34039
32007
32316
33123
33977
34186
32487
31848
32322
33623
34488
32820
31976
32270
33551
35587
34464
32991
33066
33377
34111
33607
32035
32039
32659
34305
35078
33512
32515
32168
32727
33554
33279
32149
32117
33357
35119
35551
33938
31950
31907
33079
33625
33165
32223
31879
32701
34047
34515
33191
31636
31932
33321
33640
32511
31513
32285
33741
35237
35649
34276
33050
32622
32996
32929
31959
31495
32808
34535
34861
34207
33060
32471
32917
33167
32493
31863
32107
34025
35379
34953
33483
31974
31941
32684
33505
33393
32879
33166
33221
33567
33479
32232
32146
32887
33360
34674
34029
33487
32824
32352
33139
32999
32759
33069
33584
34707
34910
34413
33265
32029
32393
32809
33079
32951
32472
32915
33557
33953
33649
32921
32834
33055
33641
34105
32895
32303
32739
33109
33664
33373
32843
32753
32943
33154
33067
32021
31859
32518
33921
34389
33775
33547
33058
33135
33471
33413
33230
32543
32231
33003
34103
34696
33960
32919
32491
32086
32453
32741
32724
33175
34051
34962
34899
33181
31647
31268
31649
33009
34073
34435
34263
33871
33765
33197
32422
31837
31515
31939
32993
33756
34081
34139
33842
33725
33500
32970
32631
32383
32103
32638
33244
33545
33389
33633
34039
34057
33714
32930
32579
32846
32729
33366
33508
33218
33080
33045
33469
32908
32295
32527
32679
33389
34027
33685
33479
33127
32983
33345
33202
33079
33123
33782
34133
33442
33048
33095
32787
32607
32679
32461
32548
32931
33480
34007
34567
34533
33487
32744
32510
32261
32549
33043
33611
33999
34047
33400
32881
32584
32207
32183
32799
33050
33111
33251
33057
32929
32808
32871
33254
33151
33295
33403
33265
33160
32674
32519
32741
32711
33385
33987
33943
33651
33217
32868
32892
32703
32787
33402
33484
33160
33339
33247
33339
33643
33358
33066
33014
33142
33495
33747
33760
33685
33504
33535
33255
33083
32996
32523
32584
32762
32988
33764
34186
33872
32983
32313
32061
32429
33343
34099
34498
34257
33772
33744
33195
32407
31969
31826
32297
32867
33361
33823
33532
33615
33858
33063
32631
32435
32345
32799
33341
33633
33439
32948
33118
33261
32821
32363
32413
33063
33095
32923
33217
33317
33310
33547
33643
33389
32781
32577
32883
33272
33726
33696
33532
33295
33034
33340
33110
32798
32971
32649
33097
33761
33997
34278
33903
33587
33437
32834
32798
32900
32776
33242
33608
33624
33655
33322
33095
32501
32117
32432
33177
33695
33509
33319
33431
33332
33356
32757
32192
32761
33347
33983
34203
33808
33208
32903
33191
32912
31937
31631
32329
32959
33674
33995
33505
33199
33204
33286
32915
32135
31937
33032
34419
34789
34162
33191
32663
32681
33099
32993
32547
32157
32499
33330
33479
32953
32471
32688
33538
33946
33841
33551
33573
33804
33751
33764
33487
33153
33046
33106
33089
32997
32839
32840
33066
33223
33207
33183
33045
33016
33239
33351
33119
33099
33463
33900
33889
33544
33195
33327
33111
32737
32555
32375
32703
33196
33296
33003
32633
32815
33552
33814
33213
32639
32613
33179
33605
33559
33450
33141
33258
33717
33682
33212
32725
32242
32599
33141
33100
33171
33063
32971
33260
33329
33062
33041
33135
33401
33479
33185
32888
32999
33402
33657
33162
32861
33308
33767
33643
33062
32337
32307
32881
33519
33723
33190
32722
33015
33683
33929
33575
33179
33199
33465
33521
33409
32870
32324
32444
33173
33663
33483
33117
33148
33202
33174
33066
32883
33025
33293
33532
33641
33324
32963
32887
33069
33287
33124
32909
32779
32909
33295
33257
33117
33103
33114
33353
33529
33447
33217
33038
33239
33575
33556
33348
32970
32996
32910
32705
32857
32969
33137
33295
33272
33317
33102
32741
32743
33044
33256
33535
33717
33599
33233
33137
33072
32951
32896
32752
32813
33111
33143
33083
33152
33160
33124
33323
33506
33371
33143
32875
32741
33026
33405
33755
33856
33623
33389
33290
33143
32945
32683
32670
32983
33297
33603
33502
33110
32902
32760
32839
33175
33377
33359
33291
33497
33583
33419
33177
33039
33226
33499
33375
33071
32977
33063
33139
33143
32959
32842
33061
33411
33294
33033
32998
33049
33280
33511
33512
33311
33066
33018
33210
33211
33005
32920
32980
33132
33121
33011
32839
32785
32841
33041
33143
33157
33247
33251
33229
33070
32863
32937
33277
33573
33654
33317
33028
33069
33153
33149
33079
33101
33283
33587
33647
33472
32992
32708
32877
33215
33428
33295
33284
33401
33385
33340
33196
32981
33199
33390
33516
33474
33203
33174
33223
33266
33291
33107
33138
33181
33009
32961
32979
32947
33124
33207
33301
33367
33258
33190
33156
33215
33223
33127
33225
33348
33271
32985
32773
32843
32993
33234
33231
32947
32796
32757
32924
33090
32953
32931
33139
33553
33667
33284
32846
32571
32738
33295
33529
33495
33335
33292
33354
33133
32857
32691
32687
33151
33547
33688
33583
33184
33077
33236
33326
33359
33283
33303
33445
33639
33658
33333
33092
33035
33099
33269
33318
33327
33207
33080
33062
33096
33207
33221
33185
33340
33119
32974
33069
33201
33413
33463
33374
33321
33170
33036
32687
32435
32653
33097
33555
33493
33138
33053
32995
33144
33154
32919
32894
32851
33202
33480
33289
33230
33031
32921
32956
32867
33031
33063
32949
33112
33071
33271
33346
33242
33253
33019
33073
33298
33238
33271
33325
33451
33505
33319
33208
33011
32905
32973
33105
33425
33507
33455
33412
33366
33515
33475
33255
33113
33140
33381
33433
33435
33353
33137
33136
33104
33062
33141
33006
33065
33181
33007
32903
32920
33199
33445
33376
33183
33043
33037
33151
33179
33275
33307
33095
33183
33128
32948
32843
32684
32855
33104
33148
33091
33002
33033
33152
33313
33204
32999
33163
33359
33415
33375
33051
33005
33277
33375
33336
33005
32760
32839
33093
33155
32935
32865
33023
33386
33639
33557
33285
33064
33175
33483
33505
33389
33275
33311
33591
33575
33337
33036
32722
32915
33235
33266
33143
32856
32935
33336
33439
33391
33305
33241
33453
33529
33257
32955
32911
33071
33323
33299
33132
33015
32927
32955
32939
32765
32738
32950
33259
33441
33224
33043
33030
33097
33280
33265
33221
33263
33292
33375
33339
33035
32795
32754
32836
33054
33143
33145
33185
33355
33389
33341
33175
32939
32951
33157
33278
33301
33286
33391
33457
33455
33399
33119
33020
32951
32774
32788
32893
33156
33483
33602
33566
33323
33183
33257
33241
33314
33289
33201
33279
33187
33246
33195
33036
33051
33050
33279
33442
33251
33068
32965
33049
33231
33219
33175
33011
33008
33239
33370
33399
33177
33043
33050
33143
33327
33093
32814
32739
32703
33090
33411
33343
33227
33065
33167
33346
33313
33033
32813
33075
33343
33387
33418
33133
33046
33181
33365
33391
33077
33023
32792
32904
33127
33083
33293
33257
33259
33488
33431
33423
33015
32779
32923
33047
33306
33350
33169
33111
33311
33460
33381
33039
32885
32625
33155
33477
33246
33290
32962
33029
33455
33651
33547
32885
32915
33314
33373
33477
33149
32879
33010
33149
33474
33183
32951
32983
33022
33347
33342
33191
33088
33036
33143
33287
33350
32979
32811
33246
33226
33343
33317
32890
32933
33253
33541
33303
32845
33179
33133
33272
33490
33111
32858
32915
33093
33332
33299
33043
32845
33133
33502
33265
33239
33165
33077
33401
33472
33004
32758
32807
33498
33553
33264
32973
32567
33183
33726
33523
33135
32428
32675
33391
33482
33415
32747
32801
33459
33711
33901
33177
32564
33004
33695
33857
33480
32868
32823
33077
33465
33229
32536
32347
32852
33719
33821
33446
33046
32991
33710
33637
33079
32830
32501
33135
33880
33629
32995
32571
33017
33669
33559
33016
32501
32428
33112
33507
33245
32814
32727
33145
33825
33839
33180
32843
32953
33331
33633
33295
32921
32890
33105
33319
32745
32535
32770
33059
33692
33771
33287
33143
33173
33415
33279
32807
32663
32669
33204
33771
33577
33399
33071
33235
33623
33369
32765
32375
32817
33375
33479
33515
33087
33157
33651
33685
33443
32781
32412
33017
33543
33834
33552
32889
32995
33181
33509
33395
32646
32557
33023
33636
33873
33289
32770
32599
32999
33514
33425
33013
32888
33143
33607
33714
33348
32743
32491
32739
32792
32925
32793
32767
33187
33635
33904
33771
33253
33048
32939
33104
33257
32914
32874
32944
33085
33332
33287
32982
32971
33199
33496
33445
33009
32775
32769
33171
33615
33557
33320
33083
33116
33500
33799
33695
33287
32933
32826
32823
32827
32868
32727
32881
33400
33715
33733
33461
33129
32975
33162
33433
33415
33413
33103
33054
33341
33391
33232
32930
32889
33054
33090
33177
33078
32823
32865
32899
32855
33064
33301
33446
33377
33319
33351
33463
33531
33267
32963
32683
32615
32852
33062
33145
33052
33123
33449
33559
33310
32944
32586
32547
33111
33457
33366
33180
33319
33637
33967
33842
33177
32691
32772
33149
33236
33041
32618
32670
33323
33621
33537
33151
32932
33213
33633
33731
33335
32795
32795
33184
33499
33610
33279
33141
33221
33473
33470
32957
32586
32509
32887
33246
33211
33130
33105
33356
33748
33711
33343
32914
32775
33113
33147
33005
32991
32939
33149
33329
33397
33123
32852
32879
33002
33004
33105
33189
33315
33325
33290
33232
33099
33114
33165
33221
33255
33116
33086
33264
33127
33031
33009
32937
33040
33251
33327
33328
33249
33335
33448
33431
33404
33239
33061
33027
33109
33289
33223
33111
32976
33054
33310
33317
33258
33073
32863
33121
33390
33499
33449
33189
33063
33143
33149
33255
33157
33015
33111
33255
33393
33364
33071
32897
32877
32875
33144
33255
33091
33078
33087
33206
33421
33372
33297
33225
33211
33299
33273
33087
32907
32850
32911
33109
33244
33153
33037
33049
33129
33265
33150
33073
33122
33066
33230
33407
33355
33351
33177
33211
33404
33340
33192
32956
32759
32883
33058
33309
33318
33118
33259
33351
33319
33207
33099
33058
33157
33371
33437
33373
33222
33096
33099
33122
33177
33189
33133
33108
33169
33057
33005
32971
33093
33371
33334
33279
33241
33137
33231
33236
33197
33122
33040
33193
33339
33210
33014
33002
33087
33249
33364
33305
33129
33031
33119
33182
33171
33081
33097
33189
33295
33373
33273
33071
32885
32914
33148
33357
33320
33159
33149
33133
33188
33268
33119
33014
33095
33249
33337
33247
33111
33020
33017
33148
33260
33263
33271
33195
33142
33153
33169
33191
33171
33122
33091
33225
33295
33192
33136
33153
33163
33239
33315
33293
33199
33063
32993
33003
33085
33216
33261
33235
33199
33159
33262
33263
33169
33129
33166
33270
33359
33337
33265
33039
32957
33063
33154
33219
33216
33187
33206
33191
33223
33185
33146
33171
33134
33200
33237
33204
33177
33176
33216
33197
33193
33285
33249
33133
33051
32910
32893
32994
33044
33155
33234
33240
33235
33271
33325
33223
33153
33219
33165
33157
33147
33021
33000
33076
33136
33178
33229
33218
33174
33141
33123
33107
33190
33307
33309
33319
33287
33240
33139
33135
33119
33133
33247
33255
33160
33155
33153
33091
33121
33127
33205
33245
33273
33337
33303
33214
33201
33171
33240
33261
33224
33203
33132
33127
33200
33186
33175
33119
33119
33188
33169
33081
33026
33015
33119
33310
33444
33350
33157
33136
33167
33165
33117
33010
32961
33035
33141
33163
33078
33019
32984
33133
33195
33166
33145
33095
33127
33223
33269
33292
33257
33161
33203
33223
33196
33150
33066
33110
33217
33209
33133
33043
33052
33117
33141
33114
33153
33261
33429
33473
33449
33319
33245
33232
33197
33156
33054
33053
33155
33209
33187
33095
33026
33101
33232
33319
33246
33111
33131
33197
33342
33329
33263
33196
33239
33358
33303
33101
32949
32927
33073
33173
33095
32971
32977
33073
33221
33236
33111
33039
33185
33383
33398
33223
32955
32894
33009
33235
33317
33111
33023
33127
33211
33296
33145
32913
32967
33115
33223
33246
33127
33073
33195
33376
33453
33395
33287
33207
33141
33124
33071
33015
33067
33223
33294
33299
33287
33233
33183
33169
33130
33121
33176
33272
33403
33337
33187
33120
33200
33317
33341
33220
33103
33075
33127
33207
33160
33033
32991
33089
33233
33253
33182
33166
33123
33197
33289
33319
33245
33151
33107
33071
33048
33049
33016
33047
33115
33108
33135
33171
33113
33072
33090
33077
33149
33256
33263
33244
33229
33226
33189
33203
33172
33089
33050
33063
33139
33135
33110
33083
33075
33157
33266
33323
33349
33287
33255
33306
33300
33236
33213
33163
33175
33195
33215
33197
33158
33135
33193
33163
33183
33179
33169
33182
33143
33123
33167
33217
33269
33287
33257
33224
33179
33194
33217
33189
33089
33026
33031
33057
33141
33143
33099
33097
33144
33221
33241
33175
33129
33106
33129
33189
33138
33151
33189
33195
33237
33221
33170
33143
33093
33077
33055
33041
33081
33116
33161
33191
33142
33161
33239
33238
33208
33199
33145
33122
33225
33277
33217
33139
33050
33084
33223
33278
33235
33167
33143
33203
33223
33166
33103
33087
33207
33321
33297
33279
33193
33169
33190
33203
33163
33103
33095
33115
33135
33167
33160
33189
33189
33218
33260
33209
33159
33148
33143
33115
33100
33081
33148
33199
33208
33204
33111
33117
33163
33207
33244
33175
33143
33206
33203
33215
33165
33129
33095
33151
33223
33197
33154
33137
33103
33109
33140
33153
33182
33138
33147
33131
33181
33226
33207
33199
33208
33178
33245
33264
33177
33071
33004
33015
33124
33221
33221
33157
33135
33188
33272
33255
33221
33112
33107
33143
33230
33236
33207
33157
33157
33233
33269
33231
33158
33086
33096
33129
33149
33150
33111
33153
33244
33227
33225
33177
33149
33212
33259
33255
33234
33167
33130
33120
33131
33140
33141
33168
33214
33239
33225
33177
33084
33039
33083
33124
33159
33231
33256
33273
33279
33227
33161
33129
33137
33163
33085
33087
33113
33083
33085
33098
33119
33159
33223
33225
33167
33140
33125
33147
33204
33223
33179
33145
33169
33156
33161
33148
33077
33065
33150
33196
33223
33197
33133
33117
33207
33260
33239
33187
33195
33250
33279
33269
33191
33158
33137
33151
33168
33150
33127
33127
33124
33183
33218
33222
33259
33228
33233
33252
33222
33173
33150
33164
33177
33228
33212
33185
33147
33115
33111
33109
33095
33119
33146
33159
33177
33175
33178
33219
33223
33184
33177
33175
33177
33168
33116
33069
33063
33072
33063
33071
33111
33130
33116
33114
33120
33141
33155
33157
33141
33147
33184
33203
33189
33193
33233
33265
33273
33223
33157
33121
33069
33052
33081
33097
33109
33171
33255
33297
33285
33255
33257
33249
33268
33271
33218
33215
33201
33217
33222
33168
33125
33136
33157
33170
33186
33118
33127
33141
33160
33181
33166
33158
33239
33270
33271
33262
33249
33226
33191
33169
33095
33024
32999
33047
33079
33112
33148
33136
33125
33145
33151
33131
33134
33108
33147
33187
33187
33154
33131
33089
33127
33151
33146
33126
33097
33126
33113
33065
33090
33107
33154
33230
33241
33230
33223
33218
33275
33254
33211
33201
33188
33203
33212
33191
33157
33185
33162
33193
33229
33208
33229
33195
33164
33168
33203
33222
33224
33232
33239
33227
33207
33205
33171
33173
33191
33179
33151
33125
33122
33122
33075
33060
33107
33142
33200
33234
33197
33185
33168
33118
33099
33104
33113
33127
33145
33157
33131
33123
33117
33077
33079
33123
33129
33122
33107
33127
33135
33165
33206
33195
33197
33216
33206
33183
33135
33101
33117
33147
33151
33183
33144
33061
33109
33187
33311
33302
33239
33198
33215
33233
33223
33176
33110
33119
33210
33329
33334
33278
33177
33077
33087
33171
33203
33159
33103
33165
33228
33282
33282
33215
33137
33147
33221
33244
33159
33100
33095
33065
33119
33158
33139
33132
33167
33203
33204
33139
33117
33125
33113
33163
33171
33143
33141
33141
33149
33156
33118
33145
33192
33159
33119
33128
33101
33140
33061
33107
33203
33179
33236
33152
33130
33145
33201
33220
33107
33165
33123
33092
33184
33145
33125
33187
33165
33173
33259
33252
33208
33181
33176
33175
33155
33155
33158
33124
33203
33263
33263
33201
33169
33192
33197
33251
33191
33113
33050
33092
33215
33216
33183
33160
33195
33255
33208
33216
33185
33062
33130
33188
33163
33109
33063
33175
33159
33185
33269
33081
33095
33174
33255
33375
33143
33026
33068
33117
33271
33208
33167
33193
33137
33219
33197
33073
33048
33069
33077
33141
33164
33157
33165
33149
33140
33207
33241
33185
33124
33101
33074
33175
33165
33146
33110
33087
33191
33201
33237
33246
33071
33075
33125
33184
33254
33148
33147
33163
33118
33205
33281
33289
33263
33183
33193
33215
33167
33194
33149
33151
33235
33214
33266
33199
33135
33115
33167
33149
33175
33216
33172
33186
33265
33243
33196
33123
33107
33173
33217
33211
33159
33075
33112
33148
33191
33181
33088
33070
33158
33184
33225
33293
33213
33102
33084
33125
33173
33149
33095
33027
33009
33107
33180
33102
33087
33057
33149
33269
33204
33200
33135
33023
33107
33073
33153
33151
33087
33103
33120
33175
33218
33172
33093
33103
33199
33300
33239
33155
33111
33151
33257
33281
33321
33283
33268
33299
33231
33246
33127
33071
33148
33120
33232
33200
33145
33143
33164
33251
33357
33269
33160
33105
33159
33279
33293
33215
33155
33085
33185
33201
33203
33095
32963
33006
33115
33219
33223
33079
33130
33143
33235
33275
33189
33164
33132
33182
33204
33123
33047
32989
32971
33096
33123
33143
33144
33077
33105
33095
33044
33084
33055
33189
33230
33157
33150
33113
33111
33109
33150
33119
33179
33239
33242
33233
33211
33133
33110
33130
33153
33175
33221
33293
33321
33294
33265
33181
33149
33197
33215
33213
33209
33209
33286
33352
33343
33279
33199
33165
33145
33153
33105
33089
33098
33206
33245
33260
33222
33140
33107
33151
33135
33151
33165
33201
33268
33233
33189
33084
33053
33107
33067
33055
33048
33127
33232
33251
33209
33111
32973
32983
33061
33192
33289
33179
33137
33063
33113
33181
33097
33038
32919
32964
33137
33221
33258
33217
33148
33182
33223
33260
33231
33167
33158
33173
33159
33207
33165
33133
33121
33120
33175
33239
33304
33303
33340
33331
33238
33229
33222
33199
33254
33223
33239
33247
33263
33219
33116
33098
33075
33047
33141
33209
33211
33223
33179
33199
33279
33231
33187
33095
33075
33162
33217
33245
33159
33104
33091
33111
33108
33099
33064
33081
33099
33129
33259
33198
33107
33056
33002
33087
33220
33183
33173
33189
33153
33165
33160
33102
33085
33063
33053
33151
33159
33147
33123
33115
33093
33119
33175
33194
33182
33161
33175
33201
33271
33287
33284
33279
33207
33159
33212
33213
33221
33267
33193
33117
33127
33145
33215
33148
33155
33220
33271
33383
33362
33285
33192
33107
33141
33208
33215
33183
33109
33111
33119
33143
33185
33087
33053
33087
33126
33255
33229
33163
33119
33089
33214
33216
33154
33120
33061
33088
33177
33209
33185
33056
33000
33054
33111
33203
33169
33139
33157
33169
33245
33188
33119
33019
33030
33111
33135
33167
33156
33115
33117
33121
33131
33193
33185
33233
33237
33165
33164
33111
33174
33249
33231
33193
33121
33161
33239
33271
33267
33185
33128
33169
33217
33234
33233
33163
33145
33207
33270
33308
33295
33207
33119
33100
33157
33211
33175
33174
33196
33201
33270
33231
33119
33061
33024
33065
33159
33251
33227
33125
33099
33151
33170
33227
33181
33110
33114
33173
33261
33287
33191
33077
33008
33057
33095
33145
33124
33065
33046
33090
33151
33220
33205
33127
33109
33162
33212
33220
33175
33143
33109
33123
33151
33185
33150
33063
33039
33059
33138
33232
33236
33188
33129
33183
33233
33267
33247
33214
33243
33264
33273
33253
33159
33064
33063
33153
33287
33291
33227
33183
33143
33172
33194
33183
33197
33221
33247
33249
33221
33181
33107
33099
33133
33165
33233
33281
33243
33160
33083
33031
33047
33165
33215
33197
33183
33129
33129
33177
33190
33147
33084
33059
33140
33173
33195
33138
33048
33053
33123
33207
33244
33148
33101
33067
33065
33135
33118
33133
33119
33106
33129
33173
33149
33142
33131
33159
33179
33213
33204
33169
33135
33127
33145
33166
33181
33241
33230
33226
33259
33266
33239
33183
33146
33148
33183
33249
33259
33248
33218
33183
33207
33203
33181
33157
33168
33187
33231
33232
33189
33161
33200
33197
33221
33185
33165
33173
33162
33111
33091
33069
33087
33127
33165
33157
33138
33110
33165
33218
33236
33180
33079
33081
33127
33161
33137
33082
33071
33127
33208
33191
33116
33002
32992
33071
33144
33167
33159
33135
33151
33170
33172
33157
33135
33147
33175
33185
33173
33130
33111
33124
33147
33151
33173
33201
33223
33241
33244
33239
33207
33191
33191
33191
33226
33249
33239
33261
33257
33246
33205
33181
33148
33156
33156
33181
33200
33209
33209
33175
33173
33167
33167
33194
33171
33161
33187
33187
33157
33121
33099
33116
33153
33175
33163
33126
33092
33113
33118
33105
33091
33111
33111
33161
33157
33125
33103
33104
33149
33195
33207
33171
33093
33074
33082
33081
33103
33077
33106
33127
33157
33173
33151
33139
33165
33172
33178
33198
33175
33174
33162
33161
33169
33174
33199
33189
33195
33191
33177
33189
33211
33200
33225
33224
33235
33238
33230
33223
33192
33219
33253
33243
33256
33217
33169
33149
33113
33129
33143
33146
33144
33170
33198
33215
33207
33191
33159
33119
33151
33139
33128
33114
33117
33123
33131
33156
33126
33129
33127
33090
33128
33119
33079
33111
33107
33125
33149
33143
33152
33159
33159
33149
33131
33113
33109
33113
33111
33113
33081
33089
33110
33127
33168
33167
33205
33197
33160
33137
33131
33143
33187
33164
33131
33159
33199
33248
33264
33226
33181
33177
33204
33243
33176
33155
33121
33194
33285
33279
33231
33170
33171
33245
33272
33239
33171
33115
33135
33186
33199
33159
33117
33130
33143
33207
33183
33117
33085
33087
33127
33169
33166
33159
33159
33181
33167
33130
33102
33092
33110
33128
33117
33102
33112
33138
33136
33123
33087
33113
33160
33171
33160
33157
33114
33123
33177
33165
33149
33113
33122
33139
33155
33138
33113
33126
33143
33155
33147
33151
33153
33153
33160
33165
33199
33221
33264
33239
33187
33161
33166
33184
33225
33223
33193
33207
33209
33205
33173
33133
33175
33194
33253
33259
33256
33230
33185
33149
33157
33150
33161
33191
33191
33183
33175
33146
33168
33165
33153
33140
33127
33137
33139
33141
33118
33115
33149
33167
33181
33153
33135
33124
33108
33104
33115
33139
33153
33143
33129
33131
33136
33151
33145
33103
33097
33123
33180
33199
33143
33115
33106
33131
33165
33159
33145
33117
33151
33187
33218
33163
33122
33131
33145
33163
33197
33170
33171
33181
33197
33217
33231
33204
33219
33230
33199
33170
33150
33159
33181
33215
33203
33191
33232
33257
33255
33196
33153
33140
33183
33220
33205
33186
33167
33189
33195
33198
33151
33131
33123
33135
33144
33143
33114
33116
33141
33170
33197
33189
33161
33145
33116
33147
33142
33161
33154
33137
33119
33106
33107
33105
33085
33089
33115
33146
33195
33195
33157
33104
33064
33104
33156
33174
33178
33159
33145
33178
33179
33153
33087
33083
33110
33171
33177
33169
33135
33150
33209
33233
33199
33187
33167
33227
33260
33249
33227
33197
33175
33183
33189
33217
33211
33196
33199
33224
33222
33197
33182
33155
33151
33174
33197
33205
33193
33193
33180
33188
33196
33198
33170
33151
33079
33085
33127
33123
33131
33128
33137
33171
33181
33139
33102
33080
33114
33111
33138
33127
33155
33178
33171
33157
33115
33118
33144
33134
33141
33102
33085
33068
33097
33138
33142
33143
33151
33150
33179
33179
33171
33157
33121
33143
33165
33175
33171
33166
33152
33153
33195
33179
33175
33179
33191
33215
33209
33221
33225
33203
33238
33222
33207
33211
33208
33238
33239
33193
33190
33179
33172
33176
33164
33177
33184
33189
33213
33219
33209
33170
33144
33151
33151
33131
33128
33107
33117
33159
33174
33154
33123
33125
33117
33114
33132
33103
33117
33153
33190
33176
33121
33109
33103
33116
33140
33107
33093
33127
33125
33141
33124
33109
33111
33141
33143
33135
33141
33143
33135
33127
33155
33173
33180
33206
33204
33175
33151
33142
33147
33178
33201
33191
33166
33153
33219
33245
33225
33166
33129
33205
33252
33266
33240
33202
33221
33220
33271
33235
33185
33176
33167
33195
33189
33163
33169
33140
33170
33163
33167
33171
33191
33159
33153
33151
33150
33158
33143
33173
33143
33117
33122
33131
33136
33117
33093
33078
33088
33123
33125
33111
33099
33117
33142
33167
33155
33154
33147
33161
33152
33115
33101
33102
33134
33173
33157
33125
33135
33139
33159
33159
33147
33148
33141
33179
33221
33221
33188
33150
33145
33183
33211
33220
33209
33173
33175
33175
33206
33213
33217
33198
33206
33207
33224
33227
33224
33185
33209
33209
33232
33193
33175
33147
33159
33175
33187
33184
33161
33197
33207
33180
33137
33111
33105
33111
33138
33149
33149
33156
33138
33137
33116
33127
33128
33143
33145
33130
33109
33106
33117
33125
33111
33127
33143
33145
33175
33149
33139
33111
33141
33135
33145
33157
33157
33159
33154
33124
33099
33098
33135
33173
33184
33167
33140
33141
33144
33170
33173
33159
33176
33231
33247
33223
33194
33165
33175
33197
33209
33176
33158
33161
33207
33218
33207
33189
33193
33224
33246
33227
33169
33147
33171
33210
33222
33206
33162
33153
33157
33145
33140
33113
33125
33121
33149
33180
33129
33127
33151
33170
33184
33159
33147
33137
33143
33151
33137
33093
33099
33113
33141
33162
33143
33119
33127
33135
33137
33131
33125
33135
33145
33129
33144
33151
33157
33175
33159
33151
33150
33143
33177
33175
33168
33123
33139
33144
33166
33184
33161
33159
33156
33195
33223
33219
33185
33147
33163
33207
33232
33223
33195
33214
33211
33223
33215
33199
33166
33169
33195
33207
33199
33175
33188
33197
33191
33207
33197
33199
33218
33207
33165
33159
33159
33183
33182
33133
33118
33109
33102
33166
33116
33135
33125
33145
33167
33175
33126
33107
33101
33133
33139
33143
33110
33119
33161
33171
33144
33087
33083
33125
33179
33185
33143
33107
33117
33170
33198
33160
33112
33105
33153
33194
33198
33163
33109
33114
33149
33187
33179
33159
33151
33160
33185
33203
33211
33207
33196
33199
33182
33219
33230
33189
33201
33171
33178
33197
33231
33221
33211
33203
33177
33198
33221
33231
33207
33191
33195
33165
33180
33197
33181
33166
33151
33133
33157
33175
33175
33137
33099
33105
33103
33143
33151
33131
33127
33087
33106
33135
33163
33165
33136
33145
33117
33111
33143
33144
33135
33125
33126
33166
33133
33164
33146
33111
33108
33093
33125
33151
33178
33170
33137
33159
33185
33191
33209
33175
33144
33133
33159
33176
33171
33155
33151
33175
33215
33212
33205
33208
33205
33222
33223
33230
33240
33221
33219
33199
33181
33198
33206
33198
33201
33182
33199
33205
33193
33179
33150
33139
33163
33205
33202
33198
33181
33161
33171
33153
33118
33109
33111
33133
33170
33151
33139
33109
33117
33153
33153
33115
33109
33114
33157
33159
33141
33105
33101
33143
33145
33154
33147
33109
33113
33102
33122
33151
33153
33159
33155
33159
33167
33169
33169
33159
33153
33139
33137
33181
33175
33179
33181
33159
33183
33205
33225
33225
33185
33161
33155
33183
33207
33190
33207
33215
33206
33212
33200
33208
33223
33207
33219
33185
33186
33200
33218
33205
33169
33152
33182
33195
33199
33164
33146
33127
33159
33189
33191
33153
33127
33114
33143
33169
33151
33131
33121
33119
33139
33115
33121
33093
33098
33114
33127
33127
33128
33146
33145
33149
33163
33141
33139
33139
33157
33184
33163
33133
33111
33098
33130
33147
33188
33181
33162
33154
33175
33185
33207
33193
33159
33147
33165
33200
33209
33213
33191
33146
33163
33191
33199
33187
33153
33139
33159
33237
33252
33249
33209
33186
33215
33215
33201
33171
33151
33170
33207
33242
33218
33166
33184
33175
33181
33157
33159
33135
33130
33154
33150
33165
33175
33165
33181
33183
33124
33119
33112
33132
33129
33122
33087
33111
33121
33184
33169
33152
33145
33111
33128
33143
33129
33133
33091
33129
33166
33163
33202
33167
33143
33179
33183
33185
33167
33127
33125
33108
33135
33183
33194
33201
33179
33143
33185
33183
33195
33191
33185
33193
33202
33207
33209
33213
33239
33181
33167
33175
33222
33212
33179
33167
33141
33173
33230
33222
33229
33212
33186
33199
33197
33186
33181
33154
33148
33139
33142
33176
33184
33122
33121
33167
33169
33191
33167
33129
33112
33129
33137
33141
33114
33110
33108
33119
33143
33113
33108
33086
33110
33163
33181
33165
33159
33130
33134
33141
33136
33135
33127
33121
33146
33183
33167
33125
33137
33129
33155
33168
33183
33176
33155
33155
33161
33180
33178
33187
33202
33194
33171
33135
33151
33213
33218
33239
33201
33152
33173
33175
33233
33176
33130
33169
33205
33336
33267
33123
33095
33174
33300
33208
33111
33057
33117
33263
33333
33117
32962
33068
33209
33279
33251
32988
33085
33191
33240
33262
32993
32921
33059
33243
33349
33070
32965
33045
33220
33453
33255
32948
32970
33103
33403
33343
32950
32770
32935
33407
33515
33368
32912
32731
33163
33337
33289
33055
32699
33158
33457
33518
33345
32792
32917
33156
33389
33423
32841
32948
33181
33328
33569
33075
32945
33199
33412
33587
33114
32760
32820
33203
33639
33448
33127
33035
33185
33533
33315
32984
32763
32821
33356
33433
33303
33144
32999
33347
33455
33434
33227
32873
33089
33191
33084
33147
32903
33036
33302
33297
33315
33015
32939
33060
33077
33185
33026
33077
33277
33231
33309
33145
33031
33082
33059
33143
33041
32999
33126
33119
33237
33165
33133
33229
33161
33223
33146
32991
33137
33132
33241
33160
33047
33161
33125
33223
33177
33031
33163
33173
33372
33369
33170
33244
33129
33199
33219
33130
33207
33056
33118
33259
33191
33365
33271
33133
33188
33043
33144
33226
33223
33329
33267
33341
33309
33224
33203
32980
33016
33048
33130
33261
33095
33113
33164
33262
33420
33167
33064
33039
33079
33322
33127
32975
33015
33055
33425
33381
33079
32923
32769
33127
33283
33139
33078
32923
33175
33458
33349
33157
32864
32904
33205
33327
33257
32927
32806
33107
33316
33359
33135
32979
33097
33308
33404
33087
32818
32959
33206
33499
33315
33063
32999
33098
33359
33283
32998
32895
33029
33392
33575
33377
33083
32958
33185
33413
33349
33113
32933
33018
33392
33491
33243
32979
32949
33229
33429
33334
33079
33027
33213
33436
33397
33175
32998
33040
33258
33326
33184
32979
32935
33159
33385
33324
33138
32986
33009
33195
33215
33143
32972
32983
33185
33275
33173
32971
32889
33095
33207
33261
33139
33005
33123
33207
33245
33199
33066
33140
33208
33218
33194
33019
32938
32989
33114
33220
33131
33093
33185
33262
33285
33213
33105
33140
33277
33377
33319
33221
33136
33199
33265
33209
33033
32929
33021
33230
33356
33341
33317
33245
33257
33317
33263
33193
33137
33110
33219
33225
33237
33152
33071
33159
33155
33108
33143
33095
33224
33304
33223
33179
33079
33048
33054
32984
33007
33013
33151
33243
33239
33239
33102
33117
33123
33042
33031
32986
33041
33158
33183
33225
33111
33001
33005
33031
33162
33143
33127
33209
33291
33363
33272
33102
33027
33065
33178
33235
33212
33175
33157
33167
33211
33181
33100
33113
33143
33186
33200
33125
33181
33212
33259
33319
33263
33242
33191
33175
33229
33158
33132
33184
33159
33231
33199
33130
33159
33145
33201
33209
33155
33159
33199
33227
33230
33157
33111
33091
33171
33175
33118
33027
33014
33127
33147
33116
33151
33156
33201
33185
33107
33055
33023
33085
33193
33175
33166
33154
33150
33205
33163
33095
33049
33039
33125
33193
33170
33146
33111
33153
33231
33199
33152
33159
33185
33287
33246
33223
33143
33104
33158
33133
33202
33176
33127
33187
33098
33149
33237
33206
33262
33207
33186
33161
33071
33159
33189
33159
33216
33233
33307
33345
33287
33182
33047
33059
33132
33205
33141
33063
33095
33158
33217
33197
33067
33103
33181
33317
33333
33191
33132
33090
33127
33246
33192
33154
33082
33070
33175
33112
33021
33001
33054
33179
33261
33165
33113
33065
33111
33195
33185
33152
33163
33230
33256
33203
33092
33053
33082
33173
33271
33223
33114
33087
33084
33111
33099
33042
33098
33193
33254
33330
33251
33111
33126
33143
33207
33219
33184
33139
33170
33189
33173
33112
33047
33096
33180
33282
33207
33096
33059
33135
33213
33271
33245
33167
33175
33155
33207
33227
33159
33150
33213
33295
33335
33207
33101
33031
33019
33103
33170
33155
33169
33213
33247
33211
33144
33030
33005
33115
33259
33289
33260
33159
33061
33043
33144
33192
33142
33116
33111
33155
33151
33089
33085
33053
33090
33215
33261
33245
33154
33097
33083
33107
33143
33179
33163
33209
33159
33152
33139
33089
33127
33143
33261
33255
33161
33077
33034
33091
33139
33158
33181
33225
33289
33313
33227
33130
33094
33139
33215
33239
33225
33175
33183
33176
33153
33178
33185
33201
33236
33292
33264
33171
33111
33121
33131
33159
33163
33145
33200
33205
33185
33159
33151
33155
33164
33153
33127
33058
33097
33131
33123
33121
33111
33190
33235
33159
33123
33007
32994
33107
33146
33195
33182
33148
33162
33144
33111
33025
32970
33069
33165
33225
33254
33174
33162
33155
33167
33171
33120
33113
33133
33209
33213
33147
33138
33142
33223
33215
33167
33174
33169
33188
33229
33166
33153
33167
33212
33290
33261
33224
33155
33192
33263
33227
33233
33220
33163
33175
33155
33131
33080
33105
33209
33261
33279
33233
33179
33174
33164
33171
33161
33133
33179
33190
33152
33159
33097
33057
33113
33108
33115
33125
33098
33096
33089
33074
33087
33084
33128
33161
33173
33166
33130
33088
33117
33149
33171
33191
33159
33144
33132
33111
33123
33118
33100
33106
33151
33207
33219
33179
33151
33141
33191
33217
33283
33239
33197
33189
33179
33189
33209
33177
33181
33222
33265
33231
33169
33109
33085
33128
33239
33256
33233
33201
33193
33235
33255
33227
33187
33145
33182
33223
33257
33231
33118
33053
33077
33121
33167
33134
33123
33117
33127
33182
33148
33113
33127
33119
33140
33151
33129
33156
33118
33117
33127
33097
33114
33091
33111
33098
33101
33131
33117
33165
33179
33173
33158
33143
33139
33166
33159
33154
33190
33220
33227
33210
33180
33141
33111
33167
33161
33169
33183
33207
33223
33241
33191
33159
33178
33151
33168
33213
33186
33199
33221
33215
33229
33223
33183
33196
33204
33194
33159
33096
33102
33125
33193
33239
33233
33185
33165
33166
33161
33153
33093
33135
33163
33177
33193
33158
33121
33137
33099
33105
33107
33085
33094
33113
33141
33148
33109
33151
33162
33170
33193
33149
33126
33119
33128
33149
33120
33114
33135
33167
33163
33116
33085
33115
33151
33214
33242
33220
33189
33180
33181
33143
33133
33168
33180
33219
33257
33201
33161
33139
33141
33151
33151
33145
33157
33181
33223
33222
33214
33144
33135
33179
33207
33192
33173
33166
33139
33175
33196
33197
33187
33171
33155
33155
33135
33094
33129
33151
33165
33225
33166
33157
33148
33147
33173
33126
33102
33189
33197
33207
33176
33127
33086
33099
33132
33137
33140
33153
33179
33152
33123
33097
33095
33115
33149
33151
33197
33161
33169
33187
33125
33160
33151
33149
33204
33193
33156
33101
33095
33111
33149
33183
33178
33161
33199
33183
33156
33157
33174
33177
33188
33175
33182
33172
33185
33127
33117
33136
33171
33242
33240
33149
33125
33121
33175
33182
33201
33189
33115
33187
33231
33181
33156
33161
33151
33213
33241
33235
33186
33143
33141
33145
33173
33192
33200
33198
33213
33207
33182
33137
33073
33123
33159
33175
33180
33175
33119
33174
33174
33119
33137
33181
33174
33151
33151
33165
33149
33127
33136
33083
33097
33190
33204
33143
33098
33089
33110
33208
33221
33181
33115
33135
33203
33167
33126
33107
33103
33134
33227
33175
33117
33102
33111
33190
33174
33200
33187
33188
33269
33222
33160
33123
33097
33139
33221
33257
33217
33192
33199
33200
33222
33158
33102
33174
33239
33279
33220
33124
33127
33157
33263
33242
33180
33153
33147
33197
33193
33130
33109
33103
33145
33230
33233
33149
33061
33081
33078
33122
33173
33140
33115
33133
33137
33127
33111
33099
33112
33123
33179
33117
33095
33111
33137
33118
33078
33121
33145
33131
33135
33122
33063
33079
33189
33183
33221
33249
33201
33167
33147
33178
33147
33130
33138
33165
33181
33251
33242
33178
33127
33125
33183
33168
33218
33259
33242
33199
33216
33237
33227
33259
33223
33171
33167
33188
33229
33187
33099
33124
33155
33204
33243
33187
33135
33126
33178
33236
33199
33135
33107
33149
33165
33135
33068
33044
33069
33149
33209
33185
33075
33036
33056
33117
33129
33062
33033
33095
33138
33179
33163
33087
33107
33075
33172
33206
33118
33089
33129
33138
33151
33149
33166
33133
33187
33205
33132
33095
33145
33181
33175
33203
33230
33223
33260
33254
33136
33117
33179
33249
33267
33230
33203
33159
33174
33213
33189
33127
33121
33168
33219
33213
33175
33161
33179
33196
33197
33225
33153
33191
33208
33193
33139
33045
33089
33154
33190
33195
33091
33063
33089
33135
33171
33134
33101
33106
33188
33194
33115
33054
33054
33097
33125
33143
33161
33115
33112
33138
33103
33100
33113
33144
33156
33150
33176
33168
33139
33177
33166
33127
33197
33189
33225
33219
33137
33179
33186
33199
33229
33183
33183
33164
33185
33208
33135
33147
33205
33220
33261
33257
33183
33143
33179
33151
33181
33199
33182
33217
33255
33215
33184
33161
33157
33166
33159
33175
33137
33155
33151
33146
33135
33159
33167
33191
33183
33139
33143
33143
33116
33113
33117
33104
33115
33167
33127
33086
33085
33070
33103
33151
33179
33142
33119
33156
33158
33147
33132
33106
33137
33179
33203
33160
33115
33083
33134
33176
33193
33159
33159
33176
33183
33184
33182
33167
33143
33175
33223
33235
33217
33168
33151
33175
33169
33209
33217
33177
33159
33145
33159
33213
33176
33191
33188
33161
33203
33195
33135
33126
33089
33179
33217
33226
33219
33177
33149
33155
33145
33131
33151
33153
33151
33193
33162
33143
33118
33096
33131
33191
33188
33178
33183
33155
33136
33140
33157
33158
33175
33180
33141
33141
33145
33150
33091
33075
33098
33114
33173
33202
33175
33132
33155
33180
33178
33155
33139
33128
33165
33205
33183
33137
33137
33142
33180
33185
33153
33109
33139
33194
33178
33177
33135
33111
33155
33182
33207
33175
33150
33163
33192
33223
33193
33152
33139
33127
33148
33149
33159
33207
33195
33198
33203
33153
33131
33137
33125
33141
33120
33176
33242
33223
33272
33213
33129
33165
33146
33197
33162
33151
33133
33108
33195
33229
33175
33117
33094
33122
33162
33162
33145
33060
33102
33168
33215
33214
33171
33151
33109
33159
33133
33082
33090
33115
33123
33162
33153
33141
33119
33127
33180
33153
33196
33177
33130
33169
33135
33126
33114
33099
33127
33236
33272
33250
33151
33111
33101
33043
33155
33177
33151
33190
33229
33303
33284
33164
33036
33083
33228
33313
33245
33127
33104
33142
33215
33221
33193
33149
33103
33185
33235
33235
33179
33103
33118
33231
33300
33255
33191
33178
33163
33191
33212
33049
33027
32983
33063
33223
33253
33278
33123
33101
33181
33229
33199
33013
32991
33121
33117
33207
33128
33086
33179
33187
33287
33197
33025
33012
33037
33154
33151
33099
33143
33195
33225
33222
33079
33012
33066
33249
33340
33284
33193
33139
33160
33201
33287
33127
33049
33141
33289
33397
33212
33003
32917
33003
33239
33312
33248
33183
33163
33285
33268
33170
33103
33123
33231
33226
33236
33147
33039
33162
33251
33268
33199
33030
33109
33125
33109
33106
32958
33071
33327
33395
33293
33036
32993
33127
33245
33227
33076
32946
33071
33265
33365
33223
33006
32991
33095
33239
33239
33111
32938
32948
33111
33305
33281
33130
33051
33145
33341
33274
33187
33077
33053
33203
33268
33269
33215
33118
33169
33114
33057
33166
33151
33213
33227
33113
33094
33170
33275
33345
33207
33095
33079
33212
33358
33255
33089
32996
33079
33289
33274
33190
33105
33107
33199
33154
33071
33035
33057
33164
33225
33215
33175
33112
33195
33241
33259
33223
33059
33087
33095
33117
33107
33039
33016
33162
33329
33363
33191
33067
33081
33061
33119
33154
33062
33029
33130
33231
33229
33182
33207
33225
33225
33152
33097
33127
33217
33244
33127
33049
33115
33145
33144
33175
33089
33107
33212
33271
33379
33377
33201
33086
33114
33171
33255
33212
33162
33134
33203
33224
33103
33029
33041
33105
33195
33232
33237
33262
33196
33131
33055
33036
33235
33269
33253
33143
32963
32998
33098
33087
33072
33025
33107
33173
33190
33180
33121
33166
33239
33242
33185
33079
33067
33135
33215
33167
32999
32985
33129
33255
33327
33108
32975
33066
33198
33393
33338
33145
33042
33063
33243
33313
33172
33027
33033
33209
33302
33223
33111
33061
33119
33226
33207
33167
33163
33215
33298
33259
33207
33190
33170
33143
33090
33040
33049
33151
33251
33341
33307
33183
33123
33126
33173
33133
33097
33087
33139
33239
33200
33091
33028
33009
33058
33134
33195
33231
33186
33197
33184
33179
33161
33033
33053
33127
33193
33215
33149
33015
32935
32996
33074
33103
33211
33279
33338
33336
33267
33215
33160
33176
33198
33245
33258
33119
33006
32971
33032
33153
33175
33135
33181
33263
33279
33191
33067
33082
33229
33354
33335
33228
33078
33083
33180
33237
33184
33091
33063
33147
33205
33159
33104
33009
33031
33167
33340
33394
33319
33173
33085
33099
33125
33116
33122
33189
33180
33178
33160
33146
33137
33050
33040
33145
33200
33225
33209
33071
33007
33085
33138
33198
33182
33126
33143
33193
33238
33209
33151
33158
33192
33233
33229
33155
33083
33035
33093
33184
33179
33139
33071
33109
33187
33238
33304
33263
33243
33256
33191
33191
33151
33127
33133
33090
33078
33121
33157
33210
33171
33111
33016
32973
33135
33269
33311
33264
33190
33225
33242
33260
33177
33078
33087
33091
33145
33185
33148
33073
33091
33129
33225
33243
33233
33179
33141
33164
33181
33213
33191
33103
33131
33135
33193
33246
33143
33072
33059
33063
33138
33187
33177
33137
33109
33143
33221
33303
33289
33180
33143
33104
33095
33151
33061
33025
33126
33259
33348
33278
33178
33071
33055
33135
33166
33165
33120
33095
33143
33211
33213
33155
33115
33138
33167
33253
33251
33136
33075
33071
33105
33159
33159
33160
33175
33204
33160
33120
33055
33072
33175
33200
33121
33124
33206
33281
33303
33243
33113
33149
33267
33289
33229
33029
32904
32976
33102
33239
33283
33215
33162
33187
33227
33228
33151
33153
33183
33227
33203
33099
33101
33065
33111
33129
33117
33186
33227
33241
33149
33031
32964
33032
33174
33273
33238
33175
33207
33289
33273
33189
33007
32976
33083
33233
33231
33107
33006
33034
33187
33326
33281
33115
33045
33082
33205
33215
33101
32991
33063
33229
33279
33236
33127
33080
33195
33241
33207
33129
33114
33133
33201
33192
33153
33087
33161
33261
33251
33185
33059
33074
33178
33242
33238
33158
33141
33223
33331
33335
33195
33028
32987
33082
33205
33228
33129
33103
33141
33225
33199
33083
33017
33057
33173
33306
33279
33161
33064
33060
33119
33186
33185
33143
33121
33112
33141
33155
33161
33146
33134
33140
33095
33068
33082
33124
33170
33167
33236
33290
33288
33239
33091
32989
32950
32995
33154
33271
33263
33263
33190
33212
33227
33203
33109
33077
33113
33247
33286
33192
33057
33003
33115
33236
33297
33256
33245
33263
33289
33233
33095
32997
33100
33202
33284
33215
33115
33176
33246
33261
33127
33001
33022
33117
33255
33235
33161
33161
33178
33230
33212
33101
33035
33059
33141
33168
33101
33079
33118
33135
33161
33108
33065
33047
33189
33305
33289
33184
33090
33083
33141
33156
33111
33074
33047
33183
33322
33327
33221
33074
33077
33142
33241
33239
33139
33049
33095
33231
33273
33212
33156
33173
33269
33281
33195
33123
33091
33147
33209
33151
33124
33107
33192
33252
33225
33225
33211
33146
33168
33175
33207
33193
33104
33103
33127
33228
33319
33250
33141
33080
33084
33081
33157
33202
33168
33160
33173
33159
33151
33125
33087
33095
33143
33103
33150
33307
33287
33073
32983
33029
33249
33327
33143
33007
32937
33058
33287
33241
33093
33079
33143
33303
33369
33175
33214
33213
33195
33234
33065
32992
33107
33188
33167
33138
33050
33272
33324
33264
33332
33135
32956
33241
33380
33293
32987
32723
32970
33329
33519
33303
33166
33115
33235
33463
33399
33030
32615
32591
33048
33327
33275
33234
33090
33415
33593
33347
33191
32985
33060
33168
32967
32993
32945
32921
33213
33271
33320
33257
33261
33329
33083
32878
32915
33077
33287
33195
33095
33189
33278
33301
33143
33095
33103
33091
33193
33143
33120
33180
33031
33291
33340
33145
33107
32980
33131
33219
33081
32993
33205
33365
33490
33351
33179
33057
33010
33104
33125
33098
33109
33174
33317
33367
33351
33099
32732
32931
33289
33377
33217
32983
33105
33207
33534
33337
32931
33073
32826
33271
33382
33083
32862
32865
33415
33561
33340
33104
33339
32953
33004
32918
32753
32992
33213
33465
33327
32902
32605
32983
34069
33736
33026
32696
32558
33169
33637
33443
32522
32995
33531
33877
33573
32444
31867
32539
33736
34197
33552
33015
33116
33525
33787
33506
33043
31751
32535
32990
33183
33706
32857
33125
33452
33399
33767
33071
32835
33057
33009
33572
32757
31847
32395
32876
34162
34086
33397
33101
33299
33995
33104
31989
31788
32065
33657
34435
34032
33241
32597
33407
34157
33744
32878
31839
32410
33334
33905
34172
32559
31634
32344
33850
34607
33395
32401
32670
33391
33673
32465
31861
32087
32839
34390
34055
32609
31973
31483
33753
34120
33607
33767
32457
33393
33114
32567
32873
32766
33909
35300
34600
33542
32587
32419
33703
33996
34069
33143
33268
34481
35009
34791
33721
32165
31661
31505
32111
32497
32590
32460
32307
34381
33788
32431
31935
31611
33273
34229
32763
32927
32127
31795
33901
33605
32801
32181
31701
32663
32775
32405
32666
32904
33748
34103
33863
33361
33005
33535
34497
34735
34654
34214
34662
35049
34777
34056
33428
33476
33521
33582
33256
32764
32494
32959
32944
32533
31785
31285
31893
32629
32837
33102
32323
32065
32953
33109
33153
32113
31807
32677
33256
33623
32963
31659
31963
32501
33007
33327
32351
32689
33549
33977
34295
33899
33717
34332
34815
35089
35594
35131
34847
34863
35293
35157
34783
33951
32663
31829
32088
32471
32959
32591
32565
33127
33454
33329
31947
31225
31449
31813
32757
32647
31955
32716
33100
33273
32834
32295
31747
31717
32191
32489
32277
31875
32199
32721
33348
33287
32977
33553
34103
34233
33482
32972
33226
34571
35676
35413
34325
33267
33335
34517
34903
34825
34245
33415
33300
33964
33389
32182
31692
31719
33494
34631
34449
33945
33105
32999
32945
32451
32260
32099
32618
33496
33604
34037
33395
32344
31959
31247
31647
31652
31244
31722
32179
33719
34197
33255
32907
32187
32287
32980
33419
33816
33711
33367
33893
33795
33455
32887
32401
33322
34257
34813
34307
33831
33591
33655
33677
32978
32599
32822
33340
34217
35274
35303
34491
33279
32298
32451
33239
33649
33929
33730
33606
32947
32657
32294
31588
31831
32526
33241
33959
32991
31281
31287
31455
32311
32529
32080
32023
32517
33601
34311
34127
33237
32711
33016
33913
34120
33263
32367
32407
32629
32990
33573
33611
33935
34530
34038
32727
31997
32117
33643
34354
34192
33783
33494
34177
34679
33967
32975
32247
32541
33573
33878
32792
31285
30807
32299
33797
34245
33591
32311
32217
32641
32880
32584
32807
33613
34276
34727
34523
33759
33197
33337
33573
33381
32663
32165
32422
33176
33833
33619
33092
32940
33230
33399
33119
32599
32241
32343
32927
33498
33797
33309
32846
32817
32668
32195
32107
32097
32952
33934
33669
32989
32097
31831
32152
32747
33178
32782
32535
33233
34135
34672
34370
33615
33441
33528
33703
33829
33676
32853
32372
33204
34309
34593
34115
33019
32825
33229
33728
33681
32343
31324
31335
32341
33755
34059
34127
34167
33834
33393
32401
31761
31952
32771
33591
33805
33407
33185
33407
33589
33025
32439
32250
32408
33418
33841
33552
33279
33136
33782
34119
33271
32717
32456
33052
33978
33949
33386
32683
32487
33397
33828
33443
32867
32174
32423
32653
32609
32323
31975
32559
33389
33630
32961
32532
32826
33166
33429
33410
33253
33602
34209
34188
33794
33046
32719
32814
33275
33638
33281
33191
33109
33008
33533
33379
32775
33209
33635
33637
33495
32831
32561
33020
33902
34541
34167
33457
32870
32807
32937
32199
31619
31860
32102
32695
33499
33639
33069
32967
32946
33187
33791
33347
32807
33250
33283
33365
33987
34131
34173
33919
33468
33035
32819
32751
32865
32877
32690
32879
33078
33351
33231
32925
32863
32728
33326
34163
33493
32565
32115
32693
33452
33608
33420
32819
32952
33245
33021
32503
32146
32582
33063
33197
33255
32967
32855
33007
33217
33487
33624
33848
34229
34541
33896
33069
32831
32877
32993
32939
32756
32911
33604
33928
33655
33296
32693
32260
32618
32829
32880
32601
32389
32823
33627
34203
33993
32930
32549
33124
33625
33585
32719
32226
32793
33352
33694
33570
33127
33302
33781
34063
33653
32791
32519
32961
33579
33787
33244
32840
33247
33634
33815
33706
32862
32567
32967
33310
32999
32454
32296
32780
33674
33709
33176
32611
32315
32573
33077
33009
32462
31893
32293
33303
33969
33913
33344
32903
33135
33518
33531
33234
32775
33010
33529
33959
33951
33277
32919
32991
33119
33187
33114
32926
33037
33299
33561
33427
32821
32289
32255
33151
34014
34228
34055
33627
33286
33071
32696
32507
32691
33109
33431
33271
32809
32636
33141
33669
33575
33018
32575
33031
33827
34051
33555
32959
32938
33661
34253
34183
33335
32746
33083
33535
33434
32794
32128
32113
32617
33007
32951
32636
32370
32876
33527
33445
33009
32767
32812
32909
32947
33063
33036
33041
33310
33294
33047
32848
32815
33157
33391
32904
32457
32509
33107
33797
33893
33475
33200
33434
33854
33901
33383
32911
33025
33662
34166
33904
33105
32525
32745
33335
33518
33033
32614
32764
33201
33352
33048
32757
32694
33048
33501
33638
33353
33002
33351
33831
33823
33455
33028
32750
32889
33143
33127
32980
32906
33089
33442
33676
33527
33142
32810
32829
33191
33336
32804
32532
32827
33392
33909
33589
32859
32535
32675
32857
32769
32462
32192
32519
33151
33429
33142
32807
32802
33311
33658
33285
32911
32828
33061
33487
33463
33211
33092
33326
33653
33611
33395
33149
33285
33804
33887
33476
33031
33017
33455
33629
33321
32905
32887
33311
33680
33713
33202
32470
32494
33092
33512
33391
32832
32747
33204
33537
33389
32965
32721
32913
33263
33396
33193
32797
32811
33271
33420
33197
32967
32999
33260
33463
33275
33015
32937
33045
33282
33157
32787
32824
33130
33527
33736
33317
32775
32537
32613
32918
32890
32795
32926
33112
33303
33366
33131
32922
32907
32927
32996
33000
33121
33363
33439
33444
33346
33209
33399
33519
33441
33437
33314
33241
33297
33317
33306
33369
33319
33439
33543
33399
33151
32967
33001
33174
33393
33497
33358
33067
33085
33068
32983
33028
32937
32929
33099
32951
32919
33053
32987
33169
33199
32932
32929
32979
33059
33223
33205
33136
33175
33181
33259
33260
33202
33077
33045
33271
33443
33359
33157
32985
32969
33149
33271
33106
32953
32956
33177
33446
33255
32715
32631
32902
33217
33479
33265
32903
32901
33064
33237
33149
32894
32939
33217
33534
33652
33395
33165
33175
33203
33181
33087
33138
33247
33377
33590
33515
33285
33257
33364
33525
33445
33099
32777
32789
33121
33300
33271
33305
33135
33160
33333
33100
32819
32531
32622
33160
33319
33253
33065
33017
33108
33032
32947
32857
33020
33447
33541
33396
33171
33036
33126
33062
32936
33021
33347
33840
33889
33433
32872
32571
32973
33437
33441
33253
32880
32823
33226
33447
33293
33003
32720
32855
33237
33375
33171
32811
32735
32892
33241
33555
33303
32989
32972
33056
33137
33151
33035
33079
33235
33270
33228
33221
33167
33178
33389
33447
33417
33487
33363
33131
32897
32829
33073
33345
33522
33477
33191
33118
33276
33295
33114
32808
32575
32639
32983
33362
33463
33215
33031
33145
33409
33433
33031
32666
32805
33311
33669
33582
33162
32867
33009
33371
33575
33453
32951
32728
32943
33321
33415
33245
33054
33142
33309
33278
33122
32983
33122
33367
33403
33251
33051
32861
32818
32855
32913
32831
32791
33016
33181
33275
33104
32808
32793
32991
33097
33193
33175
33205
33342
33413
33349
33173
33187
33315
33399
33338
33192
33015
33131
33317
33336
33209
33031
33073
33343
33466
33387
33265
33189
33205
33255
33252
33191
33079
33115
33296
33351
33279
33116
33001
33109
33226
33133
32983
32938
33035
33159
33103
33055
33077
33194
33357
33431
33400
33289
33134
33159
33224
33165
33174
33175
33143
33222
33153
32998
33008
32921
32883
32931
32983
33085
33079
32945
32919
32944
32962
33049
33123
33144
33143
33139
33177
33132
33045
33025
32971
32997
33108
33156
33269
33395
33268
33134
33171
33253
33439
33413
33226
33260
33374
33517
33506
33373
33291
33316
33429
33407
33336
33236
33042
33019
33217
33293
33248
33119
33082
33184
33325
33295
33075
32844
32821
33028
33225
33234
33105
33009
33089
33305
33407
33321
33157
33089
33125
33069
32998
32946
33005
33177
33182
33143
33181
33136
33041
32944
32862
33002
33207
33256
33122
32943
32901
32981
33167
33228
33095
32993
33017
33066
33175
33135
32965
32895
32961
33185
33278
33329
33244
33075
33058
33211
33366
33447
33367
33324
33383
33434
33473
33362
33261
33252
33299
33355
33435
33453
33393
33243
33096
33057
33167
33255
33256
33098
32978
33016
33157
33281
33217
33090
33041
33107
33225
33247
33094
33003
33062
33087
33088
32993
32908
32978
33081
33127
33027
32939
32929
33047
33154
33285
33346
33218
33095
33116
33063
33075
33134
33276
33310
33196
33100
33032
32981
33015
32971
32977
33076
33101
33173
33269
33188
33015
32899
32965
33171
33379
33406
33285
33268
33246
33232
33318
33290
33271
33259
33215
33266
33343
33335
33289
33259
33249
33267
33290
33309
33277
33204
33172
33159
33239
33331
33305
33280
33223
33123
33155
33179
33073
33035
32977
32987
33111
33072
32952
32815
32824
32976
33111
33121
33093
33079
33123
33122
33193
33175
33087
33119
33199
33291
33336
33215
33056
33007
33061
33164
33133
33127
33155
33157
33216
33166
33079
33051
33094
33197
33285
33242
33146
33111
33061
33097
33132
33159
33263
33320
33253
33121
33019
32973
33073
33172
33219
33235
33221
33233
33335
33295
33195
33139
33147
33288
33419
33407
33351
33209
33175
33263
33311
33362
33291
33126
33049
33007
33021
33020
32959
32994
33083
33175
33243
33132
32973
32997
33070
33127
33202
33183
33157
33098
33047
33047
33101
33143
33125
33135
33160
33195
33217
33114
32999
32958
33071
33255
33367
33366
33254
33200
33271
33221
33115
33098
33071
33135
33187
33116
33115
33117
33091
33047
33072
33159
33159
33135
33085
32993
32979
33039
33103
33167
33153
33191
33263
33309
33273
33145
33101
33164
33259
33351
33287
33175
33119
33113
33181
33319
33358
33303
33175
33111
33175
33257
33185
33097
33047
33156
33343
33425
33311
33095
32959
33007
33084
33161
33172
33151
33130
33108
33066
33031
33079
33092
33137
33207
33239
33247
33220
33143
33121
33091
33121
33172
33132
33139
33225
33223
33207
33139
33117
33189
33186
33175
33087
33021
33075
33130
33105
33026
33033
33071
33136
33176
33119
32983
32944
33015
33123
33155
33148
33155
33157
33142
33169
33174
33211
33215
33162
33136
33143
33201
33245
33189
33133
33168
33221
33400
33513
33495
33307
33133
33139
33250
33339
33303
33195
33159
33197
33287
33295
33187
33103
33047
33049
33159
33232
33159
33031
32977
33060
33151
33215
33212
33155
33165
33139
33106
33077
33055
33059
33094
33131
33159
33210
33229
33167
33069
32990
33019
33144
33207
33163
33049
33012
33123
33177
33127
33045
33021
33089
33143
33173
33209
33120
33020
32976
32993
33043
33090
33102
33103
33087
33114
33168
33244
33288
33240
33201
33190
33247
33326
33397
33362
33326
33301
33270
33250
33345
33346
33266
33179
33147
33208
33287
33331
33279
33218
33203
33224
33218
33183
33130
33167
33219
33187
33167
33077
33023
33023
33023
33041
33026
33043
33115
33137
33103
33038
33031
33071
33093
33112
33144
33081
33094
33093
33137
33195
33175
33146
33076
33051
33125
33141
33095
33039
33031
33085
33108
33139
33123
33101
33074
33085
33158
33177
33143
33175
33125
33099
33133
33209
33289
33289
33231
33195
33207
33267
33297
33226
33159
33155
33205
33281
33324
33343
33331
33330
33309
33313
33315
33289
33297
33257
33202
33185
33215
33259
33244
33131
33067
33070
33111
33135
33091
33059
33075
33083
33087
33104
33058
33020
33032
33070
33094
33119
33093
33043
33013
33041
33079
33075
33091
33117
33132
33114
33087
33059
33068
33119
33156
33147
33103
33100
33145
33206
33214
33188
33132
33160
33225
33211
33173
33117
33112
33176
33225
33215
33204
33175
33133
33121
33124
33158
33206
33260
33236
33197
33213
33253
33318
33343
33308
33245
33238
33265
33277
33281
33263
33211
33209
33246
33209
33182
33175
33148
33189
33191
33205
33197
33136
33112
33131
33123
33135
33113
33089
33085
33064
33038
33053
33060
33049
33021
33036
33047
33069
33097
33072
33087
33096
33051
33023
33065
33130
33177
33173
33169
33199
33253
33251
33205
33168
33159
33151
33171
33194
33215
33158
33132
33160
33153
33164
33147
33151
33152
33143
33134
33143
33141
33141
33154
33228
33279
33274
33225
33188
33173
33155
33144
33109
33183
33227
33249
33254
33220
33213
33215
33229
33191
33182
33200
33288
33326
33277
33161
33121
33143
33213
33207
33105
33099
33140
33189
33173
33095
33047
33035
33071
33079
33078
33080
33057
33068
33117
33135
33117
33110
33086
33097
33128
33166
33198
33189
33171
33179
33177
33202
33177
33147
33136
33147
33131
33143
33162
33173
33193
33113
33107
33143
33202
33210
33159
33123
33151
33215
33242
33176
33111
33087
33143
33143
33117
33110
33142
33206
33229
33167
33129
33083
33112
33179
33213
33231
33271
33300
33290
33248
33205
33224
33247
33295
33253
33225
33204
33219
33197
33186
33183
33179
33171
33168
33182
33159
33119
33078
33077
33107
33159
33197
33176
33144
33133
33139
33165
33188
33153
33091
33080
33099
33107
33077
33056
33050
33083
33127
33162
33180
33163
33121
33087
33121
33179
33223
33205
33151
33128
33153
33196
33196
33189
33127
33048
33051
33098
33129
33107
33023
32972
33049
33137
33223
33224
33197
33200
33149
33180
33169
33167
33180
33195
33239
33263
33278
33213
33205
33201
33221
33243
33243
33230
33239
33241
33229
33247
33238
33221
33257
33265
33295
33290
33268
33225
33175
33111
33112
33158
33215
33178
33083
33033
33019
33093
33097
33092
33062
33047
33051
33089
33135
33107
33069
33069
33111
33171
33208
33159
33124
33081
33083
33105
33128
33177
33160
33095
33031
33027
33064
33129
33188
33195
33157
33125
33107
33127
33145
33142
33097
33105
33173
33237
33220
33175
33121
33147
33189
33187
33175
33200
33214
33248
33223
33197
33198
33226
33271
33313
33308
33265
33267
33293
33321
33291
33247
33249
33282
33271
33227
33221
33229
33225
33203
33163
33124
33111
33087
33085
33077
33097
33095
33085
33094
33136
33139
33097
33077
33031
33033
33040
33067
33127
33118
33098
33087
33071
33071
33069
33062
33047
33047
33065
33119
33158
33164
33119
33071
33107
33157
33202
33217
33191
33155
33135
33164
33129
33119
33136
33179
33194
33201
33158
33127
33129
33188
33224
33207
33206
33175
33176
33245
33283
33252
33247
33215
33293
33331
33338
33300
33242
33197
33208
33239
33285
33269
33227
33186
33159
33167
33177
33211
33192
33157
33166
33159
33154
33142
33095
33093
33090
33095
33125
33115
33099
33040
33020
33024
33025
33055
33050
33014
33003
33045
33079
33097
33070
33068
33081
33126
33159
33176
33148
33157
33163
33159
33147
33108
33145
33173
33197
33212
33196
33176
33167
33135
33161
33155
33177
33173
33167
33180
33222
33235
33221
33197
33185
33203
33215
33233
33240
33215
33191
33183
33210
33224
33218
33200
33195
33207
33227
33217
33227
33247
33217
33191
33178
33194
33213
33221
33242
33217
33191
33166
33137
33138
33159
33105
33057
33047
33060
33091
33089
33079
33039
33065
33059
33084
33099
33057
33071
33074
33088
33107
33117
33127
33157
33171
33137
33109
33106
33131
33140
33156
33139
33158
33151
33158
33178
33189
33196
33189
33188
33209
33185
33185
33187
33217
33221
33201
33181
33159
33180
33191
33177
33134
33094
33129
33157
33188
33167
33148
33147
33155
33211
33225
33211
33204
33219
33242
33264
33239
33202
33208
33212
33195
33182
33181
33151
33153
33175
33162
33145
33164
33137
33143
33162
33143
33109
33099
33119
33142
33135
33115
33111
33109
33114
33087
33078
33078
33091
33093
33083
33085
33083
33089
33121
33132
33128
33133
33135
33155
33183
33185
33181
33159
33137
33151
33181
33231
33235
33207
33175
33157
33164
33142
33132
33135
33129
33140
33136
33151
33187
33190
33174
33173
33162
33183
33193
33186
33155
33144
33160
33177
33189
33187
33199
33207
33207
33181
33171
33157
33161
33198
33217
33229
33208
33212
33212
33217
33201
33199
33210
33223
33199
33190
33166
33148
33133
33115
33133
33134
33149
33141
33122
33111
33090
33107
33111
33101
33080
33087
33098
33099
33113
33125
33143
33131
33131
33118
33104
33107
33107
33090
33122
33147
33167
33169
33145
33130
33123
33130
33138
33143
33155
33154
33163
33166
33161
33147
33135
33133
33157
33184
33183
33179
33162
33137
33137
33142
33144
33149
33170
33184
33201
33221
33216
33191
33190
33181
33225
33224
33241
33227
33207
33209
33217
33248
33269
33253
33226
33217
33212
33213
33189
33147
33141
33143
33146
33157
33145
33144
33117
33105
33105
33095
33122
33117
33123
33101
33075
33071
33054
33071
33081
33100
33077
33107
33086
33076
33056
33041
33079
33091
33119
33136
33165
33176
33165
33159
33157
33143
33155
33175
33182
33191
33154
33131
33120
33143
33143
33159
33171
33189
33181
33171
33143
33143
33171
33191
33210
33206
33199
33199
33229
33231
33269
33246
33223
33219
33241
33239
33219
33204
33179
33203
33230
33262
33247
33233
33195
33183
33199
33187
33189
33164
33162
33170
33188
33175
33133
33111
33111
33092
33102
33083
33081
33055
33031
33038
33053
33055
33049
33060
33051
33081
33097
33115
33115
33097
33076
33094
33133
33157
33142
33114
33111
33135
33169
33169
33159
33128
33124
33141
33162
33163
33153
33153
33167
33196
33223
33227
33192
33188
33185
33191
33197
33225
33219
33202
33201
33215
33206
33187
33194
33201
33241
33243
33227
33209
33191
33210
33215
33207
33220
33219
33213
33225
33225
33209
33205
33197
33197
33181
33173
33135
33129
33109
33093
33091
33121
33125
33111
33090
33063
33071
33085
33087
33039
33053
33075
33103
33106
33088
33091
33083
33095
33072
33077
33075
33084
33084
33095
33095
33121
33142
33145
33149
33159
33186
33194
33195
33171
33181
33205
33210
33220
33217
33218
33190
33193
33182
33221
33214
33212
33181
33155
33167
33176
33215
33196
33178
33180
33202
33217
33231
33200
33206
33218
33219
33184
33158
33178
33191
33191
33203
33193
33197
33199
33184
33169
33127
33109
33138
33155
33173
33155
33161
33138
33129
33131
33127
33121
33109
33127
33103
33087
33079
33051
33047
33046
33042
33053
33081
33093
33110
33090
33084
33079
33124
33127
33147
33125
33136
33155
33166
33215
33199
33199
33195
33199
33198
33181
33171
33166
33161
33189
33191
33178
33180
33202
33201
33199
33181
33169
33151
33163
33176
33201
33183
33183
33177
33183
33181
33193
33201
33191
33183
33163
33147
33159
33151
33187
33177
33214
33171
33183
33191
33197
33202
33187
33161
33189
33207
33223
33175
33169
33129
33119
33113
33126
33111
33127
33115
33127
33115
33087
33063
33061
33097
33133
33132
33098
33087
33109
33143
33154
33137
33107
33119
33149
33163
33129
33097
33099
33131
33163
33208
33181
33151
33156
33163
33170
33159
33168
33165
33185
33191
33167
33191
33183
33193
33198
33181
33191
33181
33191
33178
