32548
32860
33097
33237
33331
33326
33258
33177
33047
32964
33018
33080
33045
32895
32496
32013
31833
32163
32798
33587
34165
34170
33736
33033
32401
32087
32215
32501
32759
32962
33019
32959
33028
33045
32959
32846
32551
32156
31879
31812
32068
32568
33169
33668
33887
33782
33335
32792
32387
32250
32288
32301
32301
32279
32348
32537
32695
32759
32739
32629
32503
32437
32491
32711
32985
33144
32994
32617
32234
32111
32321
32669
32985
33068
32847
32563
32271
32146
32349
32595
32721
32838
32953
33157
33395
33496
33377
33112
32681
32235
31999
32023
32301
32802
33283
33519
33408
33127
32877
32753
32664
32584
32485
32472
32511
32436
32389
32561
32897
33276
33513
33539
33320
32874
32413
32116
31964
32140
32438
32807
33217
33420
33419
33305
33017
32675
32463
32407
32411
32471
32555
32743
33049
33351
33526
33393
33064
32823
32545
32299
32296
32144
32046
32290
32427
32619
32826
32820
32873
32999
33059
33013
32924
32693
32425
32267
32113
32018
32031
32101
32337
32735
33145
33485
33480
33039
32446
31882
31661
31841
32397
33049
33601
33809
33571
33032
32629
32440
32371
32417
32439
32322
32389
32579
32731
33159
33415
33453
33458
33070
32495
32216
32367
32819
33200
33235
32979
32703
32485
32511
32779
33145
33433
33375
33071
32913
32825
32766
32743
32747
32791
32935
32947
32861
32822
32951
33155
33171
32933
32471
32145
32255
32620
32870
32953
32775
32476
32366
32450
32439
32470
32482
32421
32470
32415
32226
32166
32400
32713
33015
33053
32687
32324
32152
32183
32341
32521
32608
32533
32515
32639
32863
33079
33089
32994
32958
32971
32813
32571
32363
32498
32854
33157
33183
32984
32743
32607
32599
32589
32768
33100
33305
33461
33476
33235
33061
32895
32801
32877
32966
32904
32766
32780
32823
32882
32971
32870
32686
32618
32676
32849
33049
33195
33277
33334
33301
33049
32677
32385
32263
32265
32339
32305
32340
32518
32642
32698
32627
32389
32145
32111
32175
32286
32490
32749
33023
33077
32886
32483
32067
31790
31860
32231
32587
32814
32805
32667
32646
32630
32672
32773
32777
32799
32786
32836
32959
33047
33165
33311
33316
33157
32801
32480
32538
32965
33421
33615
33369
32932
32649
32546
32539
32706
32919
33123
33318
33285
33191
33195
33169
33169
33095
32895
32700
32527
32426
32599
32918
33053
32950
32627
32360
32355
32487
32603
32647
32692
32808
32843
32733
32745
32807
32911
32982
32709
32267
31943
31754
31839
32201
32420
32529
32592
32593
32645
32635
32503
32367
32335
32441
32594
32717
32761
32815
32923
33007
32907
32651
32359
32159
32157
32383
32759
33136
33459
33493
33305
33095
32803
32701
32869
33152
33441
33567
33359
33078
32735
32503
32536
32649
32820
33085
33184
33202
33177
32971
32831
32806
32704
32583
32599
32677
32885
33159
33270
33190
32987
32737
32501
32365
32343
32317
32372
32508
32633
32724
32823
32885
32933
32995
32831
32468
32113
31909
32027
32429
32884
33191
33247
33053
32749
32431
32225
32123
32076
32143
32345
32514
32597
32681
32739
32845
33011
33039
32895
32805
32747
32743
32827
32815
32777
32741
32647
32553
32603
32719
32945
33133
33191
33123
32954
32797
32735
32753
32893
33011
33000
32972
32950
32973
33071
33083
32937
32802
32664
32505
32470
32500
32549
32705
32893
32975
33041
33071
32988
32897
32773
32612
32471
32439
32505
32671
32861
32927
32863
32788
32765
32641
32547
32537
32502
32588
32783
32951
33057
32937
32645
32435
32384
32494
32633
32681
32604
32523
32532
32613
32741
32804
32833
32806
32735
32611
32464
32357
32381
32501
32610
32709
32649
32578
32622
32719
32839
32947
32909
32824
32793
32726
32690
32722
32659
32593
32545
32545
32651
32769
32872
33085
33269
33348
33190
32780
32459
32376
32455
32609
32787
32895
33015
33029
32924
32800
32705
32673
32752
32798
32833
32801
32795
32839
32917
32951
32933
32807
32691
32744
32827
32897
32911
32783
32651
32555
32441
32421
32499
32641
32938
33175
33205
33142
32936
32727
32615
32551
32421
32281
32104
32087
32249
32470
32635
32769
32839
32853
32774
32631
32538
32533
32547
32531
32483
32401
32498
32639
32704
32781
32785
32716
32647
32621
32583
32591
32597
32631
32763
32960
33146
33134
33007
32881
32754
32729
32797
32835
32934
32983
32951
32911
32843
32719
32647
32700
32830
33035
33188
33148
33049
32925
32785
32725
32720
32793
32929
33010
33050
33016
32981
32914
32822
32731
32657
32597
32625
32663
32665
32675
32648
32623
32625
32687
32717
32708
32657
32595
32547
32560
32564
32626
32644
32611
32503
32340
32174
32083
32063
32115
32275
32459
32666
32823
32843
32815
32729
32616
32649
32815
32922
32932
32758
32531
32444
32437
32452
32463
32587
32769
33007
33143
33171
33111
33003
32938
32894
32887
32974
33079
33221
33280
33244
33126
32987
32799
32742
32761
32763
32781
32711
32615
32657
32722
32873
33098
33261
33362
33373
33215
32987
32682
32395
32261
32289
32414
32623
32807
32951
32945
32822
32654
32505
32367
32297
32309
32344
32444
32529
32556
32583
32535
32503
32467
32527
32603
32634
32705
32677
32547
32343
32193
32103
32125
32262
32378
32547
32773
32973
32992
32965
32879
32788
32795
32798
32787
32817
32922
32992
33101
33167
33159
33031
32862
32612
32496
32542
32717
32918
33132
33307
33284
33273
33214
33093
33040
33019
32891
32850
32826
32821
32859
32855
32763
32645
32532
32526
32553
32655
32766
32813
32876
32928
32931
32885
32789
32631
32622
32642
32599
32513
32426
32338
32347
32428
32500
32496
32509
32495
32518
32549
32621
32681
32671
32617
32525
32431
32381
32391
32399
32515
32653
32738
32719
32647
32571
32629
32693
32720
32737
32751
32737
32693
32637
32687
32859
33058
33157
33163
33109
33007
32921
32805
32785
32835
32891
32983
33013
33041
33048
32966
32864
32798
32692
32659
32682
32743
32908
33073
33149
33111
32970
32769
32587
32513
32572
32715
32908
32973
32892
32696
32479
32310
32263
32340
32476
32669
32821
32921
32981
33026
33009
32893
32713
32439
32191
32131
32247
32405
32635
32806
32823
32675
32486
32423
32493
32689
32779
32792
32698
32599
32539
32616
32727
32813
32841
32741
32587
32497
32542
32619
32731
32817
32871
32871
32871
32791
32784
32840
32948
33007
32977
32905
32851
32817
32775
32731
32721
32759
32755
32750
32823
32876
32997
33089
33060
32971
32845
32705
32593
32597
32679
32751
32783
32719
32651
32687
32782
32872
32924
32915
32793
32671
32557
32571
32665
32819
32906
32905
32871
32727
32567
32499
32528
32595
32728
32774
32803
32850
32837
32775
32683
32613
32571
32540
32527
32497
32498
32599
32712
32763
32783
32697
32610
32551
32557
32602
32651
32707
32769
32765
32687
32565
32443
32413
32485
32619
32761
32839
32863
32867
32923
33000
32963
32909
32752
32629
32634
32693
32770
32919
32961
32904
32823
32672
32502
32503
32621
32822
33033
33139
33075
32941
32851
32871
32938
33003
32970
32865
32713
32600
32583
32637
32702
32742
32759
32726
32729
32792
32934
33072
33143
33071
32926
32719
32583
32548
32599
32660
32672
32597
32519
32498
32537
32638
32717
32771
32758
32615
32412
32285
32289
32453
32648
32751
32762
32707
32612
32550
32532
32536
32525
32525
32457
32441
32515
32596
32727
32845
32889
32858
32740
32599
32559
32617
32743
32853
32929
32929
32943
32951
33009
33047
33027
32942
32823
32721
32651
32676
32752
32837
32957
33012
33023
32968
32916
32919
32964
33041
33098
33070
32990
32897
32815
32805
32797
32785
32759
32704
32663
32657
32639
32652
32664
32679
32712
32711
32716
32771
32808
32835
32847
32775
32651
32497
32369
32235
32167
32178
32283
32447
32575
32606
32595
32533
32508
32551
32604
32653
32666
32567
32505
32471
32506
32601
32721
32759
32727
32657
32625
32616
32651
32721
32803
32871
32855
32825
32831
32911
33015
33091
33111
33079
33015
32951
32927
32938
32948
32919
32860
32845
32849
32891
32982
33079
33160
33124
32966
32786
32611
32565
32651
32839
32951
33020
32971
32911
32839
32805
32852
32849
32749
32621
32471
32405
32454
32487
32504
32545
32549
32551
32530
32591
32661
32733
32750
32671
32553
32442
32339
32329
32350
32419
32494
32536
32511
32430
32422
32467
32543
32591
32631
32643
32665
32690
32725
32813
32885
32914
32909
32849
32803
32770
32757
32751
32792
32825
32855
32878
32921
32991
33096
33155
33181
33103
33008
32931
32885
32882
32895
32922
32953
32967
32911
32855
32829
32791
32759
32741
32761
32784
32845
32871
32892
32873
32842
32757
32685
32629
32571
32545
32545
32583
32655
32731
32729
32677
32613
32525
32497
32543
32599
32624
32615
32521
32423
32353
32353
32421
32559
32697
32764
32748
32703
32631
32557
32569
32534
32481
32437
32463
32554
32647
32775
32893
32956
32925
32839
32734
32678
32703
32745
32827
32911
32965
32958
32918
32940
32945
32938
32903
32809
32743
32731
32772
32878
32949
32967
32935
32879
32855
32909
32961
32996
33010
32910
32776
32646
32553
32548
32597
32681
32759
32801
32826
32796
32808
32807
32795
32776
32789
32751
32684
32607
32499
32439
32491
32579
32683
32748
32729
32711
32713
32681
32671
32601
32535
32519
32583
32579
32719
32810
32732
32745
32609
32553
32604
32525
32535
32562
32583
32692
32692
32723
32781
32739
32754
32765
32693
32749
32797
32807
32843
32778
32699
32721
32738
32806
32799
32753
32728
32719
32824
32923
32957
32933
32821
32680
32646
32672
32742
32817
32904
32943
33019
33054
32959
32791
32686
32598
32669
32717
32665
32690
32715
32733
32904
32896
32851
32835
32796
32795
32829
32805
32887
32888
32870
32794
32676
32675
32761
32804
32853
32719
32504
32459
32423
32435
32583
32675
32771
32873
32895
32869
32773
32639
32546
32499
32479
32533
32516
32590
32599
32559
32581
32558
32507
32562
32567
32602
32641
32657
32672
32619
32554
32625
32737
32913
33055
33090
32993
32807
32578
32372
32374
32479
32657
32919
33026
33014
32920
32820
32851
32947
32979
32951
32825
32756
32735
32713
32815
32895
33017
33167
33247
33295
33153
32995
32785
32601
32549
32519
32527
32649
32823
32984
33151
33163
33119
33049
32954
32891
32781
32698
32527
32435
32415
32379
32405
32491
32562
32681
32737
32729
32659
32567
32455
32322
32207
32173
32230
32417
32637
32790
32814
32728
32639
32559
32563
32515
32373
32295
32219
32187
32285
32441
32666
32879
33079
33164
33121
33038
32907
32839
32867
32853
32777
32671
32623
32637
32799
32951
33017
33074
33087
33076
33089
33095
33137
33156
33141
33102
33031
32925
32939
32950
32993
33025
32947
32965
32992
32953
32939
32911
32842
32841
32759
32679
32625
32617
32693
32732
32750
32703
32637
32599
32626
32586
32548
32527
32372
32340
32313
32219
32217
32255
32273
32373
32447
32373
32366
32399
32465
32500
32485
32409
32312
32347
32449
32494
32591
32591
32621
32725
32820
32862
32853
32816
32728
32669
32623
32606
32677
32830
32977
33150
33258
33323
33335
33308
33274
33199
33064
32961
32905
32869
32900
32881
32881
32957
33001
33112
33239
33263
33281
33225
33103
32935
32785
32676
32633
32717
32915
32975
32889
32775
32603
32485
32545
32626
32703
32731
32595
32435
32355
32311
32322
32426
32488
32506
32533
32523
32469
32436
32341
32221
32081
32077
32119
32207
32443
32597
32621
32629
32608
32533
32549
32559
32589
32658
32625
32647
32551
32531
32663
32835
33001
33111
33006
32993
33049
32920
32952
33071
33034
33146
33026
32833
32933
32894
33117
33292
33161
33186
33011
32921
33184
33080
33002
33006
32811
32828
32776
32660
32775
32863
32916
32973
32898
32857
32913
32775
32865
32823
32557
32504
32383
32331
32487
32444
32488
32703
32712
32689
32564
32371
32299
32280
32351
32370
32382
32521
32521
32653
32733
32653
32589
32495
32413
32403
32389
32352
32339
32356
32551
32709
32793
32810
32730
32764
32897
32970
32985
32915
32827
32895
32947
32874
32843
32689
32740
32918
33017
33094
33015
32917
32943
32939
33039
33110
33000
32902
32799
32744
32963
33048
32993
32949
32805
32779
32793
32785
32861
32907
32882
32865
32745
32639
32567
32520
32620
32729
32726
32737
32686
32605
32545
32535
32530
32667
32727
32701
32663
32535
32504
32539
32545
32629
32645
32577
32602
32625
32662
32703
32686
32630
32571
32503
32497
32559
32803
32860
32775
32671
32531
32636
32655
32711
32727
32667
32727
32551
32645
32715
32772
32983
33008
33100
33047
32920
32867
32783
32879
32863
32814
32727
32567
32408
32385
32529
32718
32963
33179
33085
33065
33045
32961
33065
32991
32727
32621
32495
32573
32717
32813
32969
32866
32800
32655
32415
32416
32501
32685
32922
33023
32967
32869
32829
32799
32836
32905
32798
32782
32705
32573
32539
32531
32536
32651
32692
32683
32668
32621
32582
32680
32778
32861
32844
32731
32613
32550
32447
32459
32540
32695
32913
32935
32918
32737
32505
32531
32495
32549
32659
32660
32678
32714
32660
32647
32650
32655
32716
32718
32687
32583
32566
32661
32821
33027
33139
33088
32907
32685
32411
32325
32407
32518
32691
32895
32957
33012
33069
33124
33087
33079
32974
32829
32787
32691
32675
32767
32877
33013
32989
32955
32984
32985
32977
32959
32837
32731
32733
32701
32774
32899
32922
32952
32889
32808
32673
32569
32586
32575
32605
32649
32613
32528
32566
32487
32487
32583
32654
32756
32742
32661
32517
32412
32416
32422
32377
32277
32203
32213
32337
32508
32711
32885
32944
32839
32695
32486
32343
32272
32287
32455
32658
32790
32830
32731
32789
32897
32985
33113
33039
32891
32827
32795
32817
32898
32773
32723
32751
32866
33046
33257
33367
33395
33425
33341
33215
32951
32705
32601
32623
32879
33081
33049
33012
32990
33026
33181
33191
33097
32805
32423
32261
32240
32407
32617
32747
32823
32920
32763
32612
32495
32378
32421
32426
32358
32310
32209
32119
32121
32106
32229
32386
32498
32639
32630
32519
32441
32383
32398
32390
32353
32277
32272
32355
32409
32438
32522
32679
32867
33056
33131
33110
33050
32903
32763
32637
32627
32679
32748
32864
33091
33175
33260
33306
33251
33259
33209
33190
33133
33144
33103
33031
33111
33086
33046
33041
32972
33025
33163
33247
33280
33221
33101
32917
32702
32488
32354
32301
32417
32669
32895
33063
33017
32801
32669
32551
32493
32413
32265
32205
32164
32071
32069
32109
32248
32421
32555
32673
32619
32451
32294
32141
32041
32071
32179
32312
32438
32519
32553
32649
32711
32863
32929
32903
32787
32663
32561
32483
32471
32455
32538
32717
32921
33180
33349
33381
33381
33325
33208
33141
33068
32978
32983
32994
32976
33047
33064
33021
33025
33121
33239
33319
33241
33111
32926
32829
32845
32861
32935
33002
33030
32965
32883
32757
32651
32629
32661
32774
32797
32667
32394
32253
32230
32342
32423
32423
32431
32423
32499
32636
32646
32583
32499
32357
32281
32235
32171
32135
32139
32238
32390
32528
32695
32749
32727
32673
32587
32529
32523
32525
32549
32600
32655
32714
32763
32809
32812
32844
33007
33127
33200
33165
33029
32863
32779
32687
32711
32737
32769
32924
33055
33308
33495
33435
33324
33214
33015
32951
32841
32657
32609
32593
32631
32829
32969
33074
33061
33027
32965
32843
32743
32659
32630
32684
32729
32633
32614
32566
32543
32624
32762
32801
32818
32697
32468
32323
32209
32201
32299
32410
32527
32583
32593
32639
32713
32779
32839
32799
32711
32602
32438
32307
32290
32309
32363
32487
32590
32665
32786
32866
32923
32947
32916
32831
32701
32653
32623
32623
32683
32725
32718
32809
32916
32983
33026
33009
32947
32875
32834
32789
32722
32713
32679
32657
32756
32810
32825
32887
32977
33049
33163
33133
33023
32895
32735
32595
32541
32520
32619
32708
32815
32943
32967
32974
32906
32795
32783
32761
32719
32664
32637
32597
32668
32725
32838
32885
32878
32849
32758
32700
32657
32593
32535
32539
32535
32549
32507
32487
32468
32540
32659
32794
32927
32976
32908
32730
32555
32395
32296
32295
32359
32441
32494
32596
32713
32783
32857
32863
32815
32772
32684
32546
32505
32491
32495
32591
32625
32719
32773
32795
32859
32911
32869
32823
32726
32691
32789
32861
32921
32915
32836
32742
32771
32789
32929
33039
33105
33129
33073
32996
32891
32789
32763
32791
32854
32927
32963
32971
33003
33008
33047
33055
33016
32894
32753
32610
32562
32571
32647
32739
32767
32783
32761
32706
32687
32661
32655
32670
32621
32539
32447
32383
32359
32359
32372
32410
32457
32541
32597
32615
32619
32604
32545
32465
32343
32264
32267
32290
32328
32418
32550
32675
32789
32872
32860
32837
32745
32639
32597
32598
32619
32639
32714
32827
32902
32977
32987
32981
32983
33036
33075
33132
33113
33037
32964
32929
32933
32975
33022
33123
33177
33196
33207
33129
33048
32965
32887
32859
32907
32919
32895
32847
32838
32860
32929
33002
33021
32925
32783
32607
32482
32460
32397
32402
32423
32424
32451
32497
32519
32544
32549
32512
32474
32401
32321
32276
32233
32259
32317
32357
32365
32349
32315
32343
32408
32480
32533
32541
32557
32605
32649
32721
32707
32623
32534
32513
32598
32732
32885
33031
33114
33109
33081
32979
32889
32861
32859
32917
33039
33078
33087
33087
33085
33134
33187
33225
33243
33232
33180
33125
33069
33041
33009
32971
32946
32919
32914
32901
32885
32903
32919
32911
32904
32817
32715
32609
32508
32461
32470
32527
32610
32641
32661
32611
32531
32497
32435
32334
32249
32149
32099
32135
32194
32273
32370
32453
32511
32540
32579
32569
32544
32535
32491
32439
32403
32369
32375
32447
32553
32621
32666
32715
32783
32863
32955
32979
32937
32851
32823
32817
32867
32934
32987
33028
33110
33151
33184
33134
33053
33014
33012
33031
33045
33010
32988
32977
32957
33021
33075
33108
33101
33051
32969
32924
32891
32879
32857
32817
32785
32729
32631
32613
32612
32630
32684
32694
32695
32651
32550
32483
32436
32429
32460
32497
32479
32459
32407
32415
32470
32496
32513
32530
32491
32487
32475
32421
32395
32371
32363
32377
32426
32514
32630
32720
32801
32843
32816
32752
32701
32673
32706
32735
32717
32731
32710
32689
32735
32799
32875
32961
33013
33055
33089
33076
33015
32971
32934
32879
32879
32862
32863
32887
32931
32998
33040
33055
33028
32949
32851
32756
32665
32684
32737
32824
32885
32902
32887
32877
32843
32785
32761
32739
32712
32656
32589
32551
32519
32508
32531
32583
32638
32685
32705
32691
32687
32661
32631
32565
32479
32421
32408
32450
32500
32607
32687
32714
32717
32679
32639
32604
32579
32565
32571
32575
32573
32573
32581
32607
32645
32696
32771
32811
32861
32852
32847
32841
32798
32726
32661
32606
32618
32664
32724
32793
32863
32884
32877
32858
32851
32849
32874
32881
32841
32801
32743
32711
32737
32778
32858
32943
32962
32950
32891
32839
32807
32775
32783
32801
32798
32785
32800
32815
32865
32919
32935
32911
32881
32819
32752
32679
32660
32656
32633
32675
32689
32679
32670
32688
32705
32778
32811
32793
32735
32658
32603
32529
32464
32400
32397
32446
32525
32609
32690
32715
32717
32715
32663
32604
32543
32486
32457
32461
32486
32530
32535
32565
32617
32670
32730
32755
32740
32685
32633
32627
32649
32661
32697
32743
32733
32775
32791
32793
32845
32907
32975
33003
32990
32934
32887
32799
32761
32750
32839
32937
33017
33077
33082
33065
33023
33005
32979
32935
32906
32883
32866
32882
32859
32865
32883
32886
32914
32909
32891
32852
32784
32739
32689
32633
32585
32539
32505
32540
32583
32618
32645
32655
32631
32604
32575
32531
32462
32406
32348
32279
32248
32263
32295
32375
32495
32590
32611
32639
32583
32573
32567
32568
32529
32507
32475
32463
32499
32566
32695
32776
32821
32844
32805
32793
32810
32841
32852
32902
32931
32927
32940
32973
33039
33039
33077
33094
33117
33139
33081
33032
32998
32979
32981
33000
32995
32988
32979
33002
33078
33111
33118
33093
33049
32943
32830
32733
32659
32615
32639
32677
32700
32733
32727
32683
32634
32595
32519
32470
32427
32410
32388
32387
32395
32381
32339
32375
32412
32455
32461
32431
32463
32455
32382
32327
32374
32277
32353
32411
32267
32457
32547
32503
32665
32636
32631
32745
32712
32869
32886
32763
32779
32706
32725
32799
32788
32874
32931
33015
33130
32998
32930
33096
33061
33175
33251
32961
33022
33115
32991
33117
33013
32933
33046
33090
33206
33223
32999
32903
32815
32737
32721
32579
32683
32808
32930
33087
32919
32817
32783
32713
32714
32668
32527
32431
32329
32351
32367
32338
32369
32456
32609
32745
32636
32490
32303
32340
32362
32426
32368
32346
32397
32429
32612
32594
32567
32511
32480
32627
32689
32662
32647
32498
32435
32531
32499
32514
32589
32743
32990
33097
33119
33031
32929
33001
33065
32983
32914
32799
32786
32973
33032
33002
32959
32931
33013
33126
33097
32983
32876
32823
32851
32903
32937
32968
32956
33028
33018
32951
32917
32844
32805
32809
32725
32631
32541
32460
32575
32614
32610
32650
32607
32667
32790
32783
32719
32648
32559
32527
32523
32457
32469
32471
32438
32466
32551
32569
32602
32607
32639
32695
32631
32548
32505
32489
32631
32783
32821
32791
32715
32592
32581
32583
32620
32670
32669
32723
32831
32919
32921
32895
32781
32796
32854
32849
32849
32820
32880
32853
32903
32969
32925
32933
32920
32856
32817
32816
32699
32701
32749
32753
32819
32841
32803
32845
32945
32880
32839
32825
32779
32857
32847
32713
32578
32493
32503
32647
32740
32727
32709
32639
32685
32791
32818
32714
32569
32501
32530
32598
32687
32717
32800
32955
32962
32820
32679
32535
32527
32575
32583
32568
32571
32579
32645
32742
32800
32756
32733
32831
32905
32934
32803
32594
32495
32544
32584
32633
32585
32577
32664
32763
32760
32655
32609
32615
32719
32925
32942
32823
32711
32549
32525
32638
32626
32673
32823
32903
33010
32969
32752
32684
32675
32675
32734
32726
32734
32877
33033
33062
33045
32912
32819
32795
32882
32867
32787
32727
32637
32707
32807
32785
32747
32803
32897
33025
33052
32865
32788
32735
32741
32825
32737
32618
32591
32611
32689
32701
32630
32589
32641
32670
32683
32649
32584
32581
32661
32675
32605
32470
32405
32409
32534
32663
32676
32644
32604
32587
32629
32589
32483
32463
32462
32515
32582
32487
32447
32453
32486
32629
32787
32869
32996
33059
33019
32989
32799
32646
32537
32501
32599
32711
32823
32930
33019
33079
33126
33052
32941
32895
32839
32875
32873
32888
32905
32879
32959
33037
33083
33142
33094
32998
32949
32808
32676
32571
32455
32457
32580
32627
32756
32883
32970
33060
33008
32859
32723
32574
32445
32371
32308
32246
32259
32329
32432
32603
32751
32799
32775
32639
32529
32421
32347
32285
32276
32298
32421
32541
32677
32760
32783
32762
32711
32657
32544
32424
32375
32458
32573
32719
32740
32776
32929
33027
33043
33051
32918
32828
32891
32868
32918
32975
32932
32991
32991
33031
33084
32991
32913
32901
32923
33023
33063
33031
33055
33055
33005
32950
32851
32848
32891
32919
32966
32940
32799
32647
32575
32594
32671
32669
32659
32589
32524
32529
32482
32497
32537
32539
32549
32507
32506
32553
32647
32711
32631
32509
32377
32302
32265
32201
32204
32331
32389
32480
32615
32743
32811
32846
32809
32778
32720
32593
32459
32407
32446
32656
32775
32869
32946
33012
33031
32983
32915
32881
32819
32753
32707
32708
32775
32929
33089
33256
33323
33292
33205
33107
33021
32973
32902
32792
32733
32667
32689
32744
32847
32983
33068
33155
33126
33000
32841
32677
32489
32423
32421
32458
32547
32639
32738
32833
32838
32758
32706
32607
32491
32327
32177
32163
32267
32409
32509
32583
32595
32636
32695
32762
32717
32602
32519
32407
32401
32417
32442
32509
32597
32701
32763
32815
32775
32727
32667
32655
32703
32785
32827
32839
32840
32882
32927
32903
32877
32798
32770
32827
32876
32952
33015
33030
32985
32881
32797
32785
32822
32891
32997
33059
33023
32950
32848
32770
32773
32813
32843
32870
32865
32838
32755
32671
32623
32618
32607
32602
32633
32692
32786
32881
32889
32827
32711
32570
32455
32401
32393
32426
32463
32531
32596
32702
32741
32750
32739
32717
32685
32612
32501
32439
32432
32501
32618
32687
32740
32783
32792
32802
32831
32844
32784
32636
32567
32486
32516
32620
32693
32758
32883
32948
32969
32981
32861
32758
32717
32697
32735
32743
32693
32697
32703
32750
32809
32872
32913
32903
32851
32844
32797
32748
32713
32670
32647
32695
32759
32843
32887
32887
32867
32842
32807
32765
32727
32677
32683
32639
32617
32647
32693
32730
32771
32795
32845
32855
32813
32741
32695
32695
32713
32667
32625
32583
32559
32622
32659
32680
32681
32679
32717
32797
32875
32851
32762
32647
32575
32562
32630
32624
32623
32661
32666
32705
32727
32691
32683
32634
32614
32617
32593
32588
32609
32647
32732
32760
32737
32703
32621
32623
32719
32787
32807
32743
32623
32575
32571
32587
32662
32727
32792
32866
32855
32869
32903
32905
32910
32855
32830
32799
32771
32742
32751
32809
32876
32905
32898
32921
32914
32881
32868
32842
32793
32743
32663
32708
32784
32861
32919
32935
32903
32837
32779
32758
32735
32730
32695
32641
32575
32563
32573
32563
32579
32609
32671
32697
32659
32625
32579
32602
32594
32589
32599
32602
32560
32527
32483
32465
32493
32505
32527
32555
32551
32549
32543
32557
32586
32660
32711
32728
32691
32639
32629
32683
32695
32733
32791
32844
32867
32860
32821
32796
32767
32776
32826
32855
32907
32924
32913
32949
32994
33029
33087
33061
33029
32984
32913
32859
32813
32775
32807
32833
32867
32897
32933
32959
32973
32903
32813
32735
32673
32643
32634
32647
32647
32648
32630
32631
32620
32631
32671
32701
32666
32553
32421
32319
32252
32301
32428
32531
32567
32591
32603
32606
32583
32563
32529
32503
32476
32439
32437
32447
32511
32588
32651
32676
32679
32683
32685
32699
32697
32680
32663
32683
32747
32837
32919
33007
33037
33047
33029
32971
32899
32840
32791
32814
32880
32949
33002
32999
33017
33068
33080
33023
32981
32947
32951
32947
32917
32893
32891
32872
32877
32869
32824
32759
32714
32695
32694
32686
32614
32559
32553
32589
32655
32685
32686
32636
32592
32556
32508
32442
32373
32358
32395
32457
32489
32507
32529
32535
32567
32585
32563
32519
32463
32445
32456
32493
32534
32563
32654
32720
32767
32792
32784
32745
32720
32701
32699
32687
32711
32711
32754
32834
32918
32991
33029
33014
32982
32949
32899
32893
32892
32917
32941
32952
32959
32965
32978
32990
32990
32957
32955
32947
32889
32833
32782
32730
32693
32704
32757
32815
32855
32884
32869
32845
32775
32669
32519
32427
32447
32499
32569
32605
32615
32615
32607
32609
32599
32605
32571
32537
32481
32489
32483
32488
32485
32530
32571
32622
32619
32579
32565
32567
32593
32631
32622
32636
32677
32719
32745
32792
32779
32740
32711
32713
32719
32747
32751
32795
32827
32861
32865
32849
32806
32808
32838
32903
32913
32922
32907
32883
32885
32871
32857
32840
32831
32856
32867
32849
32831
32809
32791
32755
32751
32735
32751
32786
32802
32809
32823
32811
32773
32755
32697
32655
32623
32579
32607
32632
32648
32679
32684
32679
32703
32707
32675
32628
32569
32557
32519
32545
32583
32621
32672
32716
32775
32799
32750
32696
32643
32624
32611
32597
32569
32567
32596
32652
32707
32779
32836
32833
32815
32762
32731
32701
32697
32688
32701
32727
32703
32699
32677
32711
32759
32786
32805
32795
32769
32741
32701
32668
32711
32754
32777
32823
32847
32849
32865
32859
32831
32825
32771
32727
32683
32665
32669
32684
32718
32754
32834
32893
32914
32892
32851
32815
32796
32775
32753
32696
32674
32705
32709
32707
32699
32678
32683
32735
32791
32855
32837
32771
32697
32643
32611
32607
32648
32668
32667
32709
32719
32751
32743
32725
32688
32639
32579
32575
32535
32543
32569
32566
32605
32624
32658
32653
32674
32686
32721
32733
32715
32651
32591
32538
32521
32559
32615
32680
32751
32783
32791
32749
32705
32663
32667
32697
32774
32837
32846
32821
32781
32807
32859
32931
32957
32932
32909
32877
32825
32813
32827
32845
32838
32815
32761
32741
32794
32887
32973
33003
32995
32924
32863
32809
32827
32847
32861
32783
32649
32539
32518
32523
32597
32695
32815
32881
32842
32723
32570
32495
32523
32581
32655
32631
32551
32448
32415
32455
32549
32644
32679
32584
32519
32519
32511
32513
32534
32543
32515
32488
32459
32515
32601
32739
32800
32799
32811
32771
32722
32653
32592
32578
32633
32739
32821
32854
32876
32919
32931
32937
32959
32975
32947
32911
32860
32825
32813
32821
32879
33001
33143
33231
33153
32996
32857
32777
32799
32845
32861
32817
32728
32637
32631
32763
32923
32999
32952
32829
32671
32582
32584
32629
32691
32688
32597
32435
32321
32355
32519
32653
32706
32678
32595
32483
32391
32376
32467
32581
32619
32563
32440
32360
32415
32547
32693
32775
32742
32583
32440
32361
32387
32553
32731
32839
32859
32835
32697
32700
32801
32900
32984
32805
32661
32549
32587
32847
33035
33159
33110
32917
32805
32775
32903
33110
33207
33201
33031
32757
32631
32673
32805
33010
33045
32987
32903
32808
32738
32777
32807
32880
32947
32902
32865
32750
32649
32652
32659
32665
32558
32496
32471
32498
32594
32670
32655
32632
32511
32554
32577
32564
32575
32557
32501
32419
32333
32325
32480
32657
32760
32749
32631
32597
32627
32665
32721
32671
32552
32516
32519
32577
32663
32731
32792
32879
32881
32890
32820
32777
32799
32839
32842
32763
32715
32797
32923
33079
33104
32976
32861
32734
32652
32721
32748
32753
32773
32776
32754
32822
32893
32985
33097
33127
33096
32882
32663
32543
32588
32695
32797
32776
32633
32585
32638
32727
32913
32922
32771
32665
32525
32484
32531
32616
32743
32755
32711
32643
32560
32575
32631
32653
32668
32588
32438
32382
32471
32567
32699
32754
32773
32751
32732
32677
32643
32637
32679
32700
32691
32641
32601
32653
32769
32879
32932
32892
32831
32700
32617
32672
32701
32733
32729
32719
32667
32707
32769
32827
32893
32879
32753
32647
32631
32713
32849
32898
32821
32704
32591
32597
32637
32831
32899
32911
32859
32759
32677
32653
32657
32703
32805
32936
33013
32951
32865
32753
32634
32582
32638
32747
32815
32759
32632
32655
32728
32819
32875
32777
32664
32645
32634
32655
32711
32550
32505
32551
32682
32843
32957
32887
32787
32677
32667
32654
32560
32533
32571
32621
32702
32727
32735
32733
32850
32925
32912
32839
32651
32467
32414
32389
32492
32603
32711
32835
32777
32717
32685
32653
32719
32753
32651
32481
32371
32415
32568
32704
32762
32787
32750
32847
32987
32974
32883
32679
32495
32461
32485
32642
32804
32877
32974
32987
32930
33000
33050
33065
33075
33020
32861
32660
32533
32572
32751
32891
32907
32874
32800
32809
32835
32836
32794
32795
32816
32831
32765
32664
32603
32665
32703
32604
32439
32335
32431
32715
33031
33139
32983
32662
32408
32361
32449
32567
32607
32591
32505
32426
32348
32381
32587
32765
33000
33092
32972
32744
32519
32333
32275
32291
32399
32558
32654
32742
32747
32747
32941
33020
32943
32761
32492
32371
32479
32685
32864
32929
32914
32897
32969
33095
33227
33185
33103
33029
32844
32718
32642
32607
32647
32769
32798
32967
33111
33285
33400
33287
33069
32859
32671
32657
32575
32503
32423
32442
32583
32692
32743
32744
32803
32927
32969
32953
32770
32445
32188
32241
32371
32442
32452
32414
32447
32580
32707
32781
32759
32677
32564
32558
32535
32520
32549
32527
32448
32390
32313
32365
32581
32823
33041
33029
32866
32648
32469
32465
32601
32697
32760
32772
32740
32663
32655
32797
33031
33291
33323
33139
32846
32606
32595
32812
32999
32983
32839
32815
32879
33093
33255
33239
33130
33092
33015
32917
32855
32775
32707
32705
32687
32671
32605
32613
32793
32991
33122
33079
32855
32677
32531
32468
32391
32311
32261
32247
32347
32500
32661
32761
32798
32776
32681
32587
32480
32381
32327
32331
32312
32355
32417
32494
32659
32827
32869
32759
32625
32687
32679
32557
32492
32363
32351
32381
32498
32776
32915
33075
33145
32917
32880
32721
32575
32616
32731
32921
33036
32794
32820
32856
32732
32841
33023
33217
33352
33239
32999
32817
32673
32639
32679
32703
32860
32831
33125
33325
33231
33267
32973
32557
32567
32547
32540
32735
32739
32905
32719
32566
32458
32255
32411
32441
32525
32625
32803
32862
32755
32613
32535
32512
32588
32499
32355
32281
32457
32622
32631
32648
32493
32511
32715
32717
32727
32607
32383
32282
32332
32542
32743
32989
33189
33163
33159
33075
32859
32695
32455
32383
32461
32593
32668
32722
32840
33076
33177
33035
32882
32670
32644
32912
32971
32873
32899
32845
32944
33020
33008
32976
32940
32969
32935
32964
32881
32707
32647
32679
32727
32751
32697
32524
32393
32509
32677
32821
33079
33139
33037
32855
32687
32545
32400
32367
32291
32291
32495
32591
32721
32902
32821
32643
32430
32276
32307
32445
32430
32419
32653
32904
33037
33047
32862
32695
32585
32728
32891
32753
32544
32370
32374
32583
32839
32855
32693
32612
32695
32778
33025
33115
33155
33261
33121
32914
32719
32606
32600
32633
32705
32688
32663
32753
32783
32930
33116
33045
32879
32728
32773
32939
32956
32900
32821
32753
32825
32925
32997
33057
33028
32926
32667
32401
32333
32406
32550
32655
32731
32831
32802
32686
32635
32560
32682
32805
32689
32647
32597
32537
32537
32549
32515
32459
32413
32289
32316
32465
32529
32785
32999
32915
32909
32655
32560
32565
32345
32147
32167
32327
32679
33130
33405
33503
33306
32854
32544
32315
32305
32511
32556
32569
32762
32787
32762
32777
32693
32919
33193
33381
33585
33476
33235
33011
32559
32097
32037
32197
32505
32906
33179
33341
33263
33143
33055
32894
32831
32837
32869
32865
32681
32526
32593
32673
32820
33057
32936
32735
32780
32652
32479
32626
32624
32590
32460
32337
32280
32225
32257
32419
32573
32769
32835
32653
32748
32815
32599
32545
32591
32353
32335
32223
32011
32027
32040
32244
32522
32977
33415
33491
33697
33593
32985
32585
32047
31829
32173
32673
33034
33226
33307
33156
33009
33132
33241
33348
33471
33544
33409
32897
32644
32198
31963
32195
32236
32486
32986
33246
33517
33923
34041
33703
33284
32770
32204
32107
32183
32037
32166
32469
32645
32906
33231
33357
33038
32953
32775
32313
31961
31735
31647
32064
32606
32721
32821
32958
32898
33007
32991
32830
32434
32167
31903
31467
31529
31841
31872
32192
32690
32791
32981
33099
32848
32540
32434
32502
32437
32531
32607
32633
32969
33311
33405
33367
33311
33099
32879
32925
32749
32420
32504
32594
32764
33143
33508
33631
33795
33835
33444
33193
33043
32757
32664
32779
32905
33148
33548
33735
33578
33423
32997
32352
31975
31709
31627
31677
31891
32197
32581
32986
33455
33646
33710
33557
33158
32806
32283
31556
31243
31417
31578
31968
32307
32373
32635
32839
32793
32575
32294
32219
32274
32375
32511
32593
32682
32686
32607
32675
32542
32463
32571
32685
32802
32653
32174
31684
31767
32309
32929
33470
33583
33577
33403
33179
33067
33048
33023
33094
33215
33127
32877
32629
32675
33133
33798
33959
33655
33179
32788
32847
32885
32867
32853
32675
32785
33122
33462
33574
33392
33117
32757
32407
32181
32075
32110
32462
32872
32991
32803
32476
32218
32312
32551
32403
32094
31862
31790
32144
32631
32882
33106
33218
33277
33131
32907
32454
31970
31776
31689
31703
31754
31743
31911
32457
32965
33336
33325
33119
33134
33107
33072
32777
32379
32039
31957
32129
32393
32691
32905
32998
33061
32903
32675
32529
32525
32607
32727
32901
33011
33133
33361
33698
33964
33864
33486
32975
32618
32419
32217
32211
32273
32641
33044
33371
33469
33409
33295
33292
33233
32990
32731
32299
32069
32227
32472
32864
33070
33191
33285
33270
33101
32754
32294
31929
31834
31969
32209
32559
32792
32944
33027
32973
32849
32714
32585
32525
32601
32481
32367
32221
32132
32350
32581
32822
33004
32997
32937
32649
32298
32075
31935
31886
31929
32028
32231
32647
33129
33518
33604
33284
32841
32436
32182
32141
32247
32456
32633
32609
32625
32656
32667
32869
33109
33254
33493
33550
33402
33171
32887
32716
32641
32774
32833
32891
33042
33159
33299
33247
33022
32683
32486
32657
32966
33223
33448
33460
33364
33265
32894
32487
32296
32325
32477
32641
32848
32887
32681
32558
32537
32686
32783
32688
32552
32647
32788
32853
32723
32477
32353
32340
32321
32391
32433
32520
32474
32418
32372
32101
31879
31865
32076
32272
32406
32660
32913
33037
32985
32784
32397
32117
32081
32120
32303
32437
32495
32590
32715
32775
32823
32907
32991
33122
33253
33146
32919
32787
32669
32735
33050
33292
33387
33395
33415
33462
33447
33345
33077
32796
32839
32931
33027
33109
33090
33102
33143
33046
32935
32931
32994
33164
33261
33109
32803
32585
32551
32592
32687
32833
32842
32618
32407
32305
32315
32331
32371
32392
32389
32461
32421
32329
32363
32497
32505
32521
32432
32264
32327
32323
32245
32157
31996
31805
31775
31968
32147
32297
32577
32907
33153
33167
32835
32399
32219
32301
32446
32581
32777
32761
32755
32842
32936
33045
33103
33101
33013
32982
33103
33254
33307
33379
33305
33189
33185
33270
33451
33672
33750
33607
33359
33022
32749
32535
32469
32592
32739
32963
33191
33226
33284
33371
33345
33216
33077
32835
32498
32279
32207
32179
32270
32342
32357
32423
32483
32471
32522
32563
32521
32396
32246
32012
31860
31935
32113
32301
32495
32647
32673
32677
32696
32602
32397
32087
31774
31626
31751
32107
32475
32777
32871
32751
32641
32671
32711
32797
32931
32948
32939
32943
32865
32839
32963
33107
33135
33162
33167
33099
33125
33194
33094
32967
32909
32876
32931
33233
33561
33692
33765
33641
33365
33153
33004
32861
32845
32919
32906
32843
32873
32784
32670
32781
32807
32606
32484
32382
32277
32478
32771
32873
32915
32863
32637
32457
32447
32495
32457
32343
32091
31745
31653
31897
32174
32470
32695
32687
32641
32627
32561
32497
32471
32278
32113
32187
32369
32603
32771
32803
32705
32564
32533
32424
32412
32493
32551
32575
32695
32769
32777
32844
33051
33290
33481
33484
33340
33107
32918
32797
32680
32659
32647
32659
32825
33091
33333
33650
33771
33691
33385
33007
32592
32348
32453
32669
32943
33143
33183
33131
33087
33168
33174
33035
32711
32300
32090
32097
32227
32369
32485
32583
32626
32803
33000
33163
33127
32900
32505
32140
31907
31811
31957
32249
32535
32817
32969
32895
32731
32524
32351
32302
32271
32271
32273
32251
32305
32509
32753
32963
33069
33043
32861
32708
32625
32599
32543
32475
32311
32183
32190
32345
32665
33026
33276
33327
33261
33141
32990
32875
32879
32839
32782
32732
32701
32829
33086
33249
33277
33175
32871
32652
32591
32687
32875
33039
33150
33150
33099
33117
33087
33031
33006
32912
32758
32631
32519
32461
32531
32658
32781
32887
32911
32812
32703
32653
32677
32713
32706
32625
32523
32479
32516
32559
32619
32669
32581
32501
32515
32481
32471
32463
32381
32313
32327
32391
32575
32775
32918
32856
32676
32466
32273
32215
32221
32221
32279
32363
32455
32631
32824
32978
32997
32880
32716
32527
32443
32487
32548
32646
32745
32775
32849
32970
33089
33225
33317
33261
33091
32879
32714
32641
32705
32829
32965
33100
33145
33162
33184
33279
33375
33335
33137
32835
32583
32538
32657
32903
33170
33261
33165
32933
32706
32647
32673
32671
32657
32591
32522
32499
32518
32645
32761
32840
32821
32711
32603
32624
32705
32728
32594
32271
31891
31654
31646
31896
32295
32647
32865
32919
32833
32688
32507
32311
32172
32143
32181
32291
32403
32510
32571
32569
32553
32490
32467
32537
32614
32688
32769
32830
32841
32853
32867
32922
33017
33153
33271
33313
33287
33143
32975
32883
32862
32890
32967
33012
33023
33150
33309
33443
33467
33382
33215
33079
33029
32985
32957
32953
32909
32861
32817
32820
32799
32809
32805
32813
32793
32765
32716
32646
32600
32503
32365
32277
32283
32355
32533
32663
32677
32595
32427
32231
32166
32177
32231
32247
32271
32301
32285
32270
32257
32261
32279
32279
32289
32318
32380
32513
32607
32683
32700
32696
32659
32640
32599
32599
32646
32693
32735
32743
32711
32685
32755
32903
33097
33243
33327
33325
33302
33324
33356
33370
33331
33191
33050
32991
32987
33064
33200
33257
33203
33101
32919
32856
32883
32957
33095
33176
33224
33158
33019
32935
32869
32786
32754
32641
32502
32407
32265
32196
32251
32328
32456
32535
32551
32561
32530
32517
32509
32453
32385
32261
32172
32147
32193
32261
32347
32405
32415
32409
32413
32377
32347
32363
32349
32312
32363
32439
32529
32613
32686
32731
32787
32840
32855
32893
32871
32791
32735
32711
32749
32814
32977
33107
33186
33224
33207
33189
33145
33093
33021
32952
32948
32961
33085
33239
33361
33417
33399
33318
33255
33139
33038
32896
32777
32639
32524
32471
32521
32649
32842
33044
33142
33130
33000
32743
32529
32387
32359
32359
32391
32389
32417
32461
32516
32525
32507
32431
32337
32253
32187
32201
32303
32470
32542
32543
32541
32507
32549
32629
32679
32644
32517
32341
32161
32135
32175
32309
32519
32724
32862
32941
33002
33029
33005
32966
32822
32678
32601
32596
32657
32792
32907
32983
33029
33089
33118
33072
33072
33050
33049
33039
32978
32899
32893
32917
32993
33121
33213
33237
33202
33059
32869
32750
32649
32646
32701
32791
32860
32866
32891
32887
32891
32879
32775
32649
32507
32405
32423
32451
32509
32586
32647
32735
32747
32721
32651
32525
32463
32416
32376
32358
32347
32381
32437
32529
32628
32677
32677
32631
32572
32551
32554
32571
32594
32593
32581
32535
32502
32518
32595
32710
32758
32747
32694
32599
32555
32609
32683
32757
32826
32897
32998
33077
33095
33072
32973
32804
32661
32543
32549
32669
32819
32997
33103
33166
33187
33170
33087
33031
32927
32867
32851
32863
32849
32849
32817
32772
32806
32865
32913
32960
32907
32840
32728
32643
32607
32581
32609
32674
32765
32857
32927
32882
32797
32680
32557
32437
32371
32295
32259
32341
32462
32582
32739
32796
32743
32711
32617
32587
32572
32519
32411
32272
32206
32211
32327
32505
32669
32752
32810
32736
32622
32539
32511
32436
32407
32387
32375
32455
32597
32807
32994
33060
33063
32988
32861
32750
32665
32644
32675
32712
32779
32911
32992
33075
33148
33173
33137
33101
33005
32933
32905
32911
32975
33051
33095
33110
33070
33047
33065
33101
33079
32986
32871
32741
32648
32623
32653
32748
32784
32811
32807
32849
32905
32947
32936
32839
32677
32515
32378
32309
32337
32387
32465
32503
32451
32450
32462
32500
32495
32462
32412
32369
32377
32429
32470
32522
32485
32423
32401
32389
32421
32433
32442
32444
32421
32419
32433
32480
32571
32695
32775
32869
32917
32869
32825
32783
32775
32823
32901
32984
32996
33021
33006
33005
33028
33018
33052
33071
33069
33088
33102
33149
33185
33165
33142
33114
33081
33129
33196
33187
33109
32968
32825
32761
32762
32819
32887
32889
32845
32791
32754
32719
32682
32603
32566
32516
32483
32475
32493
32535
32591
32593
32553
32495
32405
32370
32317
32274
32196
32151
32127
32161
32231
32317
32451
32535
32567
32599
32577
32547
32481
32405
32375
32375
32397
32422
32450
32535
32661
32785
32853
32853
32801
32775
32771
32812
32857
32933
32976
33006
33063
33108
33203
33294
33313
33279
33195
33095
33007
32963
32935
32941
32950
32976
33052
33187
33282
33349
33298
33209
33085
32929
32813
32743
32691
32689
32655
32662
32709
32751
32775
32803
32783
32719
32587
32423
32277
32200
32235
32341
32436
32531
32541
32525
32497
32457
32407
32385
32366
32297
32249
32220
32222
32289
32346
32363
32398
32430
32501
32596
32691
32726
32654
32545
32459
32401
32483
32622
32792
32884
32920
32917
32893
32868
32839
32821
32850
32886
32943
32984
33023
33050
33093
33105
33132
33159
33167
33193
33178
33139
33104
33027
32932
32883
32827
32867
32964
33061
33151
33118
33023
32911
32775
32711
32695
32695
32737
32741
32730
32737
32735
32703
32613
32499
32393
32356
32379
32439
32502
32555
32553
32513
32504
32468
32465
32491
32483
32437
32407
32361
32366
32399
32472
32505
32489
32503
32527
32584
32635
32625
32571
32506
32493
32511
32548
32647
32745
32829
32854
32868
32851
32830
32785
32757
32736
32749
32742
32753
32806
32897
32999
33071
33083
33064
33030
33006
32969
32951
32935
32904
32890
32885
32905
32923
32987
33063
33100
33064
32975
32851
32728
32647
32646
32695
32728
32733
32783
32844
32921
32959
32949
32847
32716
32541
32404
32373
32401
32465
32555
32587
32631
32647
32671
32670
32661
32632
32586
32534
32465
32445
32431
32451
32493
32513
32550
32598
32613
32636
32663
32639
32595
32502
32389
32346
32390
32479
32623
32743
32853
32913
32897
32799
32695
32599
32543
32513
32537
32615
32703
32795
32883
32904
32940
32953
32945
32917
32892
32873
32869
32855
32847
32867
32887
32928
32981
33000
33045
33047
33038
32980
32891
32829
32756
32699
32727
32803
32895
32980
33018
32973
32921
32835
32761
32734
32723
32720
32711
32689
32670
32662
32615
32618
32627
32639
32653
32634
32589
32575
32540
32511
32521
32500
32503
32539
32578
32615
32637
32610
32551
32471
32382
32297
32254
32321
32397
32469
32563
32598
32616
32615
32623
32655
32649
32629
32567
32535
32536
32615
32711
32812
32851
32847
32793
32740
32741
32757
32785
32843
32879
32918
32954
33041
33109
33131
33133
33091
33055
33018
32974
32969
32928
32929
32933
32951
32959
32972
32980
33015
33037
33054
33031
32963
32857
32749
32710
32701
32722
32753
32775
32799
32791
32748
32721
32652
32588
32510
32427
32374
32367
32392
32453
32504
32510
32523
32493
32476
32468
32441
32407
32374
32361
32328
32319
32332
32340
32407
32447
32530
32568
32557
32533
32471
32424
32437
32463
32519
32625
32714
32819
32865
32925
32945
32961
32933
32887
32837
32811
32803
32839
32887
32957
33015
33059
33100
33155
33199
33234
33245
33204
33145
33069
32997
32961
32966
33007
33037
33038
33051
33023
32979
32949
32863
32798
32760
32709
32708
32686
32691
32727
32719
32752
32752
32727
32668
32537
32437
32353
32295
32289
32282
32306
32361
32439
32506
32511
32515
32470
32395
32343
32313
32303
32311
32325
32367
32415
32443
32489
32487
32505
32538
32570
32617
32628
32590
32597
32579
32581
32625
32683
32793
32877
32942
32987
33015
33025
33015
33002
32979
32957
32963
32967
33015
33085
33141
33215
33198
33127
33073
33024
32981
32999
33020
33011
33051
33032
33021
33007
33001
32987
32953
32902
32853
32781
32692
32649
32616
32578
32590
32589
32617
32623
32638
32664
32628
32575
32503
32415
32358
32343
32371
32398
32435
32442
32418
32380
32347
32351
32386
32392
32414
32417
32404
32439
32513
32559
32593
32597
32595
32592
32551
32546
32537
32552
32574
32629
32687
32723
32796
32839
32900
32935
32926
32935
32964
32944
32975
32966
32917
32920
32915
32945
32991
33042
33093
33127
33129
33107
33045
32947
32892
32873
32889
32947
33012
33016
33015
33007
32986
32920
32813
32735
32681
32669
32684
32695
32707
32711
32678
32666
32641
32651
32648
32644
32610
32530
32467
32405
32371
32401
32449
32509
32567
32600
32602
32629
32619
32552
32447
32355
32308
32336
32389
32465
32534
32629
32658
32683
32679
32681
32663
32663
32644
32599
32569
32572
32580
32645
32719
32774
32829
32860
32872
32883
32843
32818
32806
32790
32801
32823
32838
32882
32970
33053
33093
33086
33029
32935
32864
32793
32789
32783
32799
32829
32867
32940
32985
33033
33048
33017
32950
32873
32781
32710
32693
32671
32674
32673
32679
32675
32713
32726
32749
32750
32720
32661
32631
32573
32569
32545
32577
32575
32590
32601
32603
32595
32615
32602
32568
32521
32491
32457
32460
32480
32525
32568
32606
32615
32609
32598
32583
32570
32545
32529
32522
32538
32573
32629
32670
32703
32729
32723
32687
32671
32686
32669
32659
32679
32705
32751
32795
32860
32909
32939
32969
32951
32927
32925
32899
32895
32886
32871
32882
32911
32953
33001
33019
33007
32937
32891
32839
32830
32868
32911
32931
32976
32975
32959
32911
32897
32858
32831
32785
32713
32658
32607
32589
32608
32611
32637
32652
32712
32726
32748
32725
32686
32633
32527
32433
32356
32345
32405
32478
32545
32547
32522
32511
32486
32492
32503
32474
32454
32413
32399
32424
32462
32522
32613
32679
32712
32685
32623
32576
32565
32561
32561
32557
32587
32646
32761
32879
32975
33006
33005
32985
32947
32925
32890
32863
32866
32891
32933
32961
33017
33068
33140
33174
33159
33115
33031
32983
32958
32916
32924
32901
32887
32895
32919
32952
32984
32985
32982
32949
32883
32793
32678
32602
32571
32589
32579
32581
32599
32626
32653
32654
32593
32490
32413
32375
32390
32432
32474
32478
32473
32459
32447
32435
32447
32424
32415
32391
32337
32303
32307
32347
32467
32542
32591
32599
32607
32607
32652
32692
32703
32667
32633
32633
32672
32727
32813
32879
32921
32910
32903
32911
32944
32971
33040
33060
33063
33053
33039
33055
33079
33149
33179
33155
33079
32987
32947
32951
33000
33041
33039
33001
32963
32920
32925
32955
32967
32923
32870
32790
32719
32649
32608
32583
32584
32593
32617
32620
32619
32614
32575
32520
32460
32411
32375
32347
32341
32377
32438
32475
32463
32409
32378
32355
32371
32386
32387
32405
32469
32497
32489
32505
32505
32479
32525
32535
32561
32647
32686
32710
32735
32714
32688
32727
32765
32837
32931
32957
32959
32921
32938
32953
32979
32986
32979
32941
32951
32971
33022
33092
33167
33184
33147
33049
32994
32967
32997
33029
33045
33021
32917
32823
32760
32773
32873
32951
32968
32889
32794
32713
32629
32612
32636
32645
32667
32649
32617
32575
32546
32561
32558
32541
32459
32347
32267
32275
32383
32535
32589
32574
32504
32423
32378
32409
32495
32579
32594
32529
32439
32365
32365
32471
32597
32679
32682
32655
32633
32637
32657
32719
32769
32786
32732
32679
32682
32738
32819
32927
32991
33022
33005
32937
32895
32893
32937
32927
32883
32857
32903
32995
33029
33038
33022
33015
33021
32987
32951
32923
32882
32839
32806
32812
32826
32875
32927
32900
32857
32839
32764
32711
32649
32618
32656
32661
32601
32545
32536
32633
32715
32762
32761
32667
32557
32457
32385
32397
32462
32494
32515
32503
32475
32475
32507
32554
32636
32679
32625
32537
32479
32504
32569
32591
32548
32551
32538
32561
32586
32653
32742
32810
32781
32677
32567
32520
32575
32720
32851
32925
32907
32847
32815
32827
32899
32924
32871
32763
32729
32789
32897
32967
32941
32965
32942
32919
32864
32819
32863
32953
33019
33041
32937
32815
32735
32746
32869
32997
33009
32887
32731
32638
32645
32747
32815
32841
32820
32757
32691
32667
32655
32690
32701
32650
32573
32562
32583
32650
32702
32687
32611
32526
32477
32490
32547
32625
32673
32581
32467
32381
32361
32401
32520
32627
32697
32688
32629
32581
32551
32573
32593
32562
32529
32477
32477
32515
32603
32702
32765
32835
32876
32892
32823
32723
32651
32663
32699
32763
32817
32868
32901
32963
33044
33038
32935
32855
32857
32927
32982
32979
32949
32859
32837
32889
33017
33097
33104
33029
32988
32975
32961
32870
32763
32660
32663
32717
32796
32851
32878
32893
32859
32845
32763
32675
32610
32565
32559
32533
32507
32477
32493
32579
32607
32625
32607
32563
32513
32495
32421
32350
32294
32289
32391
32516
32540
32503
32471
32507
32614
32651
32559
32407
32341
32374
32481
32623
32693
32663
32623
32658
32722
32774
32774
32700
32667
32687
32747
32834
32907
32955
33001
33001
32983
32955
32955
33009
33048
33121
33103
33012
32934
32871
32894
32947
32989
33059
33104
33151
33159
33101
32969
32858
32809
32809
32876
32886
32837
32809
32796
32821
32807
32755
32639
32595
32565
32561
32589
32611
32601
32557
32531
32525
32555
32535
32478
32420
32371
32351
32353
32385
32415
32409
32434
32439
32463
32501
32521
32495
32423
32397
32431
32536
32588
32551
32481
32454
32552
32688
32809
32831
32735
32597
32591
32695
32882
32955
32907
32808
32828
32933
33079
33103
33035
32951
32935
32991
33081
33099
33033
32968
32916
32963
33044
33124
33113
33076
33071
33039
33007
32931
32805
32767
32764
32833
32895
32893
32878
32851
32804
32763
32747
32689
32618
32527
32464
32457
32517
32555
32551
32555
32531
32527
32506
32523
32511
32453
32394
32347
32363
32423
32467
32495
32476
32383
32356
32392
32487
32581
32581
32520
32466
32411
32461
32571
32679
32738
32729
32713
32745
32793
32785
32756
32700
32699
32763
32807
32843
32869
32887
32945
33047
33076
33037
32975
32947
32975
33063
33059
33007
32941
32903
32951
33031
33033
33025
32995
32987
32961
32928
32885
32869
32871
32837
32807
32754
32755
32795
32836
32837
32782
32682
32615
32586
32579
32598
32578
32565
32551
32545
32574
32577
32545
32513
32486
32496
32518
32490
32494
32468
32461
32466
32481
32485
32519
32519
32535
32587
32620
32623
32587
32551
32498
32501
32570
32639
32692
32659
32633
32643
32725
32819
32879
32826
32772
32717
32739
32817
32875
32887
32861
32837
32818
32844
32889
32941
32977
32975
32999
33009
32967
32906
32841
32824
32895
32990
33027
32987
32914
32868
32850
32871
32833
32802
32743
32711
32791
32867
32927
32902
32796
32701
32614
32597
32633
32667
32686
32663
32611
32597
32575
32589
32629
32600
32579
32547
32511
32528
32557
32566
32570
32575
32610
32584
32537
32487
32452
32542
32611
32653
32602
32489
32418
32439
32545
32655
32691
32652
32647
32656
32719
32725
32689
32650
32600
32623
32663
32699
32761
32825
32892
32901
32885
32835
32781
32792
32792
32815
32853
32863
32863
32877
32898
32957
33026
33041
33021
32955
32891
32874
32839
32808
32799
32833
32872
32919
32927
32943
32888
32840
32802
32771
32730
32718
32717
32751
32777
32775
32723
32681
32684
32729
32775
32734
32628
32513
32472
32508
32557
32548
32535
32530
32519
32557
32579
32621
32658
32607
32560
32497
32421
32417
32425
32484
32548
32565
32543
32509
32537
32597
32677
32695
32663
32583
32504
32478
32533
32634
32761
32830
32839
32812
32783
32765
32769
32819
32846
32839
32822
32811
32849
32919
32989
32983
32957
32963
33003
33026
33005
32951
32936
32943
32964
32970
32925
32895
32912
32951
33009
32991
32917
32823
32760
32780
32875
32913
32848
32703
32603
32575
32652
32736
32783
32814
32747
32635
32540
32474
32451
32451
32467
32506
32545
32574
32561
32487
32407
32391
32390
32455
32483
32501
32481
32459
32473
32508
32550
32551
32496
32456
32477
32564
32611
32615
32536
32519
32541
32668
32765
32863
32895
32817
32735
32708
32775
32847
32887
32891
32897
32917
32965
32984
33003
32995
32965
32991
33009
33061
33056
33020
32948
32923
32927
33007
33097
33147
33111
32991
32901
32853
32803
32804
32807
32810
32817
32815
32789
32769
32751
32706
32700
32703
32698
32643
32583
32445
32380
32399
32481
32606
32615
32555
32505
32481
32521
32549
32491
32375
32237
32225
32337
32479
32590
32569
32495
32451
32473
32533
32564
32571
32551
32554
32526
32538
32597
32639
32680
32745
32777
32819
32789
32758
32779
32825
32894
32935
32919
32863
32846
32846
32919
33028
33098
33122
33102
33026
32954
32913
32932
32980
32975
32943
32937
32955
33012
33045
33071
33029
32954
32833
32791
32784
32793
32804
32799
32790
32768
32725
32625
32579
32608
32683
32751
32749
32669
32558
32465
32429
32469
32503
32524
32486
32466
32475
32506
32503
32479
32411
32382
32440
32519
32531
32539
32515
32493
32487
32515
32547
32593
32616
32607
32627
32618
32647
32669
32653
32677
32709
32727
32775
32814
32823
32830
32841
32854
32875
32911
32937
32916
32901
32903
32934
32969
32998
32973
32942
32943
32977
32999
32984
32916
32859
32863
32959
33063
33056
32967
32821
32681
32692
32814
32929
32961
32903
32799
32734
32698
32705
32693
32677
32680
32668
32661
32625
32576
32505
32514
32523
32577
32623
32657
32643
32615
32563
32497
32473
32473
32475
32475
32469
32497
32542
32586
32618
32609
32561
32526
32551
32619
32666
32655
32579
32507
32540
32648
32753
32811
32794
32725
32672
32693
32722
32759
32758
32751
32773
32833
32855
32851
32823
32843
32903
33004
33041
33009
32906
32809
32751
32759
32816
32900
32971
32984
32971
32909
32913
32900
32916
32901
32882
32835
32821
32819
32806
32806
32773
32757
32751
32815
32855
32857
32781
32697
32633
32602
32608
32614
32623
32631
32643
32679
32673
32649
32593
32551
32552
32607
32630
32600
32565
32504
32509
32534
32541
32583
32586
32593
32591
32575
32577
32541
32514
32546
32581
32629
32652
32640
32631
32621
32661
32743
32794
32791
32757
32671
32633
32647
32692
32761
32779
32815
32842
32866
32908
32918
32887
32857
32857
32882
32903
32929
32939
32913
32923
32903
32927
32959
32937
32923
32871
32855
32879
32911
32915
32909
32869
32857
32853
32869
32863
32858
32787
32725
32680
32719
32772
32768
32711
32631
32607
32665
32695
32695
32652
32599
32559
32551
32528
32516
32501
32495
32543
32593
32627
32599
32521
32432
32441
32495
32545
32571
32543
32499
32488
32500
32543
32636
32663
32633
32567
32560
32583
32626
32673
32681
32661
32649
32692
32786
32891
32916
32895
32835
32793
32807
32809
32829
32837
32871
32918
33002
33041
33051
33007
32975
32960
32965
32971
32979
32931
32906
32881
32916
32952
32986
32947
32887
32840
32847
32882
32899
32881
32845
32757
32685
32662
32679
32677
32705
32687
32661
32670
32646
32617
32565
32471
32423
32421
32459
32542
32569
32548
32527
32526
32519
32498
32474
32424
32413
32417
32435
32463
32503
32500
32509
32556
32581
32589
32591
32583
32597
32614
32649
32695
32671
32659
32649
32705
32784
32843
32885
32882
32880
32881
32887
32914
32931
32953
32943
32913
32945
32971
33018
33055
33037
33023
32994
32943
32937
32949
32981
33007
32990
32979
32917
32882
32875
32874
32891
32893
32865
32831
32763
32675
32671
32654
32673
32686
32663
32644
32637
32641
32644
32629
32559
32474
32401
32416
32465
32540
32535
32501
32461
32434
32458
32475
32479
32477
32463
32459
32476
32496
32529
32526
32519
32551
32569
32575
32584
32605
32620
32655
32695
32712
32741
32725
32721
32736
32771
32832
32876
32891
32898
32887
32889
32890
32903
32885
32900
32915
32955
33047
33082
33059
33021
32955
32909
32915
32963
32988
32972
32922
32871
32875
32882
32926
32935
32865
32795
32751
32759
32765
32785
32755
32714
32670
32666
32664
32645
32637
32620
32605
32575
32561
32551
32503
32482
32485
32493
32535
32556
32529
32506
32489
32499
32517
32533
32523
32491
32451
32468
32503
32559
32611
32631
32618
32598
32587
32613
32625
32677
32672
32656
32639
32658
32701
32773
32802
32831
32821
32824
32838
32857
32875
32881
32870
32880
32891
32907
32931
32893
32897
32918
32973
33023
32969
32895
32836
32833
32894
32927
32949
32937
32907
32898
32894
32893
32863
32821
32759
32741
32735
32753
32737
32711
32683
32686
32665
32701
32711
32728
32695
32647
32579
32547
32541
32545
32586
32587
32569
32567
32538
32579
32590
32575
32580
32561
32552
32557
32545
32533
32527
32565
32583
32631
32631
32623
32611
32643
32628
32631
32599
32597
32634
32676
32735
32761
32747
32715
32705
32723
32790
32843
32858
32832
32803
32756
32753
32784
32867
32922
32943
32927
32919
32877
32867
32873
32868
32885
32869
32850
32847
32843
32864
32879
32907
32923
32912
32882
32847
32813
32779
32785
32789
32769
32769
32751
32735
32747
32737
32738
32705
32631
32607
32599
32638
32704
32713
32679
32608
32574
32533
32567
32600
32621
32621
32591
32551
32507
32501
32493
32522
32568
32606
32647
32610
32573
32530
32546
32583
32591
32606
32605
32623
32623
32624
32633
32658
32674
32682
32708
32707
32717
32738
32723
32719
32743
32775
32806
32872
32880
32862
32829
32835
32845
32897
32917
32895
32855
32849
32885
32929
32984
32971
32945
32913
32907
32883
32895
32868
32833
32804
32818
32830
32871
32887
32887
32864
32847
32779
32733
32718
32700
32708
32710
32703
32675
32649
32613
32616
32645
32650
32682
32667
32619
32561
32513
32503
32507
32568
32591
32559
32509
32509
32524
32609
32625
32594
32531
32470
32475
32513
32563
32585
32612
32642
32668
32676
32656
32671
32666
32666
32659
32677
32698
32715
32746
32776
32819
32866
32897
32900
32912
32881
32867
32893
32915
32920
32903
32871
32843
32873
32933
32969
32998
32991
32939
32924
32901
32882
32877
32881
32854
32895
32891
32857
32833
32790
32759
32746
32787
32801
32755
32677
32643
32615
32635
32659
32671
32626
32584
32563
32569
32577
32598
32601
32549
32467
32439
32459
32493
32513
32519
32534
32536
32573
32547
32521
32504
32471
32475
32533
32567
32625
32634
32604
32605
32620
32637
32657
32645
32657
32683
32725
32771
32823
32835
32829
32788
32807
32817
32861
32915
32910
32935
32954
32919
32899
32895
32922
32966
32999
32995
32983
32943
32933
32917
32941
32946
32897
32886
32855
32852
32881
32910
32921
32917
32851
32791
32777
32719
32701
32692
32694
32678
32661
32617
32621
32633
32631
32617
32591
32535
32540
32551
32541
32532
32511
32485
32497
32494
32511
32536
32529
32509
32511
32499
32511
32493
32459
32471
32537
32585
32630
32673
32657
32640
32653
32653
32665
32665
32682
32709
32727
32724
32754
32766
32772
32831
32844
32896
32919
32917
32915
32887
32867
32871
32909
32929
32935
32931
32939
32959
32999
33011
33003
32983
32907
32851
32816
32829
32865
32881
32887
32868
32852
32827
32801
32793
32743
32741
32738
32699
32695
32678
32659
32648
32635
32635
32620
32595
32581
32574
32561
32563
32543
32521
32491
32477
32495
32535
32584
32585
32568
32552
32551
32535
32554
32537
32557
32569
32530
32549
32571
32596
32623
32633
32651
32669
32681
32711
32728
32731
32723
32727
32761
32777
32811
32796
32818
32843
32855
32875
32885
32886
32900
32868
32874
32877
32892
32905
32921
32943
32961
32933
32902
32855
32837
32847
32867
32877
32887
32879
32863
32834
32823
32793
32799
32766
32755
32751
32733
32730
32686
32679
32686
32669
32647
32645
32642
32621
32655
32627
32607
32593
32552
32556
32566
32567
32575
32590
32567
32560
32559
32563
32583
32580
32559
32551
32534
32543
32573
32613
32637
32676
32655
32635
32599
32600
32619
32647
32680
32695
32690
32725
32735
32740
32771
32782
32802
32803
32809
32852
32835
32815
32789
32773
32806
32853
32871
32895
32897
32883
32891
32889
32877
32872
32853
32881
32851
32853
32864
32868
32887
32877
32841
32856
32832
32815
32803
32753
32731
32736
32742
32744
32747
32728
32706
32701
32695
32701
32673
32624
32603
32601
32617
32610
32572
32554
32551
32569
32626
32639
32627
32623
32551
32543
32522
32521
32513
32529
32567
32607
32638
32623
32587
32582
32592
32592
32629
32657
32660
32641
32632
32647
32683
32696
32683
32691
32725
32761
32764
32769
32779
32805
32806
32794
32806
32805
32835
32871
32901
32903
32911
32879
32861
32878
32888
32874
32850
32853
32866
32900
32910
32910
32912
32905
32886
32855
32815
32796
32791
32816
32816
32821
32798
32740
32707
32692
32709
32739
32711
32689
32661
32636
32625
32602
32579
32583
32609
32599
32580
32559
32565
32583
32570
32551
32517
32503
32493
32545
32585
32587
32565
32540
32539
32574
32577
32567
32569
32548
32545
32575
32631
32664
32691
32694
32691
32718
32719
32715
32731
32771
32791
32786
32796
32801
32800
32817
32873
32911
32920
32886
32895
32930
32908
32921
32905
32897
32928
32934
32916
32927
32954
32961
32953
32903
32835
32832
32855
32877
32890
32885
32836
32787
32761
32761
32791
32799
32741
32680
32655
32648
32677
32656
32603
32587
32599
32621
32629
32591
32555
32550
32549
32549
32517
32489
32484
32484
32487
32507
32528
32559
32561
32552
32553
32563
32556
32575
32548
32573
32569
32583
32602
32651
32694
32720
32704
32673
32665
32695
32745
32800
32812
32815
32805
32805
32845
32916
32933
32933
32898
32880
32902
32936
32959
32937
32895
32896
32905
32917
32962
32959
32970
32938
32939
32907
32903
32903
32871
32842
32798
32787
32807
32793
32793
32793
32762
32759
32724
32691
32660
32629
32621
32631
32624
32596
32591
32579
32585
32591
32589
32521
32507
32511
32489
32528
32527
32534
32527
32513
32514
32534
32563
32556
32551
32559
32571
32571
32559
32575
32605
32639
32644
32671
32685
32700
32735
32741
32738
32766
32775
32755
32759
32780
32795
32831
32832
32855
32884
32913
32945
32897
32883
32887
32937
32966
32938
32911
32866
32860
32893
32935
32965
32965
32915
32857
32810
32813
32850
32868
32859
32826
32779
32763
32769
32797
32797
32769
32703
32673
32627
32617
32605
32644
32653
32661
32625
32616
32570
32568
32549
32578
32601
32585
32544
32505
32503
32545
32585
32601
32583
32535
32513
32530
32567
32619
32657
32652
32599
32567
32563
32609
32685
32719
32743
32699
32661
32663
32687
32744
32783
32781
32759
32727
32770
32834
32886
32913
32879
32839
32836
32840
32840
32866
32884
32879
32898
32866
32863
32913
32931
32919
32910
32872
32855
32839
32826
32839
32839
32836
32817
32785
32798
32791
32808
32816
32775
32737
32732
32730
32691
32646
32657
32668
32678
32699
32656
32616
32635
32616
32618
32611
32583
32565
32549
32572
32600
32602
32605
32559
32570
32585
32592
32618
32603
32581
32575
32557
32551
32573
32606
32625
32657
32671
32671
32664
32669
32707
32719
32703
32697
32663
32682
32704
32729
32775
32830
32820
32815
32803
32798
32820
32827
32829
32835
32855
32869
32868
32855
32873
32884
32882
32859
32848
32855
32901
32893
32871
32819
32807
32827
32849
32847
32837
32851
32840
32835
32816
32783
32735
32718
32708
32683
32710
32727
32708
32681
32643
32670
32697
32681
32651
32620
32628
32591
32575
32565
32563
32615
32645
32623
32567
32527
32552
32583
32603
32587
32579
32563
32557
32573
32581
32613
32613
32626
32619
32617
32647
32637
32641
32657
32673
32705
32703
32706
32711
32763
32759
32794
32774
32743
32749
32757
32792
32847
32895
32877
32841
32852
32871
32907
32919
32883
32893
32879
32877
32883
32857
32863
32881
32876
32867
32855
32869
32880
32872
32819
32790
32785
32782
32793
32783
32758
32741
32743
32717
32724
32726
32701
32655
32634
32604
32595
32595
32574
32579
32599
32623
32619
32588
32543
32533
32563
32587
32581
32559
32541
32499
32487
32531
32574
32617
32623
32589
32581
32619
32643
32648
32599
32592
32617
32624
32650
32675
32722
32746
32774
32758
32739
32738
32751
32813
32853
32847
32815
32804
32822
32850
32899
32917
32909
32897
32887
32897
32887
32902
32895
32900
32911
32893
32881
32901
32887
32897
32904
32871
32862
32831
32779
32780
32777
32780
32783
32744
32723
32735
32730
32735
32690
32670
32685
32679
32620
32578
32573
32615
32622
32600
32593
32577
32557
32579
32566
32574
32595
32605
32554
32516
32511
32557
32603
32613
32614
32620
32623
32614
32608
32610
32639
32647
32634
32627
32663
32706
32737
32734
32733
32743
32755
32756
32725
32739
32777
32811
32823
32810
32831
32856
32884
32879
32891
32887
32885
32883
32871
32851
32865
32902
32878
32844
32831
32858
32869
32887
32900
32864
32818
32800
32774
32786
32805
32788
32761
32738
32717
32735
32747
32737
32670
32649
32605
32605
32639
32677
32644
32631
32621
32614
32623
32589
32551
32571
32616
32599
32552
32547
32518
32574
32631
32573
32587
32618
32592
32625
32607
32593
32650
32664
32638
32599
32567
32606
32684
32735
32748
32735
32719
32719
32723
32732
32767
32791
32823
32807
32769
32803
32858
32853
32875
32863
32847
32855
32855
32852
32887
32871
32871
32884
32849
32861
32869
32895
32886
32887
32881
32868
32823
32767
32733
32757
32800
32807
32791
32781
32749
32757
32721
32721
32697
32678
32665
32647
32635
32633
32657
32670
32650
32608
32600
32584
32601
32624
32630
32595
32565
32555
32591
32584
32593
32599
32581
32575
32609
32603
32630
32633
32599
32602
32629
32632
32625
32651
32652
32702
32729
32711
32709
32703
32695
32723
32749
32747
32749
32747
32755
32776
32831
32865
32853
32864
32841
32811
32837
32856
32859
32849
32817
32823
32870
32853
32861
32865
32887
32877
32853
32823
32831
32831
32839
32807
32796
32788
32789
32785
32778
32772
32761
32751
32699
32675
32666
32685
32681
32692
32688
32655
32632
32603
32616
32619
32630
32631
32595
32566
32582
32559
32586
32600
32607
32595
32591
32613
32595
32601
32613
32609
32627
32588
32567
32598
32627
32661
32695
32701
32684
32666
32662
32693
32707
32734
32737
32728
32744
32747
32774
32795
32807
32821
32831
32816
32799
32797
32824
32857
32875
32877
32867
32871
32853
32855
32863
32869
32901
32880
32844
32843
32825
32840
32845
32821
32813
32821
32814
32809
32823
32809
32764
32745
32719
32732
32713
32700
32679
32658
32691
32674
32672
32656
32637
32638
32646
32627
32615
32621
32594
32583
32601
32586
32616
32599
32563
32585
32585
32590
32623
32591
32591
32586
32595
32601
32623
32658
32649
32649
32651
32657
32677
32697
32703
32681
32667
32676
32693
32751
32805
32816
32816
32807
32792
32799
32821
32847
32846
32851
32858
32821
32826
32839
32855
32881
32901
32891
32881
32879
32872
32862
32849
32849
32845
32842
32835
32820
32810
32837
32821
32805
32792
32762
32755
32743
32711
32706
32722
32705
32690
32673
32669
32677
32685
32649
32627
32607
32605
32591
32594
32577
32583
32587
32571
32578
32585
32596
32590
32579
32568
32591
32595
32599
32573
32566
32586
32610
32637
32647
32657
32656
32663
32657
32685
32689
32703
32712
32713
32720
32765
32776
32763
32771
32783
32793
32810
32825
32831
32847
32844
32838
32863
32873
32907
32899
32889
32879
32882
32857
32852
32854
32862
32853
32857
32840
32824
32855
32865
32842
32817
32808
32783
32773
32785
32766
32739
32713
32668
32667
32679
32688
32700
32695
32653
32625
32614
32615
32608
32615
32611
32603
32594
32579
32588
32591
32590
32575
32583
32577
32590
32567
32565
32571
32575
32625
32638
32643
32635
32635
32622
32624
32657
32649
32673
32673
32689
32679
32701
32729
32735
32769
32796
32795
32809
32812
32814
32806
32810
32807
32831
32849
32852
32877
32870
32877
32893
32890
32873
32848
32849
32861
32851
32860
32845
32847
32841
32841
32833
32825
32816
32817
32792
32773
32755
32725
32720
32707
32721
32743
32713
32705
32682
32663
32654
32648
32639
32610
32599
32591
32603
32576
32589
32609
32622
32619
32598
32590
32595
32585
32577
32569
32572
32593
32607
32613
32609
32629
32617
32623
32649
32656
32651
32679
32683
32659
32679
32703
32715
32726
32729
32741
32749
32757
32779
32797
32811
32811
32804
32813
32821
32840
32856
32848
32864
32868
32863
32852
32849
32839
32863
32858
32849
32847
32831
32858
32857
32859
32867
32850
32807
32783
32766
32770
32769
32782
32754
32725
32738
32717
32703
32703
32702
32691
32669
32663
32646
32631
32643
32629
32632
32637
32635
32621
32614
32583
32602
32590
32599
32598
32594
32577
32572
32589
32602
32625
32633
32639
32618
32602
32609
32623
32631
32647
32667
32665
32660
32687
32685
32698
32730
32735
32735
32747
32743
32763
32756
32757
32773
32783
32790
32795
32813
32839
32849
32870
32848
32836
32821
32833
32823
32857
32857
32861
32850
32841
32837
32837
32854
32849
32812
32792
32797
32799
32773
32765
32760
32757
32758
32754
32747
32738
32707
32701
32679
32690
32672
32665
32650
32623
32616
32625
32619
32636
32641
32627
32623
32603
32606
32599
32588
32568
32578
32605
32620
32631
32613
32612
32603
32617
32621
32624
32621
32629
32636
32628
32659
32669
32703
32692
32687
32680
32717
32736
32760
32741
32733
32743
32743
32763
32799
32811
32831
32830
32819
32803
32815
32843
32835
32845
32839
32839
32856
32835
32829
32853
32876
32873
32865
32853
32827
32821
32819
32808
32800
32815
32803
32771
32758
32727
32743
32749
32733
32733
32700
32679
32671
32675
32665
32669
32639
32627
32635
32618
32619
32619
32622
32591
32591
32600
32579
32575
32589
32601
32607
32601
32615
32595
32579
32589
32581
32607
32616
32617
32630
32615
32620
32631
32671
32693
32717
32702
32690
32697
32701
32735
32732
32737
32730
32759
32769
32788
32811
32831
32842
32846
32839
32839
32839
32837
32857
32851
32840
32862
32871
32876
32884
32855
32843
32835
32847
32870
32853
32838
32819
32816
32807
32798
32801
32805
32791
32757
32738
32737
32724
32698
32681
32678
32682
32677
32663
32670
32664
32651
32645
32613
32613
32588
32579
32584
32600
32605
32597
32581
32583
32570
32589
32620
32625
32617
32615
32593
32583
32601
32609
32642
32657
32684
32664
32667
32683
32677
32701
32717
32727
32725
32731
32735
32761
32775
32805
32807
32818
32822
32841
32824
32829
32849
32838
32847
32857
32843
32855
32863
32892
32880
32876
32879
32848
32829
32841
32837
32833
32848
32831
32801
32785
32784
32791
32788
32802
32786
32759
32727
32703
32691
32679
32697
32674
32653
32667
32675
32662
32643
32637
32623
32607
32579
32580
32601
32583
32586
32586
32604
32611
32589
32567
32563
32586
32612
32631
32615
32585
32593
32587
32613
32652
32673
32687
32666
32653
32659
32679
32709
32711
32698
32699
32711
32749
32758
32755
32799
32827
32832
32838
32815
32807
32809
32828
32847
32853
32845
32841
32863
32871
32863
32871
32871
32865
32858
32831
32833
32819
32823
32809
32818
32831
32835
32821
32790
32770
32751
32765
32727
32711
32691
32682
32687
32699
32682
32684
32669
32668
32655
32641
32621
32630
32619
32622
32615
32605
32589
32571
32583
32621
32619
32622
32602
32594
32585
32590
32591
32612
32629
32629
32615
32632
32657
32639
32662
32677
32696
32686
32680
32682
32699
32717
32735
32749
32751
32754
32761
32773
32801
32790
32773
32799
32813
32806
32831
32824
32819
32854
32874
32886
32859
32825
32816
32808
32835
32839
32849
32841
32825
32833
32823
32801
32798
32825
32810
32803
32758
32719
32711
32753
32784
32735
32718
32688
32675
32703
32696
32643
32602
32650
32665
32686
32644
32601
32587
32688
32693
32712
32656
32531
32514
32413
32524
32585
32600
32670
32633
32623
32590
32571
32593
32649
32719
32717
32681
32663
32585
32491
32468
32535
32582
32791
32884
32921
32856
32743
32599
32630
32676
32724
32851
32859
32868
32824
32785
32828
32841
32897
32947
32951
32962
32857
32753
32649
32645
32773
32843
33010
33050
32940
32845
32777
32737
32728
32723
32674
32763
32861
32946
32967
32955
32883
32763
32689
32626
32623
32615
32663
32744
32760
32711
32594
32535
32626
32695
32733
32689
32660
32631
32555
32597
32564
32551
32567
32607
32631
32615
32503
32402
32417
32483
32583
32642
32631
32589
32526
32508
32575
32617
32683
32719
32787
32841
32855
32811
32818
32755
32636
32643
32637
32679
32779
32888
32945
33006
32991
32946
32871
32855
32788
32755
32743
32810
32850
32956
33065
33013
32981
32948
32856
32791
32715
32569
32556
32711
32862
32992
33007
32895
32814
32785
32743
32735
32710
32733
32703
32699
32710
32687
32657
32657
32721
32738
32712
32648
32595
32571
32655
32663
32599
32517
32428
32351
32375
32447
32523
32618
32745
32747
32710
32617
32503
32476
32492
32575
32593
32552
32487
32427
32577
32751
32853
32956
32906
32792
32695
32590
32559
32618
32716
32913
33025
33079
33029
32932
32847
32801
32736
32663
32658
32639
32761
32904
33004
33041
33035
33003
33017
32971
32885
32763
32699
32755
32812
32918
32949
32858
32790
32771
32752
32682
32607
32565
32655
32839
32951
32973
32920
32820
32693
32615
32642
32619
32577
32580
32569
32567
32518
32439
32435
32477
32583
32644
32620
32623
32569
32519
32503
32429
32411
32424
32451
32575
32645
32615
32573
32549
32580
32649
32686
32647
32642
32569
32513
32562
32619
32690
32796
32914
33031
33059
32979
32864
32745
32666
32623
32647
32796
32933
33039
33095
33097
33066
32992
32882
32815
32783
32723
32695
32713
32761
32822
32851
32919
33013
33063
33084
33042
32929
32805
32713
32647
32707
32739
32759
32683
32552
32549
32581
32682
32817
32887
32879
32849
32697
32601
32521
32501
32577
32561
32500
32423
32422
32489
32582
32600
32594
32570
32505
32482
32405
32329
32395
32524
32654
32766
32761
32695
32643
