34502
34453
34503
34567
34529
34448
34505
34519
34497
34525
34475
34455
34519
34575
34527
34466
34524
34509
34499
34535
34487
34463
34509
34499
34441
34511
34563
34473
34441
34499
34545
34526
34519
34430
34423
34527
34545
34443
34463
34539
34539
34497
34470
34472
34549
34563
34466
34423
34527
34549
34499
34471
34491
34520
34523
34539
34430
34469
34546
34505
34427
34477
34548
34485
34479
34475
34485
34574
34520
34419
34401
34590
34546
34479
34463
34498
34511
34545
34479
34442
34527
34553
34466
34447
34548
34517
34483
34477
34461
34507
34540
34497
34411
34481
34548
34489
34486
34490
34504
34507
34542
34464
34453
34525
34535
34472
34485
34511
34507
34517
34511
34435
34479
34511
34524
34485
34485
34511
34510
34503
34517
34462
34511
34525
34450
34465
34561
34539
34487
34463
34501
34536
34545
34545
34423
34445
34558
34495
34431
34468
34526
34541
34538
34447
34455
34579
34582
34448
34416
34527
34527
34507
34505
34447
34485
34543
34461
34440
34539
34544
34479
34456
34521
34547
34543
34457
34411
34505
34572
34519
34399
34423
34527
34556
34509
34471
34468
34541
34563
34472
34434
34538
34535
34494
34501
34503
34474
34483
34518
34483
34511
34539
34467
34450
34481
34548
34543
34465
34487
34504
34581
34500
34423
34471
34573
34524
34471
34481
34469
34520
34543
34559
34441
34458
34563
34514
34495
34505
34455
34525
34552
34467
34456
34533
34481
34485
34475
34520
34482
34496
34510
34487
34519
34517
34467
34447
34528
34580
34518
34465
34473
34508
34535
34509
34471
34485
34527
34531
34445
34445
34493
34493
34527
34511
34443
34533
34565
34478
34459
34555
34512
34478
34488
34509
34523
34563
34485
34452
34454
34607
34483
34431
34439
34525
34561
34546
34423
34457
34571
34553
34445
34479
34508
34519
34517
34529
34458
34515
34517
34523
34465
34509
34557
34447
34471
34525
34543
34506
34475
34481
34533
34567
34490
34423
34418
34564
34542
34497
34471
34471
34484
34552
34485
34447
34525
34525
34495
34504
34502
34453
34517
34525
34477
34497
34530
34492
34483
34488
34521
34495
34512
34478
34450
34562
34524
34478
34497
34528
34541
34502
34494
34467
34544
34578
34499
34437
34442
34521
34517
34526
34524
34499
34503
34531
34444
34463
34517
34539
34489
34487
34497
34503
34485
34517
34484
34543
34570
34503
34433
34471
34555
34489
34440
34472
34531
34564
34485
34413
34487
34595
34530
34433
34423
34515
34530
34535
34473
34467
34471
34583
34471
34441
34558
34526
34477
34466
34477
34519
34554
34469
34422
34547
34577
34463
34458
34471
34512
34505
34525
34503
34461
34559
34509
34445
34475
34525
34521
34510
34509
34450
34525
34539
34505
34480
34490
34511
34481
34493
34485
34482
34489
34512
34495
34494
34556
34484
34454
34490
34535
34497
34505
34499
34457
34538
34595
34515
34440
34469
34535
34515
34517
34434
34468
34577
34556
34423
34471
34531
34525
34504
34489
34474
34497
34528
34523
34457
34509
34583
34438
34452
34537
34533
34511
34445
34426
34529
34582
34489
34420
34491
34520
34535
34487
34469
34469
34547
34543
34479
34457
34551
34546
34441
34497
34537
34526
34489
34460
34471
34516
34530
34478
34465
34504
34580
34471
34429
34452
34538
34546
34500
34409
34470
34571
34512
34447
34478
34505
34513
34535
34504
34441
34531
34558
34507
34483
34504
34488
34503
34543
34478
34471
34512
34468
34477
34545
34547
34493
34479
34477
34511
34535
34529
34489
34465
34499
34549
34495
34471
34493
34525
34537
34503
34451
34484
34569
34537
34457
34465
34492
34506
34525
34517
34487
34500
34529
34491
34483
34551
34517
34453
34467
34517
34537
34541
34473
34416
34549
34586
34486
34412
34416
34524
34554
34537
34473
34465
34535
34541
34414
34473
34535
34517
34479
34483
34473
34519
34532
34495
34487
34540
34569
34505
34463
34526
34559
34507
34461
34487
34524
34570
34482
34441
34489
34555
34530
34476
34484
34481
34551
34554
34493
34472
34509
34567
34487
34449
34504
34509
34525
34507
34469
34513
34534
34488
34469
34514
34535
34479
34502
34485
34469
34545
34567
34464
34461
34531
34527
34495
34487
34479
34507
34550
34497
34431
34508
34530
34501
34492
34487
34471
34527
34539
34506
34477
34520
34513
34459
34469
34543
34499
34497
34479
34489
34562
34522
34495
34431
34531
34571
34513
34456
34423
34475
34585
34515
34427
34473
34599
34547
34459
34479
34525
34529
34517
34471
34470
34543
34565
34503
34465
34497
34575
34477
34471
34500
34477
34557
34479
34453
34523
34564
34443
34435
34503
34527
34537
34479
34474
34407
34585
34581
34474
34471
34510
34528
34501
34515
34457
34482
34543
34489
34483
34521
34545
34455
34484
34494
34529
34512
34507
34494
34517
34527
34495
34451
34506
34531
34513
34487
34472
34465
34541
34575
34540
34447
34487
34528
34505
34483
34471
34437
34541
34520
34478
34472
34537
34527
34470
34487
34485
34506
34565
34510
34465
34541
34573
34476
34474
34493
34565
34531
34504
34433
34511
34551
34493
34439
34492
34581
34523
34483
34471
34462
34577
34547
34504
34393
34525
34535
34505
34488
34515
34499
34499
34479
34495
34556
34538
34458
34433
34516
34559
34501
34459
34451
34503
34527
34531
34431
34471
34551
34535
34439
34488
34499
34514
34557
34496
34411
34535
34537
34528
34465
34530
34529
34487
34514
34515
34471
34535
34515
34443
34501
34527
34466
34476
34495
34506
34552
34520
34500
34465
34530
34551
34507
34465
34477
34483
34539
34538
34447
34463
34553
34519
34474
34460
34499
34495
34538
34468
34474
34502
34523
34503
34449
34535
34553
34493
34460
34498
34503
34546
34488
34439
34519
34587
34495
34410
34494
34531
34543
34507
34447
34423
34585
34601
34495
34441
34485
34514
34502
34497
34473
34503
34553
34465
34455
34535
34545
34511
34471
34501
34514
34529
34457
34439
34465
34557
34493
34433
34505
34536
34551
34487
34451
34477
34517
34550
34499
34448
34529
34552
34506
34471
34489
34485
34516
34531
34469
34485
34553
34503
34464
34504
34503
34483
34512
34516
34471
34543
34523
34493
34459
34516
34551
34494
34509
34467
34508
34584
34491
34401
34492
34557
34499
34505
34457
34454
34527
34538
34520
34441
34503
34534
34517
34503
34483
34503
34517
34499
34450
34519
34554
34463
34440
34520
34559
34542
34454
34461
34462
34573
34519
34450
34398
34543
34541
34463
34485
34492
34549
34527
34463
34437
34520
34610
34525
34430
34513
34543
34523
34487
34475
34469
34555
34566
34419
34493
34573
34493
34443
34463
34521
34522
34507
34448
34435
34551
34559
34495
34448
34500
34526
34510
34530
34465
34481
34552
34519
34479
34493
34519
34486
34511
34511
34525
34525
34497
34495
34449
34536
34537
34477
34472
34504
34491
34517
34504
34455
34495
34532
34518
34451
34471
34520
34519
34507
34449
34420
34495
34562
34525
34434
34503
34525
34514
34518
34483
34491
34522
34505
34455
34507
34575
34551
34455
34509
34521
34511
34510
34482
34443
34559
34577
34435
34469
34546
34521
34507
34510
34456
34541
34589
34498
34433
34495
34551
34555
34455
34479
34498
34525
34503
34435
34515
34563
34481
34445
34519
34572
34487
34455
34485
34490
34559
34509
34476
34439
34539
34549
34515
34455
34471
34513
34535
34519
34459
34464
34531
34506
34485
34491
34482
34505
34545
34509
34463
34485
34551
34486
34456
34527
34463
34471
34500
34479
34513
34531
34475
34440
34513
34573
34526
34495
34503
34473
34530
34516
34503
34441
34535
34579
34504
34481
34473
34516
34537
34503
34436
34491
34549
34500
34483
34483
34515
34528
34495
34455
34479
34533
34506
34428
34460
34590
34551
34462
34411
34495
34555
34515
34453
34415
34517
34618
34550
34405
34484
34549
34535
34488
34487
34485
34569
34504
34405
34501
34549
34460
34483
34527
34505
34501
34501
34464
34455
34545
34513
34463
34435
34538
34527
34513
34467
34443
34493
34574
34489
34432
34485
34537
34548
34489
34479
34487
34498
34528
34500
34475
34519
34542
34468
34518
34512
34492
34505
34523
34479
34515
34537
34473
34459
34517
34539
34503
34476
34472
34460
34485
34557
34421
34427
34548
34503
34515
34490
34443
34478
34578
34519
34416
34474
34557
34559
34501
34493
34484
34504
34523
34472
34466
34565
34517
34431
34475
34534
34527
34471
34473
34472
34545
34551
34441
34409
34477
34562
34526
34463
34455
34510
34533
34505
34439
34476
34567
34519
34441
34469
34500
34532
34508
34467
34488
34502
34528
34487
34444
34533
34557
34455
34463
34502
34503
34517
34469
34407
34513
34591
34495
34431
34471
34515
34499
34529
34461
34424
34501
34538
34456
34472
34518
34492
34501
34503
34467
34477
34527
34487
34477
34523
34507
34475
34471
34488
34502
34481
34515
34478
34479
34537
34527
34457
34478
34490
34559
34521
34494
34431
34472
34566
34505
34465
34453
34522
34519
34506
34467
34449
34540
34546
34474
34471
34545
34501
34469
34459
34511
34508
34519
34457
34427
34493
34570
34512
34387
34525
34574
34509
34459
34419
34511
34603
34491
34387
34487
34561
34505
34485
34488
34494
34487
34520
34443
34426
34517
34493
34444
34493
34549
34503
34483
34464
34501
34536
34540
34455
34431
34543
34551
34522
34458
34509
34499
34527
34519
34473
34465
34537
34566
34471
34485
34491
34460
34507
34535
34453
34440
34543
34498
34461
34483
34495
34504
34503
34501
34456
34514
34519
34440
34463
34571
34543
34481
34487
34477
34480
34555
34460
34417
34469
34535
34525
34446
34468
34475
34557
34502
34459
34460
34532
34525
34472
34492
34509
34512
34495
34488
34478
34495
34526
34453
34417
34485
34522
34464
34431
34487
34526
34537
34478
34387
34489
34599
34493
34427
34465
34558
34567
34497
34441
34471
34483
34532
34487
34455
34539
34505
34452
34527
34526
34492
34506
34497
34452
34471
34541
34457
34437
34508
34517
34495
34518
34437
34475
34599
34519
34455
34456
34541
34545
34491
34488
34469
34503
34547
34495
34441
34476
34519
34503
34484
34515
34505
34479
34512
34487
34491
34537
34489
34458
34487
34512
34489
34495
34492
34456
34489
34563
34487
34451
34465
34567
34523
34491
34454
34459
34578
34536
34420
34443
34549
34533
34486
34476
34476
34488
34523
34464
34461
34493
34531
34483
34471
34523
34540
34499
34441
34462
34543
34557
34455
34401
34459
34543
34529
34480
34431
34492
34565
34559
34432
34453
34567
34530
34427
34455
34512
34533
34499
34480
34458
34477
34541
34471
34442
34493
34561
34497
34445
34510
34528
34523
34479
34424
34495
34553
34491
34443
34462
34505
34502
34518
34491
34429
34450
34535
34477
34449
34482
34525
34516
34527
34468
34471
34521
34513
34467
34505
34516
34479
34439
34490
34501
34492
34471
34489
34468
34483
34532
34532
34441
34487
34524
34549
34513
34433
34489
34552
34531
34436
34444
34526
34525
34515
34497
34441
34485
34554
34471
34429
34503
34541
34480
34484
34506
34525
34510
34470
34451
34469
34567
34463
34435
34447
34544
34551
34492
34454
34451
34554
34559
34432
34436
34545
34553
34489
34449
34449
34521
34535
34479
34428
34491
34553
34462
34424
34481
34513
34467
34464
34481
34520
34533
34457
34441
34499
34580
34495
34489
34461
34482
34487
34553
34477
34386
34456
34545
34520
34439
34455
34487
34535
34519
34465
34474
34527
34505
34487
34487
34520
34488
34467
34531
34471
34474
34546
34481
34488
34548
34538
34471
34501
34483
34491
34576
34545
34401
34414
34571
34540
34470
34484
34485
34539
34553
34465
34416
34546
34558
34457
34465
34508
34519
34496
34498
34469
34523
34533
34463
34442
34465
34536
34507
34420
34471
34540
34543
34479
34431
34457
34567
34530
34431
34428
34517
34531
34521
34496
34440
34469
34531
34499
34450
34472
34548
34534
34468
34506
34507
34492
34491
34431
34485
34585
34495
34428
34456
34535
34487
34469
34481
34473
34503
34562
34448
34438
34513
34485
34512
34513
34463
34475
34537
34529
34459
34435
34512
34517
34486
34495
34481
34482
34506
34490
34490
34518
34527
34479
34449
34527
34493
34484
34483
34468
34514
34505
34497
34415
34407
34532
34507
34501
34465
34435
34538
34577
34439
34415
34519
34524
34473
34475
34481
34484
34511
34535
34421
34433
34526
34491
34421
34455
34546
34530
34482
34468
34487
34549
34508
34414
34463
34587
34543
34443
34427
34491
34531
34557
34515
34453
34455
34559
34503
34436
34455
34507
34515
34477
34471
34497
34537
34486
34444
34467
34550
34487
34456
34471
34501
34537
34523
34463
34435
34549
34553
34464
34451
34517
34520
34527
34469
34409
34503
34529
34491
34446
34466
34475
34467
34513
34503
34446
34496
34535
34480
34493
34526
34494
34458
34507
34507
34486
34508
34495
34449
34457
34541
34475
34447
34456
34511
34509
34503
34427
34432
34527
34578
34442
34416
34499
34554
34523
34484
34435
34474
34523
34534
34411
34447
34575
34503
34431
34476
34514
34521
34499
34482
34474
34549
34520
34425
34425
34545
34533
34534
34479
34445
34468
34573
34467
34415
34503
34587
34489
34455
34445
34513
34545
34504
34451
34477
34525
34495
34434
34454
34529
34500
34478
34459
34485
34538
34523
34417
34458
34557
34575
34469
34443
34482
34535
34554
34486
34438
34440
34529
34486
34487
34453
34481
34485
34541
34477
34459
34481
34541
34479
34467
34522
34490
34471
34482
34496
34494
34499
34513
34480
34488
34535
34474
34471
34502
34489
34538
34546
34431
34421
34547
34557
34475
34439
34487
34521
34527
34536
34404
34441
34537
34512
34431
34501
34513
34503
34487
34499
34477
34523
34519
34452
34485
34519
34487
34465
34460
34484
34533
34531
34495
34425
34527
34570
34489
34433
34488
34537
34530
34486
34434
34482
34526
34551
34449
34415
34507
34503
34447
34468
34502
34465
34519
34487
34456
34531
34545
34426
34445
34552
34533
34485
34465
34461
34504
34542
34515
34431
34455
34535
34499
34495
34459
34444
34545
34535
34472
34468
34527
34497
34511
34490
34487
34465
34495
34516
34465
34469
34519
34464
34472
34505
34537
34480
34485
34481
34477
34537
34511
34460
34452
34489
34547
34494
34452
34451
34539
34546
34529
34429
34488
34563
34496
34473
34490
34497
34503
34535
34440
34473
34489
34514
34443
34437
34519
34488
34487
34444
34473
34519
34567
34415
34441
34551
34564
34452
34446
34471
34517
34526
34539
34414
34457
34545
34569
34437
34429
34509
34511
34478
34460
34473
34538
34519
34458
34447
34535
34507
34463
34443
34539
34519
34526
34450
34427
34482
34566
34483
34423
34503
34557
34487
34507
34448
34457
34527
34545
34459
34447
34509
34497
34485
34482
34509
34479
34484
34533
34457
34497
34527
34479
34467
34491
34511
34491
34485
34471
34503
34507
34503
34445
34419
34487
34515
34532
34488
34461
34461
34537
34475
34418
34477
34539
34542
34499
34446
34471
34529
34534
34451
34467
34508
34527
34470
34456
34486
34469
34525
34501
34457
34524
34553
34451
34410
34535
34565
34487
34426
34467
34517
34520
34551
34421
34379
34531
34543
34469
34450
34513
34502
34518
34495
34445
34504
34551
34430
34436
34512
34530
34487
34441
34475
34515
34551
34500
34436
34536
34557
34449
34439
34497
34503
34527
34521
34413
34441
34521
34511
34452
34439
34495
34497
34492
34528
34463
34442
34536
34474
34456
34511
34492
34437
34491
34502
34484
34527
34499
34441
34487
34519
34525
34466
34467
34503
34505
34500
34461
34430
34531
34566
34476
34408
34496
34512
34494
34511
34451
34445
34477
34548
34441
34463
34481
34506
34487
34491
34456
34535
34531
34438
34443
34550
34525
34465
34440
34462
34559
34519
34495
34425
34511
34539
34557
34421
34426
34528
34547
34475
34427
34479
34553
34536
34475
34453
34480
34530
34471
34421
34474
34521
34483
34466
34479
34489
34535
34451
34423
34519
34569
34471
34455
34439
34513
34556
34540
34436
34461
34521
34567
34441
34455
34501
34488
34555
34485
34433
34495
34535
34482
34480
34499
34492
34471
34479
34477
34466
34493
34521
34439
34450
34543
34497
34472
34483
34487
34529
34524
34476
34415
34491
34569
34491
34454
34479
34506
34514
34544
34482
34441
34499
34556
34442
34507
34515
34489
34499
34500
34471
34488
34517
34459
34461
34486
34517
34440
34473
34503
34498
34540
34520
34391
34423
34569
34503
34391
34471
34500
34532
34509
34402
34446
34581
34573
34410
34444
34497
34515
34487
34479
34491
34511
34522
34471
34422
34509
34562
34453
34438
34505
34546
34506
34468
34415
34496
34538
34565
34424
34417
34503
34511
34503
34469
34482
34511
34535
34454
34461
34511
34525
34462
34473
34468
34491
34503
34514
34472
34501
34541
34512
34464
34523
34535
34465
34497
34482
34487
34519
34527
34422
34457
34502
34523
34510
34491
34461
34477
34515
34533
34439
34455
34523
34519
34484
34458
34466
34514
34543
34473
34446
34510
34529
34465
34497
34490
34523
34497
34486
34467
34496
34564
34466
34426
34491
34585
34502
34450
34454
34493
34554
34559
34422
34423
34503
34564
34445
34443
34476
34481
34507
34479
34455
34493
34559
34485
34435
34506
34538
34461
34449
34494
34528
34526
34515
34455
34479
34554
34562
34405
34468
34510
34559
34510
34428
34441
34536
34536
34468
34447
34471
34525
34490
34479
34467
34476
34493
34517
34457
34462
34535
34499
34450
34530
34521
34490
34495
34465
34471
34546
34553
34429
34449
34517
34537
34481
34491
34480
34466
34568
34515
34425
34467
34527
34501
34492
34482
34442
34465
34514
34465
34453
34492
34536
34460
34483
34506
34480
34496
34501
34419
34499
34579
34477
34407
34509
34533
34512
34496
34446
34467
34543
34564
34460
34442
34466
34551
34498
34466
34437
34516
34535
34467
34456
34504
34530
34494
34447
34464
34533
34503
34469
34481
34507
34514
34533
34416
34425
34568
34494
34425
34445
34510
34525
34537
34443
34407
34532
34585
34441
34421
34471
34497
34508
34521
34461
34473
34535
34482
34438
34531
34519
34455
34487
34513
34469
34524
34523
34421
34491
34534
34540
34456
34442
34477
34535
34495
34457
34449
34498
34503
34497
34439
34479
34505
34501
34490
34487
34440
34475
34543
34531
34452
34490
34507
34475
34487
34488
34449
34533
34504
34443
34501
34538
34481
34446
34488
34512
34514
34515
34483
34434
34513
34562
34415
34419
34517
34525
34527
34477
34423
34519
34609
34473
34417
34490
34515
34513
34487
34463
34483
34519
34493
34453
34495
34525
34515
34431
34467
34536
34535
34474
34417
34481
34544
34535
34439
34431
34463
34547
34495
34443
34462
34495
34524
34508
34441
34461
34529
34505
34456
34479
34534
34473
34476
34479
34509
34505
34523
34470
34461
34519
34577
34449
34467
34497
34519
34543
34488
34439
34489
34604
34481
34439
34460
34471
34503
34567
34482
34437
34470
34519
34471
34465
34483
34482
34507
34503
34476
34481
34486
34491
34481
34487
34563
34460
34461
34475
34493
34542
34533
34471
34431
34557
34541
34445
34457
34501
34513
34531
34482
34443
34499
34531
34510
34433
34433
34524
34479
34486
34479
34457
34495
34530
34452
34461
34565
34508
34463
34489
34501
34518
34513
34463
34418
34550
34562
34497
34431
34463
34526
34543
34473
34412
34519
34547
34496
34426
34470
34535
34524
34477
34481
34503
34488
34503
34479
34489
34499
34535
34455
34422
34541
34522
34471
34465
34480
34522
34555
34467
34399
34484
34539
34509
34441
34455
34489
34521
34544
34495
34447
34530
34551
34470
34508
34486
34471
34518
34511
34456
34497
34532
34468
34478
34487
34526
34481
34484
34483
34480
34509
34517
34413
34462
34523
34515
34495
34457
34427
34539
34590
34525
34407
34488
34513
34534
34464
34462
34489
34517
34496
34466
34457
34533
34527
34440
34453
34513
34503
34472
34449
34483
34523
34531
34489
34431
34473
34603
34449
34431
34487
34528
34537
34484
34406
34451
34600
34515
34405
34475
34495
34518
34507
34490
34448
34522
34537
34483
34457
34525
34523
34445
34454
34519
34504
34479
34478
34451
34501
34581
34456
34417
34464
34519
34499
34509
34455
34453
34506
34521
34463
34458
34509
34533
34497
34507
34474
34477
34499
34505
34505
34478
34500
34511
34466
34492
34510
34475
34487
34477
34468
34527
34521
34461
34461
34533
34511
34476
34501
34445
34485
34582
34531
34399
34427
34507
34503
34523
34458
34454
34543
34515
34437
34453
34515
34533
34473
34460
34503
34499
34511
34520
34425
34535
34549
34489
34431
34501
34547
34504
34470
34437
34504
34579
34485
34407
34463
34524
34533
34449
34447
34453
34517
34562
34469
34466
34467
34529
34481
34450
34491
34522
34463
34488
34497
34492
34540
34522
34391
34543
34553
34517
34424
34455
34521
34510
34493
34447
34440
34559
34550
34445
34471
34499
34497
34516
34509
34435
34481
34497
34535
34448
34503
34519
34457
34489
34481
34473
34516
34482
34469
34467
34530
34480
34471
34485
34486
34513
34518
34479
34449
34497
34567
34539
34433
34477
34511
34541
34511
34429
34467
34547
34565
34485
34423
34478
34492
34477
34503
34475
34501
34512
34495
34437
34456
34563
34472
34423
34511
34549
34503
34495
34418
34487
34571
34543
34415
34436
34527
34535
34498
34478
34413
34553
34551
34455
34421
34535
34537
34454
34474
34469
34493
34525
34484
34465
34517
34544
34512
34419
34471
34519
34513
34463
34464
34523
34533
34519
34427
34434
34553
34517
34478
34446
34458
34526
34521
34511
34462
34482
34534
34523
34455
34485
34487
34479
34521
34473
34472
34484
34487
34471
34478
34516
34459
34460
34467
34464
34493
34542
34502
34409
34471
34511
34493
34488
34448
34471
34538
34527
34416
34455
34513
34545
34469
34469
34509
34493
34525
34507
34450
34492
34539
34475
34448
34491
34502
34482
34459
34485
34490
34531
34539
34381
34484
34532
34546
34441
34427
34477
34542
34530
34444
34429
34523
34588
34455
34397
34493
34509
34494
34479
34469
34486
34567
34524
34462
34505
34534
34529
34453
34467
34513
34484
34469
34445
34457
34577
34538
34415
34455
34495
34499
34502
34465
34446
34516
34540
34531
34405
34415
34541
34473
34509
34497
34442
34505
34490
34457
34471
34513
34506
34475
34458
34511
34479
34499
34477
34452
34507
34494
34471
34460
34493
34535
34498
34465
34459
34437
34545
34534
34434
34449
34477
34564
34491
34459
34452
34500
34510
34515
34421
34485
34524
34471
34481
34499
34527
34496
34503
34495
34464
34529
34554
34435
34498
34541
34523
34479
34448
34453
34518
34547
34438
34415
34531
34565
34467
34448
34445
34498
34548
34507
34459
34486
34515
34552
34452
34437
34526
34483
34477
34471
34479
34538
34509
34436
34462
34547
34569
34431
34451
34487
34507
34520
34481
34432
34503
34535
34507
34431
34487
34518
34491
34523
34478
34428
34523
34521
34464
34458
34496
34515
34439
34503
34507
34480
34505
34466
34463
34508
34535
34447
34451
34510
34487
34481
34502
34458
34475
34565
34576
34479
34458
34477
34495
34519
34473
34431
34500
34578
34476
34457
34461
34540
34507
34471
34477
34465
34512
34531
34478
34479
34497
34537
34441
34438
34529
34487
34489
34441
34421
34523
34567
34445
34407
34503
34559
34499
34451
34459
34439
34565
34557
34440
34471
34528
34501
34461
34471
34491
34499
34497
34475
34447
34518
34515
34421
34431
34517
34558
34451
34463
34453
34517
34553
34449
34406
34495
34557
34511
34437
34419
34500
34517
34501
34482
34457
34511
34543
34485
34481
34509
34487
34492
34505
34488
34480
34485
34485
34454
34519
34530
34423
34487
34503
34479
34545
34505
34477
34466
34497
34561
34465
34431
34491
34448
34533
34502
34409
34495
34567
34499
34475
34484
34485
34488
34504
34505
34445
34509
34540
34479
34472
34519
34485
34476
34475
34492
34525
34521
34456
34431
34511
34561
34450
34441
34443
34497
34543
34499
34462
34465
34518
34541
34425
34451
34521
34515
34509
34453
34453
34517
34535
34517
34439
34529
34558
34457
34441
34503
34527
34472
34503
34455
34507
34583
34452
34407
34491
34533
34510
34465
34441
34467
34541
34564
34475
34416
34504
34545
34449
34483
34467
34473
34513
34501
34463
34503
34507
34436
34485
34520
34525
34497
34488
34492
34455
34549
34511
34446
34455
34531
34501
34453
34463
34456
34485
34530
34477
34424
34491
34513
34515
34470
34470
34469
34507
34529
34493
34431
34463
34535
34453
34495
34488
34502
34489
34478
34463
34482
34561
34533
34406
34526
34523
34497
34449
34449
34475
34573
34522
34407
34437
34579
34519
34445
34463
34503
34529
34510
34500
34413
34553
34538
34507
34439
34470
34516
34463
34477
34448
34513
34526
34454
34415
34495
34559
34508
34409
34450
34493
34551
34476
34451
34425
34529
34586
34498
34448
34502
34522
34490
34451
34468
34500
34545
34487
34443
34503
34517
34489
34465
34511
34513
34459
34491
34460
34483
34511
34496
34397
34472
34523
34475
34517
34449
34468
34510
34543
34528
34429
34500
34516
34499
34501
34467
34451
34510
34528
34457
34443
34519
34489
34485
34468
34459
34489
34503
34519
34447
34472
34533
34494
34441
34467
34495
34528
34488
34443
34454
34567
34535
34394
34447
34521
34560
34466
34449
34431
34503
34575
34557
34411
34491
34541
34519
34455
34476
34504
34507
34527
34429
34469
34567
34459
34430
34483
34514
34487
34445
34463
34453
34552
34560
34453
34426
34494
34569
34456
34430
34481
34512
34533
34482
34391
34495
34551
34501
34413
34515
34523
34497
34483
34449
34465
34503
34505
34453
34446
34551
34488
34439
34463
34499
34504
34493
34495
34427
34510
34544
34514
34451
34446
34505
34500
34515
34462
34453
34529
34527
34470
34461
34496
34473
34507
34524
34471
34484
34518
34528
34445
34481
34517
34475
34469
34500
34466
34510
34491
34421
34461
34564
34507
34429
34466
34476
34539
34514
34467
34435
34506
34549
34531
34403
34431
34511
34508
34464
34460
34479
34516
34525
34429
34485
34540
34551
34411
34453
34512
34521
34498
34454
34427
34564
34548
34425
34411
34535
34533
34494
34459
34470
34505
34550
34544
34413
34490
34527
34529
34439
34471
34492
34478
34517
34458
34491
34520
34505
34441
34471
34529
34484
34485
34470
34481
34487
34535
34506
34419
34521
34537
34525
34439
34449
34492
34541
34533
34424
34457
34505
34515
34495
34476
34491
34472
34535
34513
34468
34468
34487
34529
34420
34478
34502
34468
34475
34476
34469
34499
34529
34439
34464
34519
34516
34453
34461
34479
34481
34527
34526
34427
34500
34578
34488
34435
34455
34493
34517
34505
34447
34409
34539
34533
34440
34457
34500
34524
34457
34451
34476
34526
34535
34435
34423
34550
34553
34467
34409
34455
34552
34515
34466
34457
34468
34595
34559
34436
34443
34479
34538
34486
34497
34466
34477
34537
34448
34449
34515
34513
34460
34461
34531
34487
34489
34492
34455
34496
34540
34509
34425
34470
34517
34473
34487
34439
34472
34516
34531
34453
34439
34503
34510
34483
34481
34458
34470
34551
34553
34471
34460
34507
34476
34471
34489
34467
34473
34502
34453
34446
34520
34532
34453
34472
34503
34530
34489
34478
34443
34500
34537
34503
34429
34476
34534
34527
34441
34439
34471
34552
34533
34498
34418
34505
34557
34499
34445
34465
34486
34500
34486
34468
34491
34537
34441
34445
34513
34541
34451
34479
34467
34512
34559
34533
34417
34447
34537
34565
34435
34407
34501
34510
34525
34407
34415
34521
34562
34431
34448
34475
34517
34475
34503
34493
34452
34533
34479
34443
34477
34551
34469
34453
34455
34499
34491
34487
34439
34451
34528
34552
34445
34433
34480
34501
34501
34494
34485
34457
34521
34503
34459
34465
34501
34447
34507
34480
34450
34471
34536
34497
34487
34501
34532
34447
34493
34511
34497
34501
34473
34407
34512
34559
34493
34420
34466
34491
34517
34489
34483
34433
34552
34555
34476
34433
34463
34513
34494
34453
34452
34490
34527
34504
34415
34500
34539
34491
34421
34497
34517
34513
34463
34465
34440
34560
34539
34457
34457
34562
34537
34462
34433
34466
34511
34561
34446
34401
34509
34555
34458
34459
34485
34505
34495
34527
34456
34487
34514
34474
34432
34527
34519
34465
34469
34497
34456
34536
34483
34463
34447
34557
34545
34489
34455
34449
34495
34524
34479
34431
34461
34530
34503
34458
34455
34480
34491
34511
34513
34442
34472
34521
34481
34467
34470
34518
34461
34488
34467
34479
34486
34487
34438
34503
34541
34479
34450
34477
34471
34545
34519
34503
34405
34537
34521
34517
34439
34476
34471
34519
34471
34439
34453
34556
34470
34445
34485
34522
34471
34478
34458
34471
34507
34536
34438
34475
34519
34522
34413
34449
34507
34548
34503
34445
34412
34543
34601
34511
34415
34479
34519
34531
34475
34475
34427
34519
34489
34455
34463
34527
34486
34461
34475
34532
34475
34485
34468
34471
34522
34519
34480
34452
34510
34517
34472
34460
34455
34492
34545
34497
34379
34483
34535
34513
34459
34488
34453
34500
34545
34496
34455
34505
34513
34463
34511
34486
34492
34486
34503
34433
34495
34519
34468
34435
34525
34503
34493
34495
34489
34455
34533
34547
34467
34441
34464
34547
34465
34460
34454
34495
34545
34501
34423
34448
34527
34528
34460
34473
34487
34489
34483
34497
34455
34531
34521
34423
34426
34553
34481
34452
34439
34479
34534
34518
34488
34385
34530
34577
34549
34441
34448
34498
34534
34523
34375
34455
34558
34517
34410
34477
34500
34511
34487
34460
34457
34485
34509
34453
34443
34536
34544
34475
34471
34470
34503
34502
34479
34459
34493
34561
34480
34432
34450
34513
34479
34503
34473
34457
34493
34521
34500
34453
34451
34495
34475
34507
34463
34459
34503
34517
34439
34495
34537
34519
34433
34504
34497
34497
34517
34477
34415
34537
34549
34465
34476
34503
34527
34502
34468
34392
34479
34571
34549
34414
34449
34511
34517
34487
34465
34445
34503
34551
34431
34449
34513
34511
34441
34455
34479
34529
34477
34441
34439
34517
34553
34519
34414
34488
34553
34527
34443
34447
34476
34547
34518
34409
34447
34547
34529
34430
34463
34465
34475
34503
34503
34436
34508
34529
34500
34409
34508
34480
34444
34453
34487
34485
34537
34477
34415
34487
34567
34516
34445
34464
34466
34510
34520
34487
34439
34519
34521
34485
34448
34481
34494
34523
34517
34485
34464
34506
34513
34474
34464
34504
34485
34502
34481
34488
34475
34491
34449
34463
34525
34522
34455
34454
34479
34489
34539
34481
34465
34448
34531
34541
34447
34464
34496
34503
34526
34441
34417
34518
34539
34447
34445
34516
34492
34497
34475
34465
34481
34538
34484
34423
34494
34578
34522
34408
34455
34516
34573
34503
34435
34425
34565
34541
34413
34429
34498
34557
34479
34465
34441
34459
34519
34527
34415
34509
34495
34470
34447
34491
34500
34495
34499
34437
34481
34551
34547
34405
34497
34517
34551
34458
34471
34473
34514
34568
34429
34423
34480
34523
34473
34455
34475
34473
34543
34485
34461
34439
34537
34524
34475
34483
34501
34467
34488
34519
34461
34507
34500
34449
34439
34491
34490
34488
34468
34471
34471
34541
34536
34422
34472
34511
34551
34464
34475
34431
34578
34517
34463
34416
34483
34503
34481
34451
34477
34482
34523
34489
34471
34441
34539
34507
34447
34504
34543
34488
34443
34479
34473
34544
34503
34407
34422
34559
34565
34423
34421
34457
34511
34539
34523
34411
34499
34595
34486
34443
34496
34510
34483
34503
34469
34471
34523
34507
34445
34495
34512
34522
34437
34503
34505
34502
34504
34447
34419
34541
34527
34462
34433
34509
34512
34517
34462
34456
34453
34529
34519
34487
34464
34497
34501
34491
34490
34473
34451
34510
34469
34461
34479
34509
34447
34475
34500
34498
34471
34506
34465
34471
34535
34558
34439
34478
34493
34509
34481
34461
34423
34535
34566
34443
34417
34478
34511
34501
34477
34454
34456
34528
34539
34431
34456
34523
34470
34477
34470
34501
34519
34493
34423
34481
34535
34535
34467
34435
34510
34547
34505
34441
34442
34495
34556
34462
34399
34481
34543
34509
34453
34471
34515
34481
34513
34475
34459
34525
34548
34449
34483
34517
34551
34449
34467
34473
34517
34500
34445
34423
34519
34551
34452
34427
34447
34496
34517
34501
34433
34413
34556
34535
34443
34507
34495
34497
34536
34497
34447
34457
34509
34457
34499
34481
34515
34459
34487
34481
34476
34513
34466
34464
34476
34519
34476
34438
34449
34486
34509
34513
34461
34444
34519
34535
34524
34405
34476
34483
34507
34471
34455
34404
34552
34519
34429
34469
34503
34497
34459
34486
34474
34521
34531
34469
34416
34542
34537
34474
34413
34471
34513
34522
34491
34401
34513
34551
34488
34404
34479
34522
34516
34477
34431
34461
34535
34527
34461
34439
34524
34535
34487
34481
34503
34478
34485
34477
34454
34537
34534
34432
34415
34508
34555
34467
34441
34453
34493
34525
34549
34445
34448
34528
34479
34465
34452
34473
34501
34505
34492
34399
34497
34501
34484
34465
34517
34504
34450
34503
34497
34462
34508
34487
34419
34511
34528
34457
34485
34495
34455
34511
34525
34481
34424
34513
34522
34521
34440
34455
34469
34538
34529
34433
34449
34508
34517
34455
34462
34470
34487
34487
34477
34438
34503
34535
34471
34438
34525
34557
34465
34443
34461
34503
34557
34472
34403
34455
34580
34507
34389
34433
34465
34539
34482
34469
34407
34530
34551
34501
34430
34494
34520
34466
34483
34455
34487
34536
34495
34451
34517
34547
34509
34415
34503
34514
34541
34483
34425
34434
34557
34511
34416
34470
34511
34500
34482
34470
34459
34510
34532
34495
34447
34484
34513
34477
34491
34478
34495
34457
34501
34451
34473
34510
34494
34431
34505
34497
34481
34483
34476
34453
34515
34543
34515
34385
34491
34504
34497
34469
34474
34434
34547
34525
34403
34447
34509
34513
34468
34469
34471
34479
34545
34505
34446
34504
34531
34494
34453
34487
34473
34501
34496
34430
34487
34531
34482
34421
34461
34577
34555
34457
34411
34447
34521
34544
34494
34399
34509
34541
34458
34441
34457
34505
34516
34469
34456
34468
34535
34494
34431
34499
34527
34519
34458
34486
34471
34535
34521
34408
34464
34571
34527
34418
34455
34488
34517
34531
34442
34439
34481
34559
34502
34409
34505
34511
34494
34493
34451
34460
34494
34504
34435
34470
34523
34463
34458
34471
34468
34519
34507
34477
34413
34486
34533
34471
34457
34480
34501
34505
34473
34445
34442
34555
34545
34449
34436
34465
34487
34513
34484
34458
34431
34539
34503
34452
34477
34530
34484
34450
34480
34477
34519
34511
34423
34485
34535
34557
34412
34455
34506
34505
34500
34457
34445
34535
34567
34441
34407
34511
34515
34516
34453
34437
34485
34563
34495
34433
34486
34531
34535
34439
34488
34492
34491
34472
34451
34471
34531
34513
34391
34454
34521
34556
34433
34439
34412
34553
34517
34495
34409
34491
34573
34497
34457
34457
34506
34495
34496
34436
34463
34507
34505
34435
34481
34501
34519
34479
34486
34476
34461
34523
34476
34427
34500
34535
34452
34468
34455
34472
34519
34501
34421
34444
34553
34533
34457
34465
34468
34491
34527
34521
34432
34469
34525
34469
34453
34460
34487
34503
34487
34459
34459
34507
34517
34471
34477
34522
34531
34434
34462
34491
34491
34533
34425
34399
34513
34573
34485
34421
34467
34511
34522
34503
34423
34465
34567
34558
34464
34429
34503
34491
34465
34483
34468
34513
34504
34448
34447
34533
34549
34424
34447
34510
34492
34503
34459
34406
34471
34565
34509
34403
34471
34533
34499
34456
34447
34441
34562
34533
34415
34451
34498
34521
34481
34468
34500
34453
34498
34503
34450
34513
34515
34455
34457
34511
34514
34467
34464
34466
34472
34510
34497
34453
34451
34512
34525
34471
34455
34475
34461
34541
34498
34428
34458
34519
34477
34432
34478
34438
34507
34551
34470
34431
34533
34517
34467
34476
34513
34475
34479
34487
34413
34505
34545
34437
34406
34491
34535
34500
34413
34448
34426
34573
34482
34443
34385
34570
34543
34491
34460
34487
34542
34501
34465
34422
34505
34539
34427
34449
34491
34518
34465
34472
34466
34511
34509
34501
34411
34487
34549
34462
34411
34452
34512
34479
34512
34422
34425
34537
34535
34503
34423
34519
34485
34489
34506
34455
34459
34553
34489
34423
34505
34503
34454
34481
34509
34487
34476
34491
34453
34467
34526
34541
34439
34450
34457
34503
34519
34483
34435
34495
34544
34491
34447
34463
34519
34493
34499
34446
34438
34505
34516
34514
34429
34509
34515
34493
34455
34459
34461
34525
34506
34421
34501
34538
34469
34402
34493
34531
34495
34487
34475
34425
34536
34563
34449
34412
34476
34524
34501
34441
34435
34478
34547
34476
34384
34508
34516
34507
34443
34487
34486
34498
34479
34455
34457
34527
34487
34399
34475
34539
34503
34459
34426
34463
34519
34545
34471
34410
34515
34565
34513
34446
34455
34486
34503
34524
34415
34465
34493
34494
34438
34467
34482
34491
34492
34498
34473
34489
34529
34467
34441
34508
34556
34451
34487
34503
34461
34529
34471
34410
34457
34571
34485
34448
34456
34471
34529
34525
34507
34435
34502
34522
34509
34490
34488
34479
34497
34528
34439
34479
34517
34495
34450
34468
34498
34497
34462
34444
34482
34485
34515
34473
34403
34536
34551
34438
34396
34471
34491
34521
34487
34400
34499
34583
34557
34388
34460
34479
34523
34483
34471
34459
34511
34513
34393
34439
34523
34511
34421
34452
34513
34484
34494
34447
34439
34515
34551
34488
34399
34505
34522
34519
34455
34436
34461
34549
34511
34409
34457
34522
34503
34459
34487
34459
34466
34513
34483
34469
34497
34516
34460
34450
34503
34459
34479
34487
34432
34474
34515
34485
34423
34492
34499
34533
34453
34439
34455
34451
34543
34506
34452
34502
34532
34469
34463
34471
34411
34503
34496
34457
34439
34520
34511
34473
34476
34502
34465
34487
34485
34443
34517
34541
34431
34438
34509
34535
34453
34447
34435
34520
34559
34471
34423
34461
34561
34537
34465
34439
34471
34511
34495
34447
34423
34523
34508
34438
34453
34529
34503
34455
34471
34443
34523
34504
34477
34397
34491
34570
34505
34415
34431
34518
34492
34481
34398
34441
34552
34528
34449
34428
34514
34488
34499
34495
34431
34455
34505
34506
34417
34511
34481
34462
34487
34498
34490
34505
34485
34449
34485
34530
34530
34422
34471
34494
34488
34495
34488
34468
34503
34531
34463
34410
34497
34503
34489
34503
34415
34447
34498
34533
34485
34443
34513
34503
34478
34487
34461
34497
34473
34473
34471
34495
34549
34435
34452
34501
34533
34515
34456
34440
34472
