32816
32816
32832
32831
32837
32835
32820
32815
32803
32787
32792
32790
32805
32813
32819
32809
32807
32816
32828
32817
32786
32849
33562
32983
32810
32802
32818
32797
32807
32808
32817
32818
32813
32790
32799
32792
32803
32812
32812
32799
32799
32797
32788
32801
32811
32809
32793
32805
32825
32854
32839
32807
32831
32813
32797
32809
32803
32811
32791
32799
32847
32839
32823
32800
32810
32814
32795
32805
32791
32807
32816
32821
32809
32823
32821
32823
32827
32815
32815
32797
32817
32808
32817
32833
32852
32861
32839
32834
32851
32847
32823
32814
32833
32831
32819
32828
32836
32825
32825
32826
32818
32819
32814
32830
32825
32825
32815
32815
32823
32821
32813
32825
32827
32812
32837
32819
32809
32820
32814
32801
32797
32815
32831
32799
32794
32813
32798
32808
32827
32831
32801
32801
32819
32833
32829
32823
32807
32794
32818
32845
32823
32817
32824
32847
32831
32820
32843
32842
32819
32815
32819
32814
32813
32837
32806
32796
32811
32803
32816
32799
32793
32826
32806
32800
32803
32824
32832
32835
32812
32823
32837
32843
32809
32821
32812
32812
32818
32831
32807
32805
32806
32789
32803
32805
32801
32825
32817
32802
32822
32818
32831
32815
32820
32819
32834
32833
32801
32791
32796
32811
32827
32837
32851
32847
32834
32837
32844
32800
32800
32833
32839
32839
32837
32839
32839
32803
32794
32814
32826
32835
32823
32816
32815
32823
32815
32834
32832
32822
32821
32821
32827
32833
32839
32833
32798
32781
32793
32837
32841
32835
32835
32803
32822
32827
32807
32817
32826
32847
32829
32829
32825
32840
32817
32803
32818
32818
32815
32815
32811
32810
32819
32826
32833
32848
32829
32815
32815
32811
32839
32833
32831
32835
32827
32811
32823
32814
32803
32814
32831
32841
32827
32833
32830
32835
32821
32825
32835
32843
32831
32823
32839
32832
32823
32810
32811
32831
32825
32813
32795
32796
32823
32823
32815
32808
32813
32837
32833
32815
32799
32825
32826
32806
32823
32832
32821
32805
32815
32821
32825
32839
32832
32829
32826
32823
32831
32817
32840
32847
32830
32833
32843
32841
32847
32823
32827
32817
32821
32814
32824
32827
32827
32827
32832
32833
32823
32811
32831
32809
32819
32831
32809
32837
32834
32828
32823
32823
32839
32821
32809
32823
32808
32789
32823
32830
32809
32801
32808
32818
32847
32809
32832
32828
32827
32833
32825
32808
32833
32851
32835
32839
32847
32801
32807
32819
32824
32828
32807
32805
32814
32807
32817
32825
32841
32816
32807
32806
32829
32823
32820
32830
32821
32827
32823
32847
32835
32835
32839
32843
32822
32810
32831
32833
32825
32817
32831
32835
32828
32818
32835
32844
32837
32845
32804
32831
32829
32820
32804
32799
32815
32823
32817
32802
32817
32808
32815
32837
32813
32803
32823
32831
32819
32819
32811
32804
32808
32828
32843
32821
32826
32816
32827
32815
32827
32847
32859
32831
32813
32833
32814
32830
32831
32845
32839
32821
32807
32822
32810
32795
32791
32793
32799
32807
32821
32810
32818
32825
32819
32823
32816
32813
32815
32822
32807
32797
32831
32852
32836
32830
32817
32810
32820
32836
32824
32848
32851
32820
32810
32826
32834
32829
32811
32797
32820
32824
32805
32803
32811
32815
32835
32820
32838
32824
32823
32827
32843
32810
32821
32823
32835
32824
32795
32809
32829
32851
32825
32818
32812
32843
32835
32826
32837
32829
32819
32805
32805
32800
32801
32807
32825
32843
32823
32815
32815
32802
32813
32823
32835
32836
32813
32802
32807
32819
32811
32818
32809
32796
32805
32802
32796
32795
32819
32800
32815
32831
32834
32814
32830
32825
32823
32822
32811
32834
32821
32819
32799
32789
32787
32788
32794
32807
32811
32801
32806
32830
32821
32790
32819
32828
32807
32803
32819
32812
32815
32834
32819
32801
32806
32823
32820
32823
32818
32836
32829
32805
32799
32810
32808
32799
32797
32823
32827
32809
32827
32812
32808
32820
32810
32822
32831
32835
32837
32807
32801
32792
32806
32825
32806
32803
32823
32815
32819
32811
32809
32806
32835
32845
32804
32797
32801
32788
32799
32801
32791
32799
32799
32807
32800
32801
32807
32823
32807
32825
32803
32802
32809
32828
32797
32778
32799
32809
32831
32829
32805
32807
32809
32820
32826
32818
32806
32804
32815
32821
32805
32837
32862
32847
32809
32813
32827
32835
32813
32801
32835
32807
32799
32784
32777
32772
32828
32821
32820
32795
32804
32819
32814
32844
32818
32816
32807
32833
32831
32837
32821
32809
32827
32820
32818
32807
32791
32783
32797
32821
32830
32836
32835
32811
32821
32813
32820
32813
32793
32807
32820
32811
32833
32823
32830
32808
32807
32813
32829
32799
32817
32828
32829
32813
32803
32821
32839
32833
32799
32815
32811
32809
32820
32817
32803
32819
32805
32816
32821
32809
32823
32845
32829
32829
32839
32875
32830
32808
32823
32843
32851
32816
32819
32819
32813
32830
32839
32823
32826
32836
32832
32829
32823
32831
32861
32857
32819
32839
32841
32811
32810
32815
32821
32831
32839
32841
32829
32831
32835
32822
32826
32827
32803
32829
32830
32807
32832
32849
32849
32856
32834
32821
32827
32807
32826
32838
32849
32857
32839
32823
32832
32820
32835
32813
32828
32810
32809
32803
32829
32833
32809
32815
32836
32825
32839
32837
32840
32820
32809
32819
32820
32817
32815
32821
32820
32812
32806
32819
32820
32815
32834
32835
32823
32829
32834
32833
32845
32826
32815
32781
32804
32819
32823
32816
32823
32824
32832
32816
32815
32839
32818
32820
32835
32806
32801
32826
32826
32846
32849
32815
32823
32800
32817
32802
32821
32826
32802
32807
32799
32811
32817
32812
32823
32821
32821
32807
32821
32826
32835
32834
32837
32846
32843
32813
32815
32795
32809
32820
32835
32829
32817
32827
32846
32819
32815
32833
32836
32815
32813
32834
32830
32845
32826
32827
32811
32818
32815
32823
32814
32807
32817
32809
32824
32809
32797
32794
32801
32793
32797
32813
32825
32817
32826
32813
32798
32809
32823
32835
32826
32812
32805
32814
32814
32822
32837
32830
32809
32814
32800
32814
32817
32831
32825
32829
32820
32849
32837
32823
32824
32840
32811
32811
32817
32816
32819
32799
32808
32801
32787
32769
32806
32815
32807
32807
32830
32803
32793
32802
32819
32791
32801
32800
32814
32828
32813
32821
32831
32841
32823
32825
32825
32814
32806
32803
32800
32813
32829
32822
32810
32825
32823
32812
32824
32818
32821
32807
32809
32815
32812
32829
32810
32805
32812
32805
32821
32817
32812
32788
32793
32807
32823
32819
32808
32823
32807
32815
32822
32808
32801
32810
32835
32819
32803
32803
32801
32820
32823
32831
32811
32824
32829
32828
32827
32817
32821
32809
32804
32820
32827
32799
32798
32811
32823
32818
32805
32819
32839
32823
32819
32823
32816
32809
32821
32813
32805
32823
32805
32831
32845
32840
32839
32851
32846
32819
32827
32847
32847
32817
32809
32839
32845
32846
32837
32819
32819
32847
32831
32834
32829
32827
32821
32812
32843
32828
32815
32839
32823
32823
32815
32807
32813
32830
32835
32856
32822
32842
32839
32831
32827
32829
32839
32823
32812
32806
32811
32819
32811
32849
32849
32837
32827
32830
32829
32832
32845
32819
32804
32814
32824
32829
32838
32822
32816
32835
32835
32829
32831
32835
32829
32833
32837
32835
32804
32805
32838
32838
32818
32825
32817
32812
32807
32827
32833
32820
32828
32845
32825
32815
32822
32807
32819
32831
32835
32838
32820
32847
32845
32831
32820
32832
32838
32842
32866
32837
32824
32823
32823
32826
32843
32817
32827
32805
32826
32819
32830
32837
32847
32825
32827
32837
32851
32832
32823
32820
32831
32835
32826
32821
32821
32824
32822
32819
32823
32847
32835
32844
32823
32823
32825
32825
32839
32839
32846
32840
32842
32823
32840
32842
32818
32826
32833
32815
32822
32822
32821
32819
32810
32827
32829
32828
32815
32811
32825
32837
32853
32833
32847
32844
32863
32866
32853
32855
32849
32837
32843
32826
32826
32832
32850
32872
32835
32846
32861
32837
32831
32847
32855
32833
32843
32831
32836
32853
32856
32871
32844
32848
32845
32841
32844
32844
32854
32823
32835
32855
32840
32831
32848
32823
32824
32847
32846
32817
32829
32831
32841
32845
32847
32855
32855
32831
32833
32805
32831
32851
32833
32845
32835
32839
32842
32841
32848
32841
32818
32815
32821
32839
32841
32833
32830
32823
32851
32854
32838
32823
32817
32832
32855
32859
32849
32831
32810
32818
32812
32799
32811
32808
32817
32825
32815
32821
32861
32822
32833
32842
32839
32833
32839
32826
32822
32807
32823
32827
32845
32836
32839
32824
32807
32831
32849
32826
32823
32827
32823
32827
32823
32818
32809
32814
32824
32831
32836
32820
32816
32833
32843
32836
32831
32847
32823
32859
32855
32851
32845
32826
32831
32841
32846
32852
32831
32831
32841
32843
32835
32839
32836
32835
32835
32838
32837
32855
32854
32809
32794
32821
32847
32870
32831
32814
32865
32839
32827
32822
32795
32815
32833
32835
32830
32833
32849
32860
32863
32861
32869
32850
32861
32817
32818
32824
32822
32855
32857
32833
32850
32839
32833
32834
32826
32803
32811
32839
32838
32845
32849
32841
32829
32846
32855
32859
32861
32843
32850
32861
32861
32859
32849
32831
32817
32851
32851
32861
32827
32825
32823
32807
32820
32822
32829
32827
32848
32843
32852
32829
32827
32829
32853
32846
32839
32832
32844
32829
32839
32849
32857
32845
32850
32835
32840
32848
32835
32830
32849
32849
32843
32851
32847
32837
32824
32831
32851
32853
32853
32844
32839
32839
32853
32852
32849
32839
32852
32851
32845
32831
32840
32809
32807
32811
32821
32849
32847
32833
32828
32827
32837
32835
32839
32837
32817
32811
32816
32825
32844
32864
32839
32837
32845
32831
32817
32837
32838
32860
32841
32852
32842
32846
32847
32833
32840
32833
32831
32827
32819
32826
32841
32857
32835
32861
32847
32831
32849
32859
32847
32852
32834
32829
32841
32864
32843
32860
32855
32837
32837
32823
32845
32848
32847
32836
32836
32834
32840
32858
32829
32839
32847
32841
32830
32840
32840
32840
32843
32851
32828
32849
32848
32824
32807
32822
32842
32847
32849
32844
32819
32823
32843
32855
32822
32845
32868
32847
32852
32846
32831
32839
32855
32855
32840
32825
32828
32859
32849
32843
32859
32834
32855
32855
32863
32864
32839
32821
32839
32826
32809
32796
32813
32827
32827
32831
32857
32849
32839
32834
32831
32825
32841
32835
32846
32842
32878
32831
32837
32853
32841
32855
32829
32839
32821
32847
32825
32829
32831
32825
32823
32837
32837
32842
32837
32836
32832
32833
32839
32854
32853
32831
32830
32843
32851
32845
32837
32857
32844
32799
32823
32828
32815
32821
32826
32860
32860
32822
32825
32829
32843
32815
32817
32842
32853
32822
32825
32855
32843
32857
32841
32834
32851
32838
32850
32845
32852
32839
32839
32852
32823
32837
32873
32849
32844
32851
32852
32854
32858
32830
32844
32853
32843
32835
32823
32852
32857
32826
32831
32849
32825
32815
32830
32823
32846
32838
32837
32839
32823
32837
32828
32840
32832
32855
32839
32843
32837
32811
32803
32830
32835
32856
32843
32858
32864
32839
32833
32818
32830
32832
32848
32835
32830
32837
32834
32822
32828
32827
32826
32842
32848
32843
32839
32840
32845
32834
32823
32833
32851
32832
32801
32824
32845
32837
32821
32846
32849
32835
32829
32838
32833
32839
32855
32847
32846
32836
32855
32846
32825
32855
32850
32838
32847
32847
32847
32837
32846
32859
32837
32825
32839
32856
32848
32817
32832
32839
32828
32832
32830
32847
32891
32865
32824
32839
32859
32837
32819
32832
32828
32805
32830
32829
32850
32857
32846
32825
32848
32826
32843
32853
32840
32818
32838
32865
32840
32835
32869
32853
32836
32830
32827
32838
32836
32848
32839
32835
32844
32854
32867
32852
32831
32837
32855
32863
32863
32873
32864
32858
32856
32849
32853
32838
32839
32860
32861
32851
32853
32863
32837
32861
32871
32864
32835
32853
32852
32859
32835
32840
32848
32857
32842
32830
32827
32853
32846
32844
32841
32856
32855
32861
32859
32855
32837
32809
32829
32850
32831
32837
32851
32835
32829
32855
32851
32842
32832
32829
32837
32845
32855
32861
32851
32837
32839
32844
32842
32837
32861
32849
32833
32845
32861
32865
32857
32853
32859
32856
32839
32823
32832
32858
32849
32842
32855
32852
32849
32846
32847
32856
32847
32821
32822
32843
32849
32851
32859
32852
32864
32861
32839
32851
32827
32835
32855
32848
32855
32861
32839
32832
32836
32841
32863
32838
32821
32830
32845
32844
32852
32826
32826
32818
32843
32838
32851
32859
32822
32835
32837
32820
32833
32855
32854
32855
32847
32823
32816
32822
32833
32835
32847
32817
32816
32837
32847
32857
32831
32843
32871
32851
32830
32805
32838
32842
32815
32833
32818
32829
32833
32831
32849
32839
32855
32862
32851
32805
32807
32811
32808
32829
32835
32819
32813
32797
32830
32834
32836
32833
32835
32843
32829
32821
32844
32861
32850
32855
32852
32841
32837
32845
32849
32857
32863
32874
32855
32851
32839
32843
32844
32834
32827
32831
32841
32813
32837
32850
32807
32841
32845
32848
32848
32850
32847
32863
32873
32858
32821
32836
32866
32863
32875
32853
32835
32853
32867
32865
32855
32855
32857
32880
32842
32805
32831
32885
32875
32861
32850
32844
32843
32865
32864
32850
32860
32844
32829
32813
32840
32851
32864
32837
32818
32838
32854
32862
32840
32835
32857
32845
32837
32852
32848
32839
32837
32835
32845
32852
32855
32849
32873
32843
32849
32819
32823
32856
32861
32853
32843
32832
32833
32871
32859
32831
32835
32860
32868
32840
32840
32847
32853
32882
32837
32823
32851
32855
32843
32834
32839
32822
32841
32810
32808
32822
32847
32852
32839
32863
32869
32861
32838
32834
32836
32850
32855
32843
32817
32833
32863
32876
32825
32829
32844
32852
32832
32818
32823
32844
32831
32827
32851
32843
32815
32845
32839
32858
32848
32815
32847
32852
32839
32845
32832
32819
32823
32831
32809
32822
32830
32809
32823
32848
32849
32827
32823
32816
32835
32825
32839
32832
32825
32851
32839
32835
32827
32819
32817
32840
32828
32833
32811
32835
32855
32867
32823
32811
32839
32847
32850
32837
32828
32851
32863
32871
32848
32804
32830
32843
32871
32843
32831
32847
32865
32879
32867
32854
32862
32866
32857
32862
32859
32849
32858
32861
32851
32823
32827
32853
32871
32861
32837
32817
32823
32833
32847
32850
32826
32825
32816
32821
32845
32831
32831
32838
32839
32883
32853
32833
32828
32858
32863
32829
32813
32850
32839
32858
32850
32851
32841
32855
32869
32831
32846
32834
32859
32891
32877
32847
32835
32849
32865
32859
32863
32888
32883
32873
32889
32892
32874
32854
32855
32847
32855
32845
32839
32841
32851
32847
32863
32865
32848
32848
32821
32829
32830
32827
32825
32841
32841
32823
32818
32821
32812
32841
32833
32829
32817
32817
32839
32863
32841
32807
32827
32847
32852
32846
32829
32814
32818
32847
32831
32801
32822
32837
32807
32830
32818
32811
32839
32845
32847
32826
32807
32812
32816
32831
32837
32821
32817
32825
32839
32835
32822
32830
32847
32820
32824
32832
32815
32829
32832
32864
32857
32825
32814
32823
32823
32847
32834
32834
32841
32851
32837
32833
32822
32814
32838
32854
32849
32822
32823
32839
32813
32807
32831
32841
32831
32823
32821
32820
32825
32824
32807
32826
32856
32851
32821
32836
32834
32831
32823
32811
32825
32827
32857
32838
32844
32853
32842
32840
32844
32830
32845
32833
32847
32837
32864
32855
32863
32856
32843
32847
32851
32843
32843
32823
32855
32840
32831
32843
32835
32825
32815
32805
32798
32822
32818
32829
32851
32872
32849
32841
32837
32853
32865
32842
32858
32865
32855
32838
32824
32825
32833
32835
32842
32848
32848
32839
32822
32821
32841
32861
32863
32866
32858
32847
32857
32854
32833
32827
32861
32849
32839
32846
32847
32844
32835
32835
32855
32829
32847
32869
32851
32837
32847
32855
32855
32830
32830
32850
32851
32850
32848
32826
32831
32839
32834
32852
32837
32847
32849
32855
32843
32855
32846
32837
32830
32839
32867
32852
32824
32826
32830
32827
32853
32857
32863
32834
32833
32853
32835
32813
32849
32829
32835
32835
32843
32837
32839
32832
32865
32865
32859
32834
32844
32837
32849
32849
32857
32867
32859
32847
32834
32833
32833
32847
32846
32831
32845
32841
32842
32839
32829
32827
32830
32822
32817
32825
32829
32831
32833
32829
32853
32823
32807
32828
32807
32793
32826
32823
32827
32834
32831
32834
32859
32857
32853
32859
32845
32855
32835
32811
32837
32835
32851
32837
32840
32844
32840
32827
32803
32806
32819
32814
32832
32844
32831
32833
32819
32820
32831
32834
32834
32831
32834
32822
32834
32839
32823
32823
32837
32841
32807
32818
32823
32821
32839
32837
32823
32847
32847
32837
32855
32854
32858
32872
32851
32845
32824
32834
32811
32832
32830
32822
32843
32851
32851
32829
32845
32836
32832
32853
32814
32824
32825
32849
32851
32829
32831
32820
32847
32855
32821
32831
32860
32839
32851
32844
32838
32845
32837
32831
32833
32843
32845
32844
32839
32833
32824
32825
32819
32841
32841
32817
32839
32841
32855
32863
32845
32831
32828
32841
32853
32852
32872
32857
32843
32847
32840
32849
32835
32841
32828
32840
32847
32840
32832
32819
32842
32850
32841
32860
32852
32831
32841
32851
32851
32857
32852
32838
32854
32845
32846
32857
32833
32832
32855
32868
32862
32840
32824
32862
32835
32851
32830
32848
32849
32855
32835
32818
32833
32818
32828
32828
32845
32835
32833
32858
32855
32849
32855
32844
32827
32843
32863
32849
32831
32830
32834
32815
32823
32838
32839
32822
32823
32831
32840
32851
32864
32839
32839
32821
32823
32819
32821
32827
32839
32823
32807
32816
32839
32830
32851
32827
32842
32845
32849
32816
32815
32825
32851
32854
32838
32850
32835
32831
32807
32821
32837
32815
32823
32831
32843
32851
32843
32840
32829
32847
32831
32838
32852
32835
32840
32831
32844
32844
32836
32853
32839
32855
32859
32852
32845
32835
32843
32853
32831
32836
32836
32840
32839
32831
32839
32834
32853
32855
32835
32827
32816
32828
32843
32843
32839
32837
32837
32847
32841
32840
32843
32841
32855
32827
32814
32846
32835
32833
32866
32837
32840
32841
32839
32849
32867
32849
32829
32859
32848
32865
32846
32840
32851
32829
32835
32831
32843
32833
32837
32823
32848
32837
32823
32834
32839
32861
32855
32825
32834
32843
32831
32829
32839
32851
32861
32857
32859
32839
32831
32817
32845
32749
32835
32840
32831
32838
32849
32863
32880
32877
32840
32863
32858
32865
32855
32834
32825
32860
32868
32850
32823
32843
32837
32810
32803
32821
32807
32807
32805
32825
32840
32837
32839
32839
32793
32794
32812
32839
32856
32846
32841
32838
32856
32845
32831
32846
32847
32831
32840
32851
32846
32853
32831
32831
32837
32855
32847
32823
32839
32838
32853
32871
32841
32817
32839
32829
32839
32839
32858
32855
32843
32830
32825
32836
32836
32846
32845
32836
32815
32821
32849
32823
32838
32823
32843
32835
32832
32816
32827
32842
32825
32841
32851
32834
32863
32865
32850
32858
32817
32829
32837
32844
32831
32844
32830
32829
32831
32823
32839
32839
32846
32833
32839
32833
32825
32826
32844
32840
32821
32825
32838
32847
32820
32817
32830
32825
32826
32829
32803
32806
32828
32828
32813
32823
32840
32830
32823
32835
32817
32811
32835
32847
32843
32837
32841
32818
32831
32834
32838
32835
32813
32800
32823
32849
32837
32827
32839
32835
32834
32828
32851
32837
32839
32823
32843
32851
32842
32825
32805
32812
32838
32839
32831
32825
32826
32823
32819
32831
32839
32848
32819
32833
32841
32854
32842
32839
32811
32839
32841
32855
32842
32824
32833
32830
32819
32813
32840
32835
32816
32795
32779
32815
32809
32801
32811
32802
32803
32836
32828
32845
32837
32833
32834
32833
32847
32842
32851
32848
32824
32830
32823
32828
32823
32817
32817
32818
32833
32812
32827
32806
32827
32833
32831
32835
32819
32821
32829
32822
32838
32835
32827
32821
32838
32824
32839
32842
32838
32837
32811
32796
32809
32821
32839
32839
32828
32823
32815
32831
32866
32870
32855
32847
32843
32839
32823
32834
32863
32855
32852
32851
32855
32834
32846
32847
32856
32845
32829
32827
32847
32860
32853
32831
32825
32812
32847
32855
32825
32845
32847
32859
32843
32849
32852
32855
32859
32845
32839
32828
32842
32855
32855
32835
32831
32823
32829
32861
32863
32848
32847
32851
32849
32866
32868
32842
32841
32809
32821
32839
32870
32865
32839
32850
32839
32847
32827
32807
32815
32839
32858
32849
32817
32839
32827
32829
32836
32845
32867
32843
32843
32837
32817
32871
32871
32839
32860
32861
32834
32823
32843
32858
32871
32866
32883
32865
32863
32831
32817
32831
32835
32816
32831
32839
32859
32846
32868
32851
32830
32827
32849
32856
32848
32852
32829
32835
32833
32835
32842
32867
32847
32854
32853
32855
32840
32853
32863
32867
32840
32841
32831
32843
32845
32823
32824
32856
32853
32837
32857
32850
32831
32847
32847
32839
32847
32839
32859
32855
32835
32848
32851
32850
32860
32851
32857
32852
32832
32842
32853
32852
32839
32857
32863
32845
32839
32829
32844
32863
32869
32873
32853
32851
32845
32844
32856
32831
32849
32859
32864
32847
32847
32840
32844
32832
32837
32849
32875
32847
32842
32855
32853
32871
32871
32853
32860
32840
32871
32865
32871
32860
32840
32852
32856
32869
32858
32873
32877
32874
32864
32862
32845
32850
32853
32839
32839
32858
32847
32851
32856
32855
32853
32865
32855
32822
32833
32839
32849
32843
32818
32819
32823
32855
32871
32861
32845
32833
32879
32887
32871
32847
32807
32811
32819
32839
32836
32832
32833
32839
32838
32857
32851
32852
32859
32860
32829
32854
32866
32860
32855
32844
32861
32861
32851
32837
32839
32836
32843
32853
32842
32820
32851
32843
32842
32849
32845
32831
32856
32855
32839
32858
32860
32831
32861
32881
32861
32859
32837
32829
32844
32852
32856
32869
32890
32877
32854
32852
32881
32881
32884
32894
32877
32857
32858
32879
32875
32879
32874
32881
32890
32849
32842
32857
32855
32833
32841
32874
32851
32845
32858
32868
32879
32877
32844
32841
32833
32856
32857
32853
32855
32835
32862
32879
32865
32869
32859
32847
32839
32835
32859
32857
32855
32845
32823
32859
32838
32849
32851
32831
32840
32845
32833
32826
32829
32847
32839
32847
32845
32846
32851
32837
32814
32836
32837
32853
32850
32845
32843
32852
32837
32863
32850
32857
32857
32870
32843
32851
32839
32859
32865
32834
32855
32857
32839
32847
32845
32834
32806
32836
32855
32854
32861
32861
32844
32853
32855
32823
32853
32855
32848
32852
32878
32877
32856
32855
32865
32855
32868
32862
32835
32840
32863
32862
32859
32863
32862
32817
32831
32871
32863
32867
32858
32860
32855
32835
32863
32866
32848
32839
32825
32822
32835
32853
32861
32851
32837
32837
32824
32858
32839
32849
32834
32843
32855
32866
32854
32826
32833
32847
32853
32851
32844
32845
32859
32879
32857
32842
32861
32867
32835
32838
32839
32833
32835
32836
32855
32838
32831
32862
32877
32872
32844
32857
32852
32837
32863
32865
32873
32855
32855
32853
32849
32868
32863
32876
32871
32855
32869
32841
32826
32843
32841
32859
32841
32849
32851
32849
32866
32862
32839
32821
32833
32808
32817
32826
32825
32823
32859
32863
32855
32855
32844
32839
32855
32859
32855
32859
32854
32862
32833
32848
32860
32856
32868
32885
32901
32875
32873
32843
32848
32847
32847
32858
32860
32844
32835
32843
32853
32867
32863
32859
32853
32843
32837
32859
32857
32851
32853
32858
32839
32866
32863
32841
32850
32837
32841
32839
32823
32817
32837
32849
32843
32846
32850
32855
32865
32827
32845
32827
32847
32864
32865
32835
32839
32842
32849
32844
32847
32869
32867
32855
32857
32839
32843
32843
32825
32831
32858
32853
32830
32820
32841
32837
32833
32838
32837
32842
32821
32861
32871
32857
32864
32871
32857
32864
32853
32855
32867
32856
32883
32869
32886
32876
32882
32851
32856
32851
32835
32841
32837
32832
32825
32856
32840
32813
32840
32835
32857
32855
32833
32856
32839
32834
32852
32834
32843
32846
32823
32841
32851
32853
32868
32856
32863
32871
32839
32846
32849
32840
32852
32871
32880
32858
32865
32853
32857
32858
32872
32844
32862
32858
32881
32875
32847
32848
32872
32874
32842
32845
32866
32869
32853
32875
32895
32875
32860
32861
32861
32855
32831
32871
32859
32865
32857
32841
32857
32856
32869
32846
32831
32849
32843
32848
32855
32862
32862
32856
32853
32859
32849
32843
32873
32863
32865
32843
32841
32846
32863
32873
32836
32847
32852
32860
32867
32845
32849
32855
32870
32862
32860
32851
32875
32871
32851
32869
32861
32850
32863
32854
32869
32854
32851
32861
32871
32839
32843
32847
32851
32863
32839
32823
32829
32833
32865
32865
32870
32857
32862
32874
32865
32847
32843
32839
32837
32861
32853
32849
32859
32857
32859
32864
32888
32861
32859
32852
32841
32855
32853
32852
32839
32837
32851
32847
32839
32826
32851
32842
32850
32873
32861
32854
32865
32865
32867
32854
32839
32858
32881
32859
32846
32847
32851
32835
32845
32853
32852
32851
32845
32839
32857
32865
32871
32855
32847
32850
32869
32858
32868
32893
32872
32860
32855
32855
32864
32858
32834
32847
32847
32845
32844
32855
32858
32845
32853
32853
32856
32873
32879
32856
32849
32851
32849
32859
32833
32843
32844
32853
32863
32869
32855
32861
32863
32862
32863
32830
32863
32858
32855
32852
32857
32872
32856
32874
32880
32887
32871
32851
32849
32853
32825
32855
32870
32852
32842
32866
32859
32867
32857
32839
32863
32881
32857
32823
32843
32852
32863
32863
32851
32854
32867
32869
32835
32865
32859
32861
32862
32863
32878
32856
32844
32864
32853
32847
32855
32869
32854
32837
32837
32834
32827
32840
32859
32840
32840
32839
32830
32829
32829
32855
32859
32864
32849
32846
32861
32848
32849
32848
32825
32839
32859
32851
32842
32834
32867
32843
32831
32840
32839
32852
32868
32839
32818
32835
32847
32855
32853
32842
32832
32843
32846
32859
32838
32849
32849
32855
32855
32858
32857
32839
32826
32830
32827
32812
32832
32845
32846
32853
32857
32819
32799
32826
32831
32823
32840
32837
32839
32855
32847
32836
32833
32836
32817
32833
32829
32826
32829
32861
32850
32839
32834
32831
32834
32853
32863
32864
32845
32851
32850
32837
32868
32863
32844
32843
32837
32857
32869
32854
32834
32841
32837
32833
32828
32835
32842
32841
32843
32828
32841
32855
32845
32835
32850
32853
32869
32854
32841
32835
32820
32855
32853
32861
32856
32867
32843
32843
32849
32882
32861
32851
32866
32857
32830
32840
32847
32840
32838
32848
32839
32841
32839
32828
32837
32849
32854
32855
32839
32837
32830
32877
32891
32872
32868
32872
32871
32860
32839
32830
32825
32857
32843
32839
32865
32853
32863
32870
32868
32849
32861
32857
32866
32869
32854
32883
32870
32849
32853
32835
32827
32852
32861
32850
32837
32839
32856
32858
32845
32851
32846
32834
32845
32841
32845
32845
32851
32863
32859
32861
32863
32863
32880
32863
32848
32866
32853
32861
32870
32836
32835
32837
32833
32858
32867
32868
32832
32846
32853
32839
32857
32846
32860
32857
32847
32832
32846
32866
32865
32861
32855
32836
32841
32861
32861
32845
32841
32856
32868
32853
32845
32836
32849
32837
32848
32854
32867
32844
32845
32847
32837
32839
32851
32851
32857
32849
32869
32851
32840
32883
32881
32858
32844
32870
32855
32839
32851
32863
32861
32871
32851
32845
32865
32858
32857
32874
32856
32859
32878
32867
32864
32870
32874
32864
32871
32862
32875
32853
32847
32877
32888
32867
32860
32858
32872
32873
32841
32869
32854
32872
32872
32844
32829
32863
32845
32843
32851
32839
32845
32839
32852
32855
32869
32858
32876
32849
32854
32872
32871
32851
32874
32876
32852
32859
32883
32851
32851
32857
32832
32831
32853
32877
32879
32877
32865
32866
32847
32855
32873
32876
32839
32849
32855
32871
32871
32880
32872
32871
32856
32861
32847
32851
32863
32842
32857
32846
32865
32859
32854
32855
32847
32855
32869
32849
32858
32867
32879
32895
32883
32861
32856
32878
32894
32869
32864
32857
32866
32867
32861
32841
32847
32862
32875
32855
32856
32841
32857
32878
32885
32855
32849
32849
32864
32867
32877
32851
32854
32869
32876
32868
32878
32903
32901
32888
32886
32878
32865
32856
32879
32881
32877
32881
32866
32882
32871
32856
32860
32861
32839
32861
32855
32853
32867
32862
32855
32847
32873
32860
32852
32863
32869
32835
32868
32863
32871
32866
32851
32850
32869
32877
32871
32881
32887
32857
32877
32878
32881
32867
32861
32868
32856
32868
32878
32883
32871
32891
32868
32875
32855
32863
32878
32863
32871
32878
32870
32859
32866
32870
32860
32889
32879
32864
32871
32847
32863
32885
32867
32870
32880
32879
32885
32867
32851
32871
32865
32865
32859
32871
32849
32838
32869
32881
32863
32851
32845
32863
32852
32864
32873
32877
32864
32867
32851
32879
32845
32857
32871
32873
32879
32873
32858
32857
32835
32836
32865
32873
32863
32869
32860
32883
32839
32831
32859
32879
32866
32871
32857
32871
32889
32862
32851
32872
32881
32892
32888
32870
32862
32873
32860
32887
32880
32879
32873
32879
32877
32873
32855
32882
32885
32876
32891
32847
32862
32869
32855
32857
32863
32871
32878
32871
32871
32859
32858
32857
32872
32869
32851
32886
32887
32879
32860
32870
32901
32874
32851
32845
32844
32863
32872
32874
32893
32875
32856
32843
32863
32855
32873
32879
32881
32857
32863
32857
32874
32876
32845
32843
32847
32847
32861
32853
32871
32838
32853
32854
32861
32853
32853
32843
32883
32899
32876
32858
32879
32871
32892
32865
32864
32853
32857
32865
32869
32864
32873
32879
32871
32860
32867
32869
32875
32877
32862
32866
32857
32839
32846
32861
32849
32863
32865
32865
32860
32839
32853
32855
32851
32851
32861
32867
32879
32869
32871
32863
32854
32883
32874
32864
32843
32847
32871
32873
32872
32872
32869
32851
32828
32869
32889
32870
32867
32847
32871
32867
32865
32863
32858
32888
32899
32889
32871
32891
32897
32905
32881
32879
32871
32865
32888
32885
32877
32877
32883
32871
32887
32871
32848
32846
32866
32863
32869
32877
32871
32855
32852
32873
32871
32864
32889
32880
32872
32859
32875
32861
32881
32875
32887
32887
32874
32858
32873
32861
32880
32871
32862
32845
32858
32862
32859
32855
32855
32881
32864
32868
32890
32875
32866
32873
32864
32851
32882
32886
32845
32846
32859
32869
32871
32861
32851
32841
32861
32876
32870
32846
32837
32863
32857
32862
32862
32873
32871
32853
32857
32871
32869
32882
32866
32871
32871
32875
32881
32854
32850
32871
32871
32887
32883
32870
32867
32880
32887
32886
32873
32856
32875
32891
32863
32874
32891
32887
32915
32904
32871
32852
32855
32871
32879
32872
32873
32875
32899
32893
32886
32889
32891
32899
32867
32879
32873
32898
32889
32893
32895
32863
32878
32874
32859
32847
32835
32867
32894
32887
32885
32879
32867
32852
32859
32876
32878
32887
32903
32869
32876
32884
32871
32881
32888
32869
32899
32886
32861
32856
32840
32853
32853
32870
32875
32886
32883
32879
32879
32872
32883
32908
32883
32868
32877
32887
32885
32870
32855
32872
32869
32870
32863
32891
32877
32871
32858
32879
32887
32883
32866
32878
32859
32856
32861
32856
32863
32881
32859
32861
32869
32859
32867
32864
32848
32864
32855
32860
32846
32873
32873
32875
32883
32879
32868
32849
32863
32839
32852
32859
32863
32876
32868
32861
32857
32851
32869
32872
32848
32867
32862
32840
32855
32857
32847
32844
32875
32885
32859
32863
32887
32883
32863
32861
32875
32869
32855
32857
32863
32882
32875
32870
32869
32871
32871
32870
32868
32859
32890
32875
32852
32879
32885
32859
32881
32875
32885
32877
32897
32885
32857
32856
32881
32881
32883
32870
32893
32871
32850
32858
32887
32883
32884
32903
32897
32871
32857
32856
32887
32870
32871
32870
32869
32877
32883
32870
32891
32890
32871
32831
32859
32884
32873
32855
32840
32846
32851
32845
32860
32846
32840
32873
32866
32852
32851
32841
32868
32871
32863
32867
32854
32867
32868
32869
32880
32875
32879
32865
32861
32866
32861
32855
32869
32865
32846
32869
32878
32867
32867
32865
32867
32873
32877
32874
32895
32871
32877
32876
32865
32850
32891
32885
32884
32868
32862
32864
32865
32871
32865
32871
32861
32871
32867
32873
32855
32875
32879
32855
32889
32871
32843
32885
32881
32859
32871
32887
32879
32878
32871
32867
32874
32883
32873
32882
32881
32873
32873
32861
32871
32864
32869
32880
32879
32844
32854
32847
32859
32839
32849
32849
32865
32871
32863
32855
32865
32881
32873
32865
32870
32874
32871
32847
32849
32846
32849
32874
32871
32864
32881
32868
32865
32869
32858
32861
32841
32865
32862
32833
32850
32858
32860
32872
32862
32843
32865
32863
32871
32858
32879
32873
32865
32855
32875
32847
32834
32867
32878
32871
32860
32896
32878
32853
32849
32859
32861
32871
32879
32887
32881
32861
32858
32867
32869
32872
32881
32875
32857
32861
32881
32861
32851
32863
32855
32861
32852
32853
32869
32855
32879
32867
32866
32876
32881
32876
32875
32851
32858
32857
32841
32847
32854
32853
32869
32856
32853
32875
32881
32871
32872
32876
32867
32859
32887
32872
32865
32855
32849
32849
32840
32844
32869
32863
32868
32877
32873
32850
32842
32861
32895
32891
32899
32865
32894
32904
32907
32871
32853
32850
32865
32873
32876
32875
32863
32873
32896
32903
32893
32869
32880
32881
32866
32863
32879
32870
32846
32878
32885
32860
32857
32859
32861
32871
32879
32900
32898
32877
32890
32871
32887
32888
32862
32867
32888
32881
32889
32874
32869
32871
32889
32881
32863
32879
32873
32869
32863
32885
32897
32876
32851
32868
32883
32895
32874
32880
32899
32876
32898
32867
32845
32855
32871
32855
32863
32907
32917
32878
32871
32883
32863
32863
32862
32873
32884
32879
32878
32865
32865
32886
32867
32863
32887
32897
32883
32867
32871
32916
32886
32893
32887
32879
32892
32883
32884
32889
32860
32887
32883
32867
32879
32886
32873
32889
32870
32847
32871
32880
32876
32875
32849
32862
32873
32871
32895
32879
32852
32879
32880
32890
32871
32873
32879
32873
32882
32890
32877
32879
32863
32865
32845
32853
32861
32863
32882
32880
32855
32852
32857
32879
32904
32907
32887
32875
32879
32883
32865
32855
32855
32866
32871
32871
32869
32867
32862
32863
32886
32882
32880
32899
32891
32879
32895
32904
32903
32866
32877
32887
32891
32891
32880
32890
32889
32898
32913
32886
32882
32871
32900
32899
32887
32857
32885
32895
32908
32867
32877
32878
32864
32863
32866
32868
32849
32861
32862
32858
32877
32873
32865
32877
32878
32871
32879
32876
32865
32881
32871
32883
32872
32875
32875
32887
32878
32861
32841
32865
32879
32878
32862
32853
32863
32871
32865
32868
32874
32888
32889
32901
32883
32859
32886
32871
32893
32899
32869
32871
32864
32884
32872
32875
32916
32909
32877
32855
32863
32863
32869
32880
32906
32883
32887
32866
32871
32887
32881
32893
32868
32887
32885
32905
32898
32879
32893
32885
32895
32919
32901
32889
32870
32901
32889
32887
32906
32895
32891
32890
32887
32887
32882
32867
32862
32876
32890
32877
32860
32891
32872
32877
32866
32873
32895
32857
32899
32888
32884
32903
32901
32883
32885
32895
32889
32899
32883
32867
32863
32895
32891
32889
32898
32893
32873
32869
32861
32886
32899
32890
32878
32875
32879
32876
32891
32890
32879
32887
32885
32879
32886
32891
32884
32894
32903
32903
32894
32915
32880
32879
32883
32889
32897
32874
32891
32908
32919
32900
32874
32876
32882
32876
32892
32912
32897
32863
32865
32880
32907
32903
32893
32882
32885
32887
32867
32861
32891
32905
32902
32865
32869
32888
32897
32875
32857
32887
32903
32900
32919
32899
32889
32887
32856
32893
32887
32889
32883
32881
32872
32875
32883
32908
32901
32883
32873
32887
32887
32895
32898
32876
32876
32889
32893
32900
32906
32919
32897
32901
32906
32894
32877
32878
32877
32885
32899
32889
32851
32873
32883
32890
32878
32884
32865
32858
32871
32887
32887
32885
32895
32884
32889
32895
32909
32909
32889
32879
32892
32898
32889
32871
32871
32887
32881
32888
32883
32881
32893
32905
32882
32872
32872
32873
32879
32895
32877
32879
32904
32885
32879
32871
32879
32886
32891
32895
32883
32911
32883
32877
32883
32865
32882
32885
32902
32876
32869
32875
32877
32879
32889
32895
32896
32901
32894
32897
32880
32880
32878
32875
32851
32875
32913
32919
32901
32887
32893
32890
32875
32873
32909
32898
32875
32876
32879
32869
32889
32871
32878
32887
32890
32871
32858
32880
32895
32871
32871
32881
32886
32887
32894
32885
32871
32895
32885
32887
32883
32883
32875
32855
32857
32886
32880
32861
32877
32875
32901
32874
32882
32903
32903
32879
32879
32863
32866
32862
32876
32882
32859
32844
32871
32893
32901
32886
32886
32880
32863
32883
32877
32844
32843
32872
32885
32885
32879
32893
32857
32855
32863
32882
32875
32887
32870
32873
32873
32859
32864
32879
32875
32848
32868
32881
32858
32863
32853
32869
32884
32879
32895
32865
32881
32897
32868
32869
32873
32867
32875
32864
32869
32871
32878
32864
32856
32863
32871
32887
32895
32874
32879
32875
32863
32890
32873
32891
32887
32870
32859
32861
32857
32861
32869
32878
32866
32855
32863
32883
32895
32865
32895
32901
32905
32890
32877
32879
32887
32893
32880
32891
32904
32895
32880
32865
32881
32875
32871
32895
32871
32871
32865
32867
32855
32865
32865
32863
32869
32856
32873
32861
32887
32886
32864
32881
32881
32860
32846
32860
32868
32867
32865
32897
32895
32897
32876
32887
32885
32868
32872
32866
32855
32878
32887
32866
32845
32847
32880
32890
32863
32849
32860
32879
32858
32880
32891
32874
32890
32903
32899
32906
32883
32859
32874
32865
32869
32880
32885
32882
32881
32884
32876
32855
32877
32883
32880
32886
32886
32866
32865
32874
32881
32855
32863
32878
32863
32861
32863
32874
32875
32871
32873
32862
32871
32892
32881
32899
32885
32860
32865
32885
