33948
33955
33959
33954
33959
33959
33961
33957
33959
33955
33958
33956
33961
33963
33958
33966
33959
33958
33958
33960
33957
33957
33956
33956
33953
33949
33951
33953
33953
33957
33948
33949
33951
33951
33953
33949
33941
33948
33947
33949
33951
33949
33951
33953
33950
33953
33958
33953
33951
33956
33960
33965
33957
33955
33957
33959
33959
33959
33959
33957
33955
33954
33957
33960
33957
33951
33953
33959
33955
33950
33948
33949
33951
33951
33949
33950
33951
33950
33951
33953
33948
33952
33953
33953
33953
33951
33955
33955
33957
33954
33954
33951
33954
33959
33959
33955
33953
33956
33950
33954
33954
33950
33950
33955
33955
33949
33951
33951
33951
33951
33949
33951
33949
33947
33947
33949
33956
33953
33956
33951
33950
33951
33948
33952
33951
33951
33949
33953
33959
33961
33956
33959
33962
33960
33961
33963
33961
33956
33957
33959
33958
33961
33959
33959
33958
33957
33952
33949
33949
33947
33948
33945
33947
33950
33945
33948
33949
33947
33948
33950
33943
33948
33951
33945
33944
33951
33957
33955
33959
33955
33953
33955
33955
33959
33951
33954
33955
33959
33958
33956
33949
33957
33962
33949
33949
33949
33950
33955
33952
33946
33949
33945
33943
33947
33949
33953
33943
33948
33946
33952
33951
33951
33949
33948
33951
33949
33952
33947
33951
33950
33949
33958
33956
33945
33947
33955
33952
33955
33959
33950
33963
33959
33951
33951
33951
33947
33951
33947
33949
33946
33949
33951
33945
33947
33947
33943
33949
33945
33944
33951
33944
33943
33947
33944
33947
33951
33943
33950
33953
33955
33953
33955
33954
33953
33955
33955
33953
33955
33952
33947
33949
33955
33950
33953
33953
33951
33955
33955
33946
33950
33949
33951
33945
33948
33945
33941
33953
33948
33943
33943
33944
33942
33939
33945
33942
33945
33953
33945
33944
33949
33949
33951
33946
33949
33953
33954
33951
33954
33956
33950
33960
33961
33954
33955
33952
33951
33947
33951
33947
33946
33944
33949
33953
33945
33951
33950
33951
33945
33942
33943
33948
33948
33947
33945
33945
33943
33947
33951
33951
33949
33956
33951
33951
33953
33952
33959
33953
33954
33955
33952
33951
33953
33957
33953
33949
33950
33958
33951
33950
33949
33945
33943
33945
33947
33949
33945
33942
33943
33941
33944
33945
33944
33943
33943
33939
33944
33941
33945
33950
33943
33947
33942
33952
33953
33949
33949
33954
33958
33953
33954
33955
33955
33954
33951
33957
33951
33955
33956
33951
33955
33957
33953
33952
33950
33949
33947
33945
33949
33945
33947
33950
33942
33945
33948
33951
33947
33946
33947
33947
33946
33945
33943
33945
33951
33957
33953
33951
33955
33954
33955
33951
33949
33951
33951
33952
33950
33955
33952
33955
33955
33951
33946
33951
33943
33943
33950
33949
33949
33949
33944
33943
33945
33947
33945
33943
33945
33943
33945
33948
33945
33949
33949
33948
33949
33947
33947
33946
33951
33952
33957
33951
33950
33956
33951
33949
33950
33947
33951
33952
33951
33951
33951
33953
33948
33945
33950
33943
33941
33948
33943
33943
33946
33942
33940
33941
33943
33944
33949
33947
33946
33947
33945
33955
33950
33944
33944
33949
33955
33951
33951
33951
33946
33946
33949
33951
33951
33955
33954
33953
33955
33958
33949
33943
33946
33941
33945
33949
33943
33945
33944
33935
33939
33944
33944
33951
33944
33947
33940
33942
33940
33946
33945
33946
33946
33947
33945
33951
33956
33951
33952
33950
33951
33952
33951
33955
33958
33959
33950
33949
33948
33943
33944
33946
33945
33947
33943
33943
33950
33949
33947
33944
33942
33941
33941
33942
33940
33941
33942
33943
33947
33946
33943
33946
33949
33946
33949
33948
33947
33947
33947
33945
33950
33954
33951
33955
33951
33953
33951
33951
33946
33945
33954
33947
33947
33951
33951
33947
33942
33946
33943
33943
33942
33939
33939
33944
33941
33939
33943
33944
33941
33937
33942
33945
33945
33941
33940
33950
33948
33944
33944
33944
33945
33945
33951
33949
33953
33951
33946
33946
33942
33948
33948
33945
33944
33945
33942
33943
33944
33944
33948
33946
33943
33939
33938
33942
33941
33945
33947
33944
33937
33941
33941
33941
33945
33947
33947
33946
33954
33953
33951
33951
33950
33947
33951
33953
33949
33947
33945
33946
33953
33951
33950
33943
33943
33946
33945
33947
33941
33944
33939
33938
33938
33936
33937
33942
33939
33938
33935
33940
33941
33946
33946
33946
33951
33948
33945
33943
33945
33949
33948
33950
33951
33947
33950
33948
33951
33944
33944
33945
33948
33945
33946
33944
33946
33945
33945
33944
33943
33942
33940
33942
33942
33947
33943
33945
33942
33937
33939
33935
33936
33937
33935
33938
33939
33938
33940
33937
33941
33943
33946
33942
33943
33943
33945
33939
33943
33947
33943
33938
33943
33947
33945
33943
33943
33947
33949
33946
33943
33943
33937
33938
33941
33939
33937
33937
33944
33939
33937
33941
33933
33936
33937
33940
33940
33943
33941
33945
33940
33942
33947
33943
33942
33950
33949
33949
33946
33944
33947
33951
33945
33941
33949
33946
33941
33943
33946
33945
33945
33948
33938
33943
33943
33943
33943
33937
33937
33943
33940
33935
33933
33935
33938
33939
33942
33935
33935
33938
33936
33941
33938
33941
33942
33942
33944
33948
33947
33949
33943
33947
33945
33948
33948
33944
33945
33945
33945
33945
33947
33947
33941
33941
33942
33941
33941
33937
33935
33943
33938
33943
33941
33942
33933
33938
33938
33942
33943
33940
33942
33944
33943
33941
33940
33943
33943
33946
33947
33946
33945
33947
33945
33946
33945
33945
33945
33945
33945
33946
33948
33945
33943
33943
33940
33934
33935
33942
33936
33935
33939
33942
33943
33940
33937
33938
33930
33937
33943
33941
33943
33944
33937
33946
33947
33943
33943
33943
33943
33951
33943
33944
33948
33949
33943
33947
33949
33946
33946
33944
33947
33947
33946
33942
33943
33941
33937
33937
33939
33943
33943
33943
33937
33937
33938
33937
33941
33943
33940
33937
33937
33938
33940
33945
33943
33942
33947
33947
33949
33948
33943
33945
33947
33943
33943
33947
33942
33943
33943
33947
33943
33935
33941
33940
33938
33939
33937
33937
33938
33936
33940
33934
33937
33932
33934
33940
33942
33945
33938
33941
33941
33935
33935
33939
33937
33942
33939
33943
33939
33941
33937
33943
33946
33948
33944
33946
33941
33943
33943
33941
33943
33937
33942
33939
33944
33936
33936
33935
33937
33935
33936
33939
33938
33935
33936
33935
33935
33934
33940
33943
33931
33932
33931
33934
33939
33941
33935
33941
33939
33943
33944
33943
33944
33945
33946
33939
33941
33935
33942
33940
33943
33943
33939
33942
33943
33941
33942
33937
33935
33934
33937
33938
33938
33940
33937
33933
33936
33935
33934
33939
33934
33937
33933
33943
33943
33941
33943
33941
33939
33943
33941
33944
33942
33945
33939
33937
33942
33939
33941
33940
33943
33941
33939
33935
33937
33936
33941
33934
33934
33933
33937
33937
33934
33936
33937
33935
33935
33935
33935
33936
33938
33936
33935
33937
33941
33929
33935
33940
33941
33943
33943
33941
33943
33944
33945
33941
33940
33947
33943
33941
33941
33938
33940
33941
33937
33941
33936
33937
33933
33930
33935
33933
33927
33936
33934
33935
33935
33935
33931
33932
33939
33937
33932
33935
33941
33936
33935
33941
33939
33943
33940
33941
33939
33945
33947
33939
33935
33943
33938
33942
33940
33937
33939
33938
33942
33938
33940
33941
33937
33939
33943
33943
33941
33940
33928
33933
33937
33933
33932
33937
33941
33943
33946
33941
33932
33935
33937
33931
33935
33934
33943
33944
33945
33943
33938
33942
33941
33943
33944
33948
33942
33937
33939
33937
33940
33941
33941
33937
33939
33937
33934
33935
33937
33939
33935
33933
33937
33931
33931
33935
33933
33931
33933
33931
33929
33931
33935
33937
33939
33937
33942
33941
33943
33937
33943
33937
33940
33936
33939
33943
33943
33942
33938
33940
33938
33938
33935
33942
33935
33935
33937
33934
33938
33938
33933
33931
33939
33931
33933
33929
33928
33932
33930
33935
33930
33928
33934
33937
33935
33939
33934
33938
33935
33936
33933
33938
33943
33937
33939
33931
33939
33939
33933
33937
33939
33939
33940
33935
33932
33937
33947
33943
33936
33937
33930
33939
33935
33936
33935
33937
33936
33934
33933
33933
33935
33931
33941
33940
33938
33933
33932
33939
33940
33937
33945
33936
33939
33942
33938
33937
33934
33937
33942
33938
33943
33943
33940
33938
33937
33933
33934
33930
33931
33935
33933
33935
33935
33931
33933
33929
33936
33933
33931
33935
33930
33930
33936
33935
33933
33935
33937
33936
33935
33932
33940
33940
33943
33941
33941
33942
33933
33943
33940
33937
33936
33943
33939
33935
33935
33936
33936
33937
33933
33931
33937
33935
33932
33933
33935
33931
33931
33935
33931
33927
33931
33932
33927
33935
33928
33935
33935
33934
33942
33936
33938
33935
33937
33938
33938
33939
33938
33944
33943
33940
33935
33937
33933
33932
33937
33933
33937
33943
33931
33933
33941
33933
33931
33935
33931
33933
33929
33930
33932
33936
33933
33931
33931
33934
33930
33933
33939
33940
33935
33939
33937
33939
33947
33939
33942
33943
33943
33939
33942
33935
33939
33940
33939
33943
33935
33935
33943
33941
33943
33936
33937
33932
33932
33935
33934
33935
33935
33932
33931
33930
33935
33935
33933
33930
33928
33933
33939
33937
33938
33936
33938
33940
33940
33937
33937
33935
33935
33941
33935
33940
33934
33937
33936
33933
33935
33941
33935
33942
33931
33935
33929
33935
33933
33936
33937
33931
33930
33934
33929
33929
33936
33931
33927
33929
33936
33935
33931
33931
33935
33940
33939
33933
33931
33932
33937
33938
33937
33937
33939
33934
33933
33934
33934
33941
33932
33935
33931
33931
33934
33934
33939
33933
33931
33935
33931
33932
33930
33936
33932
33929
33930
33934
33928
33929
33935
33936
33934
33933
33940
33941
33929
33934
33935
33937
33939
33937
33939
33935
33935
33942
33938
33934
33935
33941
33935
33933
33930
33937
33935
33935
33935
33932
33931
33930
33938
33934
33935
33930
33928
33934
33929
33927
33935
33931
33932
33929
33926
33930
33933
33929
33935
33935
33929
33932
33931
33933
33935
33934
33931
33935
33933
33939
33936
33940
33932
33937
33935
33927
33931
33937
33935
33935
33932
33933
33933
33928
33926
33927
33925
33927
33929
33927
33929
33935
33927
33924
33927
33930
33930
33930
33932
33935
33928
33931
33935
33937
33929
33934
33927
33931
33935
33927
33927
33928
33929
33933
33936
33929
33933
33936
33934
33930
33929
33932
33927
33926
33927
33927
33925
33929
33929
33931
33933
33929
33925
33933
33931
33927
33927
33931
33929
33931
33931
33928
33934
33926
33935
33935
33931
33935
33937
33933
33937
33936
33935
33943
33931
33935
33935
33936
33938
33929
33932
33935
33928
33935
33935
33931
33930
33928
33927
33931
33929
33931
33929
33933
33934
33928
33927
33932
33928
33927
33935
33938
33932
33930
33936
33937
33934
33937
33934
33933
33930
33932
33936
33936
33940
33937
33935
33928
33931
33936
33934
33935
33935
33925
33934
33927
33927
33928
33926
33927
33928
33929
33934
33931
33927
33925
33925
33930
33932
33933
33931
33931
33931
33931
33935
33934
33935
33935
33934
33932
33937
33927
33930
33933
33931
33933
33935
33929
33929
33934
33931
33931
33929
33925
33926
33931
33927
33928
33933
33929
33930
33924
33929
33923
33925
33923
33923
33923
33920
33922
33929
33927
33930
33928
33927
33931
33927
33933
33935
33934
33930
33932
33931
33934
33934
33927
33932
33935
33937
33936
33927
33929
33932
33933
33931
33931
33933
33931
33932
33929
33927
33932
33926
33926
33929
33924
33927
33927
33927
33929
33929
33930
33933
33933
33936
33933
33927
33931
33928
33932
33928
33933
33934
33931
33928
33937
33929
33934
33932
33932
33938
33932
33926
33927
33931
33927
33931
33931
33927
33925
33927
33927
33925
33921
33932
33931
33927
33927
33927
33933
33929
33930
33924
33934
33928
33928
33935
33935
33925
33931
33931
33929
33927
33935
33936
33927
33922
33932
33933
33929
33927
33932
33925
33925
33926
33921
33927
33920
33927
33927
33921
33915
33916
33919
33921
33916
33921
33925
33921
33917
33916
33917
33922
33925
33917
33928
33927
33921
33923
33928
33924
33923
33925
33919
33927
33922
33919
33928
33928
33927
33928
33919
33919
33919
33933
33924
33927
33919
33921
33923
33927
33914
33907
33907
33911
33919
33915
33899
33905
33919
33900
33895
33904
33910
33911
33897
33889
33893
33897
33899
33884
33889
33883
33892
33899
33881
33873
33878
33881
33893
33887
33871
33872
33879
33879
33885
33880
33883
33889
33893
33886
33884
33885
33880
33887
33889
33891
33894
33887
33887
33895
33897
33887
33871
33881
33895
33883
33876
33884
33910
33901
33887
33879
33865
33870
33883
33885
33884
33879
33884
33881
33865
33855
33863
33886
33896
33896
33891
33877
33883
33897
33900
33903
33909
33923
33925
33911
33911
33933
33931
33927
33930
33935
33935
33931
33931
33933
33937
33947
33957
33959
33956
33954
33958
33961
33951
33951
33961
33975
33974
33971
33971
33969
33983
33991
33987
33975
33979
34002
34007
34007
34007
34021
34028
34031
34027
34027
34038
34018
34025
34024
34007
34006
33998
33995
33983
33989
34003
34015
34015
33993
33979
33985
33991
34007
34007
34001
33975
33975
33969
33965
33952
33935
33936
33927
33926
33905
33891
33892
33911
33927
33921
33917
33911
33922
33927
33925
33925
33935
33941
33951
33945
33952
33960
33966
33972
33968
33955
33952
33967
33965
33968
33977
33994
34000
33971
33967
33964
33984
33976
33981
33983
33974
33973
33954
33949
33953
33948
33943
33937
33915
33909
33909
33910
33894
33897
33913
33907
33911
33892
33882
33873
33886
33893
33891
33868
33867
33880
33873
33857
33855
33866
33872
33883
33883
33884
33859
33857
33883
33883
33886
33863
33886
33891
33879
33879
33883
33883
33909
33903
33885
33889
33892
33899
33901
33900
33900
33924
33923
33921
33896
33874
33890
33895
33903
33891
33898
33893
33894
33889
33885
33879
33881
33896
33889
33881
33867
33876
33896
33903
33904
33901
33881
33881
33906
33890
33881
33889
33911
33909
33877
33891
33907
33907
33903
33892
33895
33907
33915
33912
33908
33904
33911
33913
33911
33937
33979
34063
34217
34199
34050
33951
33900
33919
33975
34093
34202
34107
34007
33941
33895
33861
33863
33875
33883
33883
33877
33880
33879
33889
33901
33894
33900
33903
33911
33909
33898
33903
33909
33921
33919
33915
33917
33918
33927
33929
33925
33927
33931
33928
33923
33905
33900
33915
33929
33959
34007
34099
34328
34343
34108
34001
33937
33894
33877
33887
33921
33997
34150
34280
34108
33997
33945
33909
33891
33887
33896
33908
33912
33905
33903
33903
33911
33909
33914
33913
33914
33911
33905
33907
33907
33903
33913
33919
33917
33911
33897
33897
33913
33921
33921
33919
33913
33920
33921
33920
33926
33931
33933
33933
33927
33926
33927
33934
33943
33947
33939
33939
33934
33933
33931
33934
33939
33934
33937
33938
33927
33921
33923
33925
33919
33923
33918
33916
33909
33917
33911
33913
33911
33917
33917
33916
33910
33915
33921
33929
33931
33927
33931
33935
33930
33925
33931
33929
33937
33941
33929
33931
33934
33937
33937
33939
33943
33932
33930
33931
33935
33933
33923
33922
33925
33915
33914
33915
33915
33914
33913
33913
33916
33917
33919
33913
33919
33921
33922
33924
33927
33923
33925
33935
33928
33933
33935
33933
33931
33921
33927
33934
33941
33941
33940
33938
33934
33933
33925
33927
33925
33923
33923
33926
33927
33924
33923
33922
33915
33911
33915
33907
33909
33912
33907
33915
33920
33925
33927
33921
33924
33923
33925
33927
33930
33940
33941
33933
33927
33929
33929
33940
33927
33931
33931
33931
33934
33933
33937
33934
33932
33928
33925
33922
33932
33929
33920
33921
33921
33917
33917
33915
33912
33917
33920
33917
33917
33927
33920
33916
33916
33926
33926
33929
33925
33927
33927
33919
33921
33924
33928
33931
33928
33932
33935
33933
33932
33925
33930
33925
33927
33931
33927
33920
33927
33926
33921
33918
33919
33915
33914
33914
33917
33917
33911
33916
33911
33914
33915
33919
33917
33917
33922
33918
33921
33927
33925
33923
33931
33927
33927
33928
33924
33925
33927
33927
33932
33929
33927
33934
33931
33923
33926
33924
33919
33926
33915
33917
33919
33916
33916
33921
33911
33913
33911
33909
33910
33911
33912
33917
33924
33921
33919
33919
33923
33923
33919
33926
33934
33929
33929
33933
33931
33934
33935
33931
33933
33928
33927
33931
33937
33932
33934
33930
33927
33929
33923
33914
33914
33919
33913
33912
33919
33914
33913
33915
33913
33911
33911
33915
33917
33918
33917
33918
33915
33927
33921
33925
33924
33924
33927
33927
33927
33929
33927
33932
33931
33929
33927
33927
33927
33927
33927
33925
33925
33918
33919
33916
33915
33917
33911
33916
33917
33911
33916
33913
33914
33912
33914
33919
33913
33914
33922
33921
33923
33927
33921
33926
33925
33927
33927
33929
33925
33930
33922
33927
33928
33934
33933
33934
33935
33927
33923
33923
33920
33923
33919
33923
33913
33919
33918
33914
33915
33915
33913
33911
33912
33913
33909
33906
33913
33916
33913
33917
33919
33919
33916
33924
33923
33929
33923
33919
33927
33923
33925
33923
33925
33924
33928
33928
33934
33931
33927
33926
33929
33924
33924
33925
33918
33921
33922
33921
33916
33915
33918
33915
33912
33911
33912
33917
33913
33917
33919
33918
33915
33928
33922
33925
33922
33919
33919
33927
33935
33928
33925
33925
33927
33930
33927
33923
33927
33930
33928
33927
33922
33922
33922
33917
33919
33923
33918
33919
33915
33910
33916
33912
33917
33917
33906
33911
33915
33911
33913
33912
33907
33911
33911
33917
33911
33919
33915
33921
33921
33925
33919
33921
33927
33925
33925
33925
33927
33920
33926
33923
33917
33925
33925
33919
33919
33919
33923
33917
33917
33911
33911
33908
33909
33908
33905
33905
33904
33902
33909
33907
33911
33913
33911
33911
33911
33916
33913
33921
33918
33924
33923
33921
33923
33921
33923
33919
33925
33923
33927
33923
33923
33920
33919
33923
33927
33915
33917
33913
33912
33913
33915
33911
33910
33908
33904
33911
33911
33909
33911
33908
33912
33909
33911
33913
33913
33913
33917
33919
33921
33926
33926
33923
33926
33927
33927
33923
33926
33928
33919
33919
33919
33918
33921
33917
33919
33919
33909
33908
33911
33907
33906
33903
33905
33909
33908
33906
33904
33904
33909
33908
33909
33906
33907
33914
33911
33916
33912
33917
33923
33923
33922
33919
33923
33925
33927
33927
33923
33924
33921
33924
33919
33919
33921
33925
33918
33916
33921
33917
33914
33914
33917
33911
33911
33906
33911
33911
33905
33907
33905
33909
33909
33910
33909
33903
33911
33917
33918
33917
33925
33917
33919
33920
33922
33915
33919
33919
33919
33923
33919
33914
33916
33915
33917
33918
33918
33921
33914
33912
33913
33911
33909
33913
33916
33913
33913
33915
33913
33911
33911
33909
33913
33912
33911
33911
33910
33915
33915
33914
33922
33921
33913
33911
33921
33918
33921
33922
33924
33926
33929
33927
33918
33925
33921
33922
33917
33917
33924
33917
33913
33915
33912
33911
33913
33909
33903
33909
33906
33905
33910
33907
33902
33905
33903
33913
33907
33909
33915
33908
33915
33911
33916
33919
33923
33919
33920
33923
33917
33922
33919
33919
33921
33919
33920
33917
33917
33917
33917
33915
33918
33912
33911
33905
33909
33911
33911
33907
33906
33908
33909
33905
33903
33903
33903
33903
33904
33908
33906
33909
33909
33914
33915
33919
33915
33918
33915
33917
33917
33915
33917
33921
33917
33919
33912
33919
33922
33921
33921
33923
33913
33917
33911
33910
33901
33908
33907
33903
33901
33908
33900
33903
33906
33903
33902
33903
33908
33911
33913
33911
33911
33910
33911
33913
33914
33917
33923
33924
33921
33915
33927
33922
33926
33925
33918
33921
33923
33915
33913
33908
33913
33916
33913
33911
33910
33910
33907
33905
33905
33903
33906
33905
33907
33901
33906
33904
33903
33903
33899
33905
33911
33909
33913
33917
33913
33921
33913
33910
33914
33919
33919
33915
33913
33911
33911
33916
33913
33911
33912
33912
33916
33919
33917
33917
33915
33913
33910
33911
33913
33912
33905
33910
33911
33901
33907
33909
33905
33911
33912
33911
33907
33911
33916
33917
33918
33917
33922
33917
33919
33920
33917
33922
33919
33921
33919
33920
33919
33913
33917
33914
33915
33919
33917
33913
33913
33916
33917
33913
33914
33907
33914
33913
33911
33905
33904
33909
33909
33905
33905
33901
33904
33911
33913
33909
33911
33916
33919
33920
33916
33922
33925
33925
33915
33915
33917
33917
33919
33917
33914
33918
33922
33921
33915
33920
33912
33916
33921
33911
33905
33901
33904
33909
33909
33905
33901
33911
33902
33908
33907
33906
33905
33909
33911
33911
33909
33911
33914
33913
33914
33917
33913
33918
33917
33915
33918
33918
33923
33919
33919
33919
33917
33919
33919
33917
33910
33911
33911
33911
33905
33909
33903
33908
33901
33907
33905
33909
33904
33903
33903
33899
33907
33907
33906
33909
33910
33911
33916
33916
33911
33915
33913
33916
33921
33919
33914
33919
33915
33919
33927
33919
33918
33919
33918
33915
33918
33911
33907
33911
33906
33907
33903
33900
33901
33901
33904
33901
33903
33900
33905
33906
33905
33899
33901
33905
33907
33911
33910
33907
33912
33913
33915
33915
33911
33908
33911
33913
33907
33911
33910
33911
33908
33899
33897
33901
33903
33903
33897
33893
33892
33893
33892
33887
33891
33884
33885
33893
33888
33887
33889
33884
33887
33891
33888
33891
33891
33895
33895
33895
33895
33892
33902
33895
33898
33900
33901
33897
33888
33892
33891
33893
33892
33887
33891
33888
33887
33893
33887
33887
33880
33887
33887
33882
33886
33885
33893
33894
33897
33891
33897
33896
33899
33894
33893
33897
33902
33904
33905
33903
33905
33907
33906
33906
33910
33915
33915
33919
33919
33913
33911
33913
33921
33927
33923
33918
33918
33932
33965
34038
34181
34247
34065
33955
33901
33869
33894
33958
34092
34180
34039
33949
33907
33879
33869
33862
33865
33869
33873
33881
33885
33883
33886
33891
33889
33897
33891
33897
33897
33900
33897
33901
33903
33907
33909
33911
33911
33909
33908
33908
33911
33907
33913
33914
33915
33911
33913
33911
33903
33903
33899
33901
33898
33901
33905
33904
33905
33905
33909
33907
33908
33909
33911
33911
33919
33911
33912
33919
33919
33919
33921
33919
33917
33918
33915
33912
33919
33919
33915
33912
33911
33911
33909
33909
33909
33905
33905
33907
33901
33903
33903
33903
33900
33898
33895
33895
33901
33904
33907
33912
33915
33919
33911
33915
33915
33919
33919
33917
33915
33921
33919
33922
33925
33919
33925
33915
33911
33912
33914
33901
33903
33904
33899
33903
33903
33899
33899
33899
33893
33900
33901
33902
33901
33910
33901
33901
33901
33901
33908
33911
33907
33909
33911
33914
33915
33916
33911
33911
33915
33916
33911
33913
33913
33915
33909
33909
33912
33913
33906
33903
33899
33901
33895
33896
33903
33901
33901
33901
33900
33898
33896
33896
33897
33904
33908
33911
33909
33907
33914
33915
33911
33915
33912
33911
33918
33915
33913
33915
33909
33909
33918
33911
33899
33907
33910
33905
33907
33903
33907
33903
33899
33903
33905
33897
33902
33903
33902
33899
33904
33907
33905
33905
33905
33906
33903
33903
33904
33907
33909
33908
33910
33907
33913
33917
33907
33908
33906
33907
33901
33906
33911
33912
33909
33907
33911
33908
33906
33911
33909
33912
33907
33905
33908
33907
33905
33905
33913
33907
33911
33909
33903
33904
33908
33909
33905
33909
33911
33905
33906
33903
33907
33900
33902
33907
33907
33907
33899
33903
33905
33910
33905
33904
33903
33905
33909
33907
33908
33911
33911
33909
33911
33915
33913
33908
33915
33905
33904
33901
33907
33905
33905
33901
33897
33901
33904
33901
33903
33904
33895
33903
33901
33904
33901
33904
33906
33904
33905
33909
33910
33909
33911
33912
33914
33911
33911
33913
33914
33912
33913
33913
33911
33910
33911
33913
33910
33903
33909
33906
33906
33903
33901
33896
33897
33893
33897
33895
33896
33895
33901
33897
33900
33899
33895
33904
33907
33905
33910
33914
33911
33903
33908
33909
33914
33911
33911
33913
33911
33907
33907
33903
33902
33907
33903
33901
33897
33897
33902
33902
33889
33895
33889
33891
33895
33895
33899
33896
33898
33901
33902
33905
33903
33907
33902
33903
33911
33903
33910
33913
33907
33909
33911
33909
33910
33907
33908
33904
33903
33900
33902
33901
33899
33899
33903
33900
33893
33891
33898
33895
33893
33895
33895
33895
33890
33894
33895
33895
33895
33903
33897
33895
33894
33903
33903
33906
33907
33907
33906
33910
33904
33909
33906
33908
33907
33900
33903
33904
33901
33902
33902
33896
33901
33895
33899
33906
33904
33897
33896
33903
33896
33899
33901
33901
33896
33902
33898
33897
33900
33898
33897
33899
33899
33902
33909
33899
33906
33904
33903
33901
33901
33898
33897
33899
33899
33900
33898
33905
33900
33897
33899
33902
33899
33900
33896
33901
33901
33900
33897
33904
33900
33901
33902
33902
33903
33895
33897
33898
33898
33898
33903
33903
33903
33898
33897
33901
33899
33900
33897
33895
33897
33901
33902
33903
33902
33903
33903
33902
33905
33908
33903
33906
33903
33909
33907
33902
33903
33905
33903
33901
33902
33904
33902
33896
33896
33899
33896
33899
33898
33895
33893
33895
33895
33893
33892
33894
33893
33896
33897
33901
33894
33898
33901
33897
33901
33901
33903
33908
33909
33905
33903
33905
33905
33909
33911
33905
33904
33905
33902
33900
33900
33903
33893
33894
33893
33899
33900
33893
33891
33894
33889
33896
33897
33891
33895
33891
33892
33895
33901
33896
33901
33903
33900
33904
33903
33906
33907
33907
33910
33910
33911
33907
33905
33903
33895
33903
33900
33900
33900
33894
33896
33896
33894
33896
33895
33896
33887
33890
33893
33894
33893
33893
33896
33899
33895
33899
33897
33899
33903
33903
33905
33904
33895
33899
33909
33909
33903
33909
33899
33906
33903
33899
33905
33899
33895
33895
33902
33895
33897
33894
33895
33893
33897
33895
33890
33892
33892
33891
33890
33897
33895
33895
33897
33893
33895
33895
33895
33898
33899
33903
33896
33899
33905
33908
33900
33896
33897
33903
33899
33898
33900
33899
33900
33897
33897
33894
33893
33897
33899
33901
33903
33895
33893
33895
33897
33897
33899
33900
33895
33898
33895
33901
33895
33895
33895
33899
33900
33899
33901
33897
33898
33900
33899
33895
33898
33896
33893
33897
33902
33897
33895
33895
33898
33898
33899
33901
33901
33903
33899
33903
33897
33893
33897
33900
33896
33904
33899
33895
33896
33901
33896
33899
33895
33896
33895
33896
33895
33891
33887
33888
33888
33890
33892
33897
33899
33903
33901
33903
33904
33905
33906
33910
33909
33907
33901
33906
33911
33907
33901
33908
33908
33903
33903
33907
33904
33902
33900
33901
33902
33895
33897
33896
33892
33895
33895
33890
33894
33889
33895
33892
33895
33895
33895
33895
33903
33901
33895
33899
33901
33902
33901
33904
33906
33909
33903
33898
33905
33905
33904
33904
33907
33904
33898
33900
33899
33899
33893
33891
33889
33887
33895
33897
33896
33896
33895
33900
33899
33895
33895
33896
33899
33902
33901
33906
33903
33902
33904
33904
33909
33911
33911
33910
33909
33910
33908
33905
33909
33906
33906
33907
33904
33902
33901
33895
33891
33897
33895
33894
33890
33887
33894
33898
33889
33894
33891
33893
33893
33895
33895
33893
33899
33903
33903
33907
33908
33907
33909
33901
33906
33906
33901
33904
33897
33897
33901
33901
33904
33899
33899
33897
33898
33895
33895
33897
33899
33895
33897
33892
33892
33889
33896
33899
33896
33893
33897
33891
33897
33893
33899
33894
33894
33903
33903
33896
33899
33899
33895
33893
33895
33899
33897
33904
33889
33897
33895
33893
33892
33891
33894
33893
33898
33899
33895
33897
33899
33893
33891
33895
33896
33895
33894
33895
33895
33896
33893
33899
33900
33897
33897
33905
33895
33894
33897
33897
33901
33899
33901
33897
33895
33895
33897
33899
33897
33904
33897
33899
33898
33899
33903
33904
33902
33903
33904
33903
33903
33899
33901
33901
33899
33903
33899
33901
33898
33889
33896
33898
33895
33898
33895
33896
33895
33891
33895
33893
33896
33895
33896
33809
33899
33895
33892
33898
33901
33899
33899
33899
33903
33899
33903
33903
33906
33906
33895
33904
33901
33903
33902
33899
33899
33894
33898
33893
33891
33892
33896
33895
33889
33887
33886
33888
33890
33898
33893
33893
33899
33895
33894
33895
33899
33904
33899
33897
33900
33901
33907
33907
33910
33906
33905
33903
33897
33903
33903
33905
33895
33897
33896
33895
33891
33893
33893
33887
33896
33891
33891
33887
33885
33885
33889
33894
33889
33889
33894
33895
33894
33895
33897
33895
33901
33906
33907
33904
33903
33909
33905
33906
33902
33903
33902
33905
33901
33903
33901
33896
33901
33900
33899
33899
33897
33900
33898
33895
33891
33894
33894
33894
33897
33892
33895
33895
33896
33891
33897
33897
33897
33896
33897
33904
33903
33903
33895
33896
33905
33901
33900
33897
33900
33897
33897
33899
33897
33903
33895
33892
33894
33897
33894
33895
33888
33893
33895
33894
33895
33895
33892
33893
33897
33895
33897
33894
33900
33895
33894
33894
33892
33895
33889
33893
33899
33896
33900
33895
33895
33896
33895
33897
33897
33895
33894
33899
33897
33897
33898
33895
33895
33895
33895
33899
33895
33893
33891
33896
33897
33895
33896
33895
33893
33895
33893
33895
33892
33889
33893
33890
33892
33894
33887
33891
33895
33886
33891
33891
33892
33894
33895
33895
33892
33895
33899
33896
33897
33894
33897
33897
33895
33898
33897
33905
33900
33895
33899
33897
33894
33899
33895
33895
33891
33891
33894
33891
33889
33884
33891
33895
33893
33893
33893
33893
33895
33893
33892
33892
33896
33897
33894
33893
33901
33897
33892
33900
33898
33899
33897
33898
33898
33903
33899
33899
33897
33899
33899
33897
33894
33893
33891
33887
33893
33888
33885
33881
33890
33893
33891
33881
33882
33881
33888
33890
33897
33891
33891
33893
33893
33892
33892
33897
33901
33896
33896
33901
33900
33901
33897
33896
33897
33898
33900
33895
33894
33895
33895
33895
33893
33887
33885
33887
33889
33887
33890
33887
33887
33894
33885
33887
33887
33889
33889
33891
33891
33890
33895
33895
33891
33889
33893
33895
33895
33892
33895
33899
33896
33895
33900
33891
33891
33892
33887
33891
33889
33888
33896
33890
33895
33894
33895
33894
33887
33887
33885
33884
33887
33888
33889
33892
33893
33891
33891
33891
33899
33898
33895
33897
33891
33891
33895
33900
33902
33897
33899
33898
33896
33897
33901
33897
33892
33880
33892
33895
33892
33886
33893
33895
33895
33890
33892
33895
33887
33893
33895
33893
33890
33895
33892
33891
33891
33891
33890
33887
33887
33887
33887
33883
33894
33891
33894
33895
33889
33887
33891
33891
33893
33892
33893
33893
33896
33892
33893
33893
33896
33895
33895
33891
33891
33893
33897
33901
33895
33890
33895
33895
33895
33887
33891
33893
33884
33885
33887
33887
33887
33887
33890
33888
33887
33887
33884
33885
33888
33891
33893
33891
33891
33891
33895
33895
33890
33891
33894
33898
33895
33889
33894
33889
33887
33887
33891
33889
33891
33887
33890
33891
33888
33889
33893
33888
33887
33883
33888
33887
33885
33885
33879
33889
33883
33882
33889
33886
33887
33889
33890
33897
33894
33895
33896
33895
33889
33896
33894
33899
33895
33891
33895
33891
33889
33895
33895
33899
33890
33891
33886
33885
33885
33881
33882
33885
33883
33884
33883
33883
33887
33887
33881
33885
33887
33891
33893
33891
33890
33890
33889
33889
33892
33895
33894
33896
33900
33899
33900
33893
33896
33893
33895
33895
33895
33894
33890
33890
33888
33890
33888
33886
33884
33886
33889
33887
33883
33883
33887
33881
33880
33884
33881
33887
33892
33890
33893
33885
33891
33892
33886
33887
33892
33891
33893
33893
33893
33890
33888
33891
33893
33890
33893
33884
33889
33887
33888
33885
33888
33883
33888
33885
33889
33887
33887
33881
33888
33885
33888
33886
33889
33887
33892
33895
33893
33893
33890
33883
33891
33892
33890
33893
33895
33893
33895
33892
33893
33890
33887
33886
33891
33893
33895
33889
33893
33890
33887
33889
33886
33889
33887
33892
33887
33889
33891
33884
33883
33884
33889
33886
33887
33895
33883
33885
33887
33880
33883
33887
33891
33891
33887
33887
33890
33887
33885
33887
33889
33887
33886
33889
33888
33894
33889
33887
33889
33885
33892
33895
33893
33886
33887
33889
33887
33887
33888
33887
33881
33890
33884
33885
33885
33881
33879
33878
33881
33880
33880
33877
33875
33871
33871
33876
33876
33876
33877
33877
33877
33881
33879
33877
33883
33883
33879
33881
33881
33883
33879
33877
33881
33877
33885
33874
33876
33883
33882
33879
33875
33877
33877
33873
33872
33873
33871
33871
33871
33873
33871
33875
33872
33869
33878
33874
33878
33885
33879
33880
33882
33883
33886
33889
33887
33886
33882
33883
33887
33895
33891
33889
33887
33886
33889
33891
33887
33891
33894
33893
33887
33893
33885
33884
33892
33891
33895
33891
33887
33886
33895
33895
33891
33897
33907
33899
33897
33904
33903
33904
33912
33911
33906
33905
33909
33907
33911
33910
33914
33911
33907
33896
33899
33893
33895
33895
33895
33889
33889
33884
33886
33883
33879
33877
33878
33877
33879
33875
33877
33879
33879
33878
33879
33879
33879
33877
33879
33881
33886
33881
33882
33883
33879
33876
33879
33885
33879
33878
33884
33887
33892
33880
33880
33877
33880
33884
33885
33887
33885
33885
33884
33881
33875
33879
33885
33882
33885
33885
33885
33883
33887
33883
33883
33879
33884
33883
33879
33879
33882
33876
33879
33887
33879
33872
33883
33893
33893
33887
33889
33895
33885
33888
33889
33889
33887
33889
33891
33891
33896
33895
33895
33893
33889
33893
33892
33890
33891
33891
33887
33889
33884
33889
33890
33887
33881
33883
33887
33881
33879
33885
33879
33881
33879
33885
33883
33879
33883
33879
33875
33883
33881
33887
33883
33889
33889
33889
33889
33887
33896
33897
33889
33889
33893
33885
33889
33886
33881
33889
33883
33880
33882
33881
33877
33877
33884
33879
33875
33877
33877
33879
33883
33879
33878
33877
33883
33881
33883
33881
33887
33887
33887
33888
33883
33887
33883
33883
33887
33892
33893
33890
33885
33887
33888
33882
33887
33880
33881
33883
33881
33877
33875
33881
33880
33878
33878
33877
33878
33871
33872
33877
33882
33878
33883
33876
33881
33888
33881
33885
33885
33885
33881
33881
33879
33881
33882
33889
33881
33891
33889
33891
33886
33883
33889
33887
33882
33887
33884
33881
33885
33881
33878
33889
33877
33879
33880
33884
33885
33884
33887
33884
33881
33881
33885
33881
33882
33882
33878
33881
33882
33882
33886
33885
33881
33883
33879
33881
33883
33886
33888
33880
33876
33877
33881
33884
33882
33885
33883
33885
33885
33877
33882
33885
33885
33882
33881
33883
33887
33879
33881
33886
33884
33881
33881
33889
33882
33878
33887
33884
33879
33881
33886
33885
33885
33881
33887
33883
33885
33889
33891
33889
33893
33885
33889
33885
33885
33891
33887
33884
33886
33887
33885
33883
33883
33883
33879
33884
33889
33883
33879
33876
33877
33881
33880
33883
33878
33879
33876
33885
33879
33887
33879
33877
33881
33879
33883
33883
33881
33878
33887
33887
33886
33892
33891
33880
33887
33887
33884
33887
33883
33888
33886
33883
33887
33885
33877
33879
33885
33883
33883
33879
33877
33884
33887
33881
33879
33883
33889
33878
33879
33882
33883
33884
33885
33881
33885
33885
33889
33889
33884
33883
33883
33889
33892
33884
33884
33889
33887
33883
33883
33879
33881
33885
33877
33878
33881
33879
33882
33882
33878
33875
33879
33883
33874
33879
33882
33878
33877
33881
33887
33883
33882
33881
33880
33882
33885
33883
33883
33882
33879
33879
33886
33885
33890
33885
33884
33880
33883
33885
33877
33883
33879
33883
33878
33880
33879
33881
33877
33878
33877
33879
33878
33878
33879
33876
33879
33885
33880
33880
33878
33877
33881
33880
33884
33875
33881
33881
33879
33880
33879
33879
33879
33883
33880
33882
33879
33879
33879
33884
33884
33885
33883
33884
33879
33876
33880
33881
33885
33883
33876
33883
33883
33878
33880
33885
33879
33879
33876
33880
33881
33878
33881
33886
33881
33885
33883
33882
33883
33879
33879
33878
33877
33881
33885
33883
33880
33880
33885
33887
33879
33880
33879
33880
33881
33880
33878
33883
33885
33879
33883
33885
33878
33887
33882
33881
33885
33881
33876
33878
33883
33878
33877
33881
33881
33874
33879
33876
33881
33880
33879
33885
33880
33875
33878
33881
33881
33881
33875
33879
33879
33883
33879
33883
33880
33879
33881
33885
33882
33883
33879
33882
33881
33877
33873
33873
33871
33875
33879
33873
33875
33877
33871
33875
33879
33875
33879
33872
33877
33881
33879
33878
33879
33881
33881
33877
33881
33885
33877
33881
33889
33879
33883
33885
33879
33881
33877
33879
33875
33879
33879
33876
33879
33873
33870
33869
33874
33877
33881
33881
33878
33879
33881
33880
33879
33879
33879
33880
33877
33880
33883
33885
33879
33882
33887
33889
33882
33885
33889
33878
33879
33883
33885
33879
33878
33879
33872
33879
33877
33876
33876
33873
33870
33872
33875
33873
33879
33875
33873
33871
33876
33873
33876
33877
33879
33881
33881
33879
33877
33878
33881
33878
33877
33881
33880
33881
33881
33884
33879
33876
33879
33878
33879
33879
33880
33879
33876
33875
33877
33872
33881
33878
33874
33879
33882
33873
33877
33879
33876
33879
33879
33873
33872
33871
33873
33879
33886
33881
33881
33875
33889
33874
33875
33879
33876
33874
33873
33879
33882
33871
33871
33878
33869
33883
33876
33879
33872
33873
33874
33872
33873
33880
33877
33872
33871
33877
33879
33880
33872
33878
33877
33878
33877
33877
33879
33871
33875
33881
33871
33876
33881
33884
33883
33879
33877
33877
33876
33877
33875
33875
33873
33877
33885
33886
33881
33881
33881
33879
33879
33875
33881
33884
33879
33879
33881
33879
33878
33879
33877
33873
33871
