32546
32620
32600
32472
32321
32311
32187
32355
32297
32280
32071
31991
32146
32333
32374
32399
32392
32366
32547
32613
32389
32528
32454
32686
32449
32407
32646
32292
32652
32290
32511
32362
32482
32393
32507
32455
32423
32489
32438
32476
32516
32366
32537
32307
32487
32349
32527
32284
32409
32669
32306
32487
32414
32133
32751
32153
32777
32141
32625
32339
32499
32472
32549
32559
32431
32550
32375
32585
32361
32507
32381
32492
32477
32517
32385
32284
32439
32388
32465
32436
32215
32424
32732
32185
32821
32151
32767
32187
32455
32471
32343
32553
32326
32681
32292
32658
32443
32647
32415
32639
32447
32625
32511
32551
32399
32262
32381
32450
32415
32455
32399
32483
32443
32464
32493
32451
32503
32469
32405
32365
32315
32395
32367
32638
32303
32301
32365
32423
31988
32666
31899
32802
31871
32761
32225
32487
32499
32293
32611
32225
32644
32214
32607
32316
32537
32321
32482
32447
32447
32417
32371
32359
32407
32393
32432
32365
32391
32446
32315
32383
32361
32423
32410
32413
32493
32439
32452
32424
32465
32440
32384
32470
32411
32489
32429
32367
32465
32417
32458
32499
32435
32311
32321
32412
32406
32417
32443
32483
32536
32590
32403
32502
32459
32442
32432
32213
32297
32367
32311
32439
32479
32507
32403
32385
32441
32304
32311
32149
32447
32230
32475
32367
32470
32345
32423
32391
32497
32463
32481
32499
32432
32491
32457
32479
32476
32457
32503
32585
32471
32365
32387
32449
32575
32486
32272
32407
32679
32411
32173
32559
32237
32455
32370
32479
32451
32277
32224
32074
32220
32480
32536
31898
32276
32589
32460
32353
32514
32268
32346
32491
32207
32568
32468
32278
32673
31967
32653
32446
32159
32745
32041
32761
32333
32336
32363
32350
32117
32421
32686
32164
32397
32634
32205
32710
31782
32999
31549
32882
31389
32825
31994
31311
32988
31335
32453
32086
31766
32823
31341
33067
31208
33134
31378
32940
31503
32791
31675
32132
32433
32247
32683
32439
32447
32449
32455
32435
32079
32319
32213
32151
32193
32151
32656
32240
31846
32903
31717
33093
31682
33054
31794
32791
32193
32578
32339
32431
32541
32300
32570
32374
32729
32239
32755
32215
32779
32295
32710
32314
32556
32327
32584
32461
32601
32485
32523
32503
32535
32469
32475
32503
32457
32362
32278
32260
32217
31900
32380
32529
31907
32219
32462
31607
32865
31610
33072
31695
32994
31973
32761
32279
32354
32517
32258
32518
32290
32417
32342
32594
32353
32583
32382
32548
32402
32567
32508
32481
32526
32553
32467
32519
32499
32441
32543
32470
32597
32460
32546
32475
32503
32521
32422
32524
32487
32406
32357
32573
32435
32431
32545
32511
32485
32557
32536
32525
32477
32488
32457
32503
32493
32464
32507
32445
32503
32470
32503
32505
32183
32313
32185
32079
32471
32239
31698
31981
32799
32454
32613
32435
32567
32351
32435
32615
32628
32370
32521
32583
32511
32436
32554
32513
32511
32616
32551
32519
32592
32666
32607
32543
32572
32689
32638
32657
32620
32661
32671
32671
32720
32671
32643
32741
32727
32713
32753
32703
32663
32555
32565
32505
32427
32863
32325
32588
32553
32966
32529
32624
32673
32622
32382
32579
32746
32211
32912
32586
32849
32647
32337
33089
32098
32763
32547
32620
32769
32717
32660
32724
32566
32505
32711
32917
32479
32815
32355
32848
32240
32745
32459
32639
32395
32483
32578
31874
32100
32996
31513
33247
31745
32906
32375
32361
32871
31999
33077
31745
33175
31663
33087
31635
32875
32074
32647
32232
32673
32346
32575
32419
32601
32169
32193
32188
32025
32321
32393
32732
31805
32865
32210
32613
32393
32316
32767
32030
32848
32054
32791
32063
32573
32327
32245
32589
32389
32603
32403
32515
32583
32482
32581
32397
32475
32520
32375
32466
32536
32461
32467
32490
32493
32570
32510
32545
32469
32538
32430
32247
31748
31263
32344
32355
32311
31749
32924
31648
32671
31958
32362
32492
31911
32913
31870
32892
32039
32639
32235
32298
32471
32279
32443
32422
32297
32549
32359
32511
32325
32552
32415
32449
32492
32477
32471
32434
32465
32511
32477
32492
32476
32451
32417
32459
32417
32410
32389
32440
32494
32429
32435
32354
32441
32393
32464
32540
32523
32503
32511
32449
32455
32459
32533
32471
32401
32527
32500
32402
32477
32415
32480
32481
32479
32325
32195
32240
32344
32193
31818
32012
32578
32627
32255
32499
32448
32479
32333
32559
32391
32465
32419
32483
32440
32376
32360
32546
32477
32504
32525
32514
32471
32495
32495
32509
32476
32509
32459
32442
32423
32429
32537
32534
32476
32527
32457
32477
32514
32492
32576
32505
32506
32473
32401
32503
32241
32332
32250
32375
31799
32463
32645
32019
32207
32568
32273
32301
31771
31827
32375
32554
31754
32929
31860
32809
31962
31120
33175
31096
33190
31425
32889
31973
32471
32119
32615
32169
32343
32075
32489
32275
32488
32161
32683
32250
32679
32329
32723
31911
32078
32834
32023
32086
32796
31335
33099
31260
33111
31614
32814
32086
32393
32323
32099
32766
31816
32965
31643
32970
32055
32781
32239
32771
32191
32531
32283
32219
32261
32069
32287
32461
31362
31543
32827
31009
32979
31012
32916
31623
32599
32330
32367
32473
32076
32735
31939
32452
32159
32345
32231
32299
32231
32578
32275
32695
32426
32556
32414
32529
32482
32403
32468
32431
32341
32473
32400
32413
32477
32495
32460
32511
32489
32482
32407
32583
32486
32514
32567
32548
32209
32850
32214
32855
32197
32743
32337
32409
32353
32255
32508
32328
32514
32443
32428
32435
32595
32455
32611
32434
32503
32449
32535
32474
32525
32487
32423
32443
32569
32495
32539
32528
32538
32504
32493
32485
32341
32532
32383
32449
32463
32451
32478
32501
32445
32467
32455
32489
32487
32465
32524
32453
32394
32497
32439
32465
32447
32405
32535
32407
32527
32433
32434
32475
32445
32508
32401
32402
32345
32451
32471
32364
32535
32518
32469
32489
32541
32517
32570
32607
32586
32519
32487
32565
32579
32507
32527
32563
32566
32499
32524
32545
32566
32546
32481
32488
32383
32322
32393
32321
32272
32536
32302
32453
32503
32535
32514
32551
32551
32267
32388
32375
32403
32328
32406
32349
32391
32410
32331
32352
32496
32453
32535
32423
32511
32524
32519
32461
32351
32285
32349
32494
32436
32492
32491
32533
32587
32375
32633
32491
32483
32615
32432
32599
32424
32617
32507
32501
32282
32387
32395
32367
32419
32412
32368
32484
32361
32510
32447
32516
32439
32600
32531
32381
32575
32523
32539
32615
32472
32558
32293
32535
32429
32433
32362
32639
32551
32525
32541
32573
32506
32405
32465
32337
32313
32234
32318
32507
32339
32451
32476
32469
32423
32407
32503
32472
32451
32519
32312
32662
32390
32499
32525
32533
32503
32496
32392
32289
32461
32182
32533
32396
32577
32425
32420
32456
32483
32449
32533
32647
32555
32577
32535
32671
32543
32586
32555
32511
32586
32599
32520
32550
32550
32539
32476
32631
32549
32524
32579
32589
32398
32609
32505
32505
32620
32411
32694
32408
32679
32505
32587
32552
32455
32630
32451
32635
32537
32432
32571
32535
32597
32557
32577
32523
32533
32561
32533
32573
32551
32549
32631
32587
32574
32583
32409
32367
32418
32279
32452
32401
32495
32527
32425
32498
32341
32503
32460
32384
32517
32291
32463
32342
32451
32452
32248
32405
32311
32439
32447
32437
32427
32541
32535
32437
32484
32534
32503
32394
32399
32530
32477
32440
32509
32485
32449
32429
32494
32511
32533
32473
32557
32519
32510
32500
32552
32605
32586
32565
32549
32477
32416
32359
32407
32451
32488
32497
32509
32519
32503
32636
32463
32513
32587
32668
32413
32685
32507
32507
32455
32313
32369
32431
32407
32413
32429
32515
32528
32502
32485
32451
32391
32462
32501
32467
32443
32455
32549
32265
32487
32288
32407
32150
31483
32765
32087
32630
32396
32655
32379
32551
32397
32561
32327
32519
32460
32509
32477
32479
32460
32476
32437
32443
32441
32488
32537
32528
32520
32475
32530
32432
32546
32526
32539
32411
32375
32367
32379
32415
32377
32447
32443
32483
32436
32423
32477
32411
32511
32433
32501
32403
32519
32523
32495
32483
32430
32425
32507
32473
32515
32467
32493
32518
32487
32570
32571
32604
32451
32494
32360
32297
32371
32146
32213
32587
32113
32596
32338
32535
32370
32523
32445
32513
32514
32417
32298
32463
32527
32485
32433
32459
32429
32540
32445
32544
32531
32455
32455
32327
32441
32457
32495
32447
32514
32390
32427
32437
32587
32437
32496
32497
32521
32468
32562
32481
32598
32590
32509
32526
32401
32439
32308
32439
32447
32479
32431
32257
32483
32451
32511
32478
32488
32577
32438
32522
32476
32559
32401
32392
32425
32391
32446
32417
32506
32537
32425
32587
32367
32405
32183
32085
32297
32291
32527
32391
32469
32343
32530
32374
32402
32284
32440
32347
32327
32455
32446
32497
32485
32423
32611
32411
32457
32470
32422
32350
32421
32300
32414
32283
32401
32443
32337
32644
32438
32456
32495
32395
32344
32199
32310
32361
32419
32422
32379
32439
32311
32371
32378
32426
32446
32462
32476
32466
32486
32592
32568
32525
32589
32549
32479
32545
32440
32344
32316
32343
32373
32379
32427
32319
32407
32370
32406
32432
32502
32533
32473
32447
32444
32462
32465
32444
32411
32407
32473
32525
32431
32419
32457
32535
32565
32525
32537
32539
32517
32468
32439
32465
32513
32471
32410
32365
32395
32477
32405
32413
32460
32458
32468
32397
32403
32423
32398
32420
32360
32371
32436
32416
32535
32531
32529
32553
32598
32618
32561
32503
32533
32519
32551
32529
32544
32549
32563
32533
32337
32517
32343
32435
32507
32453
32457
32380
32385
32367
32367
32431
32403
32438
32447
32398
32437
32491
32525
32552
32548
32522
32541
32496
32521
32401
32371
32282
32293
32396
32437
32487
32506
32562
32602
32427
32401
32591
32653
32577
32543
32516
32461
32329
32393
32413
32485
32433
32421
32457
32408
32479
32547
32417
32449
32475
32422
32450
32423
32438
32441
32439
32456
32467
32452
32467
32516
32481
32437
32447
32467
32451
32378
32309
32373
32299
32367
32324
32359
32297
32393
32463
32450
32407
32385
32391
32407
32391
32387
32383
32397
32417
32311
32392
32460
32523
32520
32544
32553
32593
32535
32492
32475
32389
32318
32520
32316
32481
32371
32417
32343
32417
32374
32391
32415
32427
32413
32442
32364
32420
32366
32377
32425
32421
32465
32461
32537
32629
32511
32655
32327
32422
32591
32497
32537
32378
32471
32366
32472
32375
32494
32289
32397
32358
32451
32449
32513
32516
32469
32497
32392
32369
32382
32295
32305
32356
32441
32520
32530
32527
32373
32303
32429
32518
32601
32439
32322
32442
32588
32695
32537
32367
32408
32679
32682
32496
32607
32631
32620
32607
32553
32526
32445
32491
32451
32426
32393
32489
32413
32483
32480
32575
32579
32569
32529
32353
32356
32551
32429
32494
32423
32492
32508
32234
32367
32388
32524
32475
32528
32505
32543
32547
32635
32583
32665
32599
32593
32617
32602
32602
32636
32662
32613
32615
32633
32618
32615
32611
32510
32578
32407
32480
32393
32319
32401
32365
32334
32417
32295
32469
32398
32389
32373
32441
32453
32410
32433
32486
32451
32534
32494
32503
32561
32464
32497
32560
32406
32342
32421
32467
32508
32516
32484
32584
32547
32575
32593
32637
32577
32577
32604
32603
32603
32575
32601
32598
32593
32579
32613
32652
32558
32538
32583
32545
32595
32587
32545
32571
32559
32609
32571
32520
32599
32439
32345
32447
31919
32839
32248
32761
32323
32602
32519
32571
32559
32561
32549
32542
32585
32567
32563
32538
32439
32388
32437
32436
32435
32451
32424
32465
32354
32435
32447
32455
32481
32436
32389
32399
32416
32455
32413
32447
32521
32447
32469
32451
32530
32548
32511
32521
32501
32513
32550
32505
32538
32525
32505
32489
32471
32531
32499
32493
32504
32439
32445
32420
32403
32480
32496
32453
32359
32513
32397
32497
32447
32568
32417
32580
32529
32574
32585
32529
32643
32535
32583
32539
32518
32585
32527
32609
32580
32611
32641
32538
32557
32577
32560
32546
32597
32602
32570
32571
32571
32576
32561
32613
32546
32537
32583
32582
32501
32311
32303
32405
32417
32452
32405
32465
32471
32455
32433
32415
32453
32393
32395
32466
32423
32501
32399
32490
32523
32507
32535
32501
32489
32452
32445
32370
32341
32465
32483
32359
32415
32460
32471
32440
32447
32583
32532
32561
32581
32453
32471
32501
32515
32546
32548
32528
32423
32454
32377
32390
32366
32340
32357
32357
32347
32400
32415
32479
32450
32540
32601
32577
32607
32589
32614
32616
32565
32585
32567
32559
32627
32571
32536
32541
32557
32558
32558
32572
32548
32527
32638
32521
32577
32615
32565
32583
32541
32570
32483
32216
32482
32245
32395
32581
32590
32479
32565
32451
32607
32511
32556
32469
32483
32530
32475
32491
32469
32548
32469
32545
32512
32509
32535
32525
32441
32494
32454
32493
32553
32401
32501
32514
32585
32509
32485
32621
32511
32532
32621
32529
32651
32473
32681
32507
32589
32551
32553
32569
32527
32505
32594
32554
32553
32621
32559
32585
32599
32604
32597
32537
32622
32581
32557
32547
32554
32517
32611
32556
32585
32525
32578
32599
32533
32552
32549
32565
32543
32474
32545
32527
32591
32523
32530
32570
32521
32601
32561
32575
32547
32571
32615
32529
32551
32584
32520
32593
32527
32578
32536
32562
32571
32556
32562
32573
32518
32546
32519
32545
32583
32538
32589
32580
32523
32537
32559
32615
32589
32569
32597
32581
32586
32570
32596
32626
32561
32551
32585
32611
32577
32556
32583
32582
32555
32549
32509
32550
32517
32532
32550
32521
32569
32557
32567
32551
32561
32595
32615
32585
32581
32533
32579
32589
32531
32591
32577
32542
32517
32545
32563
32521
32341
32284
32282
32392
32355
32447
32472
32549
32451
32438
32659
32469
32283
32686
32379
32658
32472
32604
32387
32321
32554
32423
32529
32463
32541
32543
32607
32481
32516
32505
32475
32549
32553
32463
32335
32246
32319
32408
32391
32373
32370
32381
32351
32423
32368
32447
32569
32615
32605
32535
32460
32435
32415
32625
32560
32514
32525
32560
32597
32514
32561
32538
32540
32594
32496
32565
32475
32298
32362
32339
32519
32181
32614
32333
32666
32513
32615
32581
32521
32559
32487
32464
32452
32633
32480
32375
32439
32558
32493
32503
32457
32255
32503
32329
32330
32459
32223
32261
32423
32253
32648
32294
32542
32335
32668
32483
32542
32409
32585
32481
32447
32469
32417
32480
32307
32479
32479
32574
32556
32435
32470
32412
32295
32444
32350
32659
32467
32569
32509
32492
32543
32591
32599
32605
32580
32561
32299
32525
32188
32528
32323
32591
32373
32621
32397
32425
32491
32417
32561
32491
32536
32527
32538
32551
32489
32520
32399
32431
32456
32427
32507
32450
32451
32495
32435
32524
32462
32431
32487
32479
32510
32419
32431
32397
32461
32421
32433
32317
32468
32579
32638
32514
32590
32555
32343
32418
32312
32303
32303
32391
32359
32411
32377
32423
32345
32453
32504
32412
32407
32421
32428
32495
32457
32577
32541
32517
32523
32470
32460
32413
32371
32439
32394
32443
32276
32421
32428
32405
32477
32419
32378
32343
32393
32511
32471
32481
32456
32587
32447
32464
32517
32516
32476
32430
32337
32413
32358
32273
32519
32308
32497
32389
32457
32413
32438
32423
32469
32457
32523
32503
32411
32337
32496
32588
32538
32534
32393
31752
32810
31944
32621
32175
32521
32431
32519
32601
32522
32523
32495
32624
32544
32539
32476
32561
32531
32578
32575
32551
32453
32412
32341
32447
32375
32447
32387
32439
32408
32397
32440
32425
32464
32499
32478
32449
32453
32429
32436
32506
32407
32393
32342
32551
32482
32477
32455
32431
32376
32442
32473
32447
32476
32428
32467
32523
32445
32414
32482
32399
32455
32481
32497
32471
32528
32497
32439
32349
32348
32383
32458
32439
32489
32462
32475
32517
32543
32543
32615
32559
32635
32563
32575
32587
32551
32603
32536
32556
32600
32573
32608
32517
32571
32575
32573
32557
32597
32577
32575
32540
32602
32532
32586
32568
32583
32545
32537
32549
32582
32502
32575
32517
32554
32581
32522
32559
32544
32589
32591
32545
32571
32553
32587
32556
32550
32551
32596
32560
32593
32586
32569
32531
32559
32595
32520
32559
32541
32562
32541
32568
32589
32565
32559
32573
32551
32587
32514
32535
32576
32551
32595
32550
32543
32582
32549
32607
32533
32579
32497
32570
32560
32522
32561
32573
32564
32563
32591
32599
32629
32567
32584
32535
32574
32521
32591
32591
32563
32554
32553
32502
32527
32529
32559
32625
32568
32556
32542
32555
32582
32582
32575
32538
32533
32605
32524
32591
32543
32546
32583
32517
32546
32543
32597
32580
32556
32541
32559
32602
32613
32506
32575
32557
32529
32557
32567
32583
32545
32541
32599
32583
32580
32563
32557
32537
32537
32528
32557
32498
32363
32359
32445
32325
32463
32385
32415
32421
32452
32473
32494
32467
32497
32481
32431
32435
32349
32429
32433
32441
32523
32473
32467
32415
32485
32457
32456
32506
32627
32583
32565
32549
32588
32563
32575
32584
32529
32379
32311
32383
32482
32463
32509
32452
32521
32483
32398
32458
32423
32418
32481
32507
32593
32555
32438
32387
32308
32372
32327
32347
32408
32361
32392
32521
32437
32506
32471
32543
32591
32587
32611
32575
32597
32551
32584
32570
32493
32560
32595
32509
32567
32543
32579
32613
32562
32572
32554
32530
32527
32555
32591
32499
32558
32539
32551
32581
32575
32547
32602
32528
32579
32553
32595
32559
32551
32557
32422
32306
32333
32216
32331
32315
32359
32459
32402
32558
32415
32563
32477
32469
32564
32563
32527
32569
32571
32593
32553
32585
32569
32551
32445
32544
32509
32587
32583
32624
32601
32594
32625
32625
32637
32599
32602
32471
32521
32599
32503
32536
32595
32541
32603
32545
32601
32539
32538
32551
32559
32589
32538
32604
32623
32501
32531
32535
32542
32539
32542
32536
32557
32575
32589
32553
32611
32533
32597
32574
32574
32593
32592
32541
32599
32577
32586
32625
32565
32597
32593
32555
32598
32564
32609
32558
32575
32613
32538
32615
32557
32535
32647
32573
32601
32519
32551
32648
32565
32615
32570
32593
32590
32545
32553
32545
32599
32584
32554
32565
32523
32533
32553
32563
32607
32580
32600
32555
32527
32567
32581
32551
32584
32544
32549
32503
32553
32556
32465
32309
32373
32016
31763
32050
32049
32305
32470
32619
32467
32554
32369
32485
32529
32459
32375
32456
32399
32451
32413
32481
32404
32447
32456
32413
32591
32447
32535
32403
32519
32476
32539
32553
32507
32583
32581
32550
32550
32613
32579
32587
32549
32543
32537
32532
32523
32449
32442
32469
32501
32605
32577
32546
32605
32523
32567
32561
32577
32557
32527
32535
32523
32513
32577
32503
32595
32519
32549
32563
32508
32554
32535
32578
32560
32535
32567
32527
32547
32551
32593
32567
32551
32574
32604
32504
32549
32513
32511
32595
32559
32586
32543
32536
32565
32541
32543
32543
32557
32547
32517
32584
32551
32537
32540
32535
32586
32522
32503
32595
32511
32639
32517
32551
32474
32491
32077
32267
32311
32193
32313
32466
32359
32501
32491
32504
32471
32393
32348
32520
32268
32483
32281
32428
32393
32409
32331
32401
32364
32471
32423
32533
32425
32464
32509
32454
32485
32482
32521
32499
32516
32482
32491
32408
32563
32417
32438
32397
32369
32429
32361
32417
32408
32450
32391
32423
32461
32429
32423
32480
32519
32533
32540
32485
32463
32427
32375
32350
32430
32483
32520
32487
32502
32517
32567
32495
32429
32320
32341
32481
32349
32436
32441
32459
32457
32511
32463
32479
32451
32587
32477
32567
32437
32454
32393
32449
32469
32527
32543
32558
32521
32605
32490
32422
32483
32517
32637
32448
32465
32480
32473
32621
32423
32637
32419
32606
32178
32381
32178
32473
32343
32595
32425
32486
32431
32455
32450
32422
32477
32523
32491
32517
32427
32445
32431
32439
32513
32442
32455
32407
32399
32469
32630
32469
32299
32423
32530
32519
32519
32564
32547
32537
32539
32516
32575
32495
32546
32582
32485
32583
32524
32615
32561
32556
32601
32548
32547
32591
32496
32539
32442
32399
32415
32653
32345
32631
32535
32487
32483
32400
32413
32446
32453
32431
32487
32425
32477
32559
32546
32480
32423
32435
32381
32437
32424
32408
32496
32443
32368
32508
32432
32535
32450
32513
32513
32474
32456
32495
32503
32535
32515
32543
32580
32502
32582
32557
32593
32549
32540
32575
32505
32572
32525
32555
32573
32554
32566
32569
32513
32589
32531
32535
32514
32554
32518
32487
32552
32571
32553
32537
32579
32524
32537
32537
32567
32590
32604
32588
32575
32573
32514
32519
32578
32537
32571
32555
32591
32530
32561
32585
32551
32563
32582
32555
32554
32519
32535
32313
32462
32456
32619
32570
32577
32537
32604
32182
32591
32519
32413
32565
32524
32570
32444
32709
32354
32779
32397
32744
32625
32646
32671
32503
32723
32552
32621
32598
32535
32661
32578
32668
32551
32641
32653
32475
32673
32551
32641
32555
32605
32586
32584
32589
32551
32574
32617
32609
32621
32605
32581
32571
32597
32587
32546
32547
32578
32543
32597
32535
32589
32557
32582
32619
32415
32471
32342
32371
31615
32807
31861
32839
32089
32649
32243
32563
32448
32548
32481
32504
32457
32511
32551
32471
32464
32364
32486
32457
32472
32420
32443
32523
32519
32561
32413
32475
32486
32425
32451
32461
32447
32481
32428
32448
32355
32451
32465
32496
32418
32458
32443
32431
32511
32423
32423
32329
32377
32390
32420
32433
32276
32494
32477
32501
32543
32544
32575
32529
32435
32631
32485
32605
32477
32585
32519
32563
32563
32541
32602
32543
32536
32534
32514
32513
32571
32557
32551
32499
32529
32599
32566
32593
32505
32452
32581
32511
32530
32559
32559
32557
32539
32535
32531
32535
32567
32533
32555
32565
32553
32551
32544
32563
32548
32523
32571
32543
32530
32519
32497
32586
32455
32535
32521
32567
32566
32478
32580
32517
32521
32563
32471
32580
32543
32505
32493
32567
32527
32536
32567
32534
32521
32562
32519
32541
32572
32511
32551
32483
32533
32553
32498
32571
32531
32551
32566
32518
32583
32482
32535
32548
32543
32561
32566
32544
32599
32504
32569
32525
32507
32595
32519
32608
32519
32552
32601
32511
32551
32590
32549
32513
32531
32533
32531
32511
32535
32513
32559
32581
32559
32578
32510
32474
32529
32524
32529
32523
32607
32519
32537
32545
32491
32521
32555
32522
32555
32509
32573
32599
32440
32529
32567
32569
32519
32521
32585
32551
32573
32567
32545
32593
32534
32602
32539
32633
32589
32551
32551
32567
32607
32634
32527
32565
32487
32571
32600
32563
32549
32551
32487
32569
32597
32589
32523
32485
32592
32564
32573
32549
32501
32602
32547
32607
32572
32554
32533
32459
32525
32511
32559
32607
32554
32568
32551
32554
32568
32498
32493
32528
32560
32605
32470
32537
32585
32591
32619
32478
32598
32573
32518
32570
32580
32598
32551
32487
32641
32565
32523
32479
32565
32605
32521
32545
32533
32514
32577
32543
32610
32584
32553
32592
32483
32555
32569
32569
32623
32554
32583
32516
32479
32571
32539
32553
32469
32535
32529
32543
32605
32534
32452
32475
32453
32518
32453
32360
32362
32419
32393
32341
32378
32468
32391
32327
32409
32371
32385
32405
32516
32641
32392
32498
32740
32416
32410
32521
32418
32433
32235
32447
32379
32488
32395
32371
32387
32467
32443
32386
32371
32376
32333
32453
32401
32498
32507
32509
32589
32559
32596
32494
32447
32544
32510
32585
32662
32548
32527
32568
32511
32545
32555
32611
32505
32493
32412
32376
32446
32438
32543
32592
32505
32417
32362
32363
32455
32517
32563
32563
32401
32389
32303
32532
32603
32627
32415
32191
32369
32575
32519
32433
32599
32386
32311
32471
32321
32320
32577
32499
32399
32357
32322
32534
32532
32356
32290
32323
32636
32583
32358
32337
32551
32615
32329
32218
32517
32648
32368
32261
32634
32559
32191
32337
32649
32313
32265
32595
32500
32224
32620
32251
32225
32649
32423
32511
32537
32526
32519
32486
32447
32493
32487
32561
32521
32526
32534
32533
32515
32481
32518
32507
32513
32591
32532
32455
32463
32480
32519
32525
32487
32498
32493
32557
32595
32559
32569
32590
32609
32487
32514
32583
32571
32527
32496
32619
32597
32471
32538
32545
32574
32559
32514
32528
32528
32529
32569
32500
32503
32515
32511
32539
32531
32583
32521
32388
32493
32551
32471
32508
32468
32591
32507
32507
32395
32536
32545
32497
32563
32563
32563
32471
32415
32592
32551
32525
32512
32461
32539
32452
32507
32511
32471
32546
32551
32565
32548
32467
32487
32455
32533
32555
32489
32519
32409
32395
32410
32411
32122
32175
32387
32374
32362
32392
32327
32406
32420
32505
32415
32339
32419
32277
32343
32394
32428
32491
32497
32463
32511
32505
32441
32317
32365
32439
32489
32565
32502
32491
32482
32387
32309
32351
32383
32445
32453
32434
32431
32380
32407
32397
32383
32415
32339
32445
32453
32471
32367
32385
32459
32559
32436
32504
32462
32391
32367
32367
32401
32386
32415
32465
32422
32509
32481
32539
32523
32438
32473
32535
32552
32338
32347
32365
32421
32443
32473
32383
32624
32356
32275
32689
32152
32636
32247
32570
32404
32515
32563
32449
32517
32487
32503
32487
32440
32473
32331
32267
32633
32545
32522
32533
32375
32460
32500
32526
32469
32428
32375
32343
32489
32403
32355
32410
32386
32401
32383
32397
32399
32388
32385
32354
32406
32430
32399
32395
32377
32432
32543
32493
32487
32469
32473
32507
32460
32369
32403
32322
32543
32405
32538
32415
32447
32392
32327
32275
32440
32375
32421
32551
32485
32538
32464
32332
32355
32327
32335
32395
32343
32415
32339
32391
32399
32380
32452
32472
32471
32528
32557
32440
32410
32385
32381
32410
32359
32438
32516
32509
32399
32439
32459
32435
32442
32459
32364
32477
32452
32524
32529
32527
32553
32433
32370
32577
32245
32631
32247
32351
32335
32337
32426
32415
32438
32485
32469
32509
32457
32428
32451
32449
32359
32389
32366
32351
32277
32361
32294
32371
32411
32345
32407
32382
32463
32454
32429
32611
32523
32409
32371
32378
32415
32401
32335
32368
32331
32398
32365
32393
32474
32430
32468
32475
32479
32399
32445
32427
32402
32407
32430
32348
32322
32492
32393
32485
32514
32631
32591
32335
32655
32415
32530
32541
32391
32577
32559
32469
32531
32075
32591
32301
32629
32413
32525
32417
32482
32445
32494
32455
32506
32435
32483
32533
32497
32539
32551
32581
32569
32537
32409
32565
32357
32478
32437
32589
32421
32527
32430
32428
32482
32443
32479
32435
32444
32502
32435
32461
32543
32464
32523
32447
32504
32375
32529
32248
32415
32371
32493
32335
32445
32408
32511
32423
32443
32511
32341
32489
32507
32482
32386
32263
32327
32459
32263
32392
32383
32355
32669
32183
31905
32423
32593
32503
32489
32392
32230
32263
32391
32542
32495
32157
32174
32274
32457
32663
32485
32265
32195
32641
32607
32277
32599
32604
32533
32613
32668
32599
32539
32585
32562
32611
32522
32560
32513
32561
32574
32553
32575
32572
32607
32537
32574
32547
32578
32587
32575
32601
32614
32589
32639
32543
32627
32557
32631
32567
32591
32564
32579
32596
32536
32647
32567
32592
32557
32583
32583
32564
32569
32587
32613
32529
32618
32546
32531
32545
32631
32487
32545
32452
32537
32513
32568
32602
32557
32601
32555
32587
32586
32487
32524
32572
32597
32517
32491
32598
32593
32498
32564
32560
32565
32546
32559
32590
32474
32650
32561
32531
32631
32561
32584
32528
32675
32629
32563
32645
32647
32673
32632
32645
32577
32589
32517
32295
32415
32364
32434
32425
32492
32477
32553
32559
32637
32615
32543
32602
32407
32557
32479
32594
32627
32547
32519
32428
32464
32387
32459
32388
32473
32389
32463
32453
32556
32551
32496
32557
32451
32431
32377
32302
32471
32524
32344
32579
32479
32474
32634
32529
32547
32569
32579
32549
32621
32599
32553
32613
32553
32573
32531
32544
32653
32480
32631
32585
32541
32632
32571
32609
32556
32585
32567
32599
32573
32519
32586
32585
32535
32541
32615
32566
32540
32583
32531
32579
32539
32579
32541
32577
32492
32598
32571
32567
32581
32571
32599
32548
32549
32582
32611
32515
32535
32553
32546
32591
32494
32529
32577
32559
32534
32509
32597
32536
32551
32530
32499
32539
32601
32535
32573
32593
32554
32541
32564
32612
32511
32556
32568
32484
32572
32513
32515
32537
32583
32447
32488
32561
32555
32552
32529
32514
32543
32515
32441
32273
32567
32548
31676
32103
32562
32283
32641
32364
32387
32396
32501
32492
32435
32516
32518
32488
32439
32568
32469
32631
32512
32557
32586
32541
32561
32526
32470
32568
32511
32487
32599
32571
32462
32585
32543
32455
32673
32511
32526
32605
32518
32537
32565
32537
32589
32515
32530
32530
32616
32525
32455
32497
32592
32544
32604
32435
32527
32589
32570
32479
32511
32585
32546
32455
32546
32599
32463
32609
32555
32626
32438
32521
32556
32482
32567
32561
32623
32547
32491
32530
32483
32483
32615
32584
32599
32566
32526
32429
32433
32515
32527
32511
32553
32544
32585
32483
32525
32527
32523
32579
32475
32558
32561
32511
32521
32573
32515
32481
32495
32591
32531
32511
32548
32590
32587
32515
32523
32541
32569
32585
32470
32496
32477
32517
32572
32552
32541
32569
32569
32613
32501
32585
32561
32496
32547
32577
32535
32548
32539
32558
32449
32472
32603
32415
32615
32503
32585
32511
32559
32543
32550
32480
32619
32488
32505
32528
32559
32552
32472
32651
32487
32591
32459
32511
32584
32485
32547
32633
32583
32557
32375
32527
32471
32603
32635
32503
32407
32493
32520
32526
32628
32587
32598
32389
32508
32451
32517
32503
32530
32665
32504
32538
32541
32494
32531
32567
32584
32475
32499
32611
32516
32506
32578
32616
32442
32444
32515
32518
32584
32568
32487
32521
32595
32565
32588
32527
32584
32555
32526
32559
32543
32575
32523
32611
32585
32557
32598
32530
32509
32592
32522
32553
32494
32626
32535
32535
32532
32505
32375
32502
32535
32566
32621
32519
32583
32495
32535
32479
32485
32559
32517
32567
32567
32535
32579
32484
32500
32527
32483
32609
32539
32583
32593
32583
32507
32461
32503
32567
32557
32593
32552
32531
32511
32516
32519
32483
32559
32591
32546
32553
32510
32499
32457
32467
32557
32551
32575
32573
32534
32513
32466
32485
32503
32531
32598
32549
32628
32523
32523
32519
32519
32511
32527
32548
32577
32519
32492
32573
32486
32553
32604
32647
32609
32503
32517
32497
32519
32487
32527
32645
32559
32538
32497
32463
32486
32546
32551
32619
32574
32616
32509
32491
32522
32477
32549
32577
32496
32636
32591
32472
32528
32467
32515
32547
32534
32563
32539
32549
32487
32506
32550
32583
32583
32491
32516
32499
32580
32583
32564
32511
32487
32543
32631
32542
32484
32590
32625
32534
32459
32588
32584
32533
32567
32529
32625
32566
32571
32625
32528
32565
32585
32624
32509
32477
32588
32332
32581
32425
32376
32613
32585
32509
32468
32555
32679
32508
32563
32457
32568
32662
32471
32700
32596
32522
32481
32615
32609
32475
32539
32605
32605
32511
32531
32609
32559
32487
32511
32652
32551
32505
32567
32641
32583
32425
32586
32625
32501
32521
32565
32543
32397
32586
32515
32609
32571
32591
32561
32639
32563
32511
32536
32639
32432
32303
32238
32298
32504
32215
32167
31919
32651
32285
32598
32343
32609
32455
32547
32465
32549
32548
32534
32563
32521
32527
32415
32407
32453
32413
32488
32487
32450
32402
32479
32321
32337
32471
32494
32553
32419
32529
32423
32437
32445
32419
32527
32490
32597
32636
32555
32572
32565
32511
32535
32479
32459
32494
32526
32400
32501
32250
32309
32391
32659
32418
32503
32471
32479
32464
32387
32461
32467
32487
32611
32561
32470
32444
32417
32499
32386
32456
32483
32476
32527
32526
32549
32551
32550
32589
32591
32587
32579
32534
32583
32526
32601
32589
32505
32603
32531
32617
32607
32515
32566
32443
32351
32351
32486
32409
32437
32438
32399
32487
32463
32511
32485
32471
32466
32471
32451
32443
32447
32467
32479
32473
32389
32494
32433
32544
32393
32590
32525
32016
32773
31959
32732
31813
32802
31761
32941
32033
32722
32383
32581
32496
32494
32575
32530
32522
32506
32583
32499
32585
32578
32527
32477
32414
32292
32491
32462
32480
32489
32462
32500
32507
32566
32467
32327
32691
32425
31727
32454
32618
32485
32377
32654
32481
32671
32317
32489
32368
32479
32484
32517
32485
32554
32544
32474
32501
32465
32506
32535
32454
32557
32518
32503
32405
32575
32431
32535
32337
32536
32552
32453
32631
32431
32700
32477
32420
32411
32289
32484
32391
32535
32459
32497
32406
32347
32413
32482
32471
32486
32435
32537
32523
32557
32567
32511
32445
32355
32473
32498
32371
32552
32426
32434
32494
32467
32478
32224
32567
32428
32551
32495
32455
32470
32429
32419
32390
32439
32412
32558
32485
32589
32511
32484
32519
32350
32447
32417
32443
32593
32471
32610
32504
32456
32563
32308
32417
32362
32297
32453
32309
32443
32431
32444
32517
32473
32399
32476
32511
32553
32563
32563
32533
32536
32492
32463
32463
32500
32527
32443
32430
32351
32411
32373
32353
32285
32314
32305
32524
32415
32281
32125
32480
32487
32379
32214
32442
32344
32458
32484
32442
32583
32487
32378
32420
32393
32374
32223
32389
32354
32334
32546
32527
32535
32586
32433
32393
32295
32369
32520
32501
32678
32269
32505
32719
32385
32565
32549
32502
32566
32534
32613
32539
32588
32583
32583
32574
32561
32639
32612
32583
32553
32567
32566
32605
32539
32569
32497
32529
32509
32539
32616
32555
32489
32572
32502
32566
32539
32565
32538
32522
32537
32555
32551
32563
32520
32598
32567
32584
32610
32548
32626
32549
32540
32570
32569
32617
32504
32576
32564
32589
32563
32555
32567
32537
32549
32591
32535
32575
32615
32525
32591
32527
32580
32537
32597
32619
32604
32576
32609
32546
32592
32511
32561
32629
32575
32570
32536
32628
32619
32531
32617
32511
32587
32536
32617
32597
32566
32559
32612
32532
32567
32562
32574
32579
32523
32594
32624
32527
32459
32492
32493
32583
32327
32506
32387
32408
32387
32426
32575
32423
32475
32505
32571
32644
32611
32660
32532
32469
32573
32521
32489
32400
32533
32563
32519
32477
32573
32621
32430
32556
32505
32631
32495
32565
32612
32676
32593
32596
32678
32594
32565
32510
32679
32653
32546
32558
32593
32651
32507
32580
32446
32171
32225
32298
32379
32379
32424
32375
32445
32347
32391
32306
32333
32362
32311
32411
32249
32413
32541
32515
32575
32429
32397
32388
32339
32430
32395
32496
32519
32583
32586
32493
32493
32453
32534
32587
32635
32498
32389
32317
32456
32606
32568
32441
32335
32261
32382
32541
32581
32563
32435
32314
32243
32513
32622
32394
32201
32276
32643
32596
32381
32339
32661
32583
32474
32567
32575
32527
32531
32499
32287
32476
32346
32091
32277
32565
32465
32306
32229
32220
32505
32633
32455
32319
32287
32503
32623
32640
32366
32341
32247
32511
32653
32598
32379
32437
32587
32453
32691
32529
32574
32479
32519
32550
32520
32527
32527
32543
32597
32531
32593
32508
32449
32497
32531
32598
32541
32537
32519
32513
32551
32543
32552
32548
32536
32575
32476
32567
32593
32485
32553
32535
32517
32568
32588
32486
32544
32537
32522
32477
32531
32535
32493
32532
32476
32507
32596
32496
32581
32509
32555
32484
32519
32525
32472
32555
32603
32526
32478
32500
32546
32533
32511
32535
32516
32572
32577
32565
32591
32539
32543
32562
32569
32521
32553
32517
32437
32489
32572
32521
32581
32439
32279
32143
32010
32239
32303
32307
32415
32455
32486
32449
32442
32491
32477
32463
32493
32476
32534
32434
32497
32427
32446
32483
32454
32543
32469
32579
32563
32397
32560
32355
32495
32418
32307
32304
32341
32285
32461
32377
32442
32425
32455
32425
32377
32437
32483
32385
32423
32329
32441
32391
32407
32407
32469
32407
32427
32493
32491
32290
32482
32442
32458
32494
32403
32575
32428
32548
32458
32452
32406
32421
32478
32351
32359
32113
32693
32049
32633
32128
32600
32323
32512
32405
32486
32376
32417
32447
32517
32423
32449
32426
32395
32427
32387
32509
32481
32457
32467
32425
32473
32460
32449
32411
32440
32407
32461
32342
32395
32369
32423
32465
32397
32417
32423
32446
32349
32351
32457
32399
32430
32387
32353
32391
32479
32555
32442
32497
32409
32600
32391
32471
32441
32482
32503
32581
32555
32503
32535
32620
32538
32529
32502
32581
32549
32517
32524
32625
32574
32516
32554
32591
32509
32502
32559
32550
32556
32403
32588
32463
32528
32535
32622
32595
32496
32463
32551
32602
32557
32533
32589
32485
32490
32479
32513
32578
32636
32517
32497
32455
32460
32466
32564
32615
32600
32555
32557
32459
32610
32517
32512
32519
32495
32465
32548
32519
32519
32500
32611
32539
32453
32359
32520
32622
32463
32427
32400
32542
32555
32365
32521
32419
32523
32401
32292
32474
32482
31916
32018
32561
32159
32631
32271
32452
32081
32019
32467
32494
31926
32343
32521
32455
31980
32096
32641
32329
32251
32033
32378
32466
32040
32343
32577
32327
32409
32259
32207
32379
32238
32273
32515
32185
32371
32447
32391
32263
32499
32261
32290
32151
32431
32415
32303
32460
32543
32255
32235
32153
32265
32274
32341
32310
32218
32511
32345
32607
32586
32048
32456
32137
32343
32223
32311
32319
32274
32289
32551
32295
32473
32265
32407
32339
32315
32264
32349
32253
32529
32385
32496
32413
32513
32400
32575
32385
32572
32380
32569
32360
32720
32214
32607
32359
32470
32370
32615
32482
32521
32359
32497
32338
32491
32306
32419
32391
32427
32646
32249
32238
32315
32467
32537
32592
32471
32389
32295
32376
32205
32503
32595
32495
32559
32402
32369
32334
32562
32419
32399
32465
32457
32273
32296
32265
32671
32255
32265
32646
32465
32567
32463
32273
32433
32580
32321
32371
32511
32584
32421
32176
32455
32369
32457
32519
32243
32573
32266
32359
32180
32307
32259
32281
32321
32239
32226
32303
32632
32263
32313
32344
32585
32395
32233
32605
32458
32173
32305
32544
32381
32033
32323
32509
32318
32595
32271
32359
32396
32446
32234
32462
32597
32431
32267
32402
32358
32631
32003
32406
32559
32550
