32339
32442
32492
32420
32366
32412
32383
32362
32373
32390
32348
32330
32359
32406
32411
32419
32391
32362
32367
32374
32374
32375
32458
32359
32369
32303
32305
32348
32351
32338
32333
32346
32372
32345
32353
32306
32369
32327
32335
32350
32326
32342
32292
32283
32291
32307
32339
32317
32259
32279
32311
32314
32285
32281
32345
32359
32328
32315
32315
32297
32326
32323
32293
32295
32305
32311
32307
32299
32279
32289
32281
32303
32275
32321
32297
32335
32291
32320
32288
32289
32277
32270
32304
32303
32292
32289
32279
32289
32317
32285
32292
32325
32274
32269
32281
32273
32290
32311
32311
32261
32259
32243
32243
32297
32289
32290
32243
32227
32267
32278
32253
32289
32378
32336
32303
32286
32296
32290
32277
32274
32316
32276
32247
32299
32331
32343
32340
32309
32292
32248
32243
32247
32257
32283
32311
32287
32264
32305
32255
32277
32283
32297
32310
32302
32255
32233
32174
32205
32210
32248
32284
32311
32292
32294
32324
32235
32213
32278
32262
32286
32304
32308
32259
32287
32299
32311
32287
32269
32267
32260
32295
32240
32254
32301
32285
32253
32246
32277
32255
32279
32306
32291
32251
32261
32263
32263
32275
32305
32302
32263
32255
32269
32286
32233
32269
32263
32281
32281
32311
32295
32311
32319
32327
32287
32319
32314
32313
32293
32264
32282
32283
32295
32277
32222
32261
32295
32282
32251
32231
32247
32270
32289
32287
32279
32265
32311
32295
32300
32247
32235
32274
32269
32292
32289
32300
32268
32282
32275
32255
32255
32278
32305
32242
32263
32235
32237
32239
32258
32282
32265
32239
32248
32287
32294
32310
32275
32307
32347
32335
32277
32271
32321
32359
32309
32307
32283
32281
32247
32283
32297
32284
32257
32231
32258
32199
32219
32239
32269
32271
32259
32224
32284
32335
32331
32285
32307
32308
32249
32275
32301
32316
32280
32289
32257
32265
32290
32283
32307
32303
32361
32352
32322
32323
32308
32270
32327
32321
32292
32283
32307
32275
32263
32285
32293
32310
32289
32276
32255
32279
32290
32290
32321
32309
32295
32259
32249
32315
32290
32284
32279
32279
32275
32293
32311
32317
32311
32265
32272
32278
32271
32277
32279
32247
32233
32265
32301
32311
32325
32301
32279
32258
32285
32321
32290
32255
32247
32247
32303
32303
32278
32279
32277
32327
32325
32262
32303
32287
32280
32298
32303
32271
32243
32277
32257
32293
32269
32274
32263
32249
32268
32289
32313
32287
32326
32343
32321
32327
32319
32324
32337
32282
32285
32285
32351
32327
32333
32281
32298
32274
32332
32285
32253
32255
32311
32291
32293
32295
32262
32309
32285
32252
32305
32288
32306
32305
32245
32255
32253
32315
32330
32271
32267
32307
32330
32300
32306
32295
32285
32275
32268
32282
32271
32241
32240
32281
32279
32303
32367
32327
32327
32313
32293
32288
32353
32321
32331
32297
32254
32322
32338
32315
32322
32323
32263
32310
32287
32300
32290
32291
32285
32323
32261
32260
32299
32329
32312
32279
32280
32315
32270
32250
32296
32281
32255
32245
32243
32212
32281
32308
32261
32258
32276
32263
32267
32309
32274
32257
32231
32252
32277
32322
32347
32271
32242
32275
32282
32238
32283
32285
32279
32267
32311
32319
32298
32313
32338
32334
32272
32278
32263
32293
32244
32291
32305
32303
32297
32265
32282
32335
32321
32323
32287
32271
32301
32295
32321
32301
32317
32311
32294
32274
32268
32280
32284
32261
32255
32268
32289
32303
32282
32317
32297
32269
32309
32313
32335
32323
32277
32289
32287
32270
32257
32259
32298
32301
32313
32308
32303
32327
32329
32339
32319
32311
32332
32294
32298
32325
32286
32313
32311
32322
32327
32305
32277
32321
32319
32314
32287
32279
32279
32292
32283
32258
32267
32281
32265
32281
32321
32287
32273
32285
32309
32285
32308
32308
32303
32317
32303
32271
32285
32324
32292
32289
32307
32295
32252
32263
32283
32288
32283
32269
32285
32299
32267
32247
32273
32255
32251
32283
32325
32282
32259
32293
32295
32275
32213
32237
32255
32261
32307
32301
32287
32316
32313
32271
32276
32342
32325
32350
32327
32327
32259
32279
32271
32285
32308
32312
32315
32372
32349
32351
32331
32333
32299
32279
32291
32311
32280
32264
32314
32353
32325
32295
32271
32277
32335
32341
32281
32315
32305
32349
32353
32306
32327
32333
32372
32317
32297
32333
32302
32328
32323
32321
32329
32317
32303
32261
32257
32261
32315
32253
32265
32261
32314
32287
32259
32255
32279
32257
32282
32311
32336
32307
32315
32310
32318
32303
32304
32327
32306
32327
32307
32270
32297
32314
32311
32295
32301
32323
32339
32268
32279
32277
32255
32302
32329
32311
32273
32286
32304
32267
32287
32292
32269
32297
32317
32281
32265
32298
32285
32279
32272
32265
32305
32273
32255
32249
32255
32275
32301
32313
32297
32296
32287
32260
32262
32324
32303
32279
32297
32307
32287
32302
32333
32347
32314
32337
32304
32301
32333
32332
32330
32323
32314
32335
32351
32300
32278
32305
32327
32291
32217
32264
32275
32239
32253
32267
32299
32287
32283
32287
32308
32303
32339
32287
32262
32318
32354
32295
32313
32299
32291
32304
32281
32319
32260
32310
32302
32244
32241
32285
32315
32288
32228
32230
32239
32243
32277
32345
32314
32319
32261
32272
32273
32303
32253
32279
32310
32327
32281
32345
32305
32316
32351
32287
32296
32359
32344
32311
32327
32307
32288
32307
32307
32318
32331
32363
32363
32343
32315
32297
32301
32333
32311
32303
32333
32291
32345
32294
32270
32249
32234
32215
32301
32291
32291
32311
32291
32350
32325
32308
32364
32325
32263
32273
32335
32311
32315
32313
32336
32272
32272
32349
32316
32247
32282
32263
32265
32260
32283
32285
32289
32275
32300
32326
32331
32265
32273
32317
32302
32279
32282
32344
32329
32289
32280
32258
32279
32314
32311
32315
32288
32277
32353
32335
32290
32295
32305
32295
32304
32315
32285
32307
32316
32294
32311
32343
32359
32326
32272
32287
32306
32301
32277
32295
32327
32321
32294
32311
32311
32255
32271
32333
32342
32312
32301
32309
32305
32323
32323
32295
32298
32330
32302
32316
32344
32307
32319
32279
32265
32322
32333
32245
32235
32267
32313
32289
32295
32300
32283
32281
32263
32279
32297
32295
32326
32300
32318
32266
32252
32295
32325
32287
32275
32273
32338
32310
32313
32304
32325
32301
32280
32287
32294
32297
32285
32287
32269
32231
32278
32288
32275
32283
32321
32311
32271
32294
32282
32291
32267
32300
32307
32311
32293
32250
32260
32259
32267
32274
32287
32277
32318
32295
32273
32235
32255
32229
32208
32213
32272
32319
32288
32281
32318
32253
32279
32269
32303
32321
32311
32303
32285
32267
32304
32277
32254
32253
32275
32255
32258
32263
32237
32289
32267
32287
32297
32319
32358
32333
32327
32302
32317
32272
32286
32303
32283
32255
32269
32291
32259
32309
32364
32345
32291
32279
32308
32357
32290
32311
32295
32287
32313
32310
32308
32280
32297
32277
32298
32343
32303
32259
32297
32278
32299
32269
32253
32282
32259
32272
32290
32297
32305
32276
32249
32270
32307
32303
32309
32264
32269
32291
32303
32335
32332
32271
32274
32310
32264
32239
32282
32324
32247
32239
32287
32289
32249
32267
32315
32311
32286
32295
32343
32285
32294
32284
32289
32303
32300
32273
32320
32258
32265
32306
32297
32273
32266
32299
32345
32313
32312
32317
32298
32308
32299
32283
32331
32265
32300
32339
32421
32413
32426
32418
32422
32446
32397
32387
32369
32327
32260
32321
32367
32359
32361
32357
32325
32391
32351
32290
32291
32331
32331
32315
32289
32323
32330
32337
32352
32335
32331
32329
32292
32255
32281
32322
32272
32303
32298
32289
32298
32291
32285
32325
32335
32323
32326
32294
32279
32327
32335
32277
32279
32298
32297
32329
32321
32283
32261
32287
32270
32271
32307
32332
32297
32305
32281
32329
32307
32318
32385
32349
32300
32316
32323
32297
32275
32264
32278
32305
32305
32249
32253
32261
32303
32289
32285
32288
32289
32303
32287
32284
32245
32221
32310
32298
32279
32298
32324
32311
32332
32310
32295
32306
32291
32291
32248
32273
32277
32273
32237
32280
32363
32288
32290
32332
32351
32333
32331
32287
32298
32281
32290
32319
32255
32269
32272
32247
32291
32318
32227
32272
32251
32254
32297
32313
32306
32287
32263
32269
32316
32279
32301
32290
32293
32255
32263
32252
32248
32243
32239
32240
32285
32277
32290
32287
32269
32307
32316
32275
32332
32289
32247
32257
32267
32237
32242
32247
32319
32280
32287
32255
32217
32166
32229
32236
32235
32312
32277
32223
32289
32275
32281
32297
32278
32275
32265
32271
32279
32287
32311
32283
32257
32263
32311
32305
32323
32279
32252
32246
32207
32289
32322
32291
32271
32285
32287
32293
32301
32301
32301
32306
32282
32296
32287
32298
32296
32243
32255
32298
32285
32291
32295
32311
32317
32313
32283
32285
32317
32301
32282
32265
32282
32306
32302
32269
32224
32285
32284
32243
32225
32252
32294
32274
32258
32279
32303
32313
32333
32313
32312
32299
32271
32302
32336
32331
32311
32325
32296
32303
32255
32273
32329
32323
32297
32319
32303
32329
32311
32273
32255
32276
32247
32277
32279
32291
32359
32352
32294
32299
32297
32305
32303
32292
32257
32303
32375
32329
32345
32313
32305
32305
32300
32317
32320
32342
32287
32334
32305
32341
32283
32290
32304
32313
32286
32295
32280
32299
32254
32263
32260
32263
32289
32311
32303
32308
32309
32285
32252
32271
32325
32283
32273
32305
32285
32308
32330
32313
32317
32275
32329
32319
32283
32261
32261
32306
32283
32266
32290
32275
32298
32341
32325
32264
32245
32262
32309
32289
32287
32305
32291
32295
32295
32299
32307
32293
32283
32268
32270
32295
32264
32268
32274
32264
32254
32267
32247
32247
32278
32279
32285
32291
32267
32303
32354
32332
32295
32349
32306
32276
32251
32277
32360
32341
32286
32327
32322
32306
32281
32243
32291
32308
32311
32321
32308
32297
32293
32285
32294
32319
32265
32276
32292
32285
32239
32240
32257
32295
32323
32329
32327
32315
32297
32295
32290
32287
32307
32300
32325
32283
32295
32315
32305
32274
32293
32281
32319
32285
32263
32279
32356
32274
32265
32261
32274
32332
32289
32231
32247
32231
32236
32265
32258
32272
32258
32280
32273
32287
32301
32341
32329
32282
32315
32283
32299
32263
32272
32277
32299
32279
32231
32243
32292
32297
32318
32339
32255
32296
32283
32219
32245
32274
32302
32255
32300
32322
32341
32295
32285
32297
32291
32282
32225
32270
32259
32259
32255
32276
32279
32278
32271
32191
32218
32277
32302
32309
32305
32309
32291
32263
32271
32255
32261
32288
32259
32255
32263
32325
32318
32291
32267
32249
32280
32249
32269
32275
32253
32313
32277
32289
32339
32289
32255
32265
32315
32296
32324
32319
32352
32339
32353
32345
32343
32275
32295
32311
32340
32249
32304
32299
32313
32319
32335
32373
32340
32314
32306
32323
32303
32327
32311
32307
32318
32313
32272
32290
32298
32297
32300
32320
32279
32285
32307
32315
32331
32347
32299
32249
32255
32283
32287
32319
32303
32353
32344
32303
32267
32285
32267
32287
32289
32303
32278
32251
32263
32301
32241
32255
32303
32279
32282
32261
32279
32303
32285
32302
32307
32337
32302
32249
32267
32317
32295
32269
32277
32287
32293
32293
32309
32327
32304
32290
32335
32295
32289
32290
32299
32255
32253
32280
32310
32291
32285
32263
32265
32254
32244
32260
32285
32312
32275
32289
32284
32253
32285
32289
32302
32295
32287
32282
32271
32255
32312
32313
32257
32230
32269
32265
32255
32235
32259
32244
32270
32240
32311
32286
32265
32243
32310
32304
32281
32288
32295
32275
32255
32265
32282
32279
32265
32220
32250
32330
32311
32297
32300
32290
32265
32289
32277
32280
32248
32233
32265
32243
32263
32291
32283
32263
32223
32241
32235
32249
32300
32313
32285
32251
32268
32260
32231
32269
32285
32305
32301
32261
32263
32320
32295
32293
32311
32269
32323
32297
32297
32282
32285
32224
32255
32255
32255
32270
32317
32299
32287
32296
32291
32327
32348
32303
32302
32298
32275
32277
32328
32283
32303
32287
32311
32287
32272
32253
32279
32285
32303
32315
32286
32314
32279
32281
32301
32319
32278
32267
32271
32261
32236
32217
32239
32251
32239
32263
32294
32270
32302
32283
32293
32285
32263
32273
32292
32276
32309
32288
32278
32295
32307
32325
32329
32291
32279
32320
32277
32268
32287
32281
32315
32343
32331
32331
32349
32302
32324
32315
32259
32295
32313
32301
32317
32359
32317
32343
32301
32254
32298
32325
32305
32322
32291
32295
32331
32312
32323
32302
32295
32285
32321
32311
32342
32271
32311
32291
32297
32329
32358
32365
32311
32284
32294
32294
32276
32249
32287
32272
32285
32321
32319
32327
32327
32310
32323
32373
32351
32324
32327
32320
32245
32234
32246
32303
32281
32251
32271
32333
32327
32311
32305
32303
32341
32291
32299
32273
32263
32271
32263
32309
32300
32308
32307
32339
32317
32320
32315
32308
32307
32292
32279
32301
32313
32290
32263
32279
32268
32265
32279
32309
32263
32263
32305
32295
32313
32287
32293
32339
32332
32264
32258
32291
32316
32345
32326
32241
32293
32339
32300
32303
32339
32299
32300
32297
32261
32310
32340
32328
32313
32302
32257
32291
32279
32251
32255
32293
32294
32298
32299
32316
32313
32292
32272
32308
32271
32281
32262
32254
32267
32313
32309
32291
32292
32364
32321
32255
32253
32227
32269
32233
32241
32295
32295
32303
32347
32329
32311
32325
32291
32259
32283
32276
32259
32295
32297
32307
32284
32311
32284
32298
32265
32277
32285
32295
32277
32291
32302
32289
32262
32303
32303
32293
32279
32255
32316
32336
32311
32305
32327
32301
32326
32307
32304
32337
32351
32324
32283
32294
32293
32303
32273
32274
32277
32238
32285
32329
32303
32260
32287
32290
32312
32283
32306
32255
32267
32295
32275
32293
32310
32304
32313
32263
32289
32319
32281
32285
32312
32307
32289
32280
32289
32268
32277
32269
32281
32289
32300
32301
32319
32311
32292
32313
32313
32305
32291
32276
32289
32275
32282
32327
32289
32285
32303
32356
32361
32357
32328
32333
32390
32395
32379
32319
32304
32297
32289
32283
32286
32278
32322
32285
32333
32360
32340
32327
32359
32355
32359
32357
32367
32367
32359
32363
32335
32333
32367
32327
32288
32276
32317
32330
32313
32343
32319
32319
32308
32267
32287
32313
32341
32323
32333
32355
32350
32329
32359
32325
32315
32342
32327
32286
32265
32245
32299
32323
32317
32311
32296
32340
32351
32355
32351
32289
32289
32311
32292
32260
32269
32279
32309
32315
32289
32316
32342
32338
32311
32295
32319
32314
32287
32330
32348
32340
32316
32267
32265
32309
32323
32345
32349
32319
32306
32294
32304
32276
32290
32305
32325
32309
32295
32297
32311
32311
32316
32297
32316
32292
32335
32311
32335
32326
32325
32273
32301
32349
32267
32301
32341
32287
32249
32321
32322
32302
32250
32257
32270
32277
32279
32285
32287
32284
32247
32279
32293
32239
32240
32199
32238
32253
32239
32279
32282
32319
32267
32282
32263
32272
32281
32270
32287
32279
32280
32280
32283
32310
32317
32311
32290
32283
32321
32301
32253
32305
32297
32317
32346
32297
32295
32320
32287
32297
32307
32301
32252
32257
32312
32255
32241
32311
32350
32291
32260
32251
32279
32295
32251
32281
32294
32271
32275
32311
32326
32339
32340
32300
32303
32299
32300
32273
32297
32341
32337
32331
32305
32287
32315
32331
32296
32322
32337
32313
32359
32363
32327
32341
32347
32333
32267
32253
32333
32345
32331
32315
32335
32307
32302
32334
32348
32338
32359
32334
32255
32257
32314
32282
32305
32270
32263
32259
32282
32296
32319
32341
32313
32325
32338
32366
32355
32335
32319
32326
32295
32291
32245
32267
32284
32295
32351
32327
32280
32365
32351
32321
32347
32332
32327
32370
32335
32335
32325
32312
32332
32321
32257
32311
32367
32344
32274
32304
32345
32303
32285
32327
32287
32284
32323
32287
32275
32300
32267
32324
32295
32279
32299
32302
32305
32284
32280
32298
32266
32238
32300
32257
32259
32279
32328
32324
32304
32290
32285
32309
32311
32305
32323
32353
32310
32312
32338
32329
32303
32285
32255
32245
32285
32255
32308
32301
32297
32311
32329
32304
32239
32290
32295
32280
32268
32266
32271
32297
32279
32269
32278
32311
32306
32271
32268
32295
32243
32245
32271
32261
32301
32336
32313
32279
32283
32283
32268
32300
32305
32239
32228
32275
32311
32269
32251
32267
32319
32351
32327
32301
32303
32301
32308
32299
32277
32321
32327
32292
32255
32269
32295
32307
32316
32373
32342
32343
32335
32331
32304
32296
32291
32288
32235
32250
32321
32265
32275
32315
32291
32289
32269
32307
32318
32304
32293
32329
32325
32338
32294
32273
32313
32236
32293
32301
32271
32239
32281
32285
32273
32296
32295
32281
32253
32289
32279
32255
32285
32285
32302
32311
32267
32278
32294
32266
32263
32315
32279
32281
32267
32359
32349
32303
32286
32276
32275
32290
32351
32367
32389
32381
32391
32393
32408
32391
32353
32365
32381
32378
32356
32382
32391
32396
32405
32431
32431
32420
32400
32393
32433
32449
32383
32361
32384
32421
32400
32442
32435
32436
32445
32455
32417
32395
32410
32383
32349
32378
32425
32421
32434
32443
32471
32455
32439
32431
32378
32374
32364
32413
32402
32365
32398
32457
32474
32441
32420
32393
32405
32391
32395
32406
32394
32441
32460
32500
32447
32442
32449
32421
32437
32392
32419
32492
32519
32531
32503
32476
32449
32413
32410
32451
32399
32407
32390
32423
32431
32424
32400
32436
32361
32319
32358
32353
32364
32308
32350
32423
32391
32353
32377
32365
32347
32322
32319
32313
32334
32344
32353
32371
32367
32335
32297
32296
32315
32311
32370
32370
32348
32344
32335
32337
32337
32323
32318
32287
32331
32321
32282
32299
32247
32243
32261
32269
32253
32271
32282
32294
32277
32314
32259
32261
32247
32254
32232
32239
32313
32311
32275
32278
32291
32269
32263
32273
32240
32227
32255
32241
32285
32315
32293
32222
32251
32281
32310
32304
32228
32203
32232
32294
32306
32273
32291
32306
32235
32203
32226
32248
32164
32232
32260
32264
32283
32332
32306
32311
32249
32206
32235
32247
32231
32216
32225
32262
32268
32238
32223
32241
32245
32240
32249
32273
32309
32321
32318
32247
32280
32263
32250
32263
32260
32245
32311
32275
32253
32285
32259
32209
32187
32203
32275
32311
32312
32276
32281
32295
32270
32231
32297
32237
32261
32275
32239
32194
32225
32303
32291
32290
32268
32215
32193
32227
32255
32255
32274
32300
32271
32298
32327
32311
32295
32281
32240
32217
32247
32329
32328
32289
32239
32269
32263
32237
32221
32252
32311
32366
32361
32359
32365
32287
32329
32335
32303
32287
32369
32361
32327
32353
32393
32383
32366
32343
32334
32375
32351
32367
32341
32369
32377
32359
32424
32399
32343
32357
32375
32351
32317
32343
32364
32372
32408
32405
32365
32368
32367
32340
32337
32364
32399
32372
32337
32357
32383
32395
32350
32341
32331
32369
32387
32405
32387
32426
32411
32423
32395
32378
32406
32395
32399
32399
32397
32447
32453
32425
32391
32399
32428
32395
32375
32444
32405
32389
32396
32393
32394
32323
32359
32353
32335
32347
32317
32328
32285
32257
32301
32274
32226
32283
32311
32287
32308
32355
32361
32385
32383
32403
32392
32419
32395
32423
32409
32389
32407
32367
32351
32288
32235
32285
32279
32255
32269
32263
32300
32351
32371
32339
32337
32305
32335
32261
32239
32263
32253
32218
32211
32215
32175
32111
32111
32140
32135
32151
32164
32208
32218
32255
32242
32295
32255
32262
32314
32334
32381
32319
32341
32316
32314
32263
32234
32228
32147
32137
32191
32225
32257
32286
32307
32284
32289
32265
32235
32264
32223
32215
32205
32218
32267
32223
32225
32216
32175
32204
32186
32185
32196
32222
32240
32265
32309
32377
32375
32373
32347
32329
32360
32354
32327
32317
32303
32281
32251
32238
32193
32175
32180
32219
32161
32172
32245
32290
32270
32266
32254
32263
32264
32245
32232
32248
32271
32251
32195
32167
32178
32175
32151
32164
32227
32247
32255
32231
32253
32305
32355
32366
32362
32337
32355
32381
32334
32351
32391
32319
32263
32265
32263
32231
32210
32227
32223
32255
32225
32231
32277
32282
32272
32302
32282
32252
32239
32240
32233
32223
32243
32209
32169
32189
32194
32213
32213
32199
32233
32282
32297
32270
32343
32335
32358
32350
32303
32287
32277
32294
32275
32283
32317
32297
32271
32233
32244
32299
32200
32237
32273
32231
32246
32265
32299
32287
32311
32279
32263
32249
32211
32231
32265
32232
32222
32208
32199
32203
32255
32307
32255
32247
32278
32335
32391
32343
32375
32389
32335
32292
32345
32302
32337
32319
32286
32297
32267
32267
32239
32239
32303
32319
32316
32343
32350
32379
32379
32287
32295
32296
32317
32257
32241
32289
32269
32309
32309
32321
32277
32254
32299
32306
32305
32323
32341
32382
32383
32376
32378
32407
32394
32335
32321
32307
32263
32309
32272
32299
32313
32237
32264
32299
32271
32251
32233
32267
32263
32293
32331
32346
32340
32363
32333
32271
32265
32271
32306
32305
32291
32245
32213
32242
32296
32317
32311
32319
32377
32423
32395
32403
32451
32375
32365
32348
32343
32331
32287
32306
32301
32317
32319
32305
32277
32274
32264
32234
32293
32317
32335
32313
32331
32284
32259
32240
32295
32288
32347
32285
32254
32289
32223
32201
32273
32312
32333
32299
32265
32303
32327
32369
32332
32359
32347
32342
32311
32315
32307
32283
32303
32325
32283
32267
32257
32247
32297
32261
32206
32273
32358
32317
32312
32333
32285
32285
32288
32288
32270
32260
32286
32278
32255
32255
32266
32254
32287
32265
32272
32322
32309
32335
32338
32354
32377
32396
32375
32341
32351
32325
32311
32274
32278
32267
32244
32295
32287
32275
32257
32271
32290
32281
32279
32250
32267
32230
32259
32285
32309
32364
32305
32229
32269
32244
32257
32275
32257
32247
32227
32250
32285
32274
32247
32278
32349
32339
32350
32328
32284
32312
32298
32326
32255
32260
32265
32272
32268
32261
32210
32203
32205
32281
32235
32233
32255
32287
32279
32323
32279
32240
32224
32273
32249
32297
32257
32243
32265
32251
32280
32301
32247
32287
32340
32287
32287
32365
32340
32355
32346
32327
32297
32325
32311
32259
32317
32269
32213
32281
32275
32247
32239
32265
32287
32291
32279
32291
32308
32297
32347
32350
32323
32332
32296
32312
32327
32315
32269
32334
32360
32353
32357
32301
32246
32295
32374
32341
32383
32356
32317
32362
32361
32328
32314
32337
32355
32315
32317
32277
32255
32321
32281
32319
32327
32316
32257
32285
32297
32305
32269
32303
32271
32265
32264
32235
32285
32303
32311
32299
32284
32328
32302
32340
32278
32293
32295
32345
32289
32295
32319
32310
32377
32377
32303
32322
32355
32322
32291
32301
32300
32284
32274
32282
32276
32259
32279
32285
32289
32275
32303
32253
32277
32279
32309
32273
32297
32265
32260
32311
32301
32283
32331
32311
32301
32304
32335
32304
32279
32273
32259
32333
32321
32344
32349
32343
32314
32285
32288
32323
32322
32281
32301
32287
32280
32263
32255
32261
32253
32268
32319
32331
32330
32306
32309
32305
32310
32266
32288
32285
32307
32290
32242
32253
32305
32249
32234
32255
32267
32287
32247
32267
32291
32265
32297
32325
32342
32307
32313
32315
32271
32267
32276
32313
32249
32254
32217
32245
32245
32244
32292
32299
32268
32251
32247
32307
32295
32295
32300
32258
32302
32333
32280
32300
32304
32283
32283
32277
32261
32283
32290
32319
32315
32344
32340
32365
32345
32304
32267
32291
32307
32321
32283
32262
32234
32250
32249
32269
32272
32279
32241
32275
32313
32315
32297
32265
32326
32304
32263
32249
32271
32281
32259
32267
32260
32267
32275
32296
32295
32262
32259
32267
32239
32333
32327
32293
32285
32305
32279
32286
32341
32326
32303
32303
32267
32253
32283
32295
32253
32232
32249
32249
32295
32255
32281
32270
32255
32260
32273
32229
32263
32291
32275
32279
32272
32319
32289
32275
32268
32279
32297
32276
32273
32309
32337
32340
32289
32332
32438
32364
32315
32303
32334
32302
32241
32270
32281
32255
32295
32261
32296
32303
32313
32269
32263
32273
32279
32315
32303
32321
32296
32335
32385
32381
32366
32335
32319
32367
32341
32345
32309
32333
32354
32309
32304
32316
32309
32375
32365
32327
32339
32286
32274
32286
32310
32259
32232
32263
32263
32281
32267
32285
32275
32279
32275
32253
32235
32275
32268
32263
32292
32291
32305
32282
32265
32277
32333
32379
32359
32313
32351
32310
32293
32302
32297
32303
32301
32287
32269
32265
32240
32255
32249
32242
32289
32277
32260
32295
32262
32257
32231
32209
32232
32235
32292
32282
32281
32269
32268
32263
32246
32267
32314
32269
32255
32318
32301
32239
32307
32331
32297
32272
32259
32280
32310
32317
32327
32325
32306
32331
32303
32259
32292
32283
32329
32311
32295
32287
32260
32310
32255
32245
32212
32246
32285
32275
32241
32295
32260
32268
32243
32217
32274
32229
32213
32266
32288
32302
32285
32255
32281
32277
32274
32291
32387
32351
32319
32327
32324
32311
32334
32334
32366
32354
32313
32309
32299
32290
32303
32316
32329
32315
32321
32343
32319
32293
32311
32325
32323
32302
32279
32283
32269
32294
32284
32296
32301
32269
32284
32279
32268
32291
32262
32279
32295
32381
32380
32315
32315
32322
32325
32327
32319
32309
32297
32319
32337
32277
32265
32295
32255
32261
32295
32262
32278
32320
32291
32289
32269
32269
32276
32327
32284
32337
32325
32313
32267
32293
32303
32309
32335
32327
32265
32281
32268
32327
32334
32294
32313
32311
32337
32327
32317
32332
32310
32327
32363
32334
32323
32330
32287
32279
32297
32299
32294
32284
32285
32284
32295
32314
32313
32263
32319
32319
32328
32287
32270
32319
32357
32357
32378
32374
32365
32349
32341
32286
32313
32339
32337
32303
32323
32321
32325
32327
32327
32304
32311
32319
32335
32296
32334
32309
32290
32291
32294
32291
32289
32271
32291
32319
32286
32262
32243
32297
32309
32285
32295
32314
32279
32309
32318
32289
32325
32327
32307
32331
32318
32353
32330
32344
32341
32351
32343
32336
32339
32327
32309
32341
32343
32375
32318
32281
32273
32279
32299
32300
32293
32287
32281
32278
32331
32306
32298
32337
32349
32318
32354
32345
32317
32313
32331
32306
32351
32311
32290
32261
32320
32351
32258
32268
32343
32302
32320
32329
32319
32325
32341
32303
32280
32340
32353
32315
32309
32279
32296
32272
32286
32305
32285
32238
32275
32323
32310
32277
32310
32282
32293
32284
32306
32289
32293
32290
32303
32295
32269
32280
32281
32309
32318
32301
32318
32315
32275
32331
32329
32288
32284
32279
32305
32338
32352
32305
32312
32295
32288
32301
32263
32287
32289
32289
32293
32311
32271
32246
32288
32301
32297
32242
32302
32333
32275
32255
32289
32303
32347
32287
32335
32295
32301
32323
32287
32291
32305
32329
32329
32338
32309
32297
32282
32257
32261
32298
32241
32292
32295
32280
32313
32303
32309
32272
32269
32339
32329
32287
32269
32309
32319
32289
32297
32327
32327
32319
32299
32269
32327
32343
32320
32312
32319
32296
32331
32330
32343
32342
32303
32314
32316
32307
32300
32299
32241
32251
32241
32284
32283
32288
32257
32277
32265
32247
32247
32267
32303
32289
32311
32302
32291
32296
32252
32290
32300
32310
32300
32290
32259
32295
32289
32285
32271
32279
32299
32362
32399
32383
32390
32421
32430
32405
32480
32407
32361
32385
32365
32334
32365
32367
32341
32347
32363
32320
32315
32288
32308
32319
32335
32317
32345
32335
32313
32314
32325
32311
32368
32389
32294
32327
32345
32359
32391
32337
32381
32370
32364
32335
32341
32302
32331
32325
32275
32319
32349
32323
32293
32267
32271
32328
32320
32315
32351
32335
32327
32322
32287
32247
32255
32288
32289
32281
32275
32267
32299
32301
32276
32257
32266
32286
32311
32307
32337
32350
32332
32332
32296
32311
32302
32287
32301
32305
32309
32315
32297
32325
32294
32289
32321
32357
32302
32276
32276
32231
32287
32310
32279
32299
32325
32301
32319
32310
32329
32307
32268
32261
32307
32261
32285
32336
32318
32327
32305
32313
32329
32349
32305
32287
32327
32318
32330
32326
32321
32309
32298
32309
32303
32294
32298
32243
32275
32280
32274
32259
32238
32262
32303
32235
32249
32260
32252
32251
32289
32314
32279
32277
32240
32231
32258
32282
32255
32279
32305
32350
32314
32287
32271
32295
32254
32281
32286
32279
32305
32335
32313
32297
32294
32287
32255
32292
32286
32303
32351
32305
32296
32319
32278
32294
32302
32300
32315
32312
32321
32284
32248
32277
32275
32245
32321
32291
32290
32279
32301
32277
32285
32324
32311
32295
32271
32295
32316
32279
32307
32300
32333
32323
32274
32275
32279
32283
32300
32263
32275
32305
32255
32245
32303
32276
32267
32287
32274
32262
32239
32220
32230
32245
32257
32219
32215
32191
32235
32263
32255
32304
32315
32291
32337
32319
32306
32312
32287
32311
32355
32327
32269
32253
32255
32287
32270
32264
32339
32292
32277
32314
32277
32263
32279
32331
32349
32322
32255
32341
32303
32269
32309
32295
32271
32224
32279
32293
32324
32299
32348
32345
32326
32295
32291
32345
32341
32327
32334
32392
32343
32360
32336
32286
32310
32315
32295
32294
32265
32322
32284
32297
32327
32312
32305
32257
32247
32249
32293
32309
32307
32289
32295
32262
32274
32307
32307
32309
32343
32325
32291
32319
32280
32287
32312
32316
32343
32335
32314
32323
32344
32305
32319
32317
32277
32282
32283
32280
32297
32301
32294
32307
32273
32273
32259
32285
32332
32294
32280
32255
32268
32343
32329
32273
32247
32294
32271
32298
32260
32239
32293
32289
32265
32249
32319
32293
32289
32305
32317
32299
32337
32316
32283
32315
32344
32313
32333
32297
32283
32292
32315
32309
32275
32327
32309
32287
32285
32247
32241
32280
32260
32314
32346
32286
32290
32305
32288
32272
32265
32261
32277
32279
32287
32279
32297
32339
32339
32311
32335
32317
32330
32344
32345
32352
32372
32283
32347
32328
32382
32378
32361
32361
32383
32371
32319
32315
32303
32317
32289
32385
32421
32369
32343
32328
32316
32326
32315
32337
32359
32339
32339
32367
32377
32391
32427
32446
32447
32442
32441
32479
32482
32465
32459
32492
32471
32454
32462
32519
32551
32551
32548
32591
32573
32552
32569
32595
32599
32575
32579
32599
32630
32641
32665
32628
32609
32655
32673
32676
32727
32693
32667
32639
32625
32708
32673
32673
32741
32759
32725
32720
32779
32787
32791
32794
32871
32900
32907
32951
33003
33012
33042
33082
33055
33103
33143
33201
33147
33161
33210
33210
33233
33265
33214
33201
33197
33196
33191
33141
33159
33146
33129
33085
33050
33021
33025
33007
33004
33046
33063
33079
33089
33032
33013
32971
32911
32833
32869
32919
32915
32871
32898
32870
32829
32774
32706
32695
32686
32711
32732
32759
32799
32789
32750
32748
32667
32688
32674
32711
32711
32674
32631
32591
32635
32589
32577
32559
32461
32456
32447
32380
32350
32313
32296
32325
32310
32247
32282
32216
32151
32139
32099
32023
32040
32015
31983
32037
32003
32025
32060
32074
32019
31967
32031
32104
32075
32051
32051
32083
32090
32090
32079
32124
32174
32155
32119
32095
32071
32066
32103
32049
32046
32066
32041
32001
32018
32034
31979
31953
31945
31971
31917
31894
31922
31937
31879
31847
31869
31889
31872
31871
31878
31926
31908
31913
31935
31962
31953
31989
31991
32033
32087
32069
32077
32091
32138
32104
32063
32077
32081
32062
32071
32111
32119
32090
32081
32019
32054
32084
32117
32082
32115
32079
32018
31992
31987
32067
32051
32023
32015
32004
32027
32026
32070
32100
32053
32055
32053
32096
32172
32198
32141
32119
32140
32141
32143
32133
32151
32133
32171
32165
32135
32081
32105
32098
32115
32110
32091
32112
32129
32059
32035
32027
32045
32101
32109
32068
32017
32041
32015
32023
31977
31977
32012
31973
31961
32020
32094
32055
32040
32083
32052
32091
32101
32075
32121
32111
32163
32137
32157
32139
32159
32143
32114
32127
32110
32127
32155
32148
32138
32171
32167
32119
32093
32151
32085
32079
32103
32111
32043
32065
32034
32023
32094
32068
32029
32041
32020
32046
32104
32093
32133
32135
32135
32134
32133
32141
32151
32210
32229
32225
32191
32157
32186
32166
32185
32180
32155
32204
32227
32178
32199
32197
32178
32144
32181
32176
32198
32158
32173
32159
32151
32124
32113
32168
32143
32133
32142
32176
32185
32163
32162
32246
32253
32217
32223
32227
32213
32209
32217
32258
32261
32264
32249
32253
32270
32251
32263
32249
32227
32261
32248
32187
32188
32205
32167
32190
32229
32185
32169
32199
32199
32147
32168
32189
32135
32121
32135
32154
32182
32181
32180
32162
32236
32205
32224
32255
32227
32235
32222
32207
32247
32217
32221
32225
32261
32223
32257
32237
32220
32247
32263
32230
32219
32239
32257
32234
32251
32235
32242
32223
32231
32220
32153
32154
32174
32224
32227
32231
32219
32173
32150
32143
32141
32185
32232
32187
32247
32205
32262
32321
32228
32277
32299
32283
32274
32274
32276
32295
32271
32271
32253
32238
32248
32277
32326
32327
32249
32240
32252
32288
32225
32196
32198
32222
32252
32207
32223
32202
32244
32270
32263
32217
32195
32228
32229
32242
32279
32264
32245
32263
32281
32263
32239
32263
32281
32255
32335
32311
32301
32283
32278
32259
32289
32292
32251
32223
32243
32215
32259
32259
32215
32215
32238
32205
32213
32215
32221
32203
32229
32263
32243
32238
32224
32195
32198
32231
32241
32289
32269
32247
32241
32293
32322
32303
32245
32253
32283
32267
32267
32289
32257
32277
32263
32248
32241
32239
32211
32241
32251
32283
32239
32250
32239
32203
32160
32197
32225
32245
32214
32219
32228
32226
32252
32225
32221
32315
32285
32247
32239
32274
32282
32338
32317
32292
32277
32251
32233
32221
32224
32220
32215
32225
32265
32271
32233
32241
32270
32235
32261
32252
32279
32257
32233
32224
32233
32207
32216
32233
32229
32243
32255
32215
32219
32201
32216
32231
32245
32223
32218
32261
32391
32437
32387
32347
32356
32343
32347
32359
32357
32361
32361
32275
32308
32314
32333
32337
32342
32361
32317
32343
32291
32292
32370
32311
32263
32305
32327
32301
32283
32283
32287
32254
32282
32295
32303
32287
32279
32301
32310
32251
32240
32215
32295
32334
32380
32374
32311
32307
32324
32332
32343
32307
32328
32285
32293
32255
32279
32273
32318
32324
32375
32322
32314
32298
32322
32287
32309
32255
32273
32233
32265
32305
32263
32252
32239
32241
32285
32289
32303
32289
32298
32297
32376
32347
32295
32350
32365
32334
32311
32336
32355
32336
32319
32321
32322
32310
32295
32279
32268
32269
32299
32279
32257
32298
32259
32267
32253
32291
32289
32290
32300
32276
32239
32283
32265
32265
32264
32275
32273
32283
32243
32265
32300
32299
32273
32289
32319
32323
32296
32314
32300
32271
32324
32300
32329
32349
32269
32253
32294
32275
32255
32199
32237
32292
32273
32255
32237
32239
32227
32231
32255
32267
32280
32257
32231
32237
32263
32213
32191
32220
32237
32271
32293
32272
32283
32289
32283
32334
32311
32295
32297
32301
32277
32297
32312
32289
32288
32304
32279
32271
32251
32245
32274
32200
32203
32219
32231
32231
32229
32241
32215
32237
32241
32249
32286
32288
32289
32285
32288
32295
32315
32334
32310
32321
32310
32335
32294
32281
32289
32310
32307
32365
32355
32283
32293
32335
32333
32331
32323
32334
32310
32322
32289
32249
32231
32257
32255
32245
32233
32277
32199
32231
32240
32239
32268
32210
32247
32247
32223
32235
32255
32290
32311
32316
32309
32277
32265
32309
32342
32328
32308
32271
32266
32263
32278
32282
32270
32297
32317
32291
32249
32257
32313
32276
32289
32311
32289
32275
32301
32247
32263
32301
32269
32266
32290
32301
32300
32309
32299
32301
32255
32289
32332
32357
32278
32348
32355
32352
32379
32383
32353
32323
32336
32360
32295
32319
32329
32327
32319
32345
32369
32359
32333
32327
32312
32308
32296
32315
32233
32247
32301
32343
32305
32281
32255
32260
32329
32311
32285
32288
32306
32266
32243
32214
32257
32266
32287
32322
32325
32308
32349
32331
32309
32328
32335
32306
32321
32311
32281
32281
32317
32315
32269
32234
32295
32270
32261
32311
32335
32276
32253
32274
32284
32239
32251
32232
32274
32225
32231
32281
32273
32260
32257
32305
32302
32270
32303
32278
32299
32263
32310
32289
32286
32285
32283
32301
32311
32361
32316
32292
32301
32300
32295
32279
32319
32293
32312
32282
32282
32310
32277
32241
32271
32259
32220
32231
32207
32254
32314
32274
32275
32241
32268
32279
32267
32312
32286
32260
32285
32268
32263
32327
32322
32312
32306
32305
32319
32338
32333
32326
32333
32343
32318
32329
32316
32314
32337
32311
32263
32294
32318
32282
32255
32234
32259
32285
32263
32265
32270
32263
32283
32283
32300
32301
32295
32283
32319
32323
32326
32315
32307
32341
32316
32323
32344
32366
32347
32359
32331
32310
32331
32328
32363
32346
32332
32288
32293
32287
32273
32231
32257
32271
32295
32280
32295
32297
32281
32274
32296
32311
32290
32319
32317
32282
32311
32337
32301
32275
32314
32322
32313
32359
32364
32335
32299
32315
32313
32340
32315
32297
32331
32334
32311
32341
32301
32273
32262
32265
32267
32309
32313
32283
32290
32278
32285
32319
32293
32321
32307
32265
32310
32258
32279
32293
32327
32364
32324
32316
32383
32369
32320
32371
32380
32335
32375
32383
32367
32365
32301
32341
32379
32384
32375
32381
32343
32336
32349
32313
32277
32302
32285
32285
32307
32305
32311
32284
32301
32277
32255
32255
32300
32265
32263
32280
32300
32313
32289
32274
32280
32277
32277
32293
32289
32345
32317
32310
32331
32346
32368
32367
32341
32343
32343
32311
32347
32339
32337
32323
32327
32298
32333
32345
32327
32294
32274
32285
32269
32279
32318
32269
32255
32239
32285
32279
32243
32286
32294
32297
32316
32326
32277
32273
32308
32337
32340
32320
32265
32299
32317
32282
32343
32327
32293
32300
32295
32282
32267
32278
32284
32293
32272
32240
32254
32277
32297
32297
32285
32294
32257
32259
32249
32237
32249
32293
32281
32269
32269
32251
32267
32299
32293
32283
32285
