44970
44989
44994
44991
44991
44988
44988
44986
44989
44987
44989
44987
44993
44998
44994
44999
44998
45002
44999
45001
45002
45005
45007
45009
45013
45013
45013
45009
45015
45014
45014
45015
45015
45008
45005
45001
44999
44998
44997
44995
45000
45003
44996
44999
44995
44992
44995
44999
44994
44995
45001
45002
45001
45002
45002
45007
45007
45007
45003
45011
45006
45005
45005
45013
45015
45015
45013
45015
45015
45015
45014
45015
45007
45004
44997
44999
44999
44999
45001
44998
44997
44991
44996
44994
44993
44992
44999
44999
44995
44999
45002
45000
44997
45005
45009
45001
45000
45005
45009
45007
45003
45011
45011
45007
45003
45006
45005
45004
45007
45002
44999
44995
44997
44996
44992
44991
44983
44983
44987
44981
44981
44980
44978
44971
44973
44978
44981
44983
44979
44979
44981
44981
44979
44983
44979
44987
44985
44991
44987
44984
44989
44991
44987
44985
44991
44989
44989
44983
44987
44984
44985
44983
44977
44983
44977
44970
44971
44972
44969
44967
44963
44967
44963
44959
44971
45134
44983
44974
44977
44974
44977
44977
44989
44982
44976
44983
44978
44976
44985
44987
44983
44990
44996
44993
44990
44997
44990
44990
44993
44987
44987
44988
44986
44979
44983
44975
44981
44975
44971
44967
44966
44967
44967
44967
44959
44961
44966
44961
44966
44964
44965
44969
44969
44965
44970
44975
44976
44970
44976
44980
44980
44978
44981
44984
44986
44989
44986
44986
44984
44991
44993
44990
44986
44987
44987
44990
44991
44987
44976
44978
44975
44971
44968
44976
44971
44965
44971
44975
44972
44969
44969
44978
44979
44975
44980
44977
44978
44977
44977
44983
44981
44989
44981
44979
44980
44985
44988
44983
44986
44987
44987
44984
44983
44982
44978
44984
44983
44974
44972
44970
44972
44967
44966
44972
44963
44962
44965
44964
44962
44961
44967
44965
44968
44962
44967
44975
44980
44974
44974
44975
44979
44982
44985
44985
44978
44982
44985
44986
44991
44991
44988
44991
44985
44988
44978
44983
44980
44972
44966
44967
44969
44966
44965
44969
44965
44961
44966
44964
44959
44959
44959
44960
44960
44957
44958
44967
44967
44966
44974
44977
44977
44977
44979
44983
44981
44985
44983
44986
45023
44983
44977
44983
44983
44974
44975
44979
44975
44971
44973
44973
44963
44965
44972
44970
44966
44969
44967
44963
44963
44962
44961
44965
44967
44967
44972
44973
44970
44978
44975
44973
44981
44985
44982
44984
44978
44979
44983
44983
44985
44987
44984
44988
44979
44981
44977
44971
44977
44971
44976
44971
44967
44967
44969
44967
44962
44968
44961
44960
44955
44959
44965
44965
44967
44965
44967
44966
44959
44965
44969
44975
44973
44976
44978
44977
44985
44983
44986
44988
44990
44988
44984
44987
44987
44986
44984
44985
44983
44984
44981
44981
44979
44973
44973
44974
44972
44973
44975
44975
44970
44970
44968
44965
44965
44967
44965
44967
44971
44968
44967
44971
44975
44975
44979
44971
44976
44981
44984
44987
44985
44986
44987
44983
44983
44988
44981
44982
44981
44979
44975
44976
44970
44975
44973
44968
44964
44967
44967
44961
44971
44973
44974
44968
44969
44971
44969
44967
44975
44973
44974
44970
44978
44979
44979
44981
44985
44991
44988
44989
44991
44989
44989
44987
44989
44988
44988
44989
44901
44988
44991
44987
44975
44971
44969
44969
44967
44971
44970
44965
44960
44959
44964
44960
44959
44956
44961
44963
44967
44968
44965
44975
44973
44975
44977
44977
44984
44981
44981
44977
44983
44988
44984
44983
44983
44987
44985
44975
44975
44983
44981
44971
44972
44975
44969
44970
44967
44964
44970
44961
44958
44964
44957
44966
44963
44967
44967
44965
44966
44959
44965
44969
44967
44972
44975
44971
44975
44975
44974
44981
44981
44980
44983
44983
44983
44983
44984
44980
44977
44977
44977
44980
44980
44977
44969
44976
44967
44967
44967
44964
44965
44963
44962
44959
44961
44965
44963
44960
44965
44973
44971
44966
44967
44969
44973
44981
44979
44975
44978
44979
44980
44984
44979
44982
44983
44987
44985
44983
44987
44987
44976
44978
44976
44977
44973
44971
44970
44972
44967
44968
44969
44967
44962
44962
44963
44965
44962
44961
44963
44965
44963
44965
44963
44969
44967
44971
44968
44971
44971
44975
44979
44971
44981
44980
44977
44980
44986
44984
44981
44979
44979
44982
44976
44978
44979
44975
44969
44967
44969
44971
44967
44963
44964
44956
44964
44963
44965
44961
44961
44967
44969
44963
44965
44965
44969
44973
44969
44974
44975
44975
44975
44974
44977
44974
44979
44983
44981
44980
44984
44984
44984
44982
44976
44975
44974
44975
44972
44965
44967
44967
44958
44960
44963
44961
44959
44964
44959
44958
44961
44961
44967
44963
44964
44965
44965
44967
44968
44971
44976
44978
44979
44981
44982
44973
44980
44983
44981
44985
44987
44979
44983
44980
44980
44977
44980
44975
44974
44969
44972
44971
44969
44966
44967
44962
44963
44965
44967
44965
44967
44961
44957
44960
44967
44969
44964
44970
44968
44969
44973
44975
44977
44975
44977
44979
44979
44983
44979
44984
44979
44975
44982
44983
44978
44978
44976
44973
44969
44970
44971
44973
44967
44961
44959
44957
44959
44959
44961
44961
44963
44960
44962
44967
44965
44967
44966
44971
44968
44969
44970
44975
44973
44977
44980
44982
44982
44985
44976
44977
44982
44983
44978
44983
44976
44976
44979
44970
44967
44966
44967
44967
44965
44965
44963
44962
44960
44959
44960
44967
44958
44963
44965
44964
44962
44963
44964
44969
44970
44971
44971
44968
44976
44973
44975
44979
44980
44975
44975
44981
44974
44983
44981
44976
44984
44983
44976
44979
44971
44973
44973
44967
44976
44967
44964
44966
44961
44963
44964
44962
44961
44964
44966
44967
44966
44969
44967
44972
44964
44967
44972
44969
44973
44971
44975
44976
44979
44976
44975
44979
44980
44978
44979
44981
44976
44975
44975
44977
44975
44979
44975
44969
44971
44967
44965
44967
44965
44967
44960
44959
44959
44963
44968
44967
44959
44963
44957
44965
44965
44967
44969
44978
44972
44971
44975
44973
44975
44975
44977
44983
44987
44984
44982
44979
44983
44989
44983
44975
44974
44979
44975
44973
44969
44972
44966
44973
44968
44960
44964
44961
44959
44959
44958
44957
44959
44963
44961
44959
44959
44963
44966
44967
44971
44969
44967
44975
44978
44975
44977
44977
44981
44979
44983
44985
44987
44981
44980
44979
44977
44982
44979
44974
44977
44975
44971
44963
44969
44964
44969
44959
44965
44967
44965
44963
44963
44965
44965
44964
44963
44967
44967
44966
44971
44974
44971
44971
44975
44977
44977
44976
44977
44983
44983
44984
44981
44981
44983
44983
44977
44978
44971
44969
44972
44977
44968
44965
44961
44965
44967
44962
44957
44963
44964
44965
44966
44965
44962
44964
44967
44967
44971
44967
44966
44970
44973
44970
44973
44975
44979
44976
44978
44979
44984
44975
44971
44982
44981
44979
44975
44975
44974
44977
44974
44974
44973
44967
44968
44970
44965
44965
44961
44968
44966
44962
44967
44962
44967
44961
44967
44971
44967
44966
44968
44970
44968
44971
44975
44972
44969
44975
44978
44981
44977
44974
44979
44983
44977
44978
44981
44979
44975
44975
44975
44976
44969
44969
44971
44969
44968
44965
44966
44963
44960
44967
44965
44965
44965
44963
44962
44967
44970
44967
44967
44971
44970
44972
44975
44972
44979
44977
44975
44977
44978
44982
44981
44981
44981
44979
44981
44980
44975
44977
44979
44977
44972
44975
44971
44967
44966
44962
44968
44968
44966
44963
44964
44959
44965
44967
44965
44960
44963
44963
44959
44966
44967
44969
44967
44969
44972
44972
44975
44980
44985
44990
44981
44987
44991
44992
44988
44987
44983
44985
44981
44981
44983
44978
44983
44981
44976
44976
44975
44974
44981
44977
44974
44967
44978
44969
44973
44972
44973
44974
44975
44973
44970
44974
44969
44969
44980
44977
44979
44977
44981
44981
44983
44978
44983
44985
44983
44984
44983
44985
44985
44981
44979
44979
44975
44973
44969
44967
44970
44966
44967
44971
44968
44967
44970
44971
44971
44971
44978
44984
44976
44975
44982
44982
44981
44980
44980
44978
44981
44993
44991
44991
44989
44985
44988
44995
44991
44988
44981
44986
44985
44986
44983
44981
44983
44981
44975
44970
44967
44967
44969
44969
44970
44967
44965
44967
44963
44965
44967
44965
44966
44973
44978
44981
44978
44979
44978
44977
44983
44982
44982
44979
44983
44987
44985
44983
44987
44983
44982
44984
44979
44981
44976
44979
44978
44975
44977
44968
44973
44976
44969
44972
44969
44967
44968
44967
44966
44967
44971
44969
44967
44969
44972
44973
44972
44975
44971
44971
44976
44977
44977
44976
44977
44975
44977
44978
44974
44981
44980
44975
44979
44983
44979
44969
44975
44973
44969
44971
44967
44967
44968
44976
44964
44966
44969
44967
44965
44960
44965
44967
44965
44963
44969
44975
44975
44977
44972
44975
44976
44981
44978
44970
44975
44978
44975
44976
44983
44982
44979
44985
44985
44988
44980
44977
44979
44979
44979
44979
44978
44967
44972
44976
44967
44970
44969
44967
44962
44963
44967
44963
44966
44962
44961
44961
44964
44967
44963
44968
44968
44973
44970
44977
44982
44975
44975
44977
44982
44983
44981
44983
44978
44980
44980
44981
44977
44974
44971
44977
44980
44979
44975
44972
44973
44972
44964
44967
44969
44964
44969
44973
44975
44968
44968
44967
44971
44975
44975
44977
44978
44977
44978
44983
44985
44986
44989
44988
44989
44982
44982
44981
44984
44981
44977
44973
44973
44981
44973
44972
44969
44975
44967
44968
44969
44968
44973
44967
44964
44969
44972
44967
44965
44965
44966
44961
44967
44967
44969
44977
44975
44976
44973
44977
44975
44981
44983
44983
44984
44994
44988
44990
44986
44987
44984
44991
44983
44977
44971
44971
44973
44973
44973
44970
44975
44977
44978
44975
44969
44969
44972
44974
44970
44973
44970
44967
44967
44971
44970
44972
44969
44978
44973
44975
44973
44980
44977
44974
45020
44981
44975
44982
44984
44983
44985
44981
44977
44981
44979
44980
44974
44975
44977
44976
44968
44970
44973
44970
44971
44966
44964
44967
44963
44967
44971
44971
44967
44965
44965
44966
44970
44977
44973
44978
44974
44978
44983
44980
44975
44978
44974
44976
44982
44983
44981
44983
44980
44979
44976
44975
44975
44974
44974
44973
44969
44964
44966
44967
44967
44963
44965
44967
44963
44962
44957
44963
44967
44965
44963
44963
44963
44967
44969
44974
44967
44969
44970
44974
44973
44976
44982
44975
44976
44975
44978
44979
44977
44977
44975
44975
44978
44972
44965
44967
44975
44972
44967
44967
44969
44965
44967
44971
44967
44967
44961
44965
44964
44966
44973
44970
44963
44967
44970
44972
44970
44971
44975
44978
44973
44973
44973
44976
44977
44980
44980
44977
44977
44979
44975
44974
44975
44968
44973
44971
44970
44973
44969
44967
44967
44967
44967
44964
44960
44961
44961
44959
44959
44962
44965
44967
44970
44964
44967
44971
44975
44971
44971
44975
44975
44979
44974
44980
44978
44975
44980
44983
44982
44983
44977
44977
44977
44977
44973
44975
44971
44970
44971
44962
44965
44966
44964
44961
44963
44963
44967
44967
44963
44963
44963
44969
44965
44964
44968
44971
44969
44968
44973
44971
44970
44969
44975
44976
44976
44977
44980
44977
44979
44979
44975
44979
44979
44977
44976
44977
44975
44969
44970
44973
44969
44965
44963
44964
44966
44968
44969
44973
44965
44960
44963
44971
44972
44977
44969
44969
44973
44969
44970
44975
44975
44975
44973
44978
44984
44979
44981
44978
44975
44975
44973
44974
44982
44977
44979
44975
44975
44975
44970
44967
44968
44967
44967
44966
44967
44966
44963
44967
44967
44962
44967
44966
44965
44964
44959
44963
44970
44967
44967
44971
44972
44970
44969
44974
44978
44983
44974
44972
44977
44975
44974
44975
44975
44973
44971
44969
44974
44979
44975
44971
44970
44972
44967
44964
44963
44964
44962
44961
44961
44966
44966
44963
44963
44967
44962
44964
44969
44965
44967
44967
44970
44969
44968
44971
44976
44977
44979
44975
44981
44980
44972
44975
44983
44979
44974
44972
44970
44973
44974
44974
44973
44973
44967
44966
44967
44965
44963
44967
44968
44967
44967
44961
44961
44958
44959
44959
44965
44962
44969
44969
44971
44967
44969
44972
44975
44979
44977
44983
44983
44979
44976
44979
44980
44978
44978
44975
44973
44973
44971
44973
44974
44969
44965
44968
44966
44965
44967
44962
44961
44965
44959
44962
44964
44965
44961
44962
44967
44967
44967
44971
44969
44969
44971
44971
44978
44975
44973
44973
44978
44981
44979
44979
44978
44974
44975
44977
44983
44972
44971
44975
44970
44973
44968
44965
44965
44967
44967
44967
44971
44967
44969
44965
44965
44963
44966
44971
44969
44967
44969
44969
44971
44972
44974
44972
44977
44975
44973
44971
44974
44976
44974
44974
44975
44973
44974
44973
44971
44973
44973
44972
44968
44972
44967
44967
44967
44963
44966
44966
44967
44966
44967
44966
44966
44967
44969
44969
44969
44974
44971
44969
44969
44974
44971
44968
44976
44977
44975
44977
44982
44981
44981
44983
44983
44983
44981
44979
44982
44980
44979
44976
44982
44979
44972
44973
44970
44967
44967
44963
44963
44967
44965
44961
44965
44965
44963
44964
44961
44963
44965
44967
44961
44965
44963
44969
44969
44977
44974
44975
44973
44973
44974
44981
44972
44974
44980
44979
44979
44975
44976
44969
44969
44975
44971
44966
44967
44971
44965
44965
44961
44959
44963
44961
44965
44963
44970
44967
44968
44962
44966
44965
44966
44967
44971
44969
44970
44971
44976
44973
44973
44977
44979
44981
44979
44977
44977
44979
44977
44976
44975
44980
44972
44975
44973
44967
44970
44967
44967
44963
44967
44965
44967
44965
44963
44962
44967
44969
44967
44968
44963
44966
44972
44970
44970
44973
44977
44978
44983
44983
44980
44983
44983
44989
44988
44984
44987
44987
44990
44989
44987
44989
44985
44983
44989
44986
44983
44982
44977
44977
44975
44971
44975
44981
44977
44975
44976
44975
44975
44971
44968
44973
44976
44975
44975
44980
44979
44985
44984
44982
44985
44988
44989
44989
44990
44991
44994
44993
44988
44991
44995
44985
44986
44981
44987
44985
44976
44983
44983
44982
44976
44975
44983
44982
44979
44976
44969
44971
44975
44973
44970
44970
44975
44975
44979
44981
44982
44989
44990
44983
44992
44991
44997
44994
44995
44999
44991
44989
44989
44991
44985
44990
44984
44983
44983
44989
44979
44977
44975
44967
44968
44965
44965
44963
44966
44964
44961
44958
44959
44957
44956
44966
44963
44967
44965
44964
44963
44967
44973
44975
44979
44980
44981
44991
44987
44985
44991
44993
44990
44987
44986
44991
44988
44983
44983
44985
44978
44983
44978
44973
44973
44974
44971
44979
44969
44965
44965
44973
44969
44970
44965
44963
44963
44968
44967
44961
44971
44967
44973
44976
44972
44977
44978
44984
44979
44982
44983
44983
44984
44983
44985
44988
44989
44985
44977
44981
44981
44982
44979
44975
44974
44967
44966
44964
44967
44961
44955
44962
44958
44959
44957
44962
44959
44961
44965
44962
44967
44972
44972
44971
44971
44974
44979
44983
44979
44982
44984
44988
44989
44986
44984
44986
44986
44988
44980
44979
44978
44982
44979
44975
44972
44967
44964
44963
44961
44961
44962
44965
44957
44952
44955
44961
44968
44965
44964
44963
44966
44965
44965
44975
44971
44976
44983
44983
44977
44983
44983
44979
44983
44983
44982
44980
44986
44980
44977
44983
44983
44983
44983
44975
44972
44968
44971
44969
44971
44965
44964
44959
44959
44960
44964
44959
44964
44959
44957
44964
44961
44966
44970
44967
44968
44969
44976
44980
44977
44975
44975
44981
44978
44983
44984
44984
44982
44983
44985
44980
44979
44978
44979
44979
44971
44974
44973
44969
44967
44964
44965
44967
44960
44958
44957
44957
44959
44962
44963
44962
44966
44967
44967
44969
44967
44975
44971
44975
44981
44981
44980
44981
44979
44983
44984
44989
44989
44986
44989
44990
44991
44983
44983
44983
44983
44983
44978
44976
44971
44972
44967
44971
44963
44959
44957
44958
44960
44960
44958
44957
44959
44959
44963
44964
44966
44967
44974
44972
44974
44974
44983
44975
44983
44945
44985
44986
44985
44982
44983
44987
44986
44987
44977
44976
44975
44973
44977
44973
44973
44976
44973
44967
44971
44967
44967
44963
44966
44967
44965
44968
44969
44968
44967
44967
44971
44975
44981
44983
44979
44983
44988
44988
44983
44985
44984
44984
44983
44991
44984
44987
44984
44979
44976
44976
44979
44975
44974
44974
44975
44971
44969
44962
44964
44959
44964
44962
44959
44955
44963
44965
44960
44963
44966
44965
44964
44964
44970
44969
44973
44973
44975
44975
44976
44972
44986
44987
44983
44978
44983
44983
44983
44979
44979
44980
44975
44975
44975
44974
44971
44971
44977
44972
44966
44964
44961
44964
44964
44959
44963
44962
44962
44963
44961
44963
44965
44967
44971
44973
44978
44974
44977
44985
44987
44990
44991
45000
45006
45002
44998
45005
45011
45011
45009
45013
45009
45010
45015
45013
45015
45015
45012
45021
45019
45022
45019
45021
45031
45037
45040
45032
45033
45040
45041
45055
45055
45047
45039
45043
45051
45055
45055
45048
45047
45055
45067
45060
45055
45057
45049
45062
45055
45057
45047
45060
45055
45063
45057
45055
45063
45053
45064
45055
45057
45053
44987
45069
45069
45085
45081
45084
45085
45093
45095
45089
45089
45089
45095
45099
45101
45098
45093
45089
45081
45077
45069
45073
45080
45089
45099
45100
45090
45087
45093
45094
45098
45095
45091
45087
45084
45086
45073
45067
45062
45065
45078
45081
45070
45055
45064
45071
45073
45071
45064
45070
45076
45083
45087
45079
45063
45051
45055
45055
45055
45049
45047
45051
45057
45055
45057
45040
45045
45048
45051
45050
45043
45040
45039
45041
45035
45037
45029
45015
45002
44996
44993
44983
44981
45063
44986
44997
44999
45007
45011
45007
45001
44997
44995
44998
45003
45014
45009
45008
45007
45005
45007
45005
45002
45003
45008
45011
45016
45016
45013
45016
45024
45029
45020
45007
44999
44998
44998
44988
44983
44973
44971
44964
44965
44959
44949
44944
44950
44953
44947
44943
44942
44949
44949
44960
44958
44951
44951
44957
44963
44959
44959
44967
44966
44972
44982
44987
44986
44984
44997
45001
45010
45007
45003
45001
44995
44991
44986
44983
44981
44968
44972
44971
44959
44945
44933
44938
44945
44937
44933
44939
44948
44954
44961
44961
44951
44945
44949
44955
44965
44963
44962
44971
44979
44981
44984
44988
44982
44983
44986
44993
44999
45003
45006
45011
45013
45011
45003
44991
44993
44984
44982
44978
44976
44977
44973
44978
44980
44981
44977
44969
44968
44973
44967
44975
44984
44991
45005
45006
45011
45005
45004
45009
45020
45027
45025
45037
45046
45053
45053
45056
45049
45058
45055
45061
45055
45057
45047
45055
45055
45043
45041
45039
45031
45029
45023
45016
45015
45021
45023
45023
45024
45033
45030
45027
45026
45015
45013
45012
45011
45017
45029
45031
45037
45038
45055
45071
45073
45079
45091
45109
45127
45135
45139
45137
45131
45130
45122
45111
45102
45083
45065
45055
45051
45039
45028
45027
45024
45027
45029
45031
45032
45039
45043
45045
45043
45044
45041
45039
45037
45035
45016
45006
45002
45008
45015
45020
45032
45043
45077
45094
45115
45133
45210
45174
45183
45191
45191
45183
45168
45137
45110
45079
45051
45023
44991
44952
44925
44911
44911
44907
44907
44917
44926
44943
44953
44974
44987
45006
45008
45011
45009
45017
45012
45006
44991
44983
44975
44979
44985
44997
44999
45017
45044
45071
45087
45102
45110
45123
45127
45119
45109
45091
45067
45040
45017
44991
44952
44919
44883
44863
44847
44839
44845
44852
44865
44889
44911
44939
44961
44983
45003
45015
45017
45019
45017
45022
45011
44994
44984
44983
44986
44991
44989
44991
44997
45011
45034
45053
45057
45055
45063
45060
45055
45044
45021
44995
44972
44940
44913
44884
44859
44849
44835
44837
44842
44856
44867
44888
44916
44937
44964
44981
44997
45014
45025
45026
45023
45021
45013
45009
45009
44998
44980
44975
44976
44982
44999
45005
45016
45024
45042
45047
45045
45041
45033
45015
44991
44972
44961
44937
44911
44889
44871
44865
44855
44843
44857
44867
44885
44905
44925
44949
44977
45003
45014
45020
45025
45023
45019
45013
45009
44999
45001
44991
44981
44980
44982
44993
44999
45005
45010
45015
45021
45031
45036
45041
45029
45020
45001
44979
44957
44931
44910
44891
44873
44866
44867
44867
44871
44885
44898
44917
44933
44951
44971
44991
45004
45015
45019
45024
45023
45019
45014
45009
44999
44991
44988
44983
44985
44992
45000
45014
45015
45023
45031
45031
45031
45027
45015
45000
44983
44961
44945
44929
44911
44889
44873
44863
44855
44863
44871
44888
44904
44925
44935
44965
44983
45006
45016
45025
45029
45023
45026
45023
45019
45027
45020
45015
45014
45005
45007
45015
45016
45018
45022
45024
45023
45024
45018
45015
45002
44983
44963
44942
44921
44911
44890
44879
44872
44859
44856
44869
44877
44888
44903
44930
44951
44967
44991
45015
45029
45034
45041
45045
45041
45033
45033
45028
45021
45017
45013
45008
45003
45003
45005
45007
45010
45006
45012
45005
44997
44986
44973
44964
44952
44927
44911
44893
44884
44882
44873
44871
44877
44888
44901
44923
44940
44955
44980
44991
45015
45029
45040
45045
45049
45055
45053
45047
45033
45027
45024
45017
45005
44994
44993
44991
44993
44983
44985
44985
44983
44974
44970
44971
44955
44935
44925
44920
44910
44893
44894
44889
44883
44887
44893
44901
44915
44938
44955
44971
44991
45014
45024
45039
45041
45047
45053
45050
45041
45031
45022
45016
45012
45001
44997
44989
44986
44981
44973
44975
44978
44981
44975
44969
44955
44953
44943
44936
44925
44917
44911
44898
44889
44892
44900
44899
44912
44923
44935
44951
44963
44981
44993
45009
45019
45033
45038
45039
45041
45039
45029
45025
45015
45007
44999
44991
44986
44983
44973
44973
44975
44976
44971
44973
44967
44964
44959
44954
44942
44935
44927
44919
44917
44909
44905
44903
44907
44916
44921
44934
44944
44963
44977
44997
45011
45027
45032
45041
45044
45046
45041
45041
45036
45030
45023
45016
45012
45003
44999
44998
44989
44987
44980
44984
44979
44979
44973
44963
44956
44951
44940
44933
44921
44919
44916
44909
44911
44912
44920
44925
44934
44948
44958
44974
44989
44999
45016
45033
45040
45053
45051
45051
45051
45055
45045
45046
45034
45025
45017
45015
45010
44999
44996
44987
44983
44983
44979
44965
44959
44954
44947
44941
44931
44925
44919
44919
44914
44914
44914
44925
44926
44936
44945
44956
44975
44996
45010
45015
45033
45043
45048
45052
45051
45055
45047
45046
45041
45037
45028
45015
45001
44997
44989
44979
44975
44969
44961
44960
44955
44949
44935
44933
44925
44925
44924
44918
44912
44909
44914
44916
44920
44933
44938
44955
44963
44986
44995
45012
45019
45031
45043
45050
45049
45055
45053
45043
45039
45036
45023
45009
45001
44993
44981
44976
44967
44958
44955
44951
44943
44941
44934
44927
44927
44925
44919
44918
44919
44917
44919
44919
44923
44931
44940
44943
44955
44967
44983
44999
45003
45018
45021
45027
45036
45037
45037
45034
45027
45023
45019
45015
45009
44991
44984
44979
44973
44959
44957
44949
44944
44943
44937
44935
44932
44933
44930
44922
44927
44921
44925
44932
44933
44926
44935
44942
44951
44959
44969
44975
44991
44998
45007
45018
45023
45024
45031
45027
45031
45027
45021
45013
45003
44995
44987
44981
44976
44968
44966
44961
44958
44951
44945
44939
44937
44936
44933
44933
44930
44929
44929
44921
44920
44921
44928
44933
44937
44945
44951
44965
44978
44987
44995
45007
45015
45029
45026
45027
45031
45029
45029
45027
45020
45015
45013
45005
44990
44985
44977
44969
44965
44961
44955
44953
44945
44943
44933
44929
44925
44924
44919
44919
44924
44920
44917
44922
44929
44935
44944
44951
44958
44969
44985
44999
45004
45013
45023
45027
45029
45031
45031
45030
45025
45019
45015
45011
45003
44994
44987
44983
44968
44963
44955
44947
44944
44936
44931
44926
44921
44924
44921
44921
44921
44919
44919
44929
44927
44927
44943
44951
44953
44968
44976
44991
45003
45009
45018
45031
45031
45026
45035
45037
45031
45027
45022
45013
45010
45001
44986
44975
44971
44963
44957
44949
44940
44938
44929
44928
44923
44921
44917
44919
44916
44915
44917
44923
44925
44933
44941
44944
44953
44957
44973
44985
44995
45009
45015
45017
45024
45032
45031
45035
45038
45029
45019
45018
45013
44999
44992
44983
44977
44972
44957
44950
44949
44948
44939
44935
44931
44923
44923
44921
44923
44925
44924
44923
44927
44930
44937
44941
44947
44960
44966
44978
44983
44995
45001
45017
45021
45022
45028
45026
45025
45023
45023
45020
45015
45007
44995
44984
44976
44967
44965
44956
44945
44939
44937
44931
44929
44927
44927
44924
44920
44923
44925
44926
44930
44931
44935
44939
44947
44944
44963
44967
44976
44989
44997
45001
45012
45013
45012
45017
45023
45023
45021
45020
45013
45009
44999
44997
44990
44981
44972
44965
44959
44956
44951
44943
44936
44931
44929
44925
44934
44929
44926
44929
44933
44928
44929
44933
44938
44947
44945
44957
44965
44974
45063
44981
45000
45009
45011
45019
45016
45020
45023
45025
45019
45017
45015
45007
44993
44988
44980
44975
44967
44965
44953
44951
44946
44939
44936
44933
44931
44929
44927
44927
44930
44926
44925
44929
44931
44940
44942
44949
44965
44966
44973
44983
44994
44999
45008
45014
45018
45024
45027
45023
45021
45023
45018
45011
45007
45002
44995
44984
44979
44975
44961
44955
44951
44945
44939
44935
44929
44927
44923
44919
44919
44927
44926
44929
44930
44935
44940
44949
44959
44962
44974
44986
44991
44998
44998
45013
45023
45027
45030
45031
45029
45029
45030
45015
45009
45004
44994
44984
44980
44971
44963
44957
44953
44943
44935
44927
44924
44922
44923
44921
44926
44926
44929
44923
44931
44930
44935
44944
44951
44961
44967
44975
44990
44998
45003
45015
45019
45018
45020
45031
45030
45021
45018
45011
45012
45005
44990
44990
44981
44981
44970
44965
44953
44947
44937
44935
44938
44929
44927
44926
44925
44927
44927
44935
44933
44931
44944
44947
44953
44955
44967
44971
44984
44989
44996
45001
45009
45019
45019
45016
45018
45021
45023
45018
45017
45007
45001
44992
44985
44977
44974
44967
44956
44952
44947
44942
44939
44935
44932
44926
44923
44929
44931
44933
44929
44935
44935
44942
44949
44957
44961
44965
44975
44983
44984
44991
44995
45007
45006
45017
45019
45024
45015
45017
45015
45007
45009
44999
44996
44988
44983
44969
44967
44959
44954
44951
44943
44934
44935
44933
44932
44988
44929
44930
44935
44929
44932
44939
44943
44945
44949
44959
44963
44970
44977
44984
44994
44998
45001
45009
45014
45017
45017
45015
45017
45015
45009
45007
45003
44994
44984
44978
44970
44965
44962
44951
44948
44947
44947
44941
44933
44910
44929
44928
44927
44921
44929
44931
44931
44939
44946
44953
44955
44958
44967
44982
44987
44997
44999
45005
45012
45019
45022
45024
45026
45025
45021
45014
45009
45001
44999
44995
44982
44979
44967
44965
44953
44946
44949
44937
44930
44924
44923
44927
44919
44923
44927
44933
44932
44935
44942
44949
44952
44957
44966
44976
44985
44989
44997
45015
45035
45033
45035
45031
45033
45033
45037
45031
45025
45021
45011
45013
45003
44992
44984
44975
44968
44961
44957
44951
44949
44951
44945
44939
44940
44935
44939
44937
44946
44949
44954
44958
44957
44964
44975
44983
44991
44994
44999
45004
45017
45021
45021
45031
45031
45031
45025
45023
45018
45013
45011
45003
44996
44987
44979
44977
44967
44969
44953
44951
44947
44937
44939
44935
44939
44941
44948
44950
44948
44951
44953
44955
44961
44967
44974
44985
44987
44997
45001
45013
45013
45016
45024
45027
45031
45029
45028
45026
45023
45018
45014
45009
45010
45007
44991
44981
44971
44967
44956
44952
44953
44955
44945
44939
44938
44939
44935
44935
44941
44948
44946
44940
44945
44957
44959
44975
44975
44984
44991
45001
45003
45001
45007
45011
45017
45015
45015
45020
45023
45012
45012
45006
45006
45003
44991
44994
44979
44973
44967
44959
44955
44952
44949
44943
44942
44938
44937
44941
44941
44943
44943
44945
44948
44953
44951
44961
44968
44973
44982
44984
44989
44999
44997
45001
45011
45014
45014
45021
45021
45015
45015
45009
45005
45003
44993
44984
44980
44975
44967
44965
44960
44953
44945
44938
44937
44938
44933
44934
44930
44931
44931
44933
44940
44944
44947
44951
44960
44961
44969
44985
44991
44993
45001
45003
45014
45023
45023
45021
45020
45027
45016
45017
45017
45008
45004
44991
44990
44986
44981
44969
44961
44956
44953
44947
44945
44933
44932
44927
44935
44933
44937
44927
44931
44939
44943
44950
44950
44960
44967
44966
44981
44986
44993
45005
45008
45012
45017
45021
45020
45019
45019
45015
45012
45007
45005
44997
45001
44991
44983
44977
44972
44965
44957
44955
44950
44947
44951
44943
44939
44939
44937
44936
44939
44944
44947
44956
44962
44967
44973
44976
44986
44996
45003
45006
45007
45015
45019
45025
45028
45025
45014
45017
45015
45013
45008
45001
44997
44983
44985
44977
44969
44964
44964
44949
44944
44942
44943
44940
44937
44937
44937
44936
44941
44941
44943
44951
44954
44955
44961
44969
44977
44981
44987
44991
45004
45009
45015
45018
45023
45021
45023
45020
45020
45015
45012
45007
45002
45001
45001
44988
44980
44977
44975
44964
44959
44959
44955
44953
44952
44948
44949
44953
44949
44946
44943
44939
44949
44954
44959
44963
44973
44972
44977
44983
44993
44995
44999
45007
45010
45011
45014
45015
45013
45014
45013
45009
45007
45001
44996
44986
44985
44975
44975
44966
44964
44954
44951
44950
44949
44943
44942
44938
44940
44938
44936
44944
44947
44948
44951
44951
44959
44970
44971
44981
44987
44983
44993
44999
45005
45007
45015
45014
45017
45013
45010
45011
45005
44995
44997
44991
44983
44979
44969
44964
44958
44953
44947
44937
44935
44935
44933
44927
44925
44927
44935
44935
44924
44937
44950
44958
44957
44961
44967
44970
44975
44980
44989
44999
45001
45006
45007
45016
45053
45018
45022
45025
45022
45027
45026
45026
45018
45016
45017
45023
45022
45018
45010
45012
45014
45012
45015
45023
45030
45027
45031
45049
45051
45061
45055
45073
45083
45090
45098
45107
45119
45127
45141
45153
45153
45155
45159
45173
45189
45200
45185
45187
45200
45223
45235
45235
45230
45239
45247
45264
45278
45279
45285
45311
45335
45366
45389
45397
45426
45457
45489
45511
45536
45553
45564
45590
45607
45615
45609
45603
45595
45599
45590
45579
45559
45526
45499
45479
45455
45444
45437
45440
45431
45439
45440
45447
45461
45476
45505
45535
45573
45595
45610
45625
45635
45655
45679
45697
45713
45721
45725
45723
45727
45719
45710
45703
45721
45738
45746
45745
45742
45737
45733
45727
45721
45714
45699
45691
45679
45663
45647
45607
45575
45553
45534
45511
45492
45465
45432
45405
45385
45358
45341
45327
45231
45328
45349
45350
45357
45361
45368
45391
45410
45426
45451
45481
45511
45535
45555
45545
45544
45544
45544
45533
45518
45487
45465
45429
45391
45350
45299
45259
45219
45190
45153
45121
45080
45048
45023
45009
45001
44995
44990
44987
44978
44979
44970
44967
44965
44951
44943
44958
44977
44990
44983
44977
44993
45015
45017
45026
45043
45055
45071
45076
45087
45085
45079
45071
45063
45053
45042
45023
45005
44981
44964
44939
44911
44892
44882
44871
44869
44861
44853
44845
44852
44863
44867
44875
44881
44888
44905
44915
44923
44930
44933
44946
44962
44977
44995
45011
45017
45020
45030
45046
45053
45061
45057
45067
45066
45067
45054
45047
45031
45015
44991
44986
44966
44945
44927
44911
44901
44895
44881
44872
44869
44882
44887
44887
44886
44893
44903
44909
44923
44932
44938
44941
44954
44962
44969
44983
44985
45001
45024
45045
45055
45059
45055
45067
45065
45066
45063
45058
45053
45045
45036
45018
44991
44981
44954
44936
44918
44910
44894
44882
44879
44873
44871
44868
44871
44875
44883
44887
44901
44906
44916
44925
44939
44953
44960
44973
44991
45011
45023
45031
45039
45049
45063
45063
45071
45077
45081
45071
45065
45050
45047
45037
45017
44995
44980
44958
44935
44915
44900
44883
44877
44872
44869
44868
44866
44864
44869
44877
44883
44895
44905
44919
44935
44951
44975
44985
44993
45009
45017
45030
45043
45049
45063
45060
45077
45081
45077
45075
45073
45060
45051
45042
45017
44999
44979
44956
44942
44923
44909
44892
44871
44866
44857
44851
44849
44853
44861
44870
44879
44893
44911
44925
44937
44945
44968
44979
44992
45002
45025
45040
45052
45059
45061
45068
45073
45071
45073
45069
45061
45050
45055
45045
45027
45007
44991
44972
44949
44930
44915
44893
44887
44873
44867
44861
44860
44864
44860
44865
44880
44891
44913
44919
44932
44947
44962
44975
44991
45001
45012
45027
45032
45038
45053
45058
45059
45061
45061
45057
45052
45057
45043
45033
45023
45007
44997
44984
44963
44944
44931
44917
44904
44891
44879
44877
44862
44869
44867
44873
44886
44891
44906
44919
44927
44935
44951
44961
44969
44983
45005
45012
45021
45031
45034
45044
45045
45049
45050
45049
45055
45049
45047
45045
45032
45020
45007
44991
44983
44967
44953
44940
44925
44909
44901
44891
44887
44882
44879
44879
44881
44884
44891
44895
44913
44923
44931
44945
44951
44965
44976
44991
45001
45012
45018
45029
45039
45043
45050
45050
45053
45051
45050
45047
45041
45038
45027
45020
45006
44988
44976
44961
44947
44937
44914
44903
44895
44886
44882
44877
44873
44877
44882
44887
44893
44900
44912
44930
44937
44945
44959
44973
44990
44998
45011
45019
45035
45042
45048
45050
45057
45054
45061
45049
45053
45049
45047
45031
45017
45005
44989
44977
44962
44943
44923
44919
44914
44903
44892
44889
44885
44880
44883
44888
44896
44901
44912
44920
44935
44957
44959
44985
44999
45005
45020
45038
45045
45055
45061
45061
45073
45071
45074
45069
45071
45068
45060
45050
45037
45021
45007
44989
44981
44964
44944
44931
44916
44899
44895
44876
44879
44876
44877
44887
44889
44899
44902
44911
44930
44938
44951
44965
44988
44999
45019
45021
45035
45055
45055
45063
45069
45071
45082
45076
45067
45065
45063
45049
45047
45031
45021
45006
44987
44977
44960
44937
44922
44916
44909
44899
44895
44888
44891
44895
44893
44901
44909
44925
44938
44945
44957
44984
44995
45002
45017
45027
45037
45045
45055
45060
45055
45073
45064
45059
45062
45062
45057
45048
45087
45031
45021
45009
44995
44983
44963
44949
44950
44932
44918
44913
44906
44899
44894
44891
44893
44899
44900
44910
44921
44929
44941
44954
44966
44981
44991
44995
45005
45023
45035
45042
45042
45054
45055
45059
45048
45059
45043
45045
45041
45031
45021
45009
44998
44987
44975
44965
44947
44931
44925
44909
44906
44897
44892
44891
44888
44889
44895
44901
44905
44919
44923
44931
44941
44956
44969
44975
44987
45001
45015
45023
45031
45031
45039
45047
45045
45049
45051
45045
45046
45039
45037
45031
45015
45005
44998
44984
44960
44954
44944
44929
44919
44907
44901
44895
44889
44891
44889
44893
44899
44901
44911
44923
44938
44946
44954
44969
44978
45001
45007
45019
45034
45043
45043
45045
45047
45055
45060
45049
45055
45045
45045
45033
45018
45013
45005
44987
44975
44961
44947
44935
44922
44910
44899
44896
44879
44883
44883
44884
44885
44884
44896
44909
44919
44930
44953
44971
44977
44991
45005
45012
45029
45040
45048
45049
45055
45064
45063
45063
45061
45055
45055
45047
45037
45027
45017
45006
44990
44974
44963
44945
44935
44920
44910
44901
44895
44891
44886
44885
44883
44887
44900
44909
44918
44932
44942
44952
44966
44983
44997
45011
45023
45031
45039
45047
45055
45055
45061
45055
45055
45055
45047
45039
45034
45028
45015
45008
44988
44969
44967
44946
44940
44927
44916
44907
44901
44892
44900
44896
44891
44893
44905
44910
44922
44929
44939
44956
44970
44983
44994
44999
45017
45025
45033
45047
45049
45055
45057
45050
45055
45053
45050
45040
45031
45025
45018
45011
44993
44983
44976
44964
44948
44933
44929
44919
44907
44903
44899
44897
44887
44893
44898
44907
44915
44923
44922
44947
44947
44959
44973
44983
44991
45005
45016
45022
45028
45037
45043
45043
45041
45041
45043
45043
45036
45033
45026
45021
45008
44997
44983
44973
44965
44951
44935
44927
44919
44917
44912
44911
44898
44893
44891
44901
44905
44915
44919
44923
44935
44942
44961
44965
44975
44988
44998
45005
45014
45023
45027
45035
45039
45045
45043
45047
45035
45033
45025
45027
45017
45008
44996
44986
44974
44964
44947
44941
44931
44915
44914
44905
44905
44899
44897
44896
44894
44905
44907
44915
44921
44929
44941
44961
44975
44979
44989
45002
45013
45024
45035
45040
45039
45048
45053
45055
45052
45045
45045
45038
45024
45020
45005
45002
44985
44973
44957
44943
44935
44923
44909
44900
44895
44891
44889
44893
44893
44887
44895
44903
44911
44917
44932
44950
44960
44969
44987
44994
45003
45016
45023
45036
45048
45047
45049
45051
45055
45047
45045
45043
45039
45028
45017
45001
45035
44977
44965
44953
44946
44933
44921
44915
44903
44897
44887
44888
44897
44901
44903
44907
44917
44915
44933
44937
44949
44967
44985
44991
45005
45013
45016
45035
45039
45048
45048
45047
45047
45045
45041
45039
45031
45027
45015
45006
44999
44985
44969
44961
44951
44938
44927
44910
44913
44903
44897
44893
44893
44893
44896
44901
44907
44919
44929
44934
44942
44957
44977
44988
44995
45007
45013
45021
45030
45039
45047
45040
45044
45046
45047
45042
45032
45033
45028
45016
45008
44993
44977
44971
44961
44947
44935
44927
44923
44915
44907
44901
44903
44903
44901
44907
44909
44911
44919
44931
44929
44946
44953
44973
44981
44985
45002
45015
45015
45023
45031
45032
45038
45043
45043
45033
45031
45030
45019
45012
45008
45003
44987
44981
44969
44957
44951
44941
44927
44922
44914
44911
44902
44899
44903
44903
44902
44909
44915
44923
44931
44939
44945
44955
44965
44975
44980
44989
