29889
29889
29893
29896
29906
29893
29891
29885
29887
29899
29902
29887
29886
29887
29889
29892
29891
29889
29887
29884
29887
29897
29887
29886
29887
29889
29889
29895
29889
29890
29895
29905
29889
29895
29891
29889
29904
29894
29897
29897
29897
29897
29911
29899
29907
29899
29898
29911
29913
29902
29898
29898
29899
29907
29901
29903
29904
29901
29914
29918
29901
29903
29906
29913
29909
29908
29910
29905
29910
29925
29933
29974
30031
30135
30240
30249
30129
30025
29943
29909
29919
29965
30052
30161
30154
30060
29996
29931
29899
29883
29877
29877
29877
29881
29893
29889
29892
29890
29896
29898
29904
29891
29895
29895
29897
29901
29910
29896
29899
29900
29905
29921
29905
29904
29912
29909
29931
29925
29906
29923
29919
29919
29925
29913
29914
29919
29921
29926
29917
29927
29920
29919
29924
29911
29915
29915
29914
29914
29920
29909
29909
29907
29907
29909
29919
29904
29906
29907
29926
29912
29910
29910
29911
29908
29927
29918
29916
29913
29915
29915
29927
29913
29921
29918
29911
29927
29915
29919
29919
29926
29911
29912
29905
29911
29915
29916
29911
29925
29907
29912
29911
29913
29901
29903
29913
29909
29911
29903
29911
29905
29908
29911
29909
29911
29907
29903
29907
29915
29913
29913
29911
29917
29913
29915
29918
29913
29913
29928
29917
29911
29910
29913
29924
29923
29907
29910
29911
29909
29907
29918
29904
29901
29901
29901
29917
29903
29899
29901
29904
29911
29903
29903
29919
29908
29906
29903
29906
29911
29912
29911
29926
29917
29917
29912
29925
29911
29922
29913
29913
29927
29925
29913
29917
29917
29912
29922
29907
29920
29910
29911
29909
29907
29905
29898
29905
29905
29916
29901
29907
29906
29907
29923
29923
29911
29919
29910
29910
29907
29907
29904
29909
29906
29923
29905
29909
29920
29909
29909
29925
29911
29913
29908
29907
29917
29901
29905
29908
29910
29922
29903
29904
29901
29902
29904
29918
29907
29903
29919
29911
29909
29921
29911
29906
29908
29919
29918
29907
29910
29905
29908
29911
29925
29917
29928
29922
29907
29905
29912
29914
29917
29927
29912
29915
29911
29922
29911
29911
29907
29909
29908
29904
29901
29918
29909
29901
29917
29905
29902
29919
29906
29905
29901
29904
29908
29907
29897
29915
29905
29910
29920
29915
29911
29924
29911
29927
29916
29915
29921
29925
29909
29913
29916
29928
29916
29915
29923
29914
29913
29909
29909
29924
29911
29910
29921
29907
29910
29919
29903
29910
29903
29913
29903
29907
29903
29917
29907
29903
29904
29905
29918
29909
29909
29904
29905
29920
29909
29909
29913
29919
29910
29908
29911
29926
29909
29913
29923
29911
29923
29907
29909
29909
29901
29916
29903
29905
29915
29898
29901
29901
29897
29902
29899
29900
29917
29902
29901
29901
29915
29915
29905
29906
29909
29906
29908
29919
29911
29911
29907
29918
29919
29911
29910
29926
29917
29915
29904
29905
29908
29917
29915
29906
29905
29899
29899
29914
29914
29903
29901
29899
29898
29907
29894
29899
29912
29901
29914
29909
29904
29916
29903
29904
29901
29910
29903
29917
29920
29917
29902
29902
29914
29919
29905
29918
29911
29909
29901
29916
29913
29905
29907
29915
29902
29903
29903
29901
29903
29901
29901
29914
29896
29895
29894
29895
29911
29903
29901
29901
29899
29903
29907
29906
29907
29907
29910
29922
29911
29909
29907
29920
29924
29910
29910
29919
29906
29907
29907
29906
29905
29901
29903
29921
29900
29897
29895
29899
29913
29897
29900
29911
29911
29900
29913
29896
29893
29911
29899
29897
29900
29898
29905
29911
29900
29917
29903
29903
29919
29916
29904
29904
29903
29923
29927
29908
29908
29903
29910
29919
29905
29905
29908
29903
29905
29921
29920
29903
29906
29916
29898
29896
29896
29895
29900
29896
29893
29895
29901
29899
29896
29898
29921
29903
29897
29907
29901
29902
29907
29906
29920
29901
29901
29923
29911
29903
29918
29919
29919
29903
29907
29920
29908
29909
29918
29901
29903
29904
29897
29902
29899
29896
29910
29901
29895
29897
29901
29889
29913
29901
29903
29903
29905
29902
29913
29906
29901
29899
29919
29902
29904
29909
29921
29908
29909
29922
29906
29908
29904
29903
29906
29907
29902
29907
29904
29905
29918
29901
29905
29897
29899
29897
29897
29898
29911
29897
29894
29910
29896
29897
29907
29897
29899
29899
29897
29913
29902
29909
29897
29899
29901
29917
29911
29915
29905
29912
29907
29907
29917
29911
29907
29901
29903
29906
29911
29900
29900
29898
29899
29911
29902
29900
29897
29903
29907
29905
29889
29904
29905
29901
29899
29896
29892
29895
29899
29914
29904
29902
29908
29911
29897
29899
29899
29911
29905
29907
29902
29899
29902
29898
29900
29913
29905
29903
29899
29903
29909
29897
29893
29900
29893
29903
29895
29896
29895
29890
29904
29893
29891
29891
29886
29903
29895
29898
29897
29903
29898
29898
29901
29901
29897
29896
29907
29901
29908
29919
29915
29905
29904
29907
29907
29898
29901
29917
29900
29904
29901
29902
29913
29916
29903
29899
29897
29897
29908
29895
29885
29898
29891
29893
29889
29884
29901
29895
29893
29906
29897
29897
29893
29896
29908
29895
29895
29895
29902
29906
29907
29905
29899
29911
29912
29910
29900
29902
29903
29903
29910
29901
29897
29918
29903
29898
29915
29897
29895
29898
29891
29907
29893
29898
29915
29899
29899
29905
29897
29895
29903
29898
29909
29894
29893
29909
29904
29895
29901
29906
29903
29905
29903
29911
29903
29903
29901
29909
29903
29903
29899
29897
29898
29910
29898
29897
29895
29899
29907
29894
29893
29894
29895
29905
29891
29904
29889
29892
29910
29897
29901
29899
29895
29909
29895
29898
29900
29897
29912
29907
29903
29906
29907
29919
29904
29904
29902
29904
29905
29918
29907
29911
29901
29901
29900
29910
29908
29900
29896
29890
29892
29909
29897
29892
29897
29898
29905
29904
29891
29897
29893
29906
29895
29897
29893
29895
29909
29897
29901
29898
29899
29910
29900
29911
29901
29901
29895
29894
29915
29899
29897
29897
29904
29913
29895
29897
29895
29897
29905
29897
29894
29905
29893
29887
29889
29891
29891
29891
29892
29891
29889
29889
29893
29906
29895
29897
29895
29898
29895
29911
29895
29895
29892
29897
29904
29915
29903
29901
29897
29905
29911
29909
29896
29897
29891
29906
29903
29895
29889
29888
29895
29891
29890
29891
29892
29889
29890
29903
29887
29889
29893
29907
29907
29890
29895
29893
29891
29891
29894
29896
29893
29889
29905
29898
29901
29903
29903
29895
29908
29899
29900
29899
29895
29903
29894
29897
29897
29892
29894
29897
29897
29890
29889
29891
29903
29889
29892
29890
29895
29898
29909
29897
29893
29907
29907
29894
29894
29893
29899
29898
29895
29895
29891
29893
29897
29895
29914
29903
29900
29901
29911
29907
29899
29895
29907
29901
29907
29897
29891
29907
29891
29885
29887
29893
29899
29885
29882
29899
29885
29883
29879
29887
29905
29905
29895
29893
29895
29897
29905
29897
29900
29896
29909
29909
29897
29896
29901
29896
29919
29906
29900
29897
29903
29900
29911
29900
29895
29909
29896
29893
29907
29895
29895
29909
29893
29890
29903
29895
29909
29902
29907
29890
29891
29903
29890
29887
29903
29892
29897
29897
29911
29901
29895
29899
29899
29900
29919
29898
29893
29899
29913
29895
29897
29899
29900
29894
29908
29895
29893
29906
29894
29895
29908
29894
29896
29893
29895
29893
29897
29894
29893
29887
29902
29894
29894
29895
29895
29893
29896
29911
29896
29899
29913
29895
29903
29899
29898
29903
29899
29906
29897
29903
29913
29897
29903
29912
29895
29895
29911
29911
29896
29903
29893
29891
29896
29909
29889
29889
29901
29892
29891
29887
29891
29894
29909
29910
29896
29897
29893
29893
29892
29907
29911
29898
29911
29901
29898
29915
29903
29895
29908
29911
29901
29901
29895
29900
29913
29907
29890
29891
29892
29898
29899
29909
29899
29897
29893
29887
29890
29889
29889
29891
29895
29907
29891
29895
29895
29906
29891
29906
29896
29899
29911
29904
29899
29895
29897
29893
29909
29903
29905
29900
29898
29896
29910
29899
29900
29900
29901
29897
29906
29896
29896
29906
29903
29898
29895
29896
29893
29894
29906
29900
29892
29892
29893
29897
29905
29893
29894
29892
29890
29893
29895
29899
29901
29899
29911
29899
29899
29903
29899
29910
29905
29900
29899
29899
29911
29909
29905
29895
29897
29899
29892
29895
29896
29896
29897
29890
29881
29895
29893
29895
29902
29887
29891
29895
29894
29889
29887
29902
29892
29892
29905
29897
29895
29913
29903
29904
29909
29909
29897
29903
29899
29901
29899
29911
29898
29899
29898
29903
29887
29896
29895
29898
29896
29895
29895
29895
29893
29903
29907
29901
29902
29893
29904
29893
29911
29895
29909
29895
29895
29889
29907
29895
29895
29897
29895
29893
29896
29897
29899
29911
29897
29895
29902
29896
29903
29899
29911
29891
29894
29895
29906
29896
29903
29894
29898
29905
29903
29894
29891
29892
29891
29894
29904
29893
29892
29898
29907
29895
29891
29896
29914
29897
29895
29895
29899
29895
29899
29917
29899
29897
29899
29896
29899
29895
29911
29900
29899
29905
29908
29898
29895
29887
29895
29893
29905
29887
29892
29892
29892
29891
29887
29904
29887
29903
29891
29900
29891
29886
29899
29903
29901
29897
29893
29887
29893
29903
29899
29897
29898
29892
29911
29911
29897
29895
29901
29901
29900
29900
29897
29886
29903
29894
29892
29892
29906
29885
29890
29892
29898
29889
29889
29904
29890
29889
29895
29883
29882
29899
29893
29895
29891
29906
29891
29903
29895
29896
29895
29901
29907
29895
29897
29906
29895
29897
29904
29895
29896
29896
29909
29893
29894
29895
29910
29894
29893
29895
29892
29887
29893
29902
29890
29886
29883
29885
29887
29885
29886
29891
29885
29888
29887
29885
29887
29887
29903
29894
29907
29896
29893
29893
29888
29904
29898
29897
29894
29894
29905
29899
29896
29897
29893
29897
29901
29908
29891
29891
29892
29892
29887
29886
29902
29884
29905
29903
29886
29890
29885
29898
29885
29890
29899
29894
29889
29899
29887
29892
29897
29904
29894
29887
29895
29901
29895
29891
29905
29892
29895
29907
29905
29907
29891
29905
29890
29889
29903
29885
29887
29888
29885
29889
29883
29899
29887
29883
29881
29889
29897
29890
29890
29885
29896
29893
29888
29892
29908
29906
29907
29895
29889
29891
29893
29894
29892
29894
29889
29893
29909
29897
29895
29889
29893
29896
29905
29895
29893
29890
29895
29887
29900
29887
29884
29887
29889
29889
29885
29881
29881
29896
29885
29901
29887
29892
29893
29892
29888
29887
29899
29895
29902
29904
29899
29892
29894
29903
29892
29891
29896
29893
29890
29892
29908
29901
29899
29887
29887
29897
29904
29887
29889
29890
29899
29887
29884
29885
29887
29901
29885
29885
29891
29892
29889
29906
29889
29891
29889
29892
29893
29895
29909
29891
29891
29892
29903
29893
29893
29887
29901
29883
29896
29895
29889
29891
29905
29907
29897
29893
29887
29898
29893
29894
29887
29891
29903
29893
29889
29887
29884
29899
29895
29880
29883
29895
29887
29884
29897
29890
29889
29891
29905
29899
29893
29891
29885
29889
29887
29901
29892
29894
29891
29906
29900
29891
29904
29895
29895
29901
29899
29885
29884
29887
29886
29886
29887
29879
29878
29893
29882
29887
29883
29879
29883
29893
29879
29889
29892
29903
29901
29887
29900
29890
29893
29897
29887
29895
29891
29885
29883
29903
29894
29892
29887
29883
29887
29897
29887
29889
29883
29898
29891
29893
29883
29887
29883
29895
29883
29885
29901
29885
29882
29900
29887
29884
29885
29887
29887
29890
29885
29887
29900
29895
29890
29905
29891
29894
29907
29894
29891
29899
29891
29895
29901
29902
29891
29887
29885
29901
29892
29897
29879
29884
29899
29895
29887
29885
29883
29878
29879
29885
29882
29879
29887
29896
29885
29889
29887
29886
29897
29899
29887
29891
29895
29903
29907
29891
29892
29895
29893
29895
29893
29895
29907
29898
29895
29909
29891
29893
29891
29899
29887
29887
29894
29893
29893
29891
29903
29887
29885
29882
29895
29900
29887
29887
29884
29891
29899
29887
29885
29881
29897
29887
29887
29887
29887
29885
29889
29903
29903
29892
29890
29891
29891
29907
29887
29887
29891
29898
29903
29889
29892
29907
29893
29890
29889
29883
29879
29884
29897
29887
29887
29887
29889
29887
29899
29903
29885
29884
29883
29897
29887
29890
29889
29884
29889
29891
29895
29889
29885
29899
29889
29890
29889
29887
29890
29889
29903
29891
29889
29889
29889
29890
29886
29885
29883
29890
29903
29886
29887
29895
29887
29895
29883
29886
29878
29886
29895
29885
29887
29894
29885
29887
29899
29889
29884
29902
29889
29889
29899
29902
29886
29887
29883
29884
29883
29890
29885
29881
29895
29887
29891
29905
29881
29879
29895
29877
29885
29881
29895
29881
29879
29883
29879
29876
29879
29879
29881
29879
29892
29890
29879
29882
29887
29885
29897
29891
29879
29895
29885
29885
29899
29891
29883
29886
29887
29890
29902
29884
29879
29882
29884
29879
29880
29880
29881
29882
29895
29880
29880
29878
29878
29878
29891
29881
29879
29887
29879
29883
29887
29878
29877
29880
29896
29895
29895
29880
29885
29885
29896
29881
29889
29885
29898
29893
29885
29901
29887
29886
29898
29895
29884
29889
29887
29881
29877
29894
29885
29879
29895
29875
29890
29878
29873
29876
29876
29892
29879
29879
29881
29881
29875
29876
29880
29879
29881
29894
29896
29881
29885
29882
29895
29895
29885
29884
29884
29885
29891
29881
29884
29884
29887
29891
29903
29888
29887
29886
29895
29895
29886
29886
29887
29887
29886
29893
29879
29880
29881
29893
29899
29890
29891
29898
29884
29883
29887
29885
29886
29891
29888
29890
29899
29887
29892
29887
29903
29891
29887
29889
29903
29903
29899
29885
29897
29889
29887
29895
29877
29877
29881
29893
29892
29891
29875
29887
29887
29874
29871
29891
29877
29875
29879
29875
29875
29875
29887
29873
29879
29892
29879
29883
29885
29893
29879
29886
29881
29897
29885
29884
29883
29895
29883
29880
29881
29892
29879
29873
29878
29893
29879
29879
29877
29870
29889
29890
29879
29874
29875
29877
29879
29889
29881
29879
29881
29891
29879
29882
29885
29889
29898
29896
29887
29887
29887
29907
29887
29906
29887
29890
29895
29909
29908
29891
29893
29899
29895
29889
29905
29887
29893
29895
29903
29903
29894
29900
29914
29911
29904
29890
29905
29899
29897
29902
29911
29898
29905
29907
29907
29905
29900
29910
29893
29909
29898
29905
29895
29899
29911
29891
29894
29891
29886
29884
29881
29894
29879
29875
29874
29887
29886
29873
29868
29875
29870
29870
29883
29875
29869
29871
29873
29876
29875
29889
29876
29879
29889
29881
29882
29883
29884
29895
29893
29883
29884
29899
29899
29901
29893
29887
29884
29901
29893
29909
29894
29887
29889
29895
29894
29881
29879
29883
29877
29879
29898
29877
29887
29878
29897
29890
29879
29882
29880
29877
29881
29890
29881
29879
29872
29887
29884
29881
29880
29899
29892
29885
29885
29890
29893
29892
29897
29887
29886
29889
29900
29887
29895
29891
29888
29896
29887
29894
29881
29879
29879
29882
29879
29881
29887
29880
29883
29887
29879
29878
29877
29895
29889
29895
29880
29884
29883
29895
29887
29900
29883
29885
29886
29899
29894
29892
29895
29891
29889
29890
29891
29895
29889
29907
29890
29895
29885
29887
29883
29892
29897
29883
29883
29889
29887
29889
29867
29886
29887
29877
29891
29889
29875
29877
29881
29895
29887
29882
29879
29883
29897
29885
29903
29883
29884
29895
29897
29901
29890
29889
29891
29889
29889
29897
29887
29887
29887
29905
29889
29887
29881
29895
29897
29879
29880
29880
29879
29872
29889
29879
29878
29877
29896
29887
29883
29883
29886
29881
29886
29899
29887
29890
29901
29903
29902
29892
29905
29888
29889
29900
29893
29895
29889
29895
29885
29882
29883
29894
29885
29883
29895
29879
29878
29879
29879
29891
29872
29892
29873
29885
29879
29896
29879
29875
29878
29895
29877
29884
29886
29880
29882
29897
29885
29886
29885
29903
29895
29890
29898
29892
29895
29889
29898
29891
29887
29887
29898
29887
29883
29895
29885
29879
29879
29889
29879
29874
29876
29874
29873
29880
29874
29877
29873
29870
29887
29869
29871
29879
29891
29879
29879
29885
29880
29879
29879
29895
29883
29885
29883
29897
29887
29894
29897
29889
29897
29884
29894
29879
29869
29889
29900
29879
29879
29877
29885
29875
29879
29893
29876
29873
29873
29887
29879
29877
29878
29887
29892
29877
29879
29876
29883
29881
29894
29879
29885
29883
29889
29878
29886
29885
29887
29887
29884
29893
29879
29877
29877
29893
29894
29875
29871
29873
29871
29885
29891
29872
29866
29867
29875
29864
29876
29863
29867
29867
29879
29880
29864
29870
29867
29866
29879
29883
29869
29875
29884
29884
29877
29879
29895
29894
29881
29882
29890
29875
29896
29886
29890
29871
29875
29899
29873
29885
29877
29889
29872
29876
29871
29864
29863
29868
29881
29868
29849
29842
29873
29863
29839
29847
29847
29849
29842
29837
29847
29834
29831
29829
29839
29843
29851
29839
29848
29829
29827
29813
29820
29818
29827
29851
29857
29854
29845
29809
29811
29821
29839
29837
29828
29847
29849
29832
29837
29823
29823
29843
29847
29827
29822
29811
29837
29831
29823
29826
29823
29835
29817
29823
29839
29823
29827
29831
29834
29814
29818
29835
29823
29823
29836
29813
29807
29814
29834
29847
29854
29847
29830
29827
29852
29856
29845
29839
29855
29887
29883
29863
29858
29851
29853
29877
29885
29869
29877
29892
29909
29908
29911
29894
29893
29907
29918
29913
29923
29935
29951
29952
29945
29930
29931
29929
29935
29940
29953
29941
29965
29978
29989
29966
29978
29986
29977
29981
29967
29955
29962
29973
29973
29969
29950
29964
29967
29951
29919
29897
29933
29966
29985
29991
29973
29946
29940
29948
29931
29885
29850
29856
29879
29889
29864
29861
29847
29847
29847
29837
29847
29839
29859
29868
29871
29870
29861
29867
29873
29886
29889
29887
29883
29905
29919
29914
29914
29933
29913
29913
29925
29911
29917
29937
29963
29970
29959
29951
29938
29941
29943
29939
29917
29901
29877
29892
29883
29890
29881
29863
29852
29835
29833
29826
29825
29836
29863
29855
29844
29831
29832
29822
29833
29826
29829
29815
29818
29823
29852
29857
29845
29847
29854
29854
29826
29833
29879
29890
29872
29859
29869
29851
29874
29870
29887
29881
29866
29872
29884
29875
29885
29879
29868
29866
29874
29855
29875
29873
29866
29878
29863
29872
29858
29865
29858
29870
29861
29847
29835
29856
29869
29861
29856
29871
29855
29843
29855
29878
29846
29847
29875
29868
29871
29868
29857
29861
29858
29844
29856
29843
29858
29845
29843
29845
29847
29825
29823
29823
29833
29831
29824
29833
29837
29825
29807
29816
29807
29792
29819
29813
29828
29813
29820
29837
29827
29805
29816
29834
29832
29841
29846
29852
29839
29839
29831
29835
29827
29830
29833
29830
29830
29813
29841
29836
29823
29831
29839
29823
29816
29805
29797
29814
29807
29825
29811
29799
29801
29823
29799
29792
29789
29811
29831
29830
29838
29842
29859
29863
29883
29869
29860
29871
29885
29889
29889
29895
29879
29871
29882
29891
29871
29862
29869
29893
29911
29901
29889
29898
29903
29901
29905
29920
29905
29905
29907
29886
29903
29917
29914
29907
29871
29882
29923
29916
29923
29936
29975
29975
29990
30001
30044
30062
30063
30041
30031
30007
29989
29989
30004
29984
29945
29939
29927
29937
29915
29905
29931
29947
29954
29943
29962
29975
29980
29968
29921
29931
29937
29935
29888
29847
29851
29833
29830
29804
29807
29785
29788
29816
29830
29816
29821
29839
29890
29903
29881
29891
29913
29922
29929
29913
29903
29901
29892
29892
29877
29891
29877
29874
29873
29890
29913
29895
29884
29902
29958
29959
29951
29915
29907
29912
29889
29895
29863
29837
29830
29831
29825
29814
29819
29805
29827
29853
29862
29854
29849
29887
29907
29874
29871
29887
29909
29909
29891
29887
29895
29879
29858
29855
29848
29847
29847
29832
29855
29859
29846
29831
29839
29868
29855
29837
29833
29845
29838
29825
29847
29841
29833
29828
29838
29853
29852
29852
29862
29881
29914
29915
29902
29908
29934
29951
29949
29927
29909
29935
29945
29931
29909
29883
29886
29870
29875
29877
29861
29844
29864
29876
29887
29871
29850
29867
29885
29871
29845
29835
29859
29851
29861
29864
29847
29847
29847
29865
29875
29861
29867
29893
29916
29927
29923
29928
29927
29941
29941
29929
29911
29911
29905
29905
29891
29886
29877
29865
29869
29857
29843
29847
29852
29865
29865
29862
29854
29854
29869
29877
29880
29869
29854
29847
29863
29865
29857
29856
29859
29871
29885
29894
29885
29887
29898
29922
29911
29935
29920
29928
29926
29935
29909
29906
29886
29881
29875
29873
29879
29855
29847
29853
29857
29857
29844
29849
29855
29875
29861
29860
29863
29874
29861
29871
29859
29855
29866
29873
29873
29866
29886
29872
29871
29887
29894
29904
29902
29906
29923
29926
29911
29914
29907
29921
29915
29906
29890
29877
29870
29877
29871
29850
29863
29846
29845
29865
29855
29862
29847
29867
29862
29877
29879
29865
29862
29869
29875
29868
29854
29860
29862
29874
29877
29868
29874
29875
29891
29898
29904
29901
29907
29926
29927
29910
29903
29897
29903
29903
29897
29878
29870
29873
29875
29859
29855
29847
29846
29853
29866
29863
29852
29857
29861
29877
29873
29855
29855
29873
29877
29877
29867
29861
29864
29863
29886
29879
29889
29883
29892
29895
29919
29915
29907
29915
29915
29921
29919
29901
29908
29895
29899
29894
29862
29859
29855
29869
29861
29843
29843
29838
29861
29861
29849
29846
29847
29855
29868
29867
29856
29855
29855
29873
29875
29863
29867
29873
29887
29893
29889
29887
29896
29909
29915
29922
29909
29908
29907
29919
29919
29897
29890
29887
29874
29879
29871
29864
29848
29850
29845
29849
29852
29845
29845
29847
29851
29866
29870
29857
29857
29864
29859
29871
29866
29869
29869
29877
29880
29895
29887
29907
29898
29902
29901
29898
29917
29920
29912
29902
29898
29898
29895
29903
29879
29862
29860
29866
29847
29858
29853
29839
29849
29855
29854
29852
29836
29844
29852
29848
29861
29859
29859
29869
29864
29871
29879
29867
29876
29875
29879
29895
29884
29884
29899
29893
29895
29901
29893
29895
29909
29892
29899
29883
29875
29871
29874
29870
29862
29848
29842
29852
29839
29849
29839
29841
29853
29847
29845
29857
29851
29857
29863
29866
29875
29863
29872
29885
29873
29877
29878
29893
29893
29897
29885
29883
29891
29905
29907
29895
29906
29911
29895
29887
29887
29895
29887
29867
29866
29855
29857
29877
29853
29838
29847
29846
29863
29845
29854
29858
29867
29875
29869
29873
29880
29880
29885
29875
29877
29886
29901
29890
29887
29895
29896
29911
29911
29897
29902
29906
29917
29911
29919
29903
29895
29894
29909
29903
29901
29879
29869
29862
29865
29866
29851
29849
29852
29863
29862
29858
29843
29849
29847
29847
29851
29857
29861
29875
29878
29861
29865
29867
29885
29887
29875
29879
29885
29899
29884
29899
29885
29887
29890
29899
29886
29898
29886
29890
29878
29878
29873
29855
29857
29861
29847
29857
29842
29844
29857
29840
29839
29842
29845
29851
29850
29853
29875
29860
29856
29868
29883
29891
29876
29879
29893
29900
29887
29901
29886
29905
29895
29897
29890
29907
29893
29891
29885
29880
29882
29871
29871
29863
29861
29863
29859
29850
29847
29838
29846
29855
29847
29845
29847
29847
29855
29851
29857
29871
29859
29876
29882
29872
29877
29891
29893
29899
29893
29897
29890
29889
29909
29903
29890
29889
29901
29885
29897
29887
29880
29879
29869
29873
29872
29855
29851
29843
29855
29855
29833
29833
29848
29839
29843
29846
29846
29860
29859
29852
29861
29863
29876
29887
29891
29879
29881
29884
29896
29898
29895
29895
29887
29890
29887
29889
29902
29889
29881
29878
29891
29887
29869
29865
29866
29871
29863
29863
29849
29841
29845
29840
29845
29843
29859
29863
29864
29863
29855
29855
29861
29863
29877
29869
29869
29883
29879
29890
29879
29897
29883
29884
29885
29903
29899
29883
29881
29899
29887
29898
29881
29874
29873
29868
29873
29863
29863
29871
29855
29864
29857
29843
29843
29846
29853
29853
29847
29851
29849
29851
29864
29859
29861
29864
29881
29879
29870
29871
29875
29879
29890
29894
29891
29884
29883
29897
29895
29900
29885
29880
29887
29875
29892
29878
29883
29879
29864
29855
29856
29863
29863
29843
29855
29840
29845
29851
29850
29849
29842
29844
29851
29844
29861
29849
29870
29867
29863
29867
29867
29884
29870
29872
29873
29879
29895
29881
29879
29873
29879
29900
29881
29877
29879
29887
29887
29870
29863
29881
29857
29866
29863
29847
29853
29851
29852
29839
29839
29857
29857
29840
29847
29851
29865
29857
29869
29871
29873
29879
29870
29869
29875
29887
29890
29880
29881
29881
29895
29897
29879
29881
29879
29895
29887
29875
29867
29865
29867
29862
29858
29855
29864
29863
29842
29841
29835
29851
29847
29839
29839
29847
29837
29844
29847
29863
29867
29853
29852
29867
29879
29887
29878
29883
29885
29894
29895
29887
29889
29891
29889
29896
29896
29881
29881
29876
29887
29885
29871
29865
29863
29861
29863
29849
29851
29845
29841
29841
29856
29858
29840
29835
29852
29839
29860
29851
29851
29853
29859
29864
29881
29869
29874
29889
29888
29875
29873
29895
29901
29880
29879
29888
29895
29884
29877
29887
29872
29886
29882
29868
29873
29857
29856
29863
29864
29844
29847
29845
29842
29839
29850
29842
29838
29843
29859
29849
29863
29868
29858
29860
29881
29861
29877
29872
29875
29887
29887
29881
29897
29885
29887
29901
29885
29883
29894
29881
29879
29887
29872
29877
29876
29866
29863
29855
29855
29859
29845
29841
29846
29845
29853
29837
29846
29859
29859
29859
29850
29853
29851
29867
29873
29860
29866
29882
29887
29877
29879
29875
29877
29890
29892
29889
29879
29879
29881
29887
29887
29875
29879
29868
29865
29864
29864
29871
29867
29869
29849
29856
29845
29841
29845
29840
29850
29839
29838
29857
29857
29862
29853
29865
29853
29869
29873
29864
29864
29866
29869
29881
29887
29877
29873
29872
29878
29891
29895
29879
29881
29887
29887
29871
29865
29866
29879
29871
29853
29853
29847
29862
29856
29853
29840
29837
29851
29837
29855
29857
29839
29860
29846
29858
29866
29855
29866
29875
29869
29877
29868
29879
29873
29873
29895
29895
29879
29885
29887
29885
29891
29887
29873
29873
29873
29879
29863
29855
29853
29853
29867
29849
29851
29841
29839
29853
29851
29837
29837
29837
29847
29855
29855
29847
29851
29853
29863
29871
29859
29863
29880
29882
29871
29881
29872
29885
29877
29875
29875
29874
29869
29873
29877
29881
29875
29871
29875
29867
29871
29871
29855
29852
29851
29858
29847
29845
29845
29840
29859
29853
29847
29843
29850
29865
29863
29854
29859
29859
29879
29880
29879
29882
29873
29877
29879
29895
29890
29879
29885
29894
29891
29891
29886
29876
29873
29879
29862
29863
29863
29865
29869
29863
29865
29855
29845
29847
29849
29860
29845
29845
29852
29843
29843
29847
29850
29865
29864
29871
29861
29867
29870
29865
29884
29873
29890
29873
29895
29881
29890
29879
29879
29884
29881
29875
29891
29884
29873
29869
29885
29868
29863
29871
29858
29854
29853
29862
29864
29857
29847
29858
29859
29847
29845
29857
29863
29860
29853
29852
29859
29861
29877
29863
29879
29884
29883
29874
29887
29879
29879
29885
29879
29878
29895
29887
29875
29894
29887
29873
29867
29869
29879
29874
29871
29859
29855
29847
29845
29844
29851
29853
29839
29841
29844
29851
29847
29849
29851
29867
29868
29857
29861
29866
29861
29879
29871
29885
29882
29874
29892
29887
29876
29886
29887
29897
29887
29886
29877
29871
29885
29887
29885
29875
29872
29857
29857
29866
29865
29847
29856
29855
29854
29841
29836
29843
29845
29859
29857
29867
29855
29856
29859
29859
29872
29865
29871
29870
29871
29876
29880
29896
29892
29895
29883
29885
29880
29878
29888
29887
29877
29869
29871
29863
29873
29871
29857
29852
29849
29849
29851
29845
29855
29844
29856
29854
29845
29840
29849
29863
29864
29866
29858
29861
29854
29873
29876
29869
29872
29887
29883
29895
29890
29889
29877
29873
29895
29877
29886
29887
29875
29881
29883
29863
29873
29873
29861
29867
29867
29849
29847
29859
29856
29859
29842
29843
29842
29847
29862
29860
29845
29854
29859
29861
29874
29862
29864
29880
29885
29889
29879
29873
29875
29883
29890
29883
29884
29883
29892
29875
29881
29871
29867
29864
29866
29880
29869
29863
29853
29861
29863
29862
29849
29847
29844
29854
29857
29859
29845
29850
29853
29852
29850
29854
29871
29872
29877
29878
29863
29869
29870
29879
29879
29872
29879
29877
29879
29875
29888
29886
29872
29867
29867
29864
29881
29879
29867
29856
29869
29852
29855
29861
29859
29856
29847
29845
29847
29846
29857
29854
29846
29861
29849
29853
29869
29874
29857
29861
29866
29869
29869
29883
29871
29877
29874
29887
29879
29893
29889
29893
29880
29891
29874
29871
29874
29880
29877
29859
29857
29857
29853
29863
29855
29849
29848
29851
29844
29852
29855
29842
29843
29841
29858
29865
29850
29855
29870
29873
29859
29873
29879
29883
29881
29869
29873
29875
29877
29885
29892
29892
29882
29879
29889
29881
29880
29869
29863
29863
29863
29869
29854
29853
29850
29847
29845
29853
29840
29838
29851
29854
29857
29846
29847
29858
29861
29856
29849
29857
29863
29858
29879
29881
29879
29865
29885
29876
29871
29873
29895
29892
29887
29887
29877
29870
29871
29867
29873
29875
29863
29862
29853
29847
29848
29860
29857
29848
29840
29844
29853
29841
29835
29837
29853
29857
29848
29850
29858
29863
29847
29856
29866
29862
29885
29884
29879
29876
29867
29879
29892
29895
29871
29871
29873
29871
29863
29875
29865
29863
29863
29870
29854
29847
29843
29855
29837
29835
29833
29832
29831
29829
29842
29838
29827
29825
29823
29850
29837
29835
29836
29863
29845
29855
29842
29852
29861
29853
29860
29865
29860
29860
29856
29851
29861
29851
29845
29848
29851
29847
29846
29839
29836
29832
29841
29837
29823
29810
29823
29819
29817
29809
29803
29797
29817
29812
29799
29802
29813
29801
29783
29793
29790
29803
29812
29814
29806
29801
29789
29801
29800
29805
29806
29813
29814
29805
29810
29792
29789
29800
29799
29807
29805
29805
29773
29767
29776
29804
29806
29769
29764
29771
29784
29757
29765
29775
29766
29737
29753
29751
29747
29719
29751
29773
29757
29720
29710
29731
29743
29726
29726
29731
29717
29701
29695
29714
29724
29732
29708
29714
29728
29727
29701
29707
29711
29749
29761
29761
29768
29783
29769
29773
29801
29817
29822
29815
29828
29860
29853
29817
29807
29838
29853
29858
29843
29854
29865
29860
29851
29831
29826
29829
29859
29870
29901
29906
29901
29900
29887
29894
29891
29903
29944
29967
29965
29941
29934
29950
29980
29980
30001
30077
30143
30217
30414
30477
30264
30143
30093
30079
30095
30097
30115
30174
30304
30418
30269
30152
30127
30113
30118
30103
30082
30078
30069
30081
30085
30073
30060
30065
30063
30057
30047
30028
29999
30005
30031
30059
30041
30023
30039
30045
30047
30026
30013
30010
30043
30065
30067
30060
30041
30037
30035
30055
30038
30017
30011
30015
30022
30008
29999
29983
29961
29979
29964
29949
29940
29926
29918
29895
29889
29872
29865
29847
29847
29820
29817
29805
29801
29779
29751
29770
29783
29768
29776
29791
29805
29792
29807
29823
29819
29835
29846
29852
29885
29889
29879
29841
29852
29885
29875
29857
29859
29875
29871
29867
29862
29841
29827
29823
29827
29823
29839
29827
29812
29798
29818
29804
29783
29781
29803
29810
29795
29799
29811
29820
29821
29842
29849
29875
29880
29879
29870
29901
29919
29928
29912
29926
29944
29955
29917
29911
29915
29925
29911
29889
29877
29891
29879
29863
29865
29879
29859
29839
29825
29823
29824
29813
29805
29826
29823
29799
29798
29799
29815
29832
29846
29829
29833
29857
29855
29855
29861
29890
29909
29909
29900
29910
29903
29895
29892
29900
29911
29891
29879
29895
29895
29879
29865
29863
29846
29839
29845
29821
29818
29841
29839
29831
29817
29797
29797
29799
29818
29817
29815
29820
29815
29831
29831
29835
29835
29847
29866
29867
29878
29875
29873
29867
29890
29897
29900
29879
29877
29881
29887
29857
29863
29868
29859
29864
29848
29843
29838
29839
29835
29832
29819
29815
29810
29817
29831
29813
29802
29797
29813
29799
29809
29815
29831
29823
29845
29846
29850
29845
29852
29858
29876
29877
29875
29887
29886
29881
29891
29895
29881
29873
29871
29863
29856
29871
29873
29877
29865
29855
29848
29843
29841
29849
29827
29823
29817
29822
29813
29829
29826
29831
29827
29856
29897
29988
30143
30136
29993
29915
29884
29857
29870
29919
29987
30095
30071
29971
29921
29905
29903
29885
29881
29855
29859
29855
29861
29856
29859
29855
29853
29847
29847
29831
29817
29815
29820
29831
29822
29806
29809
29827
29822
29808
29811
29827
29839
29849
29849
29836
29848
29857
29879
29883
29895
29885
29895
29895
29910
29908
29908
29894
29898
29887
29897
29884
29878
29887
29859
29866
29862
29847
29840
29849
29843
29839
29823
29818
29813
29815
29829
29827
29815
29813
29808
29813
29833
29831
29835
29842
29860
29857
29864
29878
29895
29887
29897
29909
29906
29909
29918
29919
29913
29896
29895
29889
29895
29887
29875
29859
29851
29849
29857
29855
29847
29827
29820
29815
29815
29832
29835
29812
29813
29826
29824
29819
29838
29831
29845
29839
29843
29850
29855
29883
29885
29892
29893
29890
29896
29910
29910
29911
29895
29895
29905
29891
29880
29875
29867
29859
29865
29840
29851
29847
29832
29842
29839
29828
29817
29823
29817
29817
29831
29833
29839
29845
29847
29846
29848
29839
29859
29852
29855
29873
29930
29888
29898
29903
29891
29896
29895
29908
29909
29897
29891
29887
29893
29893
29889
29869
29860
29860
29853
29860
29842
29847
29831
29831
29829
29833
29839
29828
29823
29835
29830
29831
29833
29847
29843
29834
29854
29847
29847
29867
29870
29873
29875
29867
29877
29885
29898
29886
29883
29883
29885
29897
29883
29890
29875
29880
29877
29871
29859
29851
29841
29845
29840
29837
29831
29829
29826
29831
29833
29818
29823
29824
29834
29829
29839
29823
29833
29835
29853
29847
29863
29859
29857
29863
29885
29889
29887
29884
29885
29899
29905
29894
29893
29895
29883
29892
29884
29867
29861
29857
29862
29855
29853
29835
29849
29839
29823
29820
29821
29825
29835
29821
29830
29827
29820
29830
29830
29842
29835
29841
29848
29864
29863
29874
29867
29880
29897
29895
29889
29897
29895
29905
29903
29904
29895
29889
29903
29890
29867
29873
29853
29863
29846
29857
29838
29842
29842
29821
29817
29829
29823
29828
29827
29827
29831
29831
29819
29824
29831
29833
29843
29869
29857
29871
29876
29887
29885
29888
29886
29901
29965
29910
29895
29895
29889
29901
29887
29883
29868
29878
29873
29863
29842
29842
29839
29847
29840
29821
29817
29814
29818
29819
29831
29823
29825
29829
29835
29839
29840
29849
29849
29843
29849
29873
29862
29867
29888
29887
29889
29885
29884
29890
29903
29903
29903
29888
29889
29873
29883
29878
29852
29850
29844
29843
29830
29844
29823
29836
29835
29835
29831
29816
29820
29817
29829
29815
29819
29831
29833
29847
29847
29852
29859
29865
29863
29879
29870
29873
29879
29883
29887
29886
29900
29889
29903
29883
29886
29879
29883
29869
29862
29857
29853
29849
29843
29853
29853
29844
29830
29825
29823
29833
29832
29821
29823
29819
29833
29837
29838
29831
29831
29848
29843
29859
29853
29855
29855
29865
29887
29887
29891
29877
29882
29898
29885
29901
29891
29875
29872
29880
29879
29867
29859
29853
29866
29855
29847
29845
29843
29845
29837
29828
29817
29819
29817
29815
29834
29823
29820
29825
29829
29837
29846
29851
29858
29865
29867
29857
29861
29863
29876
29874
29876
29895
29895
29885
29880
29882
29883
29877
29869
29880
29873
29859
29858
29859
29841
29844
29847
29827
29840
29823
29821
29822
29819
29817
29815
29829
29828
29831
29819
29823
29827
29846
29851
29836
29847
29853
29862
29879
29883
29878
29880
29883
29882
29901
29904
29885
29879
29882
29890
29890
29884
29863
29855
29863
29842
29841
29849
29831
29839
29826
29819
29831
29833
29826
29823
29830
29812
29813
29813
29831
29837
29829
29837
29838
29859
29865
29857
29867
29872
29883
29886
29895
29881
29886
29900
29903
29894
29881
29882
29876
29879
29876
29855
29856
29851
29844
29851
29842
29839
29825
29819
29829
29814
29829
29812
29815
29814
29830
29831
29820
29825
29839
29839
29841
29846
29847
29851
29877
29878
29878
29868
29874
29884
29891
29889
29895
29894
29895
29891
29891
29881
29866
29855
29869
29865
29850
29844
29839
29831
29839
29835
29819
29821
29815
29831
29818
29812
29818
29817
29835
29839
29839
29843
29835
29845
29858
29863
29851
29863
29863
29866
29863
29889
29881
29877
29882
29885
29891
29887
29887
29885
29879
29879
29875
29855
29860
29853
29855
29853
29838
29831
29831
29837
29833
29816
29817
29817
29831
29834
29823
29826
29828
29838
29838
29848
29855
29855
29847
29863
29871
29877
29864
29865
29874
29887
29885
29878
29881
29890
29887
29875
29871
29868
29872
29873
29871
29849
29857
29837
29837
29830
29828
29827
29822
29830
29831
29821
29812
29815
29815
29815
29831
29835
29827
29843
29833
29835
29850
29848
29852
29862
29861
29879
29872
29875
29871
29880
29877
29891
29885
29887
29871
29885
29883
29867
29871
29857
29863
29851
29837
29832
29829
29841
29833
29833
29819
29820
29813
29830
29832
29816
29815
29816
29834
29833
29837
29833
29841
29843
29850
29863
29860
29861
29862
29879
29873
29873
29887
29894
29881
29887
29887
29878
29870
29871
29868
29872
29851
29850
29839
29839
29855
29846
29837
29833
29829
29831
29831
29811
29816
29818
29830
29814
29833
29826
29827
29838
29847
29853
29857
29858
29864
29870
29873
29876
29868
29878
29887
29893
29877
29875
29879
29879
29880
29878
29874
29859
29847
29861
29855
29839
29834
29833
