32527
32511
32516
32591
32583
32523
32333
32247
32309
32467
32530
32465
32403
32447
32495
32599
32623
32567
32475
32383
32254
32296
32429
32477
32497
32445
32541
32577
32559
32441
32317
32267
32316
32299
32418
32521
32585
32579
32529
32485
32491
32404
32436
32463
32572
32627
32647
32615
32607
32534
32455
32398
32383
32487
32530
32533
32515
32519
32570
32605
32565
32551
32557
32531
32450
32471
32484
32464
32431
32480
32539
32595
32519
32388
32305
32394
32445
32501
32497
32475
32457
32441
32411
32443
32492
32489
32426
32413
32493
32523
32495
32471
32369
32400
32415
32421
32445
32439
32433
32438
32507
32621
32571
32456
32337
32271
32348
32466
32419
32498
32575
32591
32561
32545
32521
32487
32435
32349
32311
32389
32422
32440
32495
32615
32647
32645
32568
32533
32525
32544
32527
32519
32551
32638
32615
32551
32493
32386
32284
32296
32426
32581
32685
32645
32629
32661
32631
32490
32365
32263
32251
32271
32447
32495
32562
32567
32491
32509
32604
32495
32302
32121
32127
32269
32443
32522
32551
32498
32557
32539
32567
32534
32436
32334
32337
32391
32578
32559
32361
32249
32272
32419
32537
32535
32523
32435
32469
32583
32636
32591
32496
32330
32338
32434
32530
32541
32469
32437
32477
32552
32640
32639
32558
32423
32327
32377
32471
32559
32562
32552
32597
32687
32717
32639
32518
32407
32419
32475
32507
32579
32556
32457
32403
32415
32489
32475
32453
32431
32406
32434
32553
32631
32619
32527
32362
32331
32302
32371
32429
32417
32465
32521
32531
32439
32369
32355
32369
32356
32382
32438
32483
32535
32511
32453
32439
32481
32525
32525
32519
32525
32422
32327
32382
32500
32517
32459
32321
32305
32380
32483
32583
32589
32574
32561
32583
32565
32559
32453
32333
32296
32421
32555
32595
32523
32480
32503
32612
32629
32558
32431
32327
32353
32494
32607
32638
32582
32549
32523
32575
32575
32503
32403
32397
32484
32561
32543
32462
32419
32371
32381
32457
32482
32463
32380
32409
32483
32551
32589
32565
32455
32361
32317
32321
32271
32307
32419
32509
32531
32521
32504
32465
32434
32389
32388
32420
32441
32456
32440
32472
32514
32551
32584
32571
32516
32449
32359
32281
32361
32472
32546
32554
32529
32471
32423
32421
32425
32431
32509
32569
32600
32695
32681
32531
32410
32324
32348
32458
32481
32448
32433
32479
32573
32668
32687
32603
32441
32401
32468
32585
32635
32549
32451
32477
32527
32570
32531
32477
32415
32413
32495
32524
32487
32395
32327
32326
32433
32531
32517
32453
32445
32503
32581
32575
32517
32440
32406
32370
32337
32344
32371
32371
32391
32454
32496
32499
32463
32419
32497
32515
32519
32501
32529
32489
32399
32416
32440
32467
32481
32458
32482
32488
32481
32429
32403
32435
32461
32477
32394
32408
32445
32499
32499
32555
32623
32602
32548
32562
32613
32565
32460
32375
32363
32426
32471
32447
32455
32524
32603
32595
32587
32575
32574
32523
32493
32503
32583
32573
32461
32455
32487
32495
32484
32466
32471
32468
32463
32401
32349
32443
32463
32393
32347
32388
32479
32540
32531
32494
32495
32506
32506
32495
32485
32429
32265
32219
32287
32439
32503
32417
32323
32426
32565
32614
32537
32460
32403
32403
32453
32517
32543
32494
32389
32366
32473
32565
32517
32377
32315
32397
32526
32591
32516
32445
32418
32447
32472
32535
32597
32522
32485
32524
32616
32672
32620
32501
32440
32483
32531
32504
32455
32431
32421
32475
32577
32620
32623
32564
32466
32519
32614
32588
32488
32395
32418
32491
32481
32479
32440
32415
32446
32473
32493
32481
32420
32386
32375
32434
32416
32385
32378
32413
32488
32563
32513
32470
32469
32465
32437
32415
32381
32365
32371
32416
32452
32431
32421
32388
32447
32540
32588
32540
32493
32461
32480
32511
32430
32362
32368
32397
32464
32526
32565
32523
32477
32455
32481
32535
32551
32497
32467
32498
32557
32575
32558
32518
32489
32499
32533
32592
32619
32573
32475
32453
32469
32525
32517
32478
32455
32483
32545
32589
32554
32547
32502
32443
32452
32481
32487
32418
32352
32343
32409
32469
32474
32411
32405
32442
32474
32462
32459
32446
32429
32383
32375
32399
32446
32440
32423
32418
32466
32490
32471
32447
32438
32431
32415
32413
32437
32473
32455
32410
32411
32459
32537
32530
32508
32505
32505
32531
32494
32465
32471
32430
32393
32413
32489
32529
32507
32483
32511
32573
32601
32557
32535
32535
32553
32545
32527
32537
32528
32510
32463
32483
32527
32551
32508
32487
32529
32545
32547
32470
32423
32437
32439
32443
32467
32541
32557
32537
32485
32457
32455
32405
32323
32301
32383
32403
32405
32423
32471
32471
32439
32417
32422
32484
32496
32465
32452
32462
32481
32423
32386
32381
32396
32408
32393
32445
32507
32557
32505
32453
32441
32463
32469
32431
32426
32424
32469
32505
32534
32573
32574
32511
32460
32455
32455
32458
32415
32417
32453
32520
32554
32541
32526
32520
32507
32502
32544
32546
32551
32535
32519
32530
32518
32495
32470
32453
32475
32472
32469
32489
32495
32534
32514
32503
32503
32483
32464
32422
32395
32443
32484
32499
32495
32497
32485
32461
32406
32393
32375
32327
32320
32335
32436
32474
32477
32472
32483
32487
32469
32469
32448
32469
32472
32476
32487
32459
32425
32383
32367
32381
32421
32452
32444
32485
32519
32506
32511
32503
32481
32473
32450
32445
32479
32498
32505
32509
32509
32526
32506
32477
32460
32456
32424
32418
32431
32493
32527
32551
32543
32558
32583
32599
32548
32535
32511
32503
32507
32518
32527
32501
32473
32429
32411
32430
32454
32471
32477
32518
32549
32536
32505
32462
32442
32414
32397
32397
32445
32491
32508
32479
32476
32467
32452
32419
32386
32372
32383
32381
32397
32447
32491
32497
32461
32483
32503
32508
32498
32449
32455
32484
32461
32443
32441
32430
32408
32373
32383
32409
32475
32478
32487
32516
32557
32544
32483
32451
32447
32442
32447
32444
32495
32534
32554
32539
32519
32503
32495
32447
32442
32453
32502
32519
32509
32559
32575
32578
32547
32514
32535
32557
32523
32500
32478
32488
32495
32477
32445
32455
32443
32435
32407
32465
32521
32529
32487
32487
32512
32516
32450
32387
32367
32387
32421
32433
32449
32459
32490
32473
32455
32447
32434
32400
32363
32389
32438
32455
32453
32439
32467
32499
32493
32444
32449
32447
32469
32452
32449
32467
32450
32427
32433
32437
32456
32431
32427
32471
32521
32546
32537
32519
32526
32508
32484
32468
32453
32475
32471
32479
32561
32583
32587
32548
32527
32520
32545
32527
32481
32480
32508
32529
32525
32535
32541
32521
32508
32506
32511
32520
32472
32434
32444
32449
32461
32459
32443
32446
32455
32447
32485
32481
32477
32462
32456
32459
32457
32405
32374
32362
32362
32387
32405
32420
32456
32477
32485
32497
32471
32477
32437
32408
32407
32414
32445
32450
32453
32468
32495
32478
32455
32456
32450
32455
32447
32441
32457
32488
32485
32472
32475
32499
32511
32511
32519
32543
32551
32529
32514
32509
32505
32495
32471
32467
32497
32509
32518
32519
32551
32583
32559
32550
32541
32525
32495
32483
32468
32487
32483
32480
32484
32505
32530
32503
32445
32425
32423
32425
32413
32415
32431
32467
32449
32443
32452
32460
32445
32419
32409
32464
32494
32447
32411
32404
32423
32391
32372
32370
32399
32434
32434
32460
32487
32524
32509
32474
32456
32477
32459
32438
32426
32455
32485
32465
32461
32471
32498
32477
32455
32469
32477
32493
32476
32473
32510
32527
32501
32493
32498
32524
32540
32539
32517
32519
32525
32507
32494
32492
32501
32479
32454
32463
32507
32546
32535
32519
32534
32552
32548
32511
32465
32463
32451
32403
32437
32469
32493
32466
32429
32440
32475
32457
32439
32417
32407
32433
32407
32431
32436
32457
32429
32424
32437
32471
32477
32444
32433
32443
32438
32441
32415
32400
32419
32415
32428
32435
32475
32489
32487
32505
32518
32523
32502
32478
32445
32463
32433
32416
32431
32459
32483
32488
32490
32503
32511
32500
32475
32468
32489
32498
32499
32519
32531
32557
32548
32516
32509
32513
32499
32473
32483
32507
32519
32487
32475
32479
32466
32471
32478
32494
32521
32537
32531
32517
32522
32504
32459
32435
32413
32426
32415
32420
32411
32446
32452
32437
32434
32447
32455
32433
32427
32438
32461
32464
32468
32462
32459
32453
32434
32425
32445
32451
32449
32445
32444
32465
32443
32433
32411
32427
32447
32459
32472
32465
32493
32496
32490
32491
32489
32495
32478
32438
32449
32452
32463
32443
32433
32468
32491
32489
32509
32527
32524
32496
32480
32481
32518
32508
32502
32513
32526
32538
32533
32513
32517
32495
32491
32479
32494
32509
32506
32459
32455
32471
32487
32487
32477
32477
32527
32544
32519
32483
32469
32439
32395
32390
32395
32424
32426
32419
32437
32463
32471
32457
32429
32446
32465
32461
32440
32438
32423
32431
32429
32427
32447
32441
32439
32439
32447
32473
32470
32451
32445
32443
32453
32440
32431
32469
32477
32487
32481
32480
32507
32487
32444
32449
32448
32484
32464
32448
32457
32493
32491
32506
32510
32513
32535
32530
32515
32524
32525
32516
32503
32495
32505
32490
32483
32486
32509
32531
32531
32497
32493
32496
32497
32483
32462
32463
32462
32474
32472
32481
32479
32456
32452
32457
32469
32462
32447
32407
32414
32423
32424
32419
32418
32422
32429
32433
32441
32471
32470
32457
32444
32441
32460
32438
32407
32420
32395
32423
32425
32421
32449
32439
32447
32439
32463
32483
32466
32460
32455
32475
32474
32454
32455
32485
32484
32482
32475
32487
32521
32496
32481
32471
32480
32501
32501
32488
32522
32520
32540
32523
32537
32559
32551
32521
32511
32504
32519
32497
32476
32477
32473
32481
32485
32492
32509
32503
32490
32487
32486
32487
32467
32442
32441
32441
32441
32425
32435
32436
32460
32455
32439
32432
32421
32407
32405
32391
32403
32407
32407
32409
32435
32460
32463
32458
32447
32447
32463
32441
32429
32432
32424
32431
32417
32423
32432
32439
32433
32439
32480
32492
32482
32493
32491
32481
32473
32459
32450
32487
32489
32496
32487
32510
32522
32511
32491
32487
32473
32479
32488
32499
32508
32539
32519
32511
32533
32540
32535
32528
32518
32519
32528
32492
32472
32474
32457
32447
32436
32447
32458
32462
32454
32468
32486
32487
32469
32447
32445
32460
32447
32410
32407
32431
32423
32421
32415
32438
32435
32427
32412
32429
32431
32433
32423
32431
32433
32457
32462
32456
32459
32463
32458
32435
32463
32459
32455
32455
32441
32463
32466
32459
32431
32435
32463
32478
32495
32503
32521
32532
32520
32501
32481
32480
32476
32457
32472
32488
32513
32498
32502
32503
32518
32502
32485
32493
32503
32509
32511
32497
32519
32527
32518
32514
32523
32511
32501
32489
32485
32477
32487
32439
32427
32435
32451
32427
32433
32435
32465
32463
32453
32462
32461
32461
32446
32427
32429
32429
32409
32387
32392
32412
32414
32415
32437
32453
32455
32445
32441
32455
32460
32444
32437
32455
32457
32467
32469
32465
32470
32477
32466
32446
32441
32456
32453
32439
32443
32465
32478
32467
32472
32489
32508
32490
32496
32508
32527
32511
32499
32479
32480
32473
32479
32471
32483
32503
32505
32530
32527
32527
32517
32511
32489
32487
32493
32476
32481
32478
32493
32503
32487
32486
32481
32487
32460
32433
32453
32447
32445
32439
32434
32432
32431
32439
32433
32447
32460
32463
32455
32450
32465
32455
32437
32421
32417
32437
32416
32408
32435
32451
32468
32464
32451
32461
32455
32442
32449
32431
32438
32459
32447
32459
32457
32461
32459
32459
32469
32461
32455
32456
32463
32451
32465
32474
32473
32483
32487
32476
32492
32495
32501
32509
32506
32496
32518
32505
32487
32474
32475
32471
32476
32488
32499
32530
32529
32512
32507
32509
32502
32474
32461
32461
32450
32469
32471
32462
32468
32482
32464
32459
32453
32448
32445
32435
32432
32449
32459
32440
32430
32409
32437
32433
32431
32451
32462
32457
32446
32427
32441
32423
32407
32399
32413
32431
32447
32448
32455
32464
32464
32458
32461
32457
32461
32432
32437
32444
32432
32453
32469
32468
32484
32471
32487
32476
32483
32467
32476
32469
32474
32499
32497
32498
32508
32504
32511
32508
32498
32513
32519
32517
32509
32513
32521
32505
32483
32479
32482
32497
32510
32504
32515
32510
32524
32509
32490
32479
32461
32447
32434
32441
32447
32429
32441
32439
32463
32456
32450
32439
32439
32441
32436
32432
32438
32443
32446
32449
32434
32441
32429
32407
32415
32425
32423
32433
32435
32441
32439
32439
32425
32421
32436
32441
32435
32473
32487
32500
32491
32468
32453
32455
32444
32429
32453
32454
32470
32483
32476
32502
32501
32501
32507
32501
32502
32513
32507
32491
32501
32523
32503
32499
32499
32487
32509
32501
32499
32503
32521
32502
32492
32487
32495
32471
32479
32473
32482
32489
32491
32499
32499
32487
32479
32453
32441
32425
32427
32420
32409
32419
32422
32433
32424
32437
32451
32432
32445
32424
32433
32431
32431
32415
32425
32436
32431
32435
32429
32426
32438
32425
32423
32447
32455
32449
32442
32440
32451
32453
32464
32455
32465
32489
32479
32494
32495
32504
32491
32471
32451
32460
32482
32467
32471
32491
32503
32524
32510
32527
32519
32511
32513
32495
32505
32522
32510
32514
32496
32507
32498
32481
32494
32480
32487
32491
32479
32487
32479
32484
32468
32463
32458
32460
32451
32457
32460
32446
32455
32433
32451
32447
32442
32423
32407
32413
32428
32413
32419
32417
32450
32439
32443
32449
32445
32443
32435
32433
32444
32445
32428
32439
32431
32447
32447
32443
32455
32465
32458
32454
32460
32464
32477
32474
32465
32476
32487
32475
32485
32485
32494
32476
32493
32486
32486
32495
32479
32472
32471
32496
32476
32477
32492
32505
32533
32527
32535
32542
32521
32522
32494
32479
32479
32498
32463
32468
32489
32487
32487
32465
32482
32471
32473
32462
32460
32477
32455
32456
32441
32437
32449
32441
32445
32439
32453
32447
32455
32423
32441
32447
32439
32414
32421
32421
32436
32424
32439
32459
32465
32451
32457
32438
32453
32443
32439
32445
32443
32455
32449
32463
32471
32461
32469
32459
32469
32475
32462
32471
32458
32464
32479
32479
32477
32475
32472
32496
32485
32487
32492
32499
32497
32476
32489
32486
32479
32479
32482
32500
32486
32499
32488
32503
32517
32513
32503
32499
32489
32477
32468
32469
32473
32460
32456
32471
32479
32473
32483
32470
32463
32461
32460
32457
32455
32455
32441
32455
32428
32444
32449
32433
32423
32429
32445
32455
32442
32431
32447
32451
32439
32445
32431
32429
32449
32439
32449
32446
32459
32462
32453
32443
32439
32423
32421
32445
32436
32438
32456
32458
32461
32475
32479
32475
32462
32473
32487
32491
32469
32471
32483
32475
32472
32475
32464
32487
32498
32508
32516
32505
32516
32509
32498
32500
32498
32501
32499
32510
32483
32503
32508
32501
32497
32487
32489
32488
32471
32465
32441
32449
32451
32447
32463
32474
32478
32484
32475
32450
32463
32454
32459
32431
32427
32431
32433
32441
32425
32434
32424
32435
32431
32430
32430
32438
32445
32436
32453
32435
32425
32435
32437
32447
32455
32441
32437
32447
32444
32429
32439
32423
32438
32433
32442
32451
32475
32474
32481
32486
32494
32480
32479
32477
32497
32485
32489
32495
32495
32495
32487
32503
32487
32501
32507
32515
32507
32523
32516
32519
32509
32495
32508
32477
32491
32481
32497
32499
32487
32474
32477
32467
32455
32467
32446
32445
32453
32456
32455
32430
32439
32443
32451
32458
32457
32453
32436
32439
32435
32430
32433
32419
32431
32413
32443
32435
32426
32439
32437
32442
32431
32439
32447
32429
32430
32441
32466
32449
32445
32453
32441
32463
32465
32451
32459
32477
32469
32471
32467
32465
32460
32463
32469
32495
32485
32493
32508
32515
32517
32509
32501
32488
32499
32489
32493
32487
32491
32491
32504
32510
32507
32503
32507
32507
32498
32509
32501
32497
32491
32472
32472
32474
32453
32472
32460
32457
32463
32462
32467
32449
32452
32441
32442
32433
32429
32435
32438
32441
32434
32431
32428
32429
32428
32441
32426
32423
32415
32408
32423
32415
32430
32439
32445
32439
32440
32462
32449
32461
32453
32469
32444
32461
32467
32447
32457
32467
32453
32471
32477
32485
32483
32463
32481
32473
32493
32489
32481
32482
32487
32481
32487
32489
32508
32503
32501
32511
32513
32504
32503
32503
32490
32495
32491
32491
32494
32487
32501
32503
32494
32495
32495
32480
32468
32477
32458
32462
32443
32440
32445
32430
32433
32426
32447
32426
32447
32433
32455
32441
32451
32433
32431
32437
32437
32439
32439
32429
32438
32417
32433
32435
32455
32429
32440
32439
32447
32431
32437
32447
32452
32455
32472
32463
32467
32473
32465
32447
32463
32463
32471
32459
32447
32458
32483
32495
32487
32490
32487
32487
32499
32479
32491
32494
32491
32495
32491
32494
32490
32489
32483
32497
32507
32508
32500
32499
32502
32499
32473
32473
32479
32489
32471
32480
32472
32483
32477
32477
32470
32471
32472
32462
32440
32434
32438
32433
32449
32454
32457
32458
32454
32459
32450
32449
32439
32421
32437
32432
32444
32433
32449
32432
32437
32447
32440
32449
32447
32447
32443
32445
32446
32440
32446
32437
32438
32453
32467
32474
32480
32482
32468
32478
32460
32465
32457
32448
32455
32461
32463
32462
32468
32470
32489
32487
32500
32504
32499
32503
32499
32500
32499
32498
32483
32487
32493
32489
32485
32503
32482
32491
32499
32481
32475
32479
32487
32478
32464
32470
32473
32468
32459
32473
32453
32470
32467
32457
32448
32439
32439
32439
32433
32450
32440
32445
32433
32445
32461
32447
32445
32451
32455
32447
32437
32452
32447
32427
32437
32431
32446
32439
32439
32445
32449
32455
32451
32442
32453
32447
32470
32445
32462
32456
32459
32457
32468
32467
32469
32483
32462
32477
32475
32465
32472
32465
32478
32479
32484
32488
32493
32509
32517
32503
32506
32524
32511
32513
32496
32487
32494
32494
32485
32490
32489
32501
32491
32477
32477
32473
32479
32469
32481
32471
32468
32467
32464
32465
32455
32448
32439
32437
32445
32462
32442
32444
32432
32435
32429
32420
32436
32442
32419
32447
32450
32462
32447
32447
32438
32433
32446
32427
32431
32427
32426
32431
32427
32456
32439
32447
32437
32452
32451
32458
32471
32478
32459
32464
32475
32461
32463
32481
32473
32480
32479
32503
32504
32493
32488
32494
32493
32483
32486
32486
32500
32509
32504
32515
32511
32499
32506
32501
32513
32489
32512
32499
32485
32487
32487
32472
32474
32477
32470
32472
32450
32472
32462
32468
32450
32444
32432
32438
32440
32450
32439
32439
32433
32431
32424
32429
32431
32429
32417
32429
32423
32452
32429
32425
32433
32427
32445
32445
32442
32440
32454
32449
32462
32449
32443
32450
32447
32445
32442
32447
32462
32457
32465
32465
32467
32475
32483
32472
32490
32483
32479
32488
32477
32469
32477
32477
32483
32482
32479
32497
32511
32517
32503
32495
32484
32484
32479
32492
32492
32509
32501
32509
32488
32495
32487
32473
32471
32473
32467
32473
32468
32443
32467
32472
32456
32447
32455
32451
32430
32437
32435
32445
32433
32413
32434
32421
32433
32428
32405
32421
32430
32435
32429
32437
32435
32437
32429
32431
32443
32431
32436
32443
32455
32440
32447
32455
32465
32442
32465
32443
32453
32451
32446
32454
32455
32471
32469
32479
32476
32485
32479
32491
32482
32491
32483
32483
32496
32481
32499
32471
32479
32481
32494
32503
32477
32492
32493
32497
32495
32503
32499
32499
32489
32474
32499
32470
32469
32470
32479
32478
32489
32463
32470
32457
32455
32438
32453
32439
32451
32444
32471
32438
32447
32447
32431
32433
32441
32448
32435
32438
32433
32437
32434
32431
32433
32439
32449
32443
32449
32461
32461
32465
32445
32451
32434
32452
32435
32451
32448
32455
32472
32467
32449
32455
32479
32464
32463
32458
32476
32461
32475
32467
32476
32471
32464
32479
32480
32488
32479
32488
32465
32484
32480
32491
32475
32478
32479
32487
32493
32490
32487
32503
32485
32479
32482
32487
32481
32480
32480
32470
32465
32466
32461
32481
32467
32460
32463
32463
32451
32453
32465
32455
32434
32445
32454
32447
32458
32449
32447
32441
32454
32432
32437
32429
32431
32427
32431
32447
32431
32443
32445
32453
32466
32455
32447
32435
32454
32453
32457
32451
32451
32448
32444
32454
32436
32439
32432
32449
32447
32484
32483
32475
32461
32477
32473
32475
32487
32489
32470
32495
32494
32505
32492
32498
32481
32482
32487
32486
32499
32496
32484
32485
32498
32481
32482
32483
32483
32495
32495
32485
32487
32481
32471
32463
32460
32468
32464
32463
32463
32450
32465
32441
32450
32445
32450
32439
32453
32447
32436
32451
32435
32435
32426
32455
32431
32456
32439
32446
32433
32447
32440
32457
32423
32423
32427
32437
32449
32451
32455
32453
32454
32455
32466
32441
32459
32455
32449
32447
32455
32459
32457
32454
32452
32453
32456
32469
32482
32477
32481
32484
32481
32488
32480
32501
32491
32480
32498
32492
32495
32493
32485
32505
32489
32493
32488
32487
32475
32485
32485
32494
32495
32482
32469
32494
32475
32489
32472
32469
32456
32451
32451
32452
32453
32431
32439
32439
32459
32458
32453
32447
32447
32435
32439
32441
32424
32427
32409
32421
32423
32441
32423
32425
32428
32423
32431
32439
32431
32441
32423
32432
32446
32432
32437
32443
32451
32455
32457
32459
32467
32461
32463
32456
32463
32465
32468
32473
32475
32487
32483
32480
32487
32491
32484
32495
32487
32499
32501
32493
32496
32487
32503
32483
32473
32483
32492
32480
32496
32481
32487
32486
32481
32478
32471
32461
32488
32479
32486
32483
32467
32464
32447
32447
32469
32447
32455
32438
32435
32437
32441
32433
32420
32429
32429
32428
32432
32448
32438
32436
32441
32446
32423
32432
32422
32428
32426
32433
32443
32437
32445
32441
32454
32459
32435
32435
32437
32434
32445
32474
32456
32449
32463
32461
32471
32471
32481
32481
32484
32477
32489
32489
32469
32481
32482
32475
32495
32491
32497
32498
32494
32505
32490
32495
32499
32499
32479
32487
32499
32491
32503
32497
32485
32482
32475
32481
32466
32471
32463
32471
32461
32455
32463
32446
32457
32455
32454
32469
32463
32442
32443
32434
32443
32439
32429
32441
32423
32435
32437
32451
32434
32443
32439
32449
32434
32442
32439
32445
32433
32427
32439
32424
32437
32435
32453
32456
32449
32453
32455
32457
32455
32464
32451
32458
32455
32453
32465
32464
32467
32462
32465
32473
32484
32485
32481
32485
32479
32479
32478
32491
32499
32487
32501
32485
32483
32487
32487
32485
32493
32479
32487
32473
32479
32472
32455
32466
32461
32483
32467
32455
32466
32463
32463
32455
32463
32452
32451
32470
32449
32447
32423
32435
32439
32441
32435
32448
32447
32440
32424
32442
32445
32445
32446
32431
32435
32439
32435
32442
32435
32449
32447
32451
32455
32440
32446
32463
32449
32455
32434
32439
32437
32453
32469
32471
32471
32456
32478
32463
32478
32475
32459
32471
32467
32473
32475
32483
32481
32484
32475
32474
32481
32474
32473
32485
32469
32481
32470
32485
32489
32486
32492
32484
32493
32489
32479
32487
32463
32475
32468
32461
32463
32465
32469
32461
32469
32465
32463
32455
32460
32465
32456
32451
32453
32451
32443
32439
32437
32437
32437
32455
32436
32431
32441
32423
32444
32431
32441
32437
32426
32421
32441
32436
32443
32434
32451
32455
32459
32460
32453
32455
32437
32447
32443
32445
32465
32455
32431
32453
32455
32459
32469
32465
32476
32462
32471
32471
32478
32486
32489
32467
32471
32483
32479
32481
32483
32487
32487
32487
32490
32495
32497
32497
32481
32480
32488
32467
32484
32481
32492
32479
32488
32474
32469
32464
32469
32469
32450
32445
32456
32455
32459
32460
32471
32460
32435
32454
32451
32462
32459
32451
32444
32432
32426
32435
32414
32435
32430
32429
32443
32437
32444
32427
32441
32424
32433
32425
32442
32439
32418
32451
32437
32446
32442
32447
32463
32464
32457
32446
32446
32449
32459
32485
32472
32463
32475
32451
32461
32475
32471
32467
32475
32489
32489
32503
32494
32477
32471
32482
32481
32492
32479
32487
32490
32490
32495
32490
32475
32466
32471
32464
32487
32479
32491
32475
32477
32473
32471
32456
32455
32443
32450
32460
32444
32451
32441
32437
32423
32439
32450
32431
32431
32439
32422
32447
32437
32441
32426
32415
32429
32420
32420
32433
32425
32435
32429
32419
32443
32436
32444
32443
32429
32423
32431
32431
32444
32446
32439
32444
32453
32471
32479
32463
32447
32455
32452
32480
32487
32467
32478
32468
32483
32483
32493
32495
32494
32471
32465
32487
32493
32499
32499
32458
32478
32489
32489
32493
32477
32487
32474
32470
32481
32479
32470
32461
32454
32466
32453
32443
32437
32445
32447
32455
32463
32451
32447
32443
32435
32442
32433
32449
32423
32415
32434
32433
32451
32436
32429
32435
32439
32427
32423
32424
32439
32429
32434
32435
32425
32441
32432
32439
32443
32444
32446
32449
32458
32441
32452
32461
32469
32458
32473
32453
32466
32461
32465
32482
32477
32471
32479
32463
32482
32489
32471
32473
32487
32487
32481
32495
32491
32480
32487
32482
32491
32499
32485
32489
32476
32479
32459
32467
32478
32455
32475
32468
32463
32475
32463
32465
32463
32453
32472
32463
32442
32451
32436
32443
32450
32440
32443
32435
32443
32455
32447
32447
32437
32429
32433
32433
32427
32431
32431
32433
32452
32446
32445
32439
32423
32449
32452
32446
32441
32441
32441
32451
32453
32451
32442
32446
32452
32459
32481
32453
32453
32451
32459
32470
32472
32464
32473
32463
32481
32484
32485
32475
32476
32493
32491
32495
32487
32493
32493
32477
32485
32489
32491
32491
32471
32464
32479
32481
32493
32489
32480
32465
32475
32461
32471
32476
32467
32455
32461
32459
32473
32439
32453
32445
32456
32445
32427
32440
32436
32450
32437
32438
32437
32449
32450
32459
32439
32430
32427
32431
32453
32450
32438
32421
32427
32441
32449
32441
32437
32440
32449
32465
32451
32439
32421
32433
32442
32477
32461
32456
32439
32446
32469
32463
32477
32453
32461
32461
32471
32466
32460
32456
32467
32471
32491
32503
32489
32490
32488
32483
32479
32471
32488
32487
32487
32477
32499
32465
32489
32487
32473
32487
32501
32491
32484
32467
32457
32439
32477
32471
32479
32463
32463
32451
32455
32460
32447
32443
32435
32439
32439
32445
32429
32468
32462
32432
32412
32405
32414
32410
32415
32436
32427
32447
32473
32467
32439
32421
32393
32403
32430
32465
32441
32421
32407
32404
32469
32486
32477
32479
32446
32443
32439
32439
32435
32436
32436
32480
32487
32492
32496
32457
32459
32473
32495
32493
32487
32482
32439
32447
32474
32513
32503
32496
32501
32503
32495
32481
32494
32471
32463
32461
32476
32485
32466
32459
32481
32503
32505
32481
32447
32460
32453
32465
32472
32447
32429
32430
32411
32463
32453
32449
32466
32437
32451
32442
32420
32417
32422
32440
32460
32447
32413
32389
32421
32482
32478
32441
32415
32394
32393
32425
32446
32447
32427
32427
32478
32475
32433
32385
32391
32454
32511
32500
32495
32454
32435
32444
32427
32439
32488
32483
32483
32503
32510
32475
32460
32471
32502
32491
32513
32464
32459
32503
32511
32495
32488
32482
32453
32468
32519
32519
32485
32459
32449
32468
32500
32481
32421
32419
32461
32493
32523
32508
32459
32413
32455
32479
32479
32472
32461
32407
32338
32361
32431
32495
32499
32446
32443
32501
32487
32462
32368
32353
32407
32355
32367
32457
32405
32459
32457
32445
32475
32462
32399
32457
32498
32559
32445
32331
32377
32393
32323
32421
32433
32461
32510
32505
32483
32517
32489
32420
32417
32505
32571
32559
32551
32474
32405
32443
32534
32450
32422
32397
32433
32524
32638
32589
32477
32415
32483
32507
32618
32603
32431
32383
32341
32362
32402
32486
32521
32555
32584
32610
32517
32530
32423
32260
32282
32381
32407
32466
32450
32447
32471
32541
32591
32506
32487
32433
32333
32344
32454
32419
32450
32476
32437
32395
32377
32372
32414
32425
32407
32330
32359
32529
32561
32505
32443
32333
32375
32481
32518
32466
32402
32370
32407
32501
32601
32544
32418
32371
32351
32423
32525
32553
32487
32491
32516
32543
32592
32568
32492
32414
32436
32503
32544
32559
32447
32362
32465
32579
32596
32567
32487
32393
32333
32364
32377
32451
32575
32629
32609
32575
32500
32427
32383
32359
32381
32417
32463
32511
32546
32529
32401
32311
32347
32449
32469
32407
32373
32426
32504
32528
32482
32427
32349
32333
32378
32491
32515
32463
32352
32328
32425
32464
32429
32361
32351
32399
32459
32463
32460
32459
32423
32425
32487
32616
32678
32591
32493
32389
32323
32279
32273
32325
32498
32580
32543
32557
32607
32615
32548
32460
32445
32526
32617
32622
32513
32425
32376
32377
32474
32489
32467
32443
32429
32487
32613
32634
32593
32511
32493
32487
32421
32363
32367
32393
32475
32473
32503
32558
32584
32509
32459
32383
32413
32386
32360
32352
32338
32356
32417
32479
32532
32505
32419
32333
32333
32365
32442
32423
32371
32383
32422
32452
32422
32382
32425
32391
32405
32440
32433
32391
32313
32308
32455
32558
32572
32503
32440
32439
32488
32500
32559
32570
32546
32523
32515
32466
32411
32359
32365
32399
32490
32555
32580
32581
32581
32571
32572
32567
32491
32482
32439
32393
32407
32549
32624
32573
32484
32430
32409
32446
32414
32398
32446
32544
32559
32585
32572
32523
32425
32415
32431
32457
32442
32393
32341
32401
32402
32415
32449
32511
32450
32386
32345
32365
32412
32455
32375
32298
32369
32501
32547
32491
32399
32324
32355
32362
32350
32362
32375
32382
32473
32548
32541
32441
32375
32393
32455
32494
32451
32395
32451
32553
32607
32575
32521
32471
32429
32450
32483
32538
32507
32461
32480
32562
32579
32473
32387
32401
32503
32599
32584
32489
32465
32482
32540
32604
32589
32541
32448
32414
32459
32457
32462
32406
32369
32406
32473
32501
32511
32502
32497
32455
32432
32481
32476
32412
32405
32371
32441
32547
32519
32356
32259
32233
32347
32423
32483
32475
32437
32393
32381
32361
32406
32361
32334
32431
32547
32557
32477
32405
32354
32379
32418
32431
32397
32424
32390
32397
32445
32505
32513
32555
32548
32551
32578
32559
32447
32381
32408
32444
32451
32507
32565
32586
32577
32537
32481
32494
32489
32453
32497
32545
32551
32504
32476
32448
32447
32470
32473
32489
32541
32529
32502
32461
32477
32481
32463
32429
32439
32441
32471
32415
32421
32458
32487
32461
32453
32463
32452
32444
32403
32381
32381
32389
32394
32403
32420
32434
32413
32399
32439
32423
32389
32337
32355
32367
32406
32427
32455
32478
32455
32453
32425
32404
32419
32415
32431
32433
32457
32487
32505
32467
32441
32439
32470
32459
32505
32550
32543
32511
32503
32498
32560
32533
32485
32415
32458
32519
32523
32478
32447
32418
32463
32531
32566
32535
32490
32494
32489
32503
32529
32484
32447
32473
32489
32517
32490
32417
32407
32475
32477
32456
32410
32459
32487
32489
32481
32455
32459
32479
32454
32407
32389
32345
32354
32415
32495
32486
32421
32373
32374
32437
32447
32373
32327
32359
32449
32477
32459
32413
32393
32399
32398
32433
32447
32439
32427
32420
32486
32512
32450
32407
32414
32437
32464
32513
32527
32516
32515
32479
32463
32490
32549
32527
32471
32427
32460
32498
32542
32520
32457
32465
32515
32544
32555
32541
32479
32423
32473
32517
32523
32482
32425
32439
32544
32573
32524
32456
32403
32433
32455
32480
32478
32455
32441
32457
32465
32452
32422
32386
32427
32453
32476
32485
32453
32438
32446
32438
32391
32351
32371
32353
32335
32389
32415
32431
32423
32433
32421
32416
32411
32403
32401
32433
32431
32430
32455
32461
32447
32438
32430
32428
32439
32445
32447
32449
32471
32473
32486
32475
32444
32464
32528
32559
32545
32533
32509
32486
32500
32503
32489
32479
32487
32498
32505
32507
32495
32458
32451
32465
32473
32490
32509
32517
32531
32530
32511
32500
32495
32451
32425
32421
32460
32471
32490
32457
32404
32399
32408
32466
32492
32473
32451
32431
32435
32432
32403
32373
32370
32404
32434
32469
32439
32409
32374
32355
32388
32452
32469
32419
32373
32360
32376
32385
32390
32381
32399
32435
32487
32498
32511
32492
32482
32427
32435
32452
32445
32410
32389
32456
32527
32540
32519
32499
32501
32511
32527
32522
32503
32478
32459
32488
32488
32495
32473
32461
32511
32585
32611
32550
32473
32434
32442
32486
32493
32479
32467
32430
32447
32519
32541
32495
32450
32445
32464
32525
32521
32469
32414
32429
32415
32379
32359
32350
32375
32343
32359
32468
32563
32599
32553
32503
32394
32273
32247
32289
32329
32371
32388
32413
32455
32473
32501
32469
32477
32463
32414
32346
32345
32365
32421
32425
32412
32445
32539
32593
32579
32493
32387
32349
32446
32575
32617
32527
32395
32332
32378
32487
32586
32655
32621
32487
32442
32529
32566
32517
32541
32530
32415
32341
32463
32525
32453
32421
32517
32567
32579
32643
32630
32495
32361
32290
32275
32443
32577
32559
32484
32494
32459
32395
32426
32474
32436
32357
32415
32533
32562
32470
32383
32359
32310
32279
32289
32347
32410
32433
32483
32595
32663
32645
32457
32295
32205
32205
32241
32241
32323
32466
32549
32601
32580
32543
32578
32544
32432
32319
32311
32343
32340
32399
32487
32529
32605
32715
32658
32572
32456
32317
32273
32363
32431
32513
32527
32541
32540
32618
32631
32578
32643
32585
32329
32241
32280
32391
32587
32664
32595
32627
32584
32280
32183
32292
32421
32519
32517
32554
32687
32771
32731
32397
32250
32330
32428
32407
32347
32303
32249
32301
32430
32559
32601
32467
32229
32211
32405
32501
32545
32507
32455
32492
32668
32612
32294
32012
31919
32229
32661
32927
32999
32714
31978
31971
32177
32228
32720
32571
32215
32393
32039
32329
32756
32807
32986
32865
32513
32572
32109
31997
32369
32494
32417
32464
32197
32300
32095
31882
32287
32952
33763
33989
33135
32287
31862
31367
31603
32373
33041
33287
32806
32159
31737
32017
32887
32847
32733
32674
32479
32233
32148
32271
32963
32831
32421
32286
32499
32365
32371
31891
32411
32569
32727
32279
32178
31959
31751
31697
32231
32561
32685
32445
32775
33575
34227
34247
33676
32591
32338
31699
30735
30679
30884
31477
32356
32555
32843
32867
32688
32449
32611
33043
33527
33779
33697
33567
32894
32507
32255
32529
32360
31399
30247
30297
30880
31748
32152
32688
33053
33613
33628
33450
32747
32575
32253
32069
32757
33848
34256
33985
32969
32181
31873
31403
30905
31171
31482
31650
31599
32028
32607
32899
32803
32971
32817
32837
32530
32151
32622
33839
34470
34069
33161
32059
31259
30965
31003
31434
32039
31915
31239
31110
32213
32632
32717
32538
32467
32694
33312
33445
34147
34803
34853
34260
33802
33185
32103
30919
30609
31107
31703
31667
31038
30547
30668
31045
31841
33068
33842
34010
33753
33907
34157
34600
34245
33411
32367
31743
30788
30389
30551
31107
31635
32082
31975
32259
32441
32663
32437
32484
32777
33212
33441
33891
33869
33722
33587
33652
33526
33249
32415
31303
30427
30079
30566
31119
32279
33204
33492
33006
32509
31798
31553
31626
32248
33022
33899
34187
33978
33156
32367
31556
31457
31461
31647
31846
32221
32345
32759
33031
33255
33085
32607
31814
31498
31442
32175
33080
33851
34431
34321
33614
32842
32113
31700
31561
31431
31271
31355
31415
31984
32519
32929
33135
33035
32747
32335
32056
32221
32583
32975
33423
33465
33075
32413
31331
30907
31191
31615
32005
32419
32699
33161
33567
33940
33749
33560
33381
33079
32617
32315
31676
31594
32177
32742
32958
32867
32257
31503
30630
30248
30268
30954
32215
33401
34147
34463
34162
33623
33266
32845
32644
32535
32473
32081
31666
31271
30999
30831
30956
30921
31319
31871
32895
33596
34147
34319
34113
33720
33398
33116
33031
32916
32731
32376
32455
32303
31941
31527
31171
30939
31003
31285
31356
31545
31762
32383
33149
33955
34235
34093
33486
33225
33122
33268
33131
32731
32231
32167
32009
31642
31387
31291
31298
31291
31261
31575
32305
33320
34451
35109
34871
33980
32789
32189
32459
32687
32904
33049
33086
32709
32019
31079
30371
30097
30453
30961
31776
32257
32651
32782
33294
33817
34395
34250
33577
32731
32145
31817
31747
32058
32548
32745
32511
31864
31368
30854
30647
30973
31881
32807
33389
33646
33615
33456
33368
33429
33719
33612
32883
31755
31044
30967
31596
32275
32599
32397
31892
31343
31100
31021
31300
32018
33116
34200
35017
35347
34581
33281
32048
31765
32039
32231
31839
31239
31271
31818
32323
33000
33303
32935
32387
32232
32217
32607
33113
33783
34215
34386
33746
32597
31643
31305
31220
31491
31847
32297
32511
32251
31429
31060
31365
31745
31994
31976
32232
32942
34104
34952
34935
34235
33514
32551
31699
31007
30406
30074
30453
31145
32209
32871
32844
32307
32223
32746
33199
33445
33512
33385
33387
33300
32935
32788
33003
33071
32701
31876
31279
30847
30579
30659
31330
32263
32749
32287
32235
32385
32334
32922
33823
34527
35220
34649
33291
32586
32197
32143
32151
31842
31870
31831
31540
31202
30949
31453
31926
32140
32808
33884
33912
33241
32837
33202
33702
33985
33673
33225
33093
32637
31356
30897
30883
30868
31101
31207
31355
31657
32007
32009
31984
32509
32923
33027
34003
35124
34694
33487
32762
32613
33218
32971
31687
30475
30422
30695
30374
30621
31568
32417
33040
33355
33182
33369
33219
32537
32625
33623
34085
33626
32938
33106
32970
32261
31160
30423
30804
31729
31489
31369
32455
33142
33422
33055
32615
32666
33407
33376
33113
33391
34087
33465
32898
32567
32626
32031
31736
31206
31799
32527
32505
31902
32383
32449
32219
31811
32053
32385
32591
32375
32411
33021
33697
33287
32311
32347
32553
32303
31907
31683
31829
32369
32440
32327
32484
32543
32063
31694
31939
32805
33480
33693
33303
32522
32110
32147
32404
33035
33427
33051
32151
31555
30931
30319
30039
31141
32381
33430
33779
33229
32590
32254
31718
31742
32233
32776
32955
32962
32704
32659
32503
32293
32185
32375
32499
32303
32115
33061
34041
34767
34637
34049
33313
33239
32721
32277
32346
32783
32854
32558
31979
31573
31137
31329
31679
32367
33002
32991
32437
31928
31675
31755
32635
33238
33287
32804
32332
31845
31339
31460
31822
31803
31548
31325
31461
31933
32372
32541
33109
33998
34608
34598
33915
33189
32540
32658
33099
33082
32389
31555
30937
31337
32259
32955
32877
32728
32157
31754
31208
30435
29816
30215
31322
32477
33331
33525
33169
32971
32945
32529
31905
31586
31170
31351
32153
32831
33108
32959
32985
32879
33079
33631
33956
34361
34719
34455
34311
34226
33807
33529
33765
33985
34111
33661
33055
32117
31393
30981
30681
30681
31337
31591
31838
32130
32179
32180
32294
31973
31737
31565
31259
30759
30811
31589
32077
32263
32181
31665
31195
31113
31271
31987
32807
33145
33069
33304
33550
33331
33032
33446
34110
35052
35483
34639
33130
31660
30615
30701
31627
32325
32409
32367
32212
32069
31717
31190
30635
30921
31660
32187
32410
32529
32601
32967
33157
32995
32293
31791
31199
31002
31349
32449
33273
33507
33265
33009
32780
32665
32687
33465
34558
35377
35560
35471
34999
34071
33045
32759
33007
33331
33297
32849
31924
30955
30463
30219
30504
31044
31429
31641
31995
32049
32191
31853
31439
31187
31738
31971
31738
31048
30967
31113
31420
31741
32177
32239
32324
31975
31959
32496
33141
33351
33511
33657
33697
33622
33691
33903
34290
34402
33894
33228
32951
32489
31568
31221
31478
31907
32514
32733
32451
32015
31675
31290
31153
31451
31656
31496
31660
32269
33035
33475
32951
32191
31971
32013
31983
32105
32755
33535
33999
34139
33879
33158
32457
32391
32759
33649
34478
34757
34565
34147
33411
32635
32094
31911
31979
32422
32471
31855
31239
31027
30854
30719
30913
31579
32219
32221
31651
31099
30859
31003
31371
31809
32295
32323
31932
31666
31689
31864
32172
32231
32423
32812
33055
33081
33041
33468
34167
34556
34391
34247
33870
33479
33055
32801
32887
33065
32815
32359
31732
31359
30947
30694
30924
31632
32279
32907
33296
33207
32854
32126
31606
31687
31924
32165
32390
32702
32701
32158
31761
31853
32476
33011
33127
33117
33389
33485
33335
32927
32738
33096
33888
34439
34517
34254
34091
33450
32511
31843
31607
31609
31722
31695
31591
31398
31062
30837
30839
30943
31225
31353
31553
31831
32043
32100
31972
32037
32339
32417
32179
31944
32039
32387
32527
32567
32912
33391
33295
32787
32291
32291
32539
32626
32857
33438
34364
34703
34345
33815
33375
32874
32461
32145
32218
32334
32201
31871
31743
31659
31452
31237
31276
31572
32037
32186
31926
31954
32168
32251
32288
32665
33317
33641
33193
32485
32269
32547
32886
32987
33199
33592
33749
33559
33191
32681
32382
32424
32881
33769
34159
33671
32623
31999
32002
32181
32047
31915
31803
31801
31572
31185
31163
31431
31529
31720
31869
32071
31912
31427
30943
31178
31846
32321
32245
32173
32199
32325
32611
32790
32983
33138
32898
32828
33195
33685
33767
33321
33021
33239
33461
33367
33031
32758
32853
32793
32463
32359
32364
32001
31558
31458
32007
32405
32327
31803
31629
32041
32575
32487
32386
32431
32411
32404
32301
32220
32375
32331
32276
32587
33057
33233
32905
32857
33056
33295
33355
33266
33205
33293
33151
32933
33073
33429
33565
33308
32838
32471
32126
31862
31602
31526
31656
31654
31368
31251
31257
31189
31152
31231
31571
32063
32253
32148
31940
31902
32107
32315
32540
32585
32489
32286
32110
32137
32453
32657
32807
33031
33231
33287
33175
32945
32935
33098
33266
33365
33507
33565
33300
32984
32615
32361
32273
32274
32062
31948
31869
31831
31783
31803
31919
32172
32269
32278
32228
32255
32289
32456
32841
33260
33319
33037
32754
32590
32593
32465
32409
32564
32917
33228
33302
33181
33079
32985
32992
33006
33121
33091
32860
32633
32673
32725
32466
31785
31237
31199
31557
31753
31689
31487
31478
31416
31430
31448
31433
31423
31513
31871
32442
32797
32549
31968
31813
32251
32645
32794
32721
32508
32562
32751
32890
33053
33064
32873
32809
33027
33399
33513
33361
33188
33289
33431
33324
32827
32476
32241
32121
32174
32434
32601
32515
32078
31686
31599
31815
31987
32095
32353
32651
32590
32455
32451
32530
32711
32749
32667
32863
33137
33147
32983
32893
32859
32745
32631
32622
32602
32627
32608
32454
32583
32846
32913
32799
32710
32564
32481
32369
32206
32033
31854
31578
31260
31261
31407
31309
31211
31326
31645
32031
32109
31854
31703
31775
32012
32305
32597
32753
32832
32895
32947
32940
32857
32655
32437
32653
33084
33343
33329
33120
32935
32971
33043
33008
32985
33089
33184
33273
33345
33221
32779
32180
31808
31790
32019
32131
32107
32217
32445
32554
32428
32111
31939
31983
32222
32440
32602
32716
32753
32706
32697
32691
32665
32543
32401
32515
32863
33044
32925
32718
32697
32772
32739
32512
32413
32413
32461
32507
32639
32710
32503
32086
31764
31691
31747
31724
31505
31483
31661
31869
31823
31642
31613
31703
31831
32014
32228
32333
32301
32182
32361
32879
33233
33124
32849
32743
32855
33031
33046
32976
32895
32843
32759
32763
32991
33091
32979
32927
32999
33143
33143
32968
32839
32865
32839
32670
32473
32440
32255
31967
31713
31619
31757
32049
32151
32235
32273
32263
32165
32217
32357
32537
32621
32698
32798
33079
33160
32993
32756
32754
32769
32673
32453
32369
32396
32475
32443
32377
32369
32391
32345
32351
32444
32487
32443
32287
32180
32087
32075
31955
31819
31769
31821
31734
31625
31691
31911
32117
32152
32104
32139
32197
32272
32292
32387
32509
32647
32799
33018
33143
33162
33061
33098
33249
33359
33247
32942
32676
32678
32811
32855
32795
32797
32837
32738
32556
32425
32392
32387
32332
32309
32451
32535
32447
32255
32135
32061
32067
32139
32266
32413
32499
32409
32305
32363
32456
32407
32297
32330
32563
32807
32976
32933
32831
32765
32611
32498
32663
32805
32751
32599
32523
32521
32529
32349
32115
32094
32216
32286
32145
31987
32010
31934
31909
31907
31797
31726
31687
31637
31905
32284
32367
32272
32135
32180
32328
32375
32575
32762
32869
32929
32751
32672
32885
32933
32775
32689
32655
32861
33015
33076
33030
32861
32703
32623
32669
32923
33052
32927
32747
32719
32759
32668
32437
32259
32136
32079
32063
32068
32071
32081
31949
32002
32250
32536
32578
32571
32535
32625
32820
32951
32841
32739
32615
32511
32527
32690
32791
32678
32408
32271
32379
32537
32575
32355
32241
32297
32393
32554
32647
32433
32127
31926
31939
32115
32218
32038
31775
31731
31882
32035
32010
31949
31831
31785
31920
32156
32415
32541
32415
32263
32407
32730
32949
33067
32983
32873
32802
32898
33036
33149
33009
32739
32497
32629
32831
32920
32839
32791
32845
32960
32985
32847
32648
32433
32380
32375
32452
32522
32473
32355
32359
32341
32331
32239
32151
32186
32333
32402
32396
32329
32343
32453
32532
32639
32771
32910
32968
32905
32727
32493
32336
32295
32299
32337
32419
32431
32411
32406
32344
32221
32126
32034
32058
32145
32280
32336
32236
32111
32068
31998
31916
31799
31747
31835
31972
32087
32262
32327
32274
32151
32101
32225
32449
32741
32965
33053
33120
33083
32951
32813
32698
32603
32673
32781
33017
33218
33183
32938
32703
32634
32761
32840
32867
32815
32783
32833
32779
32619
32365
32175
32086
32234
32473
32671
32699
32448
32195
32074
32090
32181
32255
32351
32540
32608
32647
32618
32493
32329
32255
32304
32567
32752
32811
32721
32469
32327
32255
32191
32177
32165
32186
32250
32365
32509
32506
32359
32065
31894
31912
32045
32143
32196
32143
32061
31996
32023
32035
32027
32029
32127
32341
32605
32712
32673
32479
32327
32299
32467
32713
32941
33087
33073
33016
33046
33089
33087
32973
32888
32843
32889
32894
32801
32665
32516
32463
32538
32683
32774
32756
32653
32613
32621
32627
32545
32383
32289
32291
32281
32209
32141
32105
32183
32279
32319
32305
32233
32182
32270
32449
32627
32659
32607
32543
32521
32535
32603
32606
32508
32393
32341
32263
32220
32183
32139
32109
32083
32143
32225
32289
32301
32295
32293
32229
32168
32197
32201
32190
32179
32146
32157
32242
32306
32359
32371
32345
32344
32422
32548
32665
32724
32791
32871
32891
32879
32809
32767
32787
32849
32914
32956
33007
33024
32970
32906
32888
32817
32724
32599
32523
32560
32525
32452
32372
32317
32296
32304
32279
32305
32359
32391
32428
32425
32409
32371
32263
32191
32204
32341
32480
32499
32483
32457
32399
32321
32233
32199
32301
32423
32529
32604
32593
32519
32387
32307
32339
32396
32439
32373
32257
32231
32263
32196
32147
32107
32101
32159
32232
32299
32329
32285
32225
32274
32269
32248
32187
32146
32205
32403
32609
32705
32665
32649
32641
32643
32719
32825
32966
33050
33055
33017
32927
32745
32584
32516
32567
32679
32797
32820
32745
32594
32528
32480
32471
32557
32638
32665
32639
32544
32487
32423
32300
32241
32271
32308
32303
32247
32208
32168
32169
32221
32258
32307
32417
32447
32489
32565
32621
32614
32597
32591
32604
32584
32503
32370
32277
32265
32225
32161
32206
32262
32255
32255
32311
32343
32335
32243
32175
32151
32185
32196
32169
32242
32335
32317
32349
32351
32372
32419
32402
32364
32415
32491
32491
32430
32465
32577
32612
32641
32675
32705
32839
32923
32923
32966
33037
32983
32888
32835
32825
32751
32589
32479
32453
32553
32614
32535
32458
32385
32342
32377
32416
32427
32370
32331
32376
32480
32621
32653
32527
32408
32338
32294
32258
32263
32245
32263
32333
32416
32439
32454
32407
32350
32314
32442
32532
32603
32572
32491
32438
32389
32326
32255
32167
32180
32155
32182
32197
32163
32126
32162
32216
32303
32320
32261
32151
32113
32201
32303
32373
32358
32337
32391
32504
32551
32599
32602
32573
32585
32649
32730
32722
32679
32687
32753
32859
32925
32855
32800
32779
32791
32813
32771
32746
32721
32717
32707
32640
32579
32480
32442
32439
32493
32533
32521
32483
32441
32421
32347
32245
32174
32197
32314
32421
32469
32499
32511
32487
32415
32331
32315
32310
32305
32361
32392
32439
32393
32345
32296
32333
32373
32359
32327
32343
32351
32313
32231
32180
32146
32133
32124
32106
32199
32276
32276
32266
32258
32266
32289
32282
32321
32381
32453
32451
32432
32471
32518
32531
32539
32581
32662
32735
32761
32747
32782
32814
32772
32745
32731
32839
32940
32952
32947
32927
32913
32841
32718
32590
32521
32498
32469
32472
32512
32495
32453
32439
32414
32405
32413
32401
32433
32479
32478
32412
32353
32313
32280
32231
32205
32221
32284
32364
32411
32406
32405
32370
32310
32289
32301
32335
32380
32380
32340
32318
32316
32267
32249
32277
32304
32332
32353
32335
32280
32179
32123
32085
32118
32191
32242
32283
32353
32391
32443
32477
32471
32456
32493
32508
32563
32631
32686
32699
32673
32679
32711
32737
32763
32733
32759
32801
32839
32809
32782
32769
32747
32698
32703
32727
32732
32763
32727
32706
32667
32585
32495
32419
32405
32349
32329
32280
32270
32327
32338
32335
32294
32317
32342
32368
32393
32372
32377
32352
32315
32300
32290
32297
32319
32340
32375
32395
32379
32353
32319
32334
32330
32279
32251
32255
32285
32327
32327
32315
32270
32244
32238
32287
32338
32345
32325
32327
32330
32356
32343
32332
32309
32345
32400
32496
32565
32616
32626
32613
32623
32614
32615
32610
32598
32679
32772
32852
32862
32881
32843
32821
32802
32787
32772
32782
32793
32749
32661
32586
32483
32421
32431
32470
32506
32517
32473
32431
32397
32382
32344
32346
32366
32353
32363
32372
32358
32313
32271
32259
32317
32379
32378
32372
32353
32353
32335
32310
32279
32235
32265
32316
32364
32443
32479
32455
32412
32359
32357
32331
32280
32271
32277
32311
32360
32342
32301
32225
32193
32196
32245
32320
32389
32431
32423
32431
32471
32483
32476
32509
32567
32611
32678
32727
32726
32735
32704
32680
32642
32619
32620
32623
32624
32668
32705
32699
32667
32661
32668
32666
32675
32665
32671
32667
32639
32562
32479
32409
32376
32358
32351
32375
32372
32351
32325
32279
32249
32244
32268
32327
32405
32431
32429
32416
32404
32407
32374
32375
32391
32431
32467
32452
32406
32349
32269
32237
32206
32224
32255
32251
32303
32347
32403
32420
32391
32335
32265
32260
32293
32345
32352
32384
32378
32355
32336
32309
32305
32322
32360
32433
32490
32537
32533
32537
32529
32568
32585
32610
32673
32749
32790
32833
32803
32816
32775
32746
32695
32683
32657
32627
32609
32634
32655
32602
32535
32485
32479
32493
32528
32557
32533
32529
32502
32447
32357
32344
32339
32369
32420
32457
32447
32391
32310
32276
32248
32269
32270
32285
32364
32426
32439
32423
32375
32335
32318
32309
32355
32371
32383
32363
32351
32343
32308
32263
32194
32177
32217
32304
32324
32335
32326
32307
32301
32292
32301
32298
32311
32319
32356
32421
32473
32482
32493
32525
32545
32571
32607
32642
32679
32691
32710
32681
32675
32672
32657
32663
32717
32763
32763
32726
32681
32647
32679
32662
32662
32657
32637
32611
32593
32572
32555
32511
32487
32466
32441
32421
32393
32341
32331
32348
32343
32315
32297
32328
32368
32399
32389
32402
32417
32391
32353
32359
32343
32324
32305
32289
32290
32311
32303
32282
32290
32317
32325
32299
32262
32238
32223
32251
32273
32305
32305
32304
32307
32337
32369
32373
32370
32371
32375
32401
32404
32409
32453
32485
32509
32514
32527
32533
32559
32589
32655
32716
32766
32775
32811
32796
32801
32796
32776
32783
32752
32711
32692
32671
32673
32663
32647
32589
32535
32505
32497
32509
32505
32501
32503
32513
32505
32483
32454
32403
32357
32365
32387
32395
32341
32273
32221
32219
32255
32271
32268
32298
32304
32338
32337
32374
32379
32357
32319
32299
32307
32301
32281
32294
32279
32275
32287
32286
32278
32292
32295
32301
32314
32329
32338
32296
32285
32300
32338
32377
32423
32503
32531
32567
32537
32522
32517
32533
32552
32584
32623
32673
32695
32707
32702
32713
32711
32703
32673
32691
32701
32713
32732
32725
32740
32703
32644
32610
32574
32568
32575
32585
32585
32575
32521
32453
32393
32361
32336
32307
32311
32339
32392
32399
32384
32373
32353
32332
32300
32297
32337
32307
32313
32299
32319
32334
32339
32319
32311
32315
32313
32340
32320
32324
32327
32300
32299
32287
32301
32293
32255
32244
32292
32329
32347
32383
32395
32415
32389
32397
32401
32429
32458
32440
32431
32444
32466
32487
32497
32547
32595
32628
32635
32631
32631
32625
32653
32683
32712
32759
32783
32796
32781
32751
32709
32681
32645
32600
32555
32533
32513
32523
32513
32495
32455
32469
32471
32471
32455
32438
32436
32447
32444
32399
32361
32325
32311
32306
32321
32333
32323
32295
32283
32287
32327
32344
32321
32313
32287
32295
32312
32336
32341
32369
32379
32387
32396
32397
32370
32332
32313
32309
32311
32305
32284
32281
32293
32306
32310
32324
32353
32380
32381
32415
32447
32483
32529
32551
32542
32551
32567
32578
32571
32593
32590
32617
32618
32639
32643
32643
32621
32631
32647
32647
32632
32636
32655
32682
32696
32688
32693
32657
32617
32565
32529
32511
32481
32436
32397
32417
32414
32436
32385
32373
32357
32366
32359
32358
32381
32387
32379
32364
32352
32360
32343
32337
32337
32352
32367
32381
32389
32361
32335
32325
32291
32291
32303
32314
32314
32295
32316
32335
32343
32320
32323
32335
32327
32353
32370
32396
32382
32365
32335
32321
32363
32389
32407
32444
32482
32500
32493
32477
32469
32501
32527
32566
32604
32673
32691
32687
32694
32687
32676
32667
32649
32680
32691
32695
32690
32646
32619
32579
32554
32532
32551
32576
32599
32583
32554
32527
32471
32436
32428
32431
32435
32429
32421
32425
32426
32407
32363
32350
32361
32388
32355
32335
32323
32317
32311
32311
32319
32301
32308
32305
32319
32359
32372
32363
32337
32341
32338
32335
32309
32306
32297
32320
32321
32295
32292
32275
32254
32277
32285
32348
32378
32386
32414
32417
32434
32463
32449
32493
32538
32563
32598
32611
32621
32615
32584
32579
32577
32599
32638
32641
32664
32670
32690
32694
32687
32691
32696
32667
32677
32669
32651
32651
32606
32581
32558
32542
32518
32496
32466
32449
32443
32425
32423
32386
32358
32349
32357
32365
32368
32367
32358
32347
32347
32361
32341
32347
32331
32349
32328
32306
32283
32261
32273
32271
32259
32269
32294
32289
32279
32306
32302
32324
32330
32316
32323
32341
32327
32341
32334
32362
32383
32383
32394
32383
32391
32399
32413
32449
32471
32495
32509
32551
32561
32599
32610
32626
32653
32667
32681
32675
32687
32705
32714
32703
32685
32671
32646
32614
32621
32636
32653
32635
32648
32610
32588
32559
32496
32498
32496
32486
32487
32457
32435
32421
32406
32389
32369
32374
32381
32356
32340
32319
32303
32283
32287
32306
32302
32307
32296
32314
32333
32313
32303
32295
32306
32311
32323
32310
32319
32311
32301
32291
32307
32297
32300
32303
32311
32341
32362
32357
32348
32339
32332
32345
32361
32415
32461
32481
32515
32509
32525
32542
32549
32543
32582
32601
32628
32656
32641
32651
32647
32644
32661
32667
32687
32673
32658
32655
32661
32633
32627
32609
32611
32606
32627
32596
32579
32551
32510
32514
32485
32490
32470
32419
32389
32379
32377
32360
32316
32301
32294
32303
32358
32361
32376
32388
32363
32327
32327
32317
32303
32304
32307
32345
32358
32335
32302
32263
32253
32255
32284
32300
32349
32371
32368
32343
32346
32325
32343
32343
32358
32405
32440
32444
32439
32430
32433
32418
32410
32433
32461
32479
32509
32509
32535
32557
32579
32585
32597
32641
32655
32691
32693
32692
32671
32655
32631
32630
32660
32667
32659
32650
32630
32601
32559
32513
32503
32513
32511
32506
32510
32514
32508
32497
32475
32458
32443
32403
32412
32417
32409
32381
32344
32327
32312
32295
32295
32295
32319
32327
32345
32346
32359
32357
32329
32306
32329
32359
32344
32351
32362
32367
32357
32349
32329
32330
32329
32319
32323
32313
32347
32355
32337
32359
32355
32377
32391
32415
32450
32479
32468
32481
32495
32495
32518
32536
32559
32553
32593
32581
32570
32601
32609
32596
32622
32618
32626
32629
32626
32615
32638
32633
32639
32626
32625
32605
32598
32600
32585
32591
32577
32538
32493
32455
32434
32427
32412
32401
32400
32431
32416
32414
32407
32386
32359
32354
32343
32361
32382
32393
32365
32359
32363
32351
32333
32319
32306
32327
32339
32346
32337
32335
32321
32321
32301
32309
32291
32300
32318
32325
32359
32353
32375
32367
32381
32375
32382
32383
32383
32405
32417
32417
32446
32445
32457
32461
32475
32502
32516
32546
32551
32555
32582
32601
32615
32643
32660
32674
32678
32676
32686
32672
32649
32625
32615
32601
32581
32573
32577
32568
32555
32525
32519
32535
32513
32525
32494
32509
32515
32500
32452
32418
32410
32383
32368
32364
32372
32381
32383
32368
32361
32335
32303
32291
32301
32311
32327
32335
32334
32335
32343
32335
32332
32330
32335
32330
32327
32327
32316
32305
32282
32299
32293
32307
32311
32311
32329
32345
32384
32387
32393
32409
32441
32442
32458
32494
32501
32519
32536
32543
32554
32580
32583
32573
32610
32610
32599
32605
32598
32604
32636
32637
32661
32677
32693
32697
32667
32653
32647
32641
32620
32585
32565
32551
32517
32514
32493
32473
32473
32454
32453
32424
32425
32423
32397
32393
32385
32376
32357
32346
32357
32345
32352
32351
32335
32333
32326
32315
32313
32303
32311
32285
32302
32303
32295
32291
32283
32303
32308
32323
32316
32323
32319
32316
32321
32325
32345
32368
32377
32391
32389
32418
32427
32423
32427
32446
32450
32459
32484
32513
32541
32552
32552
32569
32571
32610
32636
32639
32673
32661
32675
32675
32680
32663
32656
32634
32619
32609
32625
32615
32603
32589
32595
32585
32562
32545
32509
32517
32491
32467
32447
32445
32443
32415
32413
32421
32399
32400
32388
32367
32357
32310
32302
32309
32313
32313
32300
32296
32310
32300
32307
32314
32306
32319
32307
32325
32341
32336
32333
32325
32327
32331
32336
32343
32316
32338
32351
32346
32365
32358
32360
32381
32367
32377
32407
32439
32509
32523
32534
32552
32565
32575
32569
32551
32555
32568
32583
32616
32609
32612
32629
32617
32625
32626
32631
32615
32616
32637
32655
32643
32655
32638
32620
32607
32556
32528
32511
32489
32513
32495
32483
32455
32449
32454
32447
32404
32369
32353
32351
32344
32310
32326
32349
32375
32375
32400
32374
32375
32358
32323
32309
32286
32281
32293
32293
32313
32327
32343
32347
32362
32353
32349
32325
32327
32321
32329
32327
32311
32352
32434
32452
32458
32475
32454
32423
32393
32391
32391
32410
32441
32477
32518
32544
32531
32520
32524
32525
32587
32673
32723
32671
32631
32617
32593
32559
32560
32582
32586
32620
32663
32670
32715
32677
32557
32472
32505
32519
32529
32485
32454
32467
32530
32535
32495
32509
32517
32455
32382
32315
32314
32336
32402
32427
32393
32383
32411
32358
32319
32274
32234
32230
32332
32439
32443
32358
32278
32255
32324
32404
32390
32368
32353
32251
32245
32301
32356
32371
32429
32455
32391
32341
32395
32346
32241
32209
32253
32345
32577
32715
32617
32418
32438
32477
32515
32553
32513
32463
32518
32559
32581
32593
32581
32593
32599
32662
32687
32633
32601
32603
32568
32498
32541
32661
32703
32645
32599
32619
32547
32454
32487
32645
32630
32549
32547
32564
32491
32383
32233
32139
32270
32494
32637
32620
32477
32290
32265
32312
32351
32441
32535
32420
32366
32341
32251
32171
32215
32319
32436
32498
32515
32409
32257
32207
32113
32061
32258
32519
32537
32479
32449
32284
32152
32317
32495
32491
32413
32449
32399
32331
32278
32215
32343
32618
32599
32537
32538
32514
32407
32426
32535
32538
32522
32727
32793
32696
32639
32575
32447
32579
32673
32631
32623
32668
32711
32755
32793
32611
32284
32289
32437
32379
32500
32742
32879
32794
32549
32346
32383
32445
32424
32383
32543
32603
32364
32122
32231
32327
32407
32491
32515
32471
32411
32154
31997
32131
32303
32347
32393
32433
32475
32450
32305
32155
32231
32427
32490
32387
32297
32199
32049
32127
32551
32739
32676
32511
32184
31805
31938
32167
32175
32481
32909
33151
33283
33017
32309
32018
32067
32021
32214
32701
32992
32816
32359
32278
32655
32683
32727
32648
32692
32827
32591
32205
32428
32681
32416
31873
32028
32647
33012
33144
32833
32346
31673
31701
32283
33237
33952
33941
32879
32597
32081
31385
31089
31314
31696
32484
32811
33147
32885
32533
31997
31505
31970
33027
33367
33529
33383
32699
31919
31285
31322
32013
32759
32415
31791
31006
31197
31452
31759
32219
33207
33951
34533
33520
32818
31848
31209
31255
32397
33067
33639
32734
32069
31998
32225
32272
32207
32295
32639
32251
31779
32223
32785
33369
33633
33594
33235
32671
31473
31169
31608
32135
32272
32729
33686
34925
34372
32999
31739
31079
30567
29746
29739
31646
33563
34273
34723
34527
33143
31535
30255
30538
32135
32543
32072
32347
32735
32995
32264
32041
32519
32443
31559
31037
30357
30622
30609
31183
33048
35390
35537
34573
32635
31294
31111
31644
32591
33736
33852
33654
32576
32151
32303
31977
31679
32124
32818
33799
34212
33941
34029
34285
34855
35187
35057
34091
32671
30823
30349
30609
31604
31861
32252
32438
33511
33109
32771
32387
32679
32755
32566
31509
31292
31345
31817
31632
31255
30768
30662
30962
31559
32073
31928
31482
31429
32199
33177
33203
32421
31510
31523
31962
32769
32606
32116
31507
31831
32279
33663
34305
34281
33527
33124
33035
33495
33553
33331
32785
32383
32629
32050
31670
31171
31691
32376
33370
33002
32372
31076
31113
31831
33938
35758
36826
35653
34055
31919
30049
28645
28759
29959
31794
33505
34391
33767
32637
31951
32309
33571
34723
34519
33484
32534
32274
32715
33136
33243
33288
33407
32933
31743
30682
30460
31271
33029
34868
35705
34933
33364
31792
31465
31993
32435
32260
32303
32507
32713
32063
30929
30551
31216
32150
32651
32529
31908
31318
31152
32108
33564
34405
33666
32138
31100
31086
30886
30207
29807
30162
31268
32398
32857
32692
32027
31375
31312
32223
33622
33954
33301
32527
32365
32736
33041
32703
32162
32152
32366
32465
32360
32575
32827
33365
34199
35186
35381
34457
32933
32285
32527
32793
32780
33181
33850
34578
34772
34005
32951
32039
31697
31967
32675
33079
33069
32449
32421
33050
33469
32804
31668
31209
31727
31983
31419
30336
29669
30313
32053
33583
33816
33127
32041
31579
31923
32892
33023
32118
31325
31409
31921
31973
31381
30807
30952
32059
33092
33423
32906
32113
31423
31638
32643
33618
34118
33701
32965
32325
31757
30618
29915
30447
31994
33399
34085
33617
32502
30899
30443
31074
32289
32983
33142
32809
32961
33128
33268
33209
33004
32775
32874
32822
32492
31871
31687
32025
32723
33949
35095
34992
34051
33033
32607
32517
32498
32402
32599
32955
33084
32412
31574
31157
31309
32143
33151
33733
33505
32934
32199
31791
31491
31412
31239
31487
31898
31735
31071
30921
31063
31895
32899
33477
33617
33155
32391
31652
31366
31279
31633
31799
32455
33191
33741
33165
32176
31528
31877
32179
32339
32143
31831
31673
32223
33209
33821
33765
33110
32338
32000
32095
31721
31456
31433
31837
32507
33220
32894
32143
31736
31796
32340
33323
33887
33909
33433
33133
33284
33951
34138
33023
31717
31383
31825
32529
33025
33072
32745
32828
33354
33555
33406
33191
33034
32747
32885
32753
32228
31111
30737
31415
32770
33525
33116
32489
32125
31529
31047
31047
31440
31879
32339
32520
32480
32188
31809
31705
32043
32847
32853
32465
32080
32027
32349
32633
32526
32679
32519
32254
32123
32201
31978
31752
31999
32994
33651
33349
32524
31146
30593
31240
32089
32763
33377
33564
33488
33203
32753
32233
31983
31833
32117
32379
32757
32287
31655
31773
32155
32751
33531
33925
33917
33693
33255
33175
33199
33239
33107
33103
33238
33273
32519
32160
31631
31711
32186
32873
32981
33025
32893
33073
32966
32761
32119
31610
31611
32349
32513
32627
32062
31351
31297
31656
32113
32552
32127
31638
31586
31991
32281
31921
31607
31893
32565
33218
33635
32985
32445
31581
31331
31671
32205
32139
32247
32271
32653
32516
32316
31973
32205
32551
33111
32971
32939
32549
32019
31791
31985
32113
32195
32207
32287
32751
33099
33111
32987
33127
33188
33060
32655
32432
32028
32208
32498
33153
33696
33683
33124
32947
33041
33231
33273
33303
33189
33132
33090
32999
32647
32059
31679
31644
32269
32701
32861
32535
32235
31899
32133
32319
32415
32135
32136
32111
32468
32391
32185
31596
31451
31443
31730
31741
31727
31479
31615
32013
32505
32484
32271
31965
32149
32506
32700
32654
32529
32640
32774
32951
32725
32287
31562
31302
31463
32027
32373
32525
32440
32749
32936
33127
32831
32601
32351
32521
32623
32811
32901
32941
32695
32445
32573
32887
32955
32847
32855
33006
33038
32915
32909
32973
33083
33040
33083
33096
33101
32856
32837
32848
32882
32889
32888
32889
32793
32589
32409
32158
32029
32161
32230
32346
32195
31861
31660
31703
31705
31866
31901
31987
31920
31932
32020
32066
32021
32192
32151
32397
32481
32263
31835
31559
31504
31839
32116
32277
32265
32303
32527
32551
32387
32366
32407
32599
32887
32937
32892
32685
32351
32183
32367
32511
32559
32309
32413
32573
32791
32887
32745
32601
32802
32873
32919
32833
32754
32652
32734
32919
33141
33011
32855
32759
32929
33257
33151
32953
32903
32937
32921
32777
32616
32569
32569
32673
32817
32863
32599
32185
32056
32213
32297
32223
32027
31935
31936
32063
32275
32471
32444
32268
32084
31918
31772
31572
31390
31353
31547
31876
32237
32331
32253
31961
31895
32127
32511
32671
32611
32431
32371
32447
32583
32487
32375
32165
32113
32227
32517
32677
32748
32741
32744
32703
32721
32501
32245
32219
32477
32706
32879
33012
33013
32995
32901
32730
32602
32711
32734
32715
32719
32688
32537
32513
32613
32853
33057
33088
32888
32810
32901
32971
32895
32835
32776
32687
32636
32609
32549
32551
32572
32470
32335
32233
32169
32079
32119
32130
32107
32077
32060
31975
31940
31794
31728
31769
32135
32498
32728
32565
32251
31969
31845
31677
31687
31815
32022
32134
32287
32301
32353
32400
32421
32365
32428
32603
32744
32757
32741
32647
32553
32469
32371
32478
32579
32550
32435
32533
32664
32721
32557
32440
32427
32487
32568
32583
32596
32675
32687
32767
32914
33049
33110
33001
32971
32915
32835
32552
32319
32263
32435
32588
32727
32784
32895
32933
32950
32870
32819
32716
32663
32690
32653
32528
32340
32090
31965
32163
32376
32429
32309
32211
32112
32088
31997
31901
31821
31847
31935
32146
32256
32243
32093
32063
32036
32232
32421
32452
32291
32189
32087
32091
32127
32189
32103
32085
32223
32439
32657
32748
32619
32501
32589
32670
32679
32582
32426
32288
32318
32436
32567
32605
32583
32582
32732
32807
32692
32477
32475
32506
32554
32605
32714
32797
32793
32751
32755
32859
32938
32868
32861
32969
33017
32915
32765
32662
32639
32497
32395
32458
32616
32686
32695
32701
32801
32851
32729
32564
32377
32281
32167
32062
32065
32097
32117
32105
32023
32018
32075
32151
32157
32089
32067
32011
31930
31985
32115
32095
32157
32207
32247
32281
32311
32265
32201
32143
32173
32191
32217
32152
32163
32293
32423
32519
32661
32723
32637
32579
32611
32657
32679
32647
32545
32475
32462
32407
32300
32297
32388
32593
32869
33066
32978
32895
32843
32756
32725
32772
32804
32781
32829
32898
32927
32937
32871
32711
32715
32832
32939
32906
32735
32625
32661
32663
32625
32541
32448
32350
32312
32471
32583
32503
32308
32216
32221
32253
32200
32106
32035
32051
32075
32022
31878
31852
31801
31826
31977
32175
32269
32149
31952
31935
32023
32098
32086
32141
32341
32505
32535
32478
32384
32311
32290
32262
32279
32290
32275
32305
32399
32579
32705
32633
32537
32548
32661
32849
32954
32933
32848
32751
32626
32607
32605
32549
32449
32546
32771
33047
33115
33016
32877
32826
32848
32884
32951
32925
32825
32739
32727
32785
32800
32673
32569
32625
32762
32813
32736
32578
32428
32295
32298
32337
32381
32365
32299
32231
32174
32089
32005
31929
31869
31879
31893
31967
32037
32085
32153
32139
32111
32095
32101
32069
32054
32021
32001
32079
32207
32239
32198
32112
32055
32027
32147
32327
32539
32721
32760
32715
32729
32713
32570
32445
32441
32519
32621
32688
32706
32688
32668
32587
32596
32723
32802
32794
32777
32825
32877
32912
32890
32809
32779
32777
32773
32787
32883
32909
32911
32928
32957
32909
32767
32566
32492
32506
32571
32551
32489
32488
32499
32515
32486
32425
32332
32284
32275
32258
32261
32252
32206
32125
32151
32196
32138
32059
31937
31922
31966
31902
31817
31750
31793
31927
32021
32114
32189
32239
32379
32527
32557
32499
32373
32280
32258
32311
32376
32337
32248
32229
32303
32423
32488
32546
32577
32695
32798
32909
32933
32847
32755
32639
32669
32715
32746
32750
32679
32656
32724
32741
32715
32663
32659
32687
32671
32709
32743
32739
32736
32709
32811
32906
32851
32711
32631
32665
32733
32734
32665
32540
32480
32372
32320
32355
32403
32356
32281
32299
32353
32340
32241
32102
32087
32150
32177
32113
32055
32041
32037
32109
32189
32272
32237
32134
32049
32012
32052
32054
32008
32035
32097
32163
32187
32205
32273
32366
32467
32584
32713
32725
32677
32529
32419
32408
32405
32367
32398
32485
32577
32601
32637
32693
32746
32715
32697
32670
32671
32698
32677
32727
32784
32838
32757
32619
32592
32615
32647
32679
32709
32795
32908
32839
32709
32582
32514
32513
32559
32671
32797
32879
32815
32661
32516
32480
32383
32317
32296
32338
32367
32353
32345
32320
32299
32269
32247
32267
32277
32201
32095
32041
32063
32090
32079
32036
32022
32026
32052
32105
32217
32351
32351
32280
32217
32242
32231
32202
32197
32240
32304
32364
32336
32343
32426
32465
32492
32559
32667
32697
32635
32541
32473
32467
32481
32481
32520
32613
32656
32653
32681
32730
32755
32767
32714
32673
32667
32687
32663
32675
32743
32809
32813
32727
32658
32622
32625
32652
32707
32801
32902
32809
32685
32549
32544
32534
32551
32599
32603
32615
32606
32477
32383
32327
32219
32137
32145
32177
32179
32133
32125
32171
32311
32352
32287
32183
32131
32075
32037
32026
32043
32055
32025
31984
32083
32167
32183
32139
32173
32319
32415
32386
32323
32295
32321
32361
32395
32422
32467
32427
32395
32419
32515
32621
32610
32585
32637
32695
32650
32579
32535
32582
32619
32641
32686
32743
32769
32791
32773
32829
32871
32851
32789
32740
32719
32728
32725
32708
32749
32801
32842
32784
32709
32609
32563
32555
32622
32663
32671
32546
32450
32429
32425
32423
32379
32372
32379
32380
32322
32247
32191
32127
32068
32043
32076
32075
32023
31951
32015
32100
32167
32185
32135
32135
32123
32090
32055
32063
32065
32104
32120
32174
32265
32352
32351
32359
32380
32447
32471
32459
32424
32445
32461
32471
32508
32583
32620
32592
32555
32589
32681
32803
32837
32793
32741
32725
32744
32749
32774
32828
32807
32783
32791
32853
32847
32758
32671
32703
32796
32869
32797
32697
32623
32600
32635
32711
32765
32743
32671
32585
32589
32561
32507
32349
32250
32279
32330
32328
32277
32209
32183
32149
32141
32165
32167
32115
32023
32031
32096
32155
32123
32034
32021
32067
32095
32077
32088
32107
32157
32169
32157
32182
32190
32174
32137
32183
32301
32365
32395
32458
32547
32607
32601
32614
32635
32679
32663
32615
32575
32585
32628
32645
32653
32641
32635
32632
32626
32754
32836
32893
32855
32829
32852
32859
32851
32785
32778
32811
32843
32853
32828
32763
32641
32585
32545
32560
32592
32561
32503
32509
32553
32554
32507
32463
32430
32440
32454
32446
32403
32341
32248
32145
32137
32133
32087
32046
31999
32068
32145
32175
32103
32031
32045
32052
32084
32079
32085
32082
32090
32148
32242
32345
32368
32292
32271
32313
32352
32333
32294
32294
32358
32400
32449
32470
32481
32494
32511
32563
32667
32743
32761
32755
32758
32770
32789
32731
32657
32683
32697
32687
32649
32662
32692
32712
32709
32703
32711
32721
32689
32712
32749
32739
32703
32698
32707
32744
32692
32614
32557
32565
32540
32474
32419
32400
32397
32403
32405
32415
32413
32353
32293
32261
32311
32323
32275
32208
32151
32148
32147
32099
32075
32083
32093
32102
32136
32172
32182
32168
32151
32171
32225
32247
32186
32154
32151
32181
32215
32255
32333
32401
32457
32519
32568
32571
32536
32465
32437
32451
32535
32575
32589
32630
32657
32661
32635
32594
32596
32629
32662
32688
32723
32728
32737
32711
32699
32701
32679
32647
32628
32677
32743
32749
32723
32713
32697
32653
32600
32551
32592
32601
32600
32586
32585
32596
32554
32488
32457
32468
32442
32369
32319
32310
32327
32341
32319
32304
32337
32301
32241
32205
32181
32151
32105
32087
32099
32120
32111
32053
32044
32135
32198
32232
32235
32257
32268
32306
32317
32327
32366
32305
32279
32245
32277
32296
32300
32328
32397
32492
32567
32584
32581
32599
32606
32593
32594
32612
32616
32639
32631
32655
32671
32689
32665
32648
32663
32674
32673
32665
32691
32721
32731
32725
32719
32728
32725
32698
32696
32699
32705
32691
32671
32615
32593
32569
32541
32520
32540
32545
32515
32459
32431
32431
32438
32405
32339
32316
32303
32259
32211
32175
32173
32169
32171
32194
32257
32263
32236
32159
32135
32135
32116
32071
32059
32095
32112
32123
32172
32223
32244
32250
32262
32312
32375
32394
32375
32367
32403
32421
32423
32431
32426
32439
32451
32497
32555
32615
32628
32630
32628
32670
32707
32715
32679
32685
32697
32712
32722
32716
32727
32702
32705
32739
32743
32763
32706
32691
32692
32735
32767
32749
32727
32712
32700
32655
32624
32599
32565
32535
32477
32438
32426
32417
32405
32390
32397
32417
32415
32377
32324
32307
32271
32217
32175
32171
32153
32104
32063
32022
32033
32059
32069
32113
32167
32181
32199
32196
32223
32213
32191
32155
32175
32208
32247
32248
32291
32343
32397
32408
32415
32417
32431
32443
32477
32534
32584
32584
32570
32571
32611
32668
32668
32682
32707
32716
32739
32725
32755
32753
32739
32743
32751
32782
32815
32781
32752
32715
32735
32694
32679
32657
32659
32681
32680
32708
32684
32661
32619
32586
32589
32605
32571
32521
32457
32407
32363
32286
32245
32199
32175
32168
32183
32224
32247
32259
32240
32229
32215
32183
32159
32120
32108
32107
32101
32094
32075
32074
32055
32079
32099
32141
32193
32259
32261
32279
32317
32337
32359
32373
32415
32452
32457
32455
32471
32515
32559
32584
32591
32589
32639
32630
32615
32617
32637
32668
32695
32725
32759
32777
32806
32784
32785
32801
32807
32758
32711
32721
32736
32743
32732
32735
32743
32720
32656
32607
32583
32561
32538
32529
32538
32541
32497
32458
32452
32459
32450
32421
32408
32409
32401
32351
32295
32243
32204
32146
32107
32083
32092
32112
32110
32135
32165
32167
32163
32167
32169
32191
32175
32171
32150
32179
32181
32201
32228
32248
32285
32311
32348
32343
32359
32362
32391
32424
32471
32503
32523
32551
32581
32593
32604
32602
32592
32611
32647
32680
32681
32732
32717
32717
32698
32691
32695
32691
32703
32711
32728
32759
32723
32695
32659
32635
32641
32639
32640
32639
32657
32654
32640
32665
32654
32603
32563
32523
32493
32454
32407
32370
32350
32361
32359
32326
32301
32277
32283
32268
32281
32293
32257
32227
32203
32191
32183
32171
32151
32129
32141
32147
32163
32151
32181
32231
32235
32235
32254
32243
32207
32201
32246
32313
32359
32378
32397
32423
32453
32461
32475
32505
32535
32533
32533
32557
32564
32589
32600
32600
32634
32649
32639
32615
32617
32633
32650
32670
32690
32704
32721
32715
32705
32733
32727
32729
32699
32696
32687
32655
32609
32576
32575
32575
32579
32553
32519
32540
32522
32532
32554
32551
32538
32505
32473
32437
32401
32346
32312
32291
32276
32271
32235
32220
32227
32232
32219
32197
32203
32225
32216
32183
32158
32160
32155
32178
32191
32217
32225
32242
32211
32237
32267
32294
32298
32288
32319
32346
32369
32383
32364
32385
32405
32455
32491
32521
32557
32551
32549
32581
