44275
44265
44279
44255
44290
44277
44273
44255
44258
44229
44261
44260
44276
44249
44265
44239
44212
44256
44291
44330
44261
44247
44279
44248
44246
44251
44231
44265
44263
44245
44261
44239
44249
44245
44257
44301
44282
44295
44291
44268
44274
44287
44304
44303
44289
44280
44295
44262
44259
44283
44585
44344
44336
44318
44267
44261
44248
44262
44291
44295
44294
44296
44273
44250
44248
44251
44265
44267
44276
44277
44251
44277
44253
44253
44275
44265
44279
44287
44251
44261
44230
44237
44281
44254
44331
44377
44317
44270
44278
44263
44279
44251
44255
44277
44250
44276
44269
44256
44283
44278
44275
44287
44285
44295
44280
44275
44287
44261
44267
44263
44254
44262
44279
44290
44283
44277
44313
44411
44283
44272
44285
44378
44266
44266
44272
44231
44244
44245
44279
44321
44299
44296
44315
44273
44251
44267
44282
44266
44279
44281
44281
44226
44247
44247
44252
44265
44262
44281
44265
44252
44228
44225
44283
44328
44285
44285
44304
44292
44277
44282
44263
44303
44303
44325
44313
44297
44295
44276
44275
44299
44282
44279
44293
44277
44289
44251
44251
44255
44275
44275
44272
44241
44240
44241
44281
44299
44303
44313
44491
44251
44248
44244
44262
44279
44281
44278
44261
44255
44253
44267
44307
44272
44273
44318
44287
44283
44285
44253
44288
44279
44272
44302
44245
44266
44263
44277
44282
44307
44285
44311
44315
44321
44307
44273
44279
44288
44297
44276
44237
44252
44253
44255
44279
44273
44282
44263
44252
44234
44239
44235
44274
44273
44274
44279
44253
44240
44254
44247
44267
44281
44276
44279
44261
44296
44291
44621
44276
44287
44297
44269
44280
44269
44268
44298
44290
44263
44276
44247
44237
44231
44273
44305
44288
44307
44313
44286
44257
44249
44265
44279
44278
44279
44275
44249
44255
44254
44279
44353
44352
44311
44303
44287
44273
44268
44247
44270
44263
44285
44282
44232
44252
44263
44281
44279
44307
44303
44276
44260
44250
44255
44241
44271
44270
44279
44270
44255
44241
44261
44371
44317
44334
44336
44395
44254
44251
44265
44266
44296
44307
44312
44267
44230
44247
44254
44283
44283
44278
44295
44280
44287
44271
44287
44293
44278
44287
44302
44268
44258
44281
44267
44275
44257
44284
44313
44260
44259
44224
44249
44283
44277
44263
44284
44246
44248
44247
44250
44289
44283
44283
44277
44235
44254
44269
44260
44301
44294
44292
44268
44253
44268
44238
44257
44272
44265
44317
44463
44295
44275
44263
44319
44294
44304
44308
44296
44285
44272
44279
44295
44300
44297
44262
44247
44251
44241
44239
44300
44285
44286
44303
44283
44255
44255
44250
44279
44290
44299
44313
44244
44259
44265
44273
44351
44367
44337
44290
44259
44273
44253
44254
44282
44281
44275
44274
44241
44244
44259
44267
44279
44287
44283
44278
44244
44251
44252
44251
44276
44272
44303
44269
44263
44265
44267
44339
44331
44331
44327
44439
44243
44236
44259
44280
44277
44279
44281
44256
44259
44258
44269
44287
44295
44283
44287
44267
44247
44241
44253
44280
44271
44265
44277
44259
44246
44259
44267
44289
44266
44275
44327
44289
44289
44262
44254
44275
44284
44281
44278
44247
44254
44255
44274
44303
44303
44295
44303
44270
44263
44285
44279
44295
44301
44318
44310
44280
44284
44307
44274
44290
44287
44261
44275
44250
44269
44257
44620
44272
44271
44271
44249
44243
44234
44251
44276
44270
44290
44287
44251
44247
44256
44241
44275
44291
44283
44290
44257
44274
44255
44251
44301
44289
44290
44290
44263
44262
44268
44299
44366
44371
44313
44307
44272
44288
44278
44259
44285
44278
44273
44255
44239
44252
44238
44259
44273
44269
44261
44278
44246
44242
44250
44259
44265
44277
44269
44250
44228
44220
44270
44462
44347
44339
44329
44275
44278
44267
44271
44295
44321
44286
44311
44271
44247
44241
44269
44270
44274
44287
44283
44239
44267
44258
44247
44279
44286
44277
44276
44257
44273
44263
44276
44293
44280
44339
44355
44287
44247
44268
44283
44284
44275
44273
44294
44261
44263
44265
44259
44307
44288
44280
44291
44270
44263
44260
44274
44281
44295
44289
44265
44242
44240
44258
44247
44253
44300
44287
44573
44258
44263
44247
44272
44270
44277
44267
44263
44251
44249
44244
44273
44269
44266
44289
44261
44243
44265
44281
44293
44309
44315
44315
44259
44265
44262
44261
44277
44299
44271
44290
44261
44252
44271
44308
44351
44296
44291
44322
44276
44257
44256
44261
44270
44263
44267
44263
44247
44247
44251
44249
44294
44291
44296
44276
44255
44239
44232
44246
44271
44263
44277
44275
44267
44270
44289
44640
44349
44337
44307
44269
44279
44255
44254
44288
44301
44293
44283
44255
44272
44247
44247
44287
44285
44282
44283
44259
44262
44261
44259
44277
44267
44279
44271
44230
44251
44248
44253
44277
44315
44363
44358
44301
44281
44283
44286
44283
44267
44257
44278
44245
44231
44247
44247
44263
44273
44293
44269
44263
44262
44263
44259
44288
44299
44295
44295
44261
44225
44230
44243
44265
44285
44314
44609
44276
44270
44263
44275
44284
44302
44313
44277
44279
44267
44261
44267
44269
44259
44267
44263
44263
44263
44285
44292
44281
44277
44295
44256
44239
44245
44261
44252
44272
44263
44269
44225
44230
44267
44285
44339
44281
44263
44297
44263
44253
44239
44260
44294
44277
44285
44285
44257
44272
44274
44277
44299
44295
44297
44295
44266
44273
44271
44273
44307
44300
44299
44297
44263
44278
44281
44748
44338
44271
44280
44229
44251
44255
44246
44272
44269
44285
44286
44239
44247
44247
44226
44259
44244
44272
44265
44251
44277
44264
44264
44287
44273
44258
44273
44263
44258
44259
44255
44279
44309
44387
44355
44295
44286
44293
44275
44287
44271
44248
44279
44257
44252
44261
44286
44300
44281
44284
44277
44253
44271
44277
44287
44281
44259
44276
44269
44254
44241
44255
44253
44279
44322
44311
44615
44300
44274
44277
44277
44277
44263
44273
44233
44231
44263
44265
44279
44275
44278
44279
44257
44261
44263
44245
44281
44271
44266
44287
44260
44258
44247
44272
44277
44261
44279
44287
44268
44239
44253
44303
44333
44311
44289
44296
44281
44279
44256
44265
44283
44281
44281
44309
44291
44254
44270
44277
44294
44295
44311
44299
44266
44283
44283
44275
44279
44294
44279
44267
44246
44233
44263
44509
44324
44311
44298
44252
44258
44249
44257
44268
44262
44270
44279
44245
44244
44250
44251
44268
44277
44265
44287
44251
44249
44263
44265
44291
44296
44282
44271
44266
44263
44255
44274
44301
44307
44304
44370
44315
44295
44271
44281
44313
44295
44271
44266
44239
44254
44243
44215
44272
44276
44270
44276
44261
44247
44251
44271
44285
44272
44286
44292
44237
44265
44259
44260
44285
44297
44326
44540
44303
44286
44265
44283
44282
44279
44271
44273
44259
44253
44244
44273
44263
44269
44279
44245
44248
44253
44256
44278
44296
44277
44285
44260
44267
44267
44251
44283
44278
44263
44297
44251
44262
44255
44295
44330
44263
44291
44296
44269
44229
44253
44271
44271
44289
44291
44280
44274
44277
44254
44267
44303
44306
44303
44291
44279
44256
44277
44255
44286
44265
44287
44268
44240
44274
44267
44711
44310
44277
44277
44229
44268
44245
44256
44289
44275
44263
44264
44257
44264
44258
44265
44281
44282
44300
44293
44253
44267
44262
44269
44263
44268
44271
44264
44267
44261
44277
44255
44294
44348
44337
44292
44255
44249
44251
44247
44264
44271
44282
44272
44251
44252
44259
44256
44279
44273
44282
44263
44241
44259
44251
44263
44301
44295
44283
44301
44271
44262
44274
44311
44316
44323
44367
44613
44262
44276
44279
44273
44293
44291
44280
44255
44255
44263
44244
44271
44261
44260
44287
44255
44267
44245
44259
44289
44263
44276
44265
44231
44247
44249
44247
44262
44289
44250
44288
44272
44285
44256
44253
44305
44285
44273
44274
44249
44239
44265
44271
44295
44291
44293
44297
44255
44268
44279
44272
44295
44285
44295
44275
44272
44263
44255
44271
44296
44291
44310
44349
44283
44269
44281
44501
44271
44279
44303
44259
44262
44263
44273
44265
44275
44271
44283
44251
44259
44271
44262
44286
44275
44279
44286
44271
44261
44260
44277
44272
44276
44271
44285
44241
44244
44249
44238
44317
44352
44327
44271
44269
44274
44253
44258
44279
44299
44288
44285
44270
44248
44279
44274
44284
44306
44279
44291
44261
44287
44279
44273
44296
44305
44297
44299
44277
44263
44257
44447
44342
44329
44311
44297
44240
44235
44259
44283
44281
44295
44299
44245
44242
44257
44231
44261
44279
44275
44267
44251
44247
44249
44255
44275
44295
44269
44307
44245
44255
44267
44257
44269
44277
44330
44353
44279
44263
44266
44267
44288
44279
44295
44285
44255
44243
44246
44253
44277
44264
44286
44295
44254
44258
44265
44260
44283
44291
44301
44291
44257
44252
44256
44279
44315
44311
44343
44695
44271
44268
44257
44296
44307
44279
44311
44279
44273
44262
44279
44295
44286
44289
44290
44253
44262
44274
44261
44279
44288
44287
44283
44269
44275
44247
44258
44279
44267
44271
44267
44267
44278
44277
44243
44263
44290
44285
44281
44244
44279
44266
44266
44289
44293
44279
44266
44259
44248
44250
44247
44280
44271
44293
44279
44269
44271
44270
44272
44279
44289
44295
44301
44261
44295
44273
44570
44253
44265
44270
44249
44260
44249
44261
44275
44278
44265
44289
44251
44243
44265
44272
44289
44271
44295
44287
44267
44265
44278
44266
44291
44303
44299
44305
44287
44278
44249
44313
44352
44348
44281
44289
44284
44263
44270
44265
44265
44297
44271
44279
44223
44238
44223
44228
44262
44253
44246
44262
44234
44231
44237
44253
44275
44253
44279
44269
44229
44248
44267
44273
44325
44329
44353
44522
44265
44259
44284
44307
44306
44300
44309
44279
44285
44266
44282
44303
44299
44285
44300
44272
44255
44266
44267
44289
44270
44275
44277
44239
44252
44255
44252
44292
44258
44256
44317
44291
44261
44229
44240
44263
44245
44243
44248
44240
44231
44239
44253
44271
44281
44285
44267
44237
44243
44248
44259
44284
44295
44284
44301
44275
44253
44267
44289
44302
44277
44323
44478
44299
44301
44293
44307
44303
44305
44311
44264
44269
44282
44257
44287
44283
44286
44288
44261
44268
44255
44275
44295
44278
44265
44273
44259
44262
44256
44265
44265
44281
44280
44286
44258
44259
44284
44297
44345
44300
44255
44266
44227
44215
44196
44215
44243
44245
44247
44277
44255
44261
44269
44271
44281
44283
44281
44266
44243
44253
44255
44257
44306
44285
44273
44281
44255
44239
44260
44383
44328
44323
44342
44378
44257
44277
44272
44279
44297
44295
44295
44252
44263
44261
44277
44287
44283
44268
44284
44252
44253
44241
44257
44275
44265
44252
44288
44265
44255
44275
44271
44293
44287
44317
44362
44291
44273
44260
44255
44299
44279
44261
44286
44265
44263
44247
44261
44289
44269
44286
44260
44227
44221
44252
44249
44279
44257
44286
44262
44259
44251
44241
44240
44267
44293
44294
44612
44277
44248
44238
44285
44293
44278
44305
44272
44263
44277
44277
44296
44296
44306
44311
44285
44290
44279
44256
44293
44282
44281
44279
44263
44268
44259
44263
44301
44275
44287
44301
44257
44297
44303
44311
44279
44295
44283
44271
44247
44255
44241
44231
44275
44273
44279
44291
44265
44249
44250
44253
44261
44265
44273
44271
44225
44249
44261
44267
44279
44304
44303
44307
44298
44283
44301
44773
44303
44265
44274
44244
44240
44246
44248
44276
44263
44263
44277
44257
44247
44258
44254
44265
44267
44278
44279
44256
44262
44255
44251
44268
44289
44286
44309
44292
44287
44282
44311
44387
44375
44333
44305
44293
44286
44302
44294
44300
44321
44329
44313
44293
44283
44267
44253
44292
44271
44266
44269
44245
44229
44241
44245
44261
44237
44236
44241
44203
44195
44218
44327
44262
44277
44273
44311
44228
44238
44239
44275
44305
44294
44313
44283
44263
44259
44263
44287
44265
44287
44295
44266
44280
44290
44309
44311
44319
44317
44311
44299
44322
44319
44301
44332
44315
44335
44390
44311
44281
44236
44255
44261
44250
44265
44261
44229
44243
44255
44271
44289
44287
44303
44292
44276
44265
44257
44259
44275
44250
44264
44231
44220
44204
44217
44218
44233
44253
44306
44523
44288
44291
44267
44292
44295
44294
44303
44253
44258
44245
44247
44269
44254
44243
44257
44219
44219
44214
44225
44254
44268
44289
44298
44263
44271
44261
44272
44276
44307
44291
44301
44282
44284
44335
44321
44351
44310
44313
44331
44303
44294
44287
44313
44334
44312
44325
44304
44255
44247
44251
44239
44255
44251
44259
44245
44214
44227
44211
44231
44278
44268
44260
44267
44252
44241
44278
44476
44326
44309
44298
44320
44223
44243
44254
44247
44261
44247
44255
44217
44247
44249
44265
44303
44309
44321
44327
44315
44291
44284
44241
44282
44247
44245
44269
44227
44223
44245
44251
44282
44299
44309
44359
44355
44361
44311
44315
44327
44317
44288
44280
44234
44233
44227
44228
44247
44240
44257
44247
44245
44264
44261
44253
44297
44273
44285
44264
44270
44275
44277
44280
44317
44311
44319
44353
44293
44279
44249
44456
44225
44215
44256
44234
44221
44241
44248
44253
44265
44271
44287
44254
44277
44278
44265
44276
44285
44265
44277
44239
44223
44207
44207
44226
44224
44274
44257
44264
44269
44277
44321
44378
44361
44311
44305
44286
44271
44268
44276
44297
44284
44299
44329
44309
44261
44275
44287
44290
44277
44320
44331
44279
44248
44241
44229
44254
44247
44255
44254
44241
44262
44253
44675
44312
44296
44297
44277
44291
44284
44292
44305
44303
44278
44257
44210
44208
44207
44233
44237
44283
44267
44284
44263
44254
44264
44281
44319
44311
44307
44317
44305
44278
44279
44265
44317
44340
44334
44269
44214
44194
44215
44211
44240
44266
44279
44283
44297
44313
44327
44335
44353
44341
44325
44319
44292
44258
44269
44263
44263
44240
44253
44251
44237
44256
44260
44327
44355
44384
44369
44493
44265
44282
44262
44294
44283
44263
44281
44248
44227
44207
44215
44237
44215
44229
44254
44228
44260
44272
44279
44294
44284
44302
44278
44257
44251
44254
44259
44283
44303
44253
44319
44316
44293
44280
44277
44308
44295
44310
44299
44255
44259
44255
44251
44289
44290
44283
44275
44268
44251
44253
44242
44259
44253
44303
44287
44279
44251
44287
44276
44269
44264
44316
44464
44293
44289
44283
44275
44263
44251
44253
44271
44283
44283
44315
44347
44321
44299
44285
44215
44235
44235
44262
44281
44279
44268
44255
44235
44219
44209
44215
44214
44253
44324
44297
44307
44318
44345
44363
44348
44327
44358
44359
44286
44248
44242
44295
44284
44230
44247
44265
44224
44231
44215
44220
44237
44231
44273
44291
44313
44282
44251
44287
44354
44315
44301
44387
44185
44221
44243
44207
44236
44265
44309
44245
44271
44220
44233
44269
44279
44327
44375
44270
44341
44268
44269
44279
44290
44255
44312
44279
44280
44239
44233
44263
44329
44296
44273
44336
44393
44330
44319
44224
44281
44271
44278
44231
44253
44247
44289
44351
44385
44287
44195
44123
44131
44239
44282
44263
44303
44295
44310
44217
44217
44228
44190
44285
44249
44324
44399
44231
44330
44241
44236
44263
44317
44174
44275
44254
44191
44249
44282
44283
44324
44316
44341
44281
44311
44282
44279
44314
44263
44311
44285
44274
44342
44391
44353
44326
44329
44271
44215
44276
44331
44323
44253
44140
44282
44263
44255
44187
44231
44157
44207
44293
44239
44318
44289
44238
44303
44354
44343
44311
44319
44329
44217
44268
44207
44229
44264
44169
44175
44185
44205
44249
44311
44775
44305
44265
44247
44252
44303
44342
44239
44267
44248
44191
44311
44336
44295
44276
44233
44211
44279
44270
44301
44263
44247
44249
44300
44370
44299
44379
44362
44290
44289
44343
44263
44425
44329
44204
44233
44313
44135
44294
44221
44261
44226
44287
44307
44279
44267
44343
44343
44247
44199
44379
44207
44295
44263
44279
44327
44234
44150
44323
44319
44301
44206
44183
44785
44391
44295
44429
44265
44224
44310
44310
44261
44220
44225
44271
44239
44355
44419
44222
44270
44297
44265
44241
44129
44135
44177
44287
44285
44250
44285
44237
44141
44250
44268
44213
44367
44335
44306
44429
44335
44393
44162
44333
44245
44243
44245
44314
44243
44350
44291
44295
44226
44199
44215
44222
44067
44391
44357
44215
44234
44247
44217
44199
44251
44239
44296
44559
44405
44443
44407
44371
44282
44369
44319
44376
44237
44129
44183
44201
44285
44232
44327
44371
44410
44199
44311
44201
44413
44357
44301
44439
44257
44198
44212
44253
44007
44248
44235
44286
44375
44329
44327
44263
44231
44111
44327
44143
44385
44393
44359
44249
44286
44259
44238
44246
44161
44239
44433
44355
44299
44414
44305
44017
44359
44314
44389
44215
44106
44228
44379
44264
44529
44409
44224
44091
44205
44172
44351
44409
44432
44170
44217
44380
44291
44380
44272
44257
44128
44078
44426
44394
44247
44408
44447
44226
44177
44349
44289
44187
44175
44142
44231
44443
44184
44335
44085
44129
44190
44249
44301
44421
44295
44156
44339
44267
44231
44311
44397
44327
44399
44289
44215
44231
44291
44202
44313
44239
44449
44452
44318
44329
44347
44649
44262
43991
44378
44247
44181
44234
43957
44219
44395
44290
44357
44390
44234
44385
44365
44409
44231
44107
44204
44252
44289
44275
44327
44231
44233
44323
44055
44022
44138
44230
44019
44371
44558
44490
44419
44475
44234
44251
44320
44169
44073
44165
44374
44262
44221
44127
44301
44333
44317
44237
44315
44231
44419
44483
44096
44209
44333
44307
44366
44211
44471
44397
44922
44309
44120
44064
44012
44128
44155
44207
44379
44497
44340
44277
44300
44343
44079
44171
44016
44358
44197
44352
44455
44397
44166
44480
44207
44276
43873
44197
44303
44509
44256
44415
44205
44206
44447
44323
44031
44177
44399
44367
44223
44416
44247
44414
44159
44267
44206
44303
44254
44502
44160
44149
44142
44315
44230
44150
44100
43997
44251
44288
44463
44392
44575
44820
44343
44487
44314
44253
44295
44049
44185
44307
44188
44207
43937
43961
44054
44147
44019
44165
44183
44434
44497
44287
43993
44210
44360
44415
44307
44327
44240
44513
44497
44581
44209
44433
44182
44321
44191
44002
44251
44220
44340
44336
44167
44233
44423
44192
44207
44427
44628
44418
44363
44151
44324
44113
43984
43955
44101
44377
44245
44311
44259
44304
44327
44691
44599
44615
44330
44411
44217
44109
44083
44263
44455
44323
44347
44389
44264
44455
44609
44337
44111
44185
43867
43935
43895
44171
44129
44462
44627
44479
44379
44501
44049
43993
43979
44127
44117
44444
44522
44359
44464
44279
44209
44144
44132
44197
44127
44045
44138
44186
44091
44318
44312
44454
44322
44502
44588
44595
44359
44423
44235
44152
44197
44173
44590
44493
44446
44596
44384
44087
43872
43907
44106
44529
44552
44613
44294
44274
44317
44226
44150
44439
44432
44523
44495
44286
44279
44031
44023
44017
43963
44069
44069
44185
44513
44347
44374
44291
44175
44205
44277
44393
44266
44317
44253
44445
44243
44191
44279
44229
44295
44364
44366
44278
44318
44293
44263
44207
44136
44061
44239
44317
44361
44543
44293
44307
44220
44423
43949
44302
44616
44113
44390
44495
44407
44270
44227
44059
44234
44424
44424
44291
44296
44050
44170
44239
44260
44235
44296
44155
44044
44524
44573
44355
44280
44153
44208
44261
44408
44404
44290
44265
44199
44445
44609
44535
44379
44303
44135
44199
44105
44276
44357
44355
44363
44348
44345
43995
44189
44071
44093
44001
44456
44136
44276
43962
43997
44007
44079
44288
44503
44371
44380
44356
44262
44212
44230
44494
44177
44242
44573
44610
44318
44297
44409
44283
44228
44319
44444
44443
44397
44340
44328
44401
44326
44095
44038
44129
44204
44385
44503
44419
44228
44207
43826
43963
44166
44443
44395
44410
44453
44303
44205
44135
43898
43931
44009
44279
44581
44628
44459
44255
44215
44254
44233
44237
44228
44082
44269
44307
44387
44389
44290
44143
44262
44222
44287
44328
44279
44374
44283
44329
44238
44151
44545
44393
44348
44348
44213
44221
44307
44369
44160
44065
44111
44101
44109
44227
44218
44229
44329
44479
44316
44153
44227
43792
43961
44039
44567
44463
44676
44391
44278
44180
44228
44381
44439
44483
44153
44554
44596
44507
44129
44237
44001
44339
44431
44723
44677
44589
44425
44090
44147
44053
44319
44327
44197
44129
44319
44245
44246
44107
43805
43785
43765
44004
44357
44647
44398
44293
44447
44267
44338
44467
44140
44284
44286
44375
44385
44733
44627
44520
44113
44097
44055
44286
44137
44099
44051
44153
44147
44447
44373
44223
44140
44066
44255
44439
44375
44349
44204
44334
44224
44239
44506
44392
44513
44399
44239
44119
43960
44060
43991
44056
44313
44565
44517
44797
44507
44279
43969
44060
44377
44384
44438
44367
44214
44313
44507
44623
44450
43953
43991
44058
44751
44343
44454
44138
44287
44054
44384
44151
44233
44046
44324
44233
44219
44423
44517
44261
44158
44221
44147
44337
44437
44797
44468
44419
44011
43917
44079
44185
44253
44307
44332
44476
44629
44501
44479
44176
44024
44111
44252
44516
44457
44320
44273
44261
44246
44376
44218
44195
44391
44436
44599
44576
44473
44314
44307
43998
44243
44201
44395
44555
44695
44517
44325
44226
44117
44292
44321
44491
44495
44417
44203
44329
44077
44098
44327
44366
44210
44056
44193
44387
44387
44359
44174
44037
44209
44236
44368
44311
44295
44243
44343
44111
44395
44203
44227
44125
44361
44270
44384
44423
44159
44151
44161
44266
44375
44561
44615
44235
44319
44323
44387
44317
44340
44412
44436
44426
44348
44449
44397
44059
44055
44195
44145
44411
44531
44302
44281
44135
44385
44335
44766
44535
44611
44276
44405
44407
44255
44035
44121
44186
43971
43949
44055
44031
43811
44137
44250
44140
44179
44599
44543
44319
44139
44003
44096
44195
44562
44643
44419
44360
44355
44353
44599
44378
44376
44381
44625
44628
44471
44183
44287
43661
43929
44051
44439
44601
44541
44375
44142
44219
43785
44096
44141
44437
44193
44336
44105
43973
43966
43975
44041
44183
44399
44567
44675
44340
44070
44062
44127
44229
44644
44790
44715
44580
44359
44133
44192
44005
44059
44071
44355
44701
44859
44901
44638
44308
44173
43739
43820
44362
44584
44543
44321
44131
43891
43949
44151
44295
44567
44489
44369
43879
44061
43905
43931
44175
44550
44412
44495
44409
44423
44164
44187
44295
44279
44376
44461
44411
44171
44276
44398
44366
44312
44478
44359
44049
44267
44247
44215
44159
44731
44330
44377
44329
44183
44193
44001
44035
44007
44415
44479
44397
44565
44423
44177
43920
43889
43775
44137
44278
44617
44669
44574
44247
44112
44078
44167
44215
44206
44468
44695
44791
44863
44496
44135
44135
44208
44490
44733
44940
44785
44488
44159
44119
44152
44088
44175
44276
44351
44213
44128
44007
43885
44015
44239
44203
44146
44025
44211
44103
44067
44072
44243
44439
44636
44502
44472
44050
44066
44098
44209
44543
44483
44449
44206
44436
44722
44864
44728
44364
43987
44079
44319
44319
44390
44445
44317
44333
44335
44231
44143
44197
44290
44534
44391
44290
44131
44094
44105
44084
44065
44031
44132
44034
44204
44366
44358
44299
44359
44251
44142
43977
44001
43969
44343
44561
44713
44606
44641
44258
44297
44261
44303
44433
44289
44321
44431
44413
44261
44230
44779
44199
44263
44179
44340
44336
44472
44418
44495
44459
44407
44277
44023
44315
44466
44233
44417
44203
44181
44159
44171
44218
44115
44226
44365
44423
44319
44133
44150
44166
44283
44354
44392
44264
44397
44343
44346
44415
44282
44035
44223
44375
44480
44263
44295
44312
44315
44344
44292
44194
43967
44110
44326
44432
44491
44437
44403
44207
44087
44096
44163
44245
44358
44624
44505
44418
44271
44254
44188
44315
44388
44640
44447
44285
44220
44162
44231
44329
44243
44451
44462
44526
44454
44255
44101
44031
44085
44039
44241
44399
44492
44283
44339
44167
44108
43983
44004
44115
44223
44391
44418
44183
44067
44156
44065
44045
44117
44252
44472
44484
44419
44376
44350
44415
44195
44215
44463
44473
44480
44399
44349
44311
44197
44277
44279
44384
44521
44523
44413
44398
44607
44346
44366
44351
44301
44264
44443
44411
44398
44275
44205
44141
44095
44223
44277
44304
44129
44093
44184
44193
44206
44197
44130
44268
44188
44209
44229
44236
44173
44292
44337
44527
44407
44303
44447
44493
44399
44243
44096
44236
43975
44206
44196
44385
44347
44291
44355
44269
44301
44276
44502
44445
44439
44278
44372
44247
44199
44189
44094
44180
44354
44240
44027
44115
44140
44203
44071
44744
44369
44303
44401
44203
44017
44195
44327
44274
44324
44379
44316
44359
44483
44423
44420
44450
44249
44263
44168
44191
44148
44509
44626
44147
44171
44079
44023
44225
44299
44215
44227
44347
44318
44044
44026
44055
44229
44115
44129
44146
44295
44377
44393
44185
44055
44243
44382
44366
44314
44482
44372
44379
44145
44257
44238
44219
44245
44375
44463
44453
44505
44497
44347
44311
44374
44411
44683
44453
44231
44247
44403
44483
44159
44181
44165
44271
44248
44132
44209
44173
44179
44034
44135
44155
44244
44283
44397
44243
44316
44348
44232
44127
44031
44282
44439
44394
44381
44334
44179
44273
44251
44202
44082
44109
44079
44159
44050
44192
44224
44385
44183
44239
44269
44279
44118
44182
44195
44215
44604
44492
44345
44302
44429
44245
44249
44255
44429
44295
44377
44375
44255
44209
44314
44583
44433
44446
44467
44361
44383
44419
44339
44197
44164
44321
44287
44333
44201
44351
44335
44214
44142
44103
43947
43951
43963
44073
44115
44217
44309
44320
44111
44168
44055
44122
44320
44395
44349
44416
44293
44391
44379
44455
44377
44379
44326
44334
44339
44341
44333
44292
44351
44397
44442
44311
44264
44267
44359
44383
44407
44389
44286
44327
44263
44252
44255
44351
44677
44412
44420
44432
44277
44210
44160
44287
44453
44483
44478
44414
44193
44193
44147
44167
44361
44321
44262
44193
44215
44170
44162
44256
44246
44185
44128
44215
44029
44251
44099
44167
44241
44355
44325
44247
44206
44207
44181
44164
44332
44312
44353
44389
44198
44181
44187
44352
44423
44423
44239
44385
44311
44438
44361
44500
44457
44329
44336
44356
44387
44383
44311
44306
44320
44295
44323
44431
44130
44114
44243
44221
44235
44247
44309
44202
44160
44223
44215
44273
44299
44417
44421
44309
44359
44411
44295
44295
44145
44167
44059
44099
44162
44277
44183
44195
44329
44357
44311
44260
44223
44237
44147
44237
44319
44165
44235
44323
44351
44295
44127
44361
44353
44333
44146
44245
44258
44168
44387
44377
44456
44426
44531
44397
44428
44381
44457
44415
44460
44456
44451
44381
44286
44315
44383
44344
44307
44327
44077
44109
44163
44189
44148
44161
44219
44299
44179
44071
44217
44092
44051
44078
44102
44179
44156
44126
44242
44347
44247
44250
44253
44143
44351
44485
44471
44425
44186
44167
44343
44349
44387
44203
44259
44374
44429
44531
44423
44243
44212
44324
44307
44245
44308
44378
44360
44354
44173
44193
44143
44282
44304
44292
44220
44219
44087
43985
44061
44236
44455
44427
44277
44237
44293
44381
44473
44462
44369
44311
44259
44175
44145
44055
44077
44103
44151
44206
44260
44193
44271
44443
44439
44263
44313
44297
44222
44273
44228
44295
44209
44253
44308
44201
44193
44081
44098
44257
44447
44393
44151
44161
44121
44306
44386
44423
44417
44457
44467
44395
44315
44309
44360
44367
44401
44343
44302
44311
44295
44399
44496
44320
44316
44297
44304
44390
44525
44175
44041
44198
44267
44289
44195
44210
44200
44156
44151
44128
44283
44233
44205
44114
44062
44082
44207
44235
44211
44286
44285
44179
44129
44178
44319
44359
44409
44373
44339
44417
44253
44279
44297
44231
44259
44376
44389
44321
44239
44407
44331
44240
44331
44351
44235
44236
44352
44305
44383
44356
44399
44048
44059
44052
44222
44102
44175
44181
44254
44138
44024
44429
44106
44117
44224
44263
44275
44214
44401
44312
44202
44128
44131
44098
44327
44500
44331
44203
44175
44267
44331
44319
44256
44305
44399
44278
44353
44407
44373
44311
44391
44347
44227
44273
44327
44376
44407
44423
44427
44435
44261
44181
44059
44132
44253
44217
44247
44247
44230
44132
44206
44059
44227
44298
44253
44025
44080
44122
44120
44278
44365
44311
44341
44429
44519
44510
44487
44455
44935
44399
44474
44501
44415
44355
44391
44369
44439
44407
44365
44323
44349
44336
44316
44377
44427
44277
44269
44211
44176
44212
44151
44056
44206
44170
44161
44119
44031
44088
43989
44029
44061
44225
44027
44119
44199
44070
44083
44181
44391
44320
44467
44436
44467
44406
44514
44480
44365
44404
44414
44391
44213
44424
44539
44495
44502
44455
44360
44383
44365
44415
44417
44409
44384
44397
44314
44451
44151
44088
44064
44239
44369
44336
44224
44204
44312
44205
44103
44004
44228
44202
44396
44387
44355
44108
44178
44216
44224
44191
44157
44303
44305
44346
44255
44237
44156
44337
44502
44359
44241
44211
44345
44285
44345
44287
44333
44344
44359
44319
44407
44323
44245
44283
44305
44241
44095
44103
44265
44319
44323
44411
44225
44211
44353
44438
44391
44327
44409
44406
44757
44394
44243
44277
44123
44191
44243
44243
44199
44255
44188
44268
44425
44223
44199
44171
44321
44289
44267
44111
44106
44167
44239
44113
44163
44302
44176
44147
44211
44303
44231
44202
44303
44290
44236
44103
44227
44138
44176
44333
44278
44199
44172
44215
44277
44263
44240
44279
44221
44183
44247
44398
44257
44205
44271
44306
44294
44313
44394
44211
44246
44292
44391
44464
44284
44243
44291
44295
44230
44377
44405
44363
44402
44401
44338
44327
44381
44457
44395
44361
44237
44193
44141
44312
44296
44359
44275
44178
44168
44204
44122
44115
44191
44243
44205
44252
44290
44243
44277
44336
44248
44333
44278
44195
44253
44237
44305
44309
44317
44270
44279
44348
44311
44296
44341
44423
44378
44373
44369
44399
44427
44301
44239
44221
44217
44170
44151
44143
44165
44241
44718
44191
44124
44251
44218
44117
44128
44211
44248
44362
44365
44426
44343
44424
44231
44324
44402
44415
44337
44376
44178
44100
44077
44095
44260
44293
44185
44252
44301
44353
44351
44252
44397
44494
44385
44316
44181
44219
44175
44245
44243
44129
44115
44169
44119
44183
44161
44197
44311
44337
44367
44403
44309
44279
44359
44343
44354
44284
44281
44295
44247
44402
44307
44355
44272
44320
44247
44309
44143
44205
44227
44154
44248
44214
44212
44087
44213
44227
44306
44313
44358
44297
44315
44343
44367
44320
44277
44341
44417
44341
44351
44311
44298
44367
44406
44419
44436
44375
44379
44309
44406
44408
44459
44370
44286
44150
44077
44085
44085
44119
44153
44203
44157
44159
44139
44132
44129
44262
44190
44247
44169
44192
44227
44349
44339
44037
44149
44271
44432
44527
44693
44412
44350
44386
44325
44322
44439
44513
44414
44381
44372
44308
44204
44226
44263
44395
44322
44387
44313
44330
44201
44229
44265
44245
44149
44398
44318
44128
44149
44205
44235
44333
44291
44219
44140
44155
44263
44305
44204
44120
44159
44181
44261
44308
44448
44407
44354
44351
44413
44427
44461
44515
44428
44385
44390
44443
44404
44449
44327
44241
44108
44203
44224
44132
44168
44121
44322
44786
44246
44173
44255
44202
44205
44090
44169
44210
44235
44167
44191
44245
44175
44161
44201
44268
44275
44231
44328
44263
44357
44313
44313
44333
44384
44382
44445
44389
44351
44385
44311
44397
44458
44482
44410
44335
44154
44377
44304
44261
44282
44331
44217
44163
44151
44171
44166
44219
44267
44192
44225
44215
44227
44176
44217
44287
44256
44151
44258
44177
44229
44262
44289
44268
44242
44293
44694
44237
44232
44227
44263
44309
44256
44261
44201
44173
44179
44231
44299
44293
44316
44325
44305
44274
44307
44339
44357
44358
44350
44319
44310
44324
44294
44225
44244
44255
44168
44221
44291
44265
44211
44160
44230
44191
44232
44252
44240
44141
44222
44255
44271
44274
44245
44189
44158
44223
44220
44245
44299
44367
44344
44378
44330
44329
44387
44407
44311
44310
44365
44579
44338
44276
44248
44264
44319
44253
44249
44211
44261
44257
44244
44275
44303
44299
44195
44132
44154
44131
44143
44191
44206
44179
44297
44320
44329
44205
44284
44263
44293
44257
44311
44354
44332
44347
44352
44415
44325
44352
44391
44390
44305
44284
44231
44237
44255
44265
44245
44151
44243
44285
44177
44200
44284
44285
44255
44250
44293
44226
44295
44337
44287
44275
44529
44132
44109
44105
44226
44255
44243
44385
44261
44180
44157
44122
44209
44261
44318
44393
44406
44345
44294
44371
44366
44417
44325
44335
44249
44225
44251
44241
44248
44310
44264
44289
44289
44243
44239
44256
44273
44239
44211
44165
44187
44199
44213
44224
44321
44335
44369
44330
44263
44201
44268
44309
44296
44269
44258
44245
44211
44231
44236
44284
44351
44347
44361
44750
44367
44320
44314
44349
44290
44266
44273
44291
44289
44320
44271
44297
44245
44233
44173
44197
44211
44225
44218
44215
44221
44235
44254
44253
44289
44313
44324
44233
44163
44230
44243
44249
44175
44169
44170
44239
44154
44199
44245
44233
44312
44324
44367
44331
44398
44404
44469
44474
44465
44398
44328
44368
44380
44339
44251
44184
44167
44161
44157
44159
44073
44199
44621
44186
44202
44240
44273
44222
44248
44281
44305
44317
44235
44277
44296
44314
44231
44273
44233
44247
44257
44294
44301
44286
44413
44353
44303
44282
44199
44395
44373
44391
44233
44295
44247
44297
44339
44403
44334
44267
44235
44256
44283
44270
44211
44138
44140
44140
44221
44265
44314
44321
44323
44356
44415
44423
44434
44413
44399
44384
44373
44361
44361
44351
44323
44709
44400
44352
44317
44327
44292
44289
44321
44288
44216
44218
44155
44163
44101
44091
44080
44142
44233
44261
44251
44273
44295
44303
44377
44337
44303
44280
44265
44301
44331
44379
44477
44336
44307
44217
44225
44193
44226
44239
44273
44289
44339
44327
44267
44277
44285
44323
44316
44301
44245
44207
44202
44245
44247
44240
44193
44211
44275
44273
44181
44209
44269
44260
44591
44231
44218
44279
44321
44377
44368
44408
44370
44387
44367
44346
44375
44303
44221
44151
44116
44061
44003
44016
44092
44207
44205
44239
44204
44251
44255
44348
44361
44359
44346
44315
44301
44349
44335
44305
44324
44298
44262
44263
44226
44242
44301
44287
44258
44251
44266
44223
44137
44179
44192
44235
44279
44335
44361
44377
44377
44347
44307
44251
44304
44273
44291
44539
44285
44315
44310
44317
44347
44332
44347
44313
44287
44274
44283
44291
44303
44286
44279
44269
44271
44249
44259
44237
44193
44183
44204
44153
44177
44145
44151
44203
44231
44225
44229
44299
44255
44279
44307
44384
44335
44341
44277
44219
44208
44208
44214
44178
44219
44275
44287
44273
44319
44315
44314
44308
44285
44261
44213
44154
44319
44335
44188
44170
44206
44257
44495
44309
44322
44297
44313
44296
44302
44252
44222
44204
44231
44229
44274
44311
44288
44292
44327
44367
44335
44339
44375
44370
44372
44364
44287
44258
44271
44273
44318
44315
44291
44267
44245
44294
44305
44248
44273
44267
44240
44226
44200
44212
44181
44199
44237
44217
44176
44204
44207
44232
44261
44305
44345
44381
44396
44410
44407
44385
44346
44315
44297
44283
44260
44448
44180
44168
44173
44214
44260
44279
44337
44355
44374
44406
44414
44414
44361
44351
44288
44168
44134
44117
44097
44130
44156
44246
44235
44237
44252
44240
44244
44263
44240
44226
44247
44246
44283
44311
44307
44303
44300
44325
44335
44313
44306
44294
44271
44269
44253
44279
44248
44204
44199
44182
44193
44255
44247
44283
44275
44275
44281
44317
44290
44267
44246
44257
44270
44255
44295
44297
44543
44305
44289
44272
44247
44229
44231
44229
44219
44233
44244
44266
44254
44258
44248
44279
44278
44280
44314
44362
44339
44356
44337
44342
44303
44302
44256
44249
44205
44263
44312
44327
44286
44268
44287
44247
44225
44219
44245
44236
44235
44260
44279
44320
44352
44427
44451
44385
44381
44331
44311
44263
44213
44169
44107
44100
44115
44109
44150
44240
44212
44289
44347
44475
44310
44319
44333
44313
44343
44341
44317
44305
44305
44255
44227
44213
44253
44261
44279
44294
44315
44325
44357
44287
44204
44210
44228
44325
44373
44351
44271
44195
44229
44281
44299
44309
44304
44255
44200
44134
44127
44129
44169
44247
44294
44391
44409
44353
44336
44343
44327
44331
44371
44358
44320
44296
44303
44267
44253
44287
44255
44277
44343
44191
44181
44155
44271
44253
44277
44286
44258
44232
44246
44263
44295
44302
44320
44331
44327
44330
44306
44295
44335
44337
44310
44349
44442
44327
44305
44312
44285
44293
44264
44255
44195
44145
44191
44185
44199
44194
44287
44295
44251
44264
44247
44211
44230
44219
44199
44219
44238
44237
44260
44274
44301
44289
44311
44303
44295
44307
44327
44334
44349
44317
44306
44321
44291
44333
44285
44400
44320
44314
44310
44308
44284
44276
44245
44219
44175
44188
44219
44189
44197
44217
44194
44235
44222
44266
44269
44260
44261
44272
44260
44304
44285
44297
44265
44267
44319
44335
44362
44395
44376
44346
44287
44215
44176
44146
44157
44176
44205
44223
44215
44189
44220
44228
44243
44287
44302
44283
44278
44252
44215
44230
44248
44286
44296
44335
44673
44287
44305
44319
44347
44301
44279
44289
44253
44263
44257
44238
44255
44257
44231
44230
44250
44263
44279
44310
44330
44305
44295
44298
44255
44216
44215
44219
44237
44247
44253
44324
44291
44292
44264
44264
44317
44317
44287
44264
44215
44214
44221
44217
44242
44249
44295
44298
44294
44296
44321
44298
44291
44265
44284
44259
44212
44243
44252
44285
44352
44369
44391
44663
44335
44299
44293
44307
44294
44247
44242
44196
44151
44168
44167
44196
44211
44230
44250
44272
44274
44294
44279
44298
44275
44255
44249
44225
44246
44271
44285
44306
44279
44323
44363
44287
44250
44251
44249
44295
44331
44333
44337
44317
44314
44297
44306
44327
44319
44296
44300
44286
44253
44230
44236
44226
44168
44156
44167
44127
44135
44170
44226
44232
44291
44333
44674
44354
44376
44379
44382
44361
44305
44279
44229
44231
44227
44215
44216
44195
44155
44210
44175
44234
44239
44281
44305
44291
44279
44271
44207
44241
44245
44247
44263
44306
44317
44351
44404
44407
44384
44383
44379
44344
44338
44301
44254
44229
44222
44199
44231
44223
44249
44237
44233
44263
44310
44331
44375
44373
44333
44307
44238
44195
44187
44195
44212
44229
44279
44593
44244
44271
44267
44310
44335
44359
44361
44294
44274
44248
44231
44247
44252
44252
44258
44260
44266
44248
44282
44266
44254
44279
44314
44258
44237
44209
44181
44170
44190
44195
44184
44181
44257
44319
44308
44335
44365
44362
44342
44289
44289
44261
44236
44216
44380
44246
44263
44257
44281
44289
44286
44317
44335
44335
44307
44291
44271
44231
44218
44259
44227
44217
44279
44249
44272
44295
44468
44307
44323
44344
44337
44319
44303
44289
44304
44311
44279
44280
44229
44215
44215
44225
44270
44267
44255
44271
44261
44259
44261
44279
44321
44319
44311
44317
44232
44235
44270
44247
44225
44207
44276
44295
44283
44307
44327
44304
44340
44349
44367
44360
44327
44297
44280
44287
44326
44317
44329
44323
44294
44320
44343
44321
44302
44273
44240
44204
44175
44151
44146
44541
44197
44228
44242
44256
44261
44268
44279
44315
44294
44271
44253
44205
44189
44188
44191
44208
44219
44211
44231
44234
44270
44295
44312
44337
44319
44282
44290
44259
44250
44295
44325
44345
44282
44323
44341
44301
44272
44291
44296
44291
44290
44273
44249
44209
44215
44199
44177
44202
44216
44195
44209
44174
44165
44173
44187
44202
44227
44251
44293
44280
44322
44365
44721
44380
44361
44354
44306
44319
44308
44295
44304
44290
44295
44291
44299
44284
44287
44315
44343
44327
44321
44319
44284
44265
44245
44229
44215
44234
44218
44229
44209
44213
44258
44280
44263
44273
44259
44288
44264
44255
44245
44242
44247
44243
44261
44247
44218
44231
44226
44203
44255
44279
44289
44283
44271
44289
44295
44284
44315
44306
44299
44313
44293
44297
44291
44607
44257
44279
44291
44254
44249
44265
44263
44260
44263
44258
44251
44225
44246
44247
44247
44293
44286
44286
44281
44255
44259
44263
44270
44295
44269
44255
44258
44191
44203
44223
44217
44209
44220
44271
44274
44263
44264
44295
44293
44342
44337
44361
44351
44332
44306
44326
44311
44310
44302
44329
44309
44295
44300
44303
44287
44253
44271
44287
44389
44247
44221
44178
44194
44217
44231
44261
44257
44298
44307
44335
44357
44352
44355
44323
44278
44242
44231
44233
44214
44221
44221
44233
44221
44255
44271
44285
44331
44347
44333
44323
44328
44307
44286
44254
44283
44267
44281
44279
44248
44241
44230
44244
44272
44291
44285
44255
44222
44193
44190
44212
44243
44257
44265
44280
44269
44279
44289
44287
44297
44317
44357
44598
44317
44278
44251
44275
44294
44283
44266
44235
44225
44207
44207
44231
44237
44261
44299
44269
44283
44283
44301
44303
44313
44314
44309
44252
44247
44222
44211
44183
44228
44215
44265
44252
44281
44306
44294
44305
44282
44256
44274
44227
44218
44247
44256
44305
44286
44308
44315
44311
44325
44304
44307
44335
44340
44335
44311
44271
44244
44231
44223
44265
44241
44271
44284
44273
44298
44287
44631
44261
44280
44287
44264
44267
44261
44263
44259
44266
44243
44267
44265
44292
44302
44305
44332
44335
44307
44333
44287
44267
44257
44270
44261
44267
44271
44297
44261
44271
44303
44311
44343
44293
44306
44295
44245
44236
44203
44197
44235
44242
44237
44258
44233
44212
44231
44239
44268
44288
44311
44315
44285
44302
44300
44299
44328
44297
44295
44295
44295
44283
44303
44619
44379
44346
44303
44303
44308
44279
44275
44292
44254
44253
44242
44186
44198
44209
44231
44246
44263
44278
44287
44282
44278
44305
44257
44295
44281
44259
44254
44213
44203
44207
44221
44245
44322
44347
44329
44279
44288
44298
44268
44291
44290
44295
44267
44236
44238
44215
44227
44264
44273
44295
44310
44298
44293
44328
44324
44331
44337
44345
44334
44283
44289
44242
44250
44285
44297
44285
44494
44247
44244
44249
44241
44251
44224
44235
44203
44187
44191
44209
44263
44261
44272
44281
44263
44277
44291
44298
44339
44350
44341
44312
44279
44281
44269
44297
44311
44327
44345
44358
44259
44268
44280
44263
44247
44225
44242
44247
44206
44213
44211
44217
44240
44240
44228
44221
44211
44226
44200
44227
44254
44261
44273
44277
44250
44253
44279
44643
44338
44343
44320
44280
44276
44275
44274
44294
44308
44284
44307
44317
44318
44292
44287
44299
44295
44262
44287
44245
44234
44232
44234
44245
44235
44239
44248
44214
44225
44241
44261
44313
44332
44297
44265
44265
44267
44261
44277
44303
44301
44315
44321
44299
44289
44296
44265
44270
44269
44277
44268
44239
44219
44232
44238
44273
44259
44279
44276
44243
44256
44240
44749
44283
44241
44267
44244
44241
44240
44263
44296
44309
44311
44327
44283
44289
44279
44280
44296
44311
44323
44330
44324
44308
44293
44293
44338
44318
44301
44289
44265
44257
44263
44298
44375
44367
44323
44302
44263
44237
44239
44210
44239
44226
44227
44223
44195
44212
44215
44230
44255
44241
44263
44259
44251
44230
44235
44255
44269
44275
44279
44303
44257
44289
44316
44686
44319
44307
44321
44297
44303
44271
44258
44285
44281
44262
44295
44252
44237
44255
44248
44281
44282
44307
44315
44287
44277
44281
44261
44294
44276
44298
44279
44252
44291
44269
44263
44257
44259
44257
44241
44209
44209
44222
44213
44249
44257
44258
44266
44236
44249
44247
44263
44303
44279
44305
44304
44286
44292
44285
44291
44315
44353
44352
44699
44299
44265
44272
44293
44295
44279
44300
44255
44271
44263
44267
44263
44265
44267
44269
44262
44251
44234
44233
44247
44239
44231
44247
44224
44227
44233
44253
44265
44294
44301
44308
44314
44345
44330
44304
44355
44369
44354
44351
44333
44317
44307
44300
44312
44287
44317
44297
44258
44217
44210
44192
44178
44191
44208
44205
44187
44212
44220
44219
44269
44263
44278
44446
44299
44297
44276
44291
44262
44249
44254
44229
44224
44263
44283
44311
44313
44345
44341
44323
44325
44296
44280
44291
44286
44311
44291
44287
44275
44250
44231
44263
44242
44240
44249
44220
44271
44275
44241
44231
44247
44263
44262
44231
44248
44249
44243
44286
44308
44304
44311
44295
44301
44293
44295
44318
44290
44327
44327
44302
44283
44267
44273
44289
44287
44296
44300
44289
44309
44295
44490
44309
44296
44307
44275
44276
44241
44233
44266
44251
44237
44248
44230
44226
44243
44253
44257
44261
44279
44275
44234
44225
44231
44204
44236
44211
44247
44259
44231
44295
44311
44323
44315
44325
44337
44328
44295
44265
44249
44248
44253
44257
44250
44239
44213
44234
44261
44267
44309
44305
44304
44295
44263
44247
44245
44231
44245
44233
44255
44263
44254
44275
44291
44507
44287
44296
44301
44249
44239
44221
44214
44227
44241
44239
44255
44212
44245
44244
44253
44301
44291
44309
44317
44291
44279
44293
44274
44280
44279
44259
44273
44235
44262
44279
44267
44284
44264
44272
44261
44263
44252
44247
44230
44236
44239
44253
44243
44222
44215
44233
44242
44258
44279
44309
44333
44332
44333
44336
44305
44338
44311
44315
44432
44280
44256
44250
44266
44271
44264
44286
44292
44293
44316
44321
44323
44333
44310
44317
44253
44249
44239
44221
44257
44238
44233
44235
44237
44233
44231
44254
44245
44243
44243
44247
44223
44264
44254
44221
44251
44263
44274
44271
44253
44273
44279
44291
44317
44319
44316
44309
44272
44259
44229
44219
44243
44231
44261
44259
44232
44265
44282
44303
44316
44311
44337
44391
44302
44287
44255
44456
44284
44263
44272
44255
44266
44259
44277
44303
44289
44287
44311
44283
44269
44274
44258
44266
44263
44251
44265
44231
44242
44242
44246
44262
44289
44273
44298
44285
44267
44288
44323
44333
44270
44276
44295
44231
44225
44221
44232
44251
44275
44279
44289
44279
44293
44293
44300
44310
44299
44294
44306
44255
44250
44246
44247
44287
44295
44333
44311
44290
44313
44324
44786
44318
44281
44250
44202
44200
44190
44194
44241
44254
44260
44279
44269
44267
44272
44288
44295
44288
44287
44281
44243
44238
44229
44255
44264
44295
44295
44303
44283
44294
44286
44275
44379
44379
44314
44280
44241
44234
44232
44239
44249
44239
44255
44255
44224
44245
44263
44269
44280
44283
44287
44286
44260
44256
44240
44227
44277
44253
44273
44277
44241
44262
44284
44686
44334
44322
44318
44301
44297
44304
44302
44297
44301
44264
44309
44247
44259
44253
44244
44277
44279
44270
44286
44279
44291
44279
44303
44295
44281
44268
44279
44225
44232
44258
44273
44374
44357
44327
44309
44308
44320
44299
44283
44316
44309
44280
44275
44219
44195
44182
44231
44255
44261
44299
44305
44289
44311
44302
44299
44320
44301
44288
44285
44258
44233
44228
44707
44245
44217
44258
44267
44282
44282
44327
44324
44293
44311
44308
44298
44244
44229
44215
44244
44247
44251
44245
44236
44247
44258
44267
44296
44285
44290
44323
44267
44254
44269
44311
44348
44281
44292
44316
44287
44293
44298
44293
44298
44311
44307
44298
44272
44287
44257
44274
44263
44286
44265
44283
44255
44248
44255
44256
44260
44270
44256
44277
44263
44249
44263
44599
44226
44216
44233
44188
44213
44214
44237
44273
44302
44285
44319
44300
44291
44289
44296
44303
44299
44292
44289
44239
44233
44238
44247
44265
44285
44293
44295
44279
44279
44297
44315
44346
44277
44249
44265
44227
44217
44207
44239
44264
44261
44287
44287
44259
44273
44263
44245
44273
44273
44251
44247
44215
44240
44255
44272
44286
44302
44289
44311
44304
44299
44317
44804
44303
44251
44286
44239
44236
44253
44250
44276
44279
44275
44267
44245
44277
44271
44283
44304
44294
44268
44283
44249
44235
44231
44253
44275
44265
44289
44285
44257
44252
44255
44284
44341
44331
44280
44273
44242
44215
44209
44199
44239
44233
44234
44247
44235
44231
44231
44251
44295
44289
44302
44313
44291
44295
44296
44266
44287
44273
44273
44263
44263
44253
44282
44533
44362
44353
44323
44294
44291
44277
44289
44307
44291
44283
44273
44247
44213
44230
44231
44253
44260
44280
44272
44266
44261
44265
44275
44290
44281
44269
44275
44247
44230
44220
44257
44284
44261
44321
44385
44321
44304
44291
44301
44279
44287
44267
44257
44247
44242
44229
44249
44289
44289
44299
44313
44327
44300
44335
44293
44326
44306
44282
44281
44220
44242
44235
44210
44256
44267
44320
44518
44315
44312
44303
44301
44326
44305
44308
44281
44258
44255
44244
44264
44244
44238
44267
44210
44221
44247
44238
44248
44267
44276
44257
44248
44240
44246
44223
44258
44259
44240
44259
44200
44227
44302
44318
44343
44319
44322
44324
44289
44283
44263
44248
44267
44262
44250
44246
44220
44231
44241
44247
44289
44292
44307
44309
44282
44247
44277
44271
44273
44278
44278
44279
44254
44274
44290
44810
44349
44312
44329
44302
44315
44299
44291
44321
44313
44289
44300
44235
44243
44247
44235
44286
44286
44295
44314
44273
44305
44279
44274
44283
44276
44269
44244
44224
44205
44219
44213
44261
44326
44327
44331
44267
44283
44293
44300
44295
44275
44299
44292
44263
44263
44281
44268
44317
44317
44310
44297
44293
44286
44281
44287
44311
44295
44294
44295
44285
44254
44240
44273
44295
44322
44324
44679
44242
44225
44217
44249
44271
44274
44261
44248
44247
44247
44232
44268
44263
44242
44265
44243
44224
44243
44240
44251
44259
44259
44284
44267
44285
44290
44301
44311
44311
44295
44273
44232
44301
44285
44276
44279
44285
44302
44305
44277
44266
44280
44284
44283
44294
44284
44297
44245
44252
44263
44263
44289
44295
44297
44282
44273
44275
44247
44259
44261
44258
44268
44287
44265
44261
44292
44759
44317
44306
44315
44287
44298
44290
44295
44275
44284
44265
44256
44234
44247
44232
44227
44258
44276
44260
44279
44255
44257
44265
44259
44301
44277
44271
44278
44247
44267
44260
44257
44271
44279
44341
44339
44271
44259
44256
44254
44287
44265
44273
44273
44242
44240
44245
44255
44266
44275
44273
44259
44245
44250
44247
44248
44283
44260
44255
44270
44255
44247
44252
44258
44269
44278
44309
44615
44259
44247
44257
44267
44259
44258
44268
44237
44251
44237
44244
44271
44265
44254
44247
44232
44239
44234
44245
44256
44288
44274
44307
44283
44281
44295
44284
44308
44279
44309
44287
44272
44313
44305
44279
44293
44317
44294
44289
44267
44265
44265
44263
44267
44261
44256
44248
44203
44209
44219
44214
44235
44274
44264
44256
44246
44247
44249
44233
44277
44275
44279
44351
44304
44310
44303
44563
44313
44301
44339
44319
44303
44318
44321
44311
44311
44309
44311
44252
44266
44250
44231
44270
44252
44247
44286
44245
44244
44253
44263
44295
44263
44298
44284
44263
44233
44227
44254
44319
44311
44247
44235
44230
44237
44240
44248
44303
44290
44290
44293
44273
44266
44250
44263
44265
44269
44255
44259
44222
44231
44248
44270
44282
44311
44323
44314
44304
44289
44294
44296
44327
44348
44335
44493
44263
44248
44255
44279
44305
44287
44318
44283
44278
44273
44274
44265
44269
44264
44268
44232
44250
44258
44253
44291
44268
44265
44263
44249
44240
44240
44257
44283
44255
44302
44336
44277
44243
44252
44261
44289
44296
44303
44289
44271
44269
44252
44247
44300
44287
44286
44279
44263
44253
44248
44275
44296
44279
44291
44309
44263
44269
44281
44268
44279
44297
44325
44599
44278
44262
44241
44277
44287
44290
44283
44275
44284
44254
44261
44279
44277
44254
44279
44253
44249
44273
44266
44281
44279
44284
44286
44242
44246
44247
44245
44270
44283
44268
44297
44255
44235
44295
44291
44341
44301
44315
44319
44259
44263
44260
44267
44301
44303
44301
44299
44269
44279
44278
44269
44302
44286
44277
44286
44254
44251
44264
44264
44287
44273
44299
44295
44272
44278
44276
44691
44295
44287
44277
44263
44284
44262
44245
44286
44276
44281
44277
44253
44267
44248
44286
44290
44278
44299
44301
44268
44259
44279
44269
44287
44299
44307
44285
44281
44277
44261
44249
44265
44300
44345
44335
44243
44250
44252
44255
44275
44253
44269
44270
44233
44261
44261
44264
44286
44317
44327
44314
44297
44283
44253
44264
44275
44279
44293
44318
44279
44273
44278
44307
44324
44316
44359
44610
44278
44259
44244
44234
44237
44243
44233
44216
44243
44247
44228
44265
44253
44231
44249
44219
44231
44240
44261
44283
44273
44278
44271
44231
44248
44293
44287
44289
44295
44281
44307
44291
44291
44263
44259
44303
44293
44283
44306
44276
44270
44287
44292
44306
44306
44310
44301
44266
44247
44239
44218
44257
44250
44239
44248
44223
44223
44213
44210
44232
44254
44279
44592
44265
44251
44247
44263
44274
44279
44278
44263
44252
44265
44247
44277
44285
44276
44288
44252
44276
44264
44257
44279
44291
44271
44298
44255
44255
44267
44275
44309
44294
44298
44289
44273
44311
44290
44261
44291
44307
44309
44292
44264
44251
44229
44238
44264
44273
44265
44294
44271
44249
44256
44253
44256
44273
44278
44277
44241
44252
44247
44253
44286
44261
44293
44388
44291
44282
44273
44291
44281
44273
44273
44267
44256
44244
44266
44279
44263
44263
44265
44241
44254
44295
44290
44290
44297
44287
44279
44239
44225
44242
44231
44269
44280
44270
44273
44262
44275
44304
44303
44311
44284
44309
44306
44268
44277
44263
44267
44266
44263
44282
44271
44287
44276
44259
44269
44281
44292
44257
44283
44255
44255
44285
44279
44281
44275
44273
44283
44266
44264
44291
44717
44297
44285
44266
44238
44247
44245
44231
44265
44279
44272
44287
44279
44261
44258
44271
44298
44285
44295
44320
44279
44277
44281
44279
44273
44284
44283
44297
44246
44237
44286
44289
44316
44283
44293
44314
44269
44248
44275
44265
44265
44256
44265
44255
44227
44239
44245
44243
44278
44280
44279
44287
44272
44266
44249
44270
44297
44279
44295
44309
44285
44283
44272
44551
44271
44277
44303
44269
44271
44269
44271
44274
44279
44277
44282
44271
44254
44270
44261
44301
44289
44270
44275
44253
44241
44221
44257
44277
44273
44280
44321
44270
44278
44299
44284
44284
44277
44284
44287
44272
44266
44263
44261
44286
44267
44279
44277
44256
44236
44247
44267
44279
44254
44295
44263
44246
44239
44240
44220
44273
44273
44271
44297
44306
44315
44295
44519
44291
44258
44291
44247
44267
44261
44289
44313
44304
44323
44307
44284
44267
44274
44282
44273
44287
44311
44295
44267
44281
44260
44231
44278
44261
44269
44269
44251
44279
44299
44277
44282
44291
44305
44301
44261
44263
44262
44250
44280
44264
44287
44265
44267
44259
44275
44271
44281
44278
44265
44275
44259
44237
44255
44286
44297
44277
44328
44446
44281
44283
44283
44291
44303
44316
44315
44285
44261
44236
44237
44241
44275
44255
44291
44254
44251
44257
44269
44288
44287
44298
44307
44256
44261
44251
44253
44246
44264
44256
44245
44268
44284
44255
44247
44277
44273
44262
44266
44248
44257
44277
44261
44259
44257
44265
44252
44250
44271
44251
44252
44282
44269
44273
44270
44254
44259
44264
44291
44309
44309
44327
44682
44264
44235
44281
44303
44315
44327
44312
44266
44247
44224
44244
44253
44271
44276
44282
44280
44281
44289
44283
44291
44297
44279
44294
44261
44255
44262
44254
44286
44234
44313
44347
44257
44229
44234
44229
44255
44247
44253
44260
44251
44251
44239
44243
44259
44260
44241
44247
44251
44223
44269
44275
44272
44295
44306
44284
44256
44272
44271
44285
44343
44354
44361
44535
44265
44269
44243
44295
44295
44283
44297
44243
44246
44220
44238
44271
44239
44251
44259
44239
44220
44209
44215
44193
44227
44221
44239
44253
44267
44241
44239
44243
44290
44326
44335
44264
44264
44287
44294
44270
44286
44287
44283
44263
44281
44285
44295
44325
44309
44308
44330
44286
44274
44257
44279
44303
44291
44247
44264
44234
44220
44247
44353
44334
44331
44303
44327
44226
44263
44274
44303
44303
44293
44284
44244
44232
44254
44233
44271
44283
44271
44280
44263
44253
44279
44261
44287
44283
44311
44289
44259
44261
44248
44217
44257
44335
44324
44324
44257
44263
44267
44285
44305
44277
44279
44297
44267
44247
44283
44275
44275
44273
44284
44266
44237
44257
44259
44265
44295
44287
44279
44277
44270
44247
44257
44478
44370
44321
44311
44257
44254
44234
44263
44289
44271
44277
44277
44247
44266
44269
44241
44279
44272
44266
44269
44259
44275
44255
44252
44265
44284
44253
44287
44275
44249
44287
44274
44312
44372
44366
44330
44222
44269
44233
44249
44287
44310
44355
44311
44275
44277
44262
44263
44289
44280
44315
44302
44269
44251
44266
44264
44263
44286
44311
44265
44248
44249
44247
44429
44335
44319
44295
44239
44250
44279
44231
44239
44215
44237
44272
44266
44262
44285
44250
44306
44278
44303
44269
44239
44269
44243
44254
44276
44350
44316
44326
44307
44255
44278
44261
44279
44360
44353
44359
44271
44301
44293
44255
44275
44298
44295
44279
44247
44272
44279
44244
44291
44297
44299
44310
44285
44229
44238
44239
44248
44275
44309
44311
44263
44275
44316
44501
44295
44275
44273
44211
44267
44284
44313
44335
44303
44283
44245
44249
44183
44245
44262
44321
44312
44323
44319
44285
44275
44249
44267
44277
44264
44257
44289
44276
44276
44270
44249
44357
44359
44302
44276
44292
44313
44299
44321
44290
44283
44295
44255
44254
44282
44289
44297
44334
44303
44279
44282
44259
44253
44198
44262
44321
44278
44318
44332
44254
44255
44265
44797
44253
44234
44303
44219
44225
44231
44231
44255
44251
44261
44290
44261
44283
44279
44265
44254
44217
44282
44261
44216
44223
44239
44263
44295
44277
44255
44304
44255
44215
44340
44331
44390
44332
44335
44335
44249
44229
44280
44228
44261
44319
44253
44303
44301
44281
44284
44243
44249
44225
44249
44280
44272
44244
44279
44278
44295
44311
44241
44253
44232
44250
44223
44619
44265
44276
44273
44243
44262
44250
44230
44230
44264
44253
44261
44264
44258
44279
44265
44245
44277
44291
44263
44268
44280
44271
44255
44283
44280
44263
44258
44228
44245
44289
44278
44339
44303
44333
44291
44261
44233
44262
44256
44272
44315
44295
44286
44241
44244
44198
44200
44251
44232
44211
44254
44275
44307
44273
44326
44270
44290
44261
44243
44246
44253
44280
44635
44287
44281
44279
44239
44239
44215
44211
44269
44273
44283
44274
44274
44281
44239
44243
44271
44195
44241
44273
44226
44275
44325
44309
44317
44294
44285
44246
44213
44242
44208
44264
44376
44279
44289
44325
44271
44308
44269
44291
44321
44292
44292
44342
44245
44265
44249
44242
44236
44255
44269
44283
44247
44270
44286
44266
44295
44261
44276
44266
44231
44271
44239
44806
44325
44237
44291
44240
44205
44230
44313
44287
44320
44301
44292
44302
44271
44261
44272
44329
44304
44274
44328
44265
44265
44253
44259
44295
44211
44295
44311
44287
44271
44313
44289
44322
44307
44270
44223
44215
44248
44249
44229
44303
44279
44239
44267
44249
44239
44263
44280
44298
44240
44253
44300
44249
44277
44278
44312
44316
44319
44281
44310
44273
44294
44324
44663
44341
44390
44283
44241
44247
44233
44260
44255
44283
44296
44335
44274
44295
44277
44255
44263
44255
44209
44263
44243
44247
44311
44279
44247
44275
44271
44241
44255
44285
44269
44298
44295
44325
44355
44299
44234
44245
44270
44277
44278
44289
44265
44239
44215
44208
44227
44251
44277
44304
44300
44291
44255
44240
44233
44218
44289
44295
44273
44279
44250
44255
44301
44332
44309
44390
44341
44407
44296
44256
44253
44277
44314
44354
44317
44285
44293
44248
44241
44268
44265
44275
44279
44298
44253
44239
44278
44308
44270
44261
44203
44239
44221
44227
44263
44309
44337
44356
44335
44265
44321
44293
44290
44304
44292
44253
44287
44228
44252
44263
44305
44319
44308
44279
44297
44257
44241
44182
44266
44237
44341
44331
44323
44295
44289
44301
44656
44332
44315
44288
44268
44272
44280
44280
44312
44269
44301
44259
44243
44220
44244
44215
44304
44293
44258
44265
44243
44227
44268
44266
44257
44283
44247
44271
44287
44260
44241
44218
44303
44249
44268
44277
44274
44295
44303
44285
44269
44286
44293
44229
44250
44269
44257
44249
44262
44270
44306
44267
44228
44201
44230
44251
44277
44294
44302
44348
44299
44253
44263
44820
44363
44289
44257
44211
44229
44227
44254
44295
44281
44279
44272
44298
44253
44255
44227
44227
44304
44263
44269
44263
44291
44266
44310
44343
44296
44233
44311
44249
44223
44279
44302
44375
44283
44320
44297
44239
44209
44202
44293
44225
44276
44284
44297
44247
44245
44297
44244
44294
44241
44330
44283
44257
44229
44295
44271
44275
44291
44237
44311
44261
44258
44274
44647
44333
44280
44270
44239
44254
44215
44205
44290
44263
44295
44393
44363
44287
44297
44337
44247
44204
44280
44269
44140
44214
44219
44160
44236
44244
44213
44155
44287
44323
44215
44329
44407
44346
44303
44271
44241
44325
44259
44293
44291
44229
44242
44279
44193
44207
44241
44239
44257
44285
44313
44283
44289
44330
44321
44372
44387
44332
44316
44412
44311
44175
44131
44681
44181
44163
44324
44356
44299
44306
44222
44158
44151
44208
44212
44317
44378
44421
44359
44375
44381
44285
44297
44211
44251
44208
44223
44225
44177
44239
44251
44260
44277
44252
44277
44281
44248
44229
44329
44268
44291
44309
44240
44266
44227
44217
44230
44215
44206
44257
44229
44332
44359
44365
44377
44331
44259
44274
44244
44288
44316
44329
44311
44301
44289
44267
44721
44353
44266
44299
44203
44223
44181
44187
44263
44306
44295
44313
44295
44292
44215
44267
44277
44326
44235
44303
44311
44279
44331
44391
44321
44267
44312
44188
44101
44223
44173
44207
44322
44307
44271
44307
44395
44349
44361
44392
44343
44333
44242
44249
44266
44286
44286
44333
44311
44244
44201
44231
44135
44181
44202
44311
44327
44315
44377
44367
44273
44256
44285
44543
44179
44367
44345
44202
44224
44275
44096
44109
44155
44233
44354
44313
44384
44256
44275
44215
44235
44278
44330
44369
44387
44433
44375
44333
44291
44246
44236
44249
44293
44261
44329
44373
44300
44247
44263
44150
44131
44245
44235
44227
44347
44425
44275
44260
44281
44183
44151
44263
44295
44247
44292
44258
44263
44175
44303
44280
44274
44373
44412
44383
44302
44357
44816
44311
44303
44289
44293
44235
44295
44263
44375
44282
44305
44295
44257
44196
44219
44257
44251
44332
44297
44259
44240
44217
44214
44247
44239
44307
44308
44309
44301
44295
44319
44297
44340
44307
44226
44261
44255
44248
44248
44261
44308
44308
44302
44282
44254
44249
44270
44275
44303
44297
44325
44285
44250
44249
44261
44247
44241
44259
44281
44275
44221
44309
44280
44775
44317
44258
44213
44240
44278
44215
44305
44344
44297
44278
44297
44279
44237
44256
44283
44302
44321
44331
44341
44292
44307
44289
44278
44268
44249
44250
44254
44200
44198
44249
44278
44366
44335
44314
44311
44202
44266
44224
44249
44247
44295
44247
44257
44191
44246
44196
44218
44249
44266
44338
44277
44274
44261
44263
44221
44276
44272
44271
44271
44232
44256
44275
44758
44297
44299
44282
44292
44356
44295
44317
44309
44311
44253
44261
44227
44239
44223
44279
44300
44289
44336
44272
44233
44229
44201
44229
44255
44307
44251
44264
44277
44264
44218
44271
44308
44353
44313
44297
44311
44308
44282
44295
44288
44296
44261
44267
44230
44207
44209
44241
44262
44269
44315
44279
44238
44286
44313
44269
44317
44295
44267
44274
44269
44229
44276
44259
44277
44327
44305
44508
44209
44233
44220
44236
44279
44271
44277
44285
44275
44280
44290
