33165
33159
33170
33115
33151
33129
33123
33111
33165
33136
33160
33156
33167
33115
33126
33157
33161
33121
33143
33171
33133
33131
33131
33123
33139
33124
33139
33133
33145
33121
33146
33116
33136
33141
33149
33156
33144
33143
33181
33197
33143
33127
33136
33107
33108
33111
33157
33079
33073
33106
33102
33139
33128
33064
33075
33105
33120
33155
33150
33131
33105
33125
33105
33120
33095
33091
33103
33117
33067
33107
33133
33095
33097
33112
33139
33117
33119
33115
33122
33159
33143
33129
33137
33131
33090
33116
33085
33096
33100
33095
33119
33111
33119
33127
33085
33097
33109
33115
33155
33111
33103
33101
33093
33107
33083
33107
33092
33097
33108
33093
33111
33130
33137
33128
33107
33093
33086
33122
33143
33107
33099
33095
33112
33129
33133
33129
33103
33137
33127
33109
33113
33107
33109
33095
33125
33139
33127
33129
33135
33141
33089
33095
33117
33107
33107
33122
33165
33151
33187
33182
33129
33133
33144
33143
33159
33143
33126
33127
33134
33149
33124
33151
33158
33177
33150
33135
33124
33119
33166
33161
33175
33187
33153
33134
33141
33133
33118
33149
33157
33166
33191
33185
33127
33127
33113
33121
33156
33128
33125
33145
33121
33163
33181
33142
33163
33153
33123
33109
33157
33177
33179
33119
33120
33115
33119
33126
33059
33094
33115
33143
33096
33137
33129
33105
33129
33111
33097
33143
33153
33156
33135
33140
33141
33086
33130
33135
33130
33121
33155
33127
33161
33127
33186
33175
33177
33134
33145
33115
33123
33181
33191
33130
33094
33123
33177
33158
33170
33159
33173
33153
33091
33140
33171
33157
33093
33138
33111
33169
33164
33145
33127
33145
33121
33135
33159
33159
33201
33192
33184
33191
33193
33159
33159
33177
33157
33133
33165
33189
33143
33151
33204
33189
33179
33155
33157
33121
33134
33146
33114
33135
33144
33123
33167
33163
33101
33097
33074
33085
33092
33086
33074
33074
33077
33059
33100
33091
33081
33110
33095
33091
33099
33087
33079
33079
33109
33087
33100
33073
33095
33099
33077
33070
33040
33059
33075
33074
33084
33068
33057
33063
33077
33035
33053
32995
32981
33016
32979
33025
33023
32985
32999
33047
33030
32999
33001
32989
32997
32956
32960
32961
32979
33003
32967
32951
32946
32980
32983
32946
32919
32890
32948
32946
32965
32976
32955
32970
32956
32953
32955
32927
32941
32933
32981
32953
32936
33008
33007
32976
32989
32975
32951
32984
32989
32994
33010
33011
32978
33000
33037
33054
33056
33051
33037
33023
33031
33001
32999
32996
32998
32997
33007
33042
33009
32983
33019
32994
32994
32983
33017
33048
33047
33018
33021
33033
33071
33079
33065
33101
33112
33111
33128
33159
33174
33157
33185
33207
33185
33189
33233
33225
33187
33202
33209
33222
33231
33217
33200
33195
33197
33222
33155
33146
33175
33118
33075
33087
33081
33108
33155
33169
33125
33119
33143
33161
33214
33175
33161
33175
33194
33231
33223
33224
33271
33279
33275
33273
33217
33186
33181
33221
33218
33238
33262
33256
33237
33265
33289
33248
33214
33212
33255
33250
33230
33215
33199
33208
33211
33219
33168
33146
33193
33201
33213
33243
33238
33242
33249
33279
33285
33268
33247
33230
33218
33242
33246
33227
33241
33255
33291
33266
33261
33258
33247
33241
33215
33229
33207
33225
33237
33215
33195
33237
33213
33207
33187
33157
33149
33133
33142
33167
33159
33184
33172
33177
33213
33207
33225
33200
33174
33207
33197
33227
33210
33233
33249
33275
33262
33279
33252
33232
33200
33217
33217
33212
33257
33253
33191
33263
33225
33199
33209
33191
33155
33196
33159
33107
33123
33202
33207
33151
33111
33116
33140
33144
33165
33169
33183
33181
33183
33201
33196
33213
33191
33255
33252
33187
33210
33204
33201
33197
33165
33207
33217
33175
33186
33191
33202
33167
33198
33215
33168
33157
33184
33147
33123
33159
33141
33175
33171
33160
33159
33096
33101
33118
33143
33126
33151
33124
33140
33184
33186
33211
33217
33219
33212
33214
33227
33226
33205
33213
33175
33195
33212
33197
33199
33188
33171
33149
33193
33178
33143
33138
33121
33149
33168
33158
33114
33129
33169
33143
33143
33137
33125
33100
33143
33156
33163
33199
33159
33183
33185
33191
33168
33147
33167
33165
33203
33165
33189
33185
33179
33210
33191
33160
33209
33188
33167
33126
33151
33190
33158
33151
33209
33158
33146
33140
33141
33109
33127
33131
33087
33088
33135
33097
33111
33175
33159
33157
33151
33160
33153
33199
33227
33218
33175
33195
33185
33225
33185
33186
33218
33272
33229
33191
33197
33174
33170
33193
33214
33179
33111
33185
33163
33142
33174
33136
33127
33132
33121
33113
33097
33143
33157
33133
33154
33126
33107
33112
33137
33151
33107
33121
33157
33191
33191
33173
33180
33205
33187
33168
33166
33208
33239
33173
33222
33183
33167
33147
33183
33167
33157
33175
33183
33118
33127
33195
33147
33114
33168
33159
33107
33126
33133
33134
33102
33091
33131
33144
33120
33153
33174
33127
33111
33169
33207
33163
33142
33139
33194
33192
33128
33157
33199
33199
33207
33175
33137
33121
33138
33155
33195
33140
33138
33131
33129
33127
33163
33159
33141
33148
33157
33139
33093
33108
33127
33144
33139
33134
33135
33131
33159
33133
33167
33175
33157
33180
33207
33220
33156
33155
33196
33236
33191
33154
33177
33152
33127
33167
33192
33167
33119
33157
33181
33123
33144
33117
33123
33157
33137
33154
33163
33112
33128
33092
33082
33076
33103
33117
33093
33111
33119
33113
33126
33158
33175
33138
33137
33167
33154
33158
33191
33160
33133
33195
33179
33173
33173
33153
33134
33171
33139
33119
33138
33103
33104
33141
33141
33159
33138
33105
33143
33121
33092
33100
33063
33061
33115
33109
33123
33135
33121
33139
33107
33125
33143
33126
33120
33145
33159
33115
33137
33173
33173
33143
33215
33163
33097
33118
33134
33165
33139
33121
33105
33117
33121
33109
33138
33103
33087
33138
33136
33093
33063
33143
33122
33059
33108
33127
33125
33092
33117
33131
33130
33085
33149
33166
33161
33160
33164
33187
33211
33191
33144
33115
33112
33150
33153
33178
33170
33171
33147
33095
33095
33127
33117
33115
33121
33082
33079
33048
33060
33071
33126
33097
33050
33116
33065
33085
33157
33093
33109
33091
33085
33074
33095
33114
33103
33112
33122
33129
33157
33179
33146
33079
33159
33167
33099
33151
33171
33117
33128
33115
33120
33111
33094
33095
33103
33081
33141
33140
33100
33097
33087
33085
33073
33086
33115
33110
33111
33127
33161
33121
33090
33073
33127
33119
33127
33127
33140
33166
33195
33200
33213
33146
33143
33173
33153
33151
33174
33167
33137
33091
33130
33121
33116
33137
33138
33119
33119
33121
33113
33073
33140
33114
33113
33082
33088
33071
33085
33149
33103
33146
33121
33095
33125
33138
33149
33143
33115
33141
33184
33169
33138
33161
33171
33191
33156
33190
33144
33148
33145
33095
33096
33147
33124
33098
33117
33149
33095
33093
33141
33143
33146
33124
33122
33145
33063
33080
33064
33093
33079
33102
33127
33090
33087
33138
33140
33149
33154
33167
33161
33183
33183
33113
33133
33178
33201
33175
33173
33133
33079
33093
33112
33085
33081
33105
33128
33135
33136
33068
33062
33062
33133
33113
33093
33125
33080
33068
33080
33087
33134
33106
33127
33131
33100
33099
33125
33169
33149
33129
33180
33154
33183
33141
33153
33169
33147
33155
33167
33169
33162
33151
33147
33153
33116
33135
33135
33145
33127
33133
33122
33119
33083
33063
33068
33095
33079
33079
33114
33087
33087
33077
33077
33062
33095
33130
33119
33145
33148
33105
33124
33159
33145
33135
33177
33188
33176
33173
33175
33155
33151
33175
33165
33167
33159
33154
33117
33136
33111
33111
33133
33087
33101
33123
33115
33134
33096
33095
33130
33132
33089
33093
33121
33138
33127
33071
33111
33162
33144
33165
33172
33153
33174
33167
33165
33156
33168
33187
33189
33147
33159
33161
33155
33149
33155
33145
33149
33104
33111
33097
33134
33153
33144
33139
33100
33090
33113
33106
33128
33119
33103
33114
33105
33165
33181
33169
33134
33130
33173
33103
33156
33185
33139
33144
33111
33124
33127
33161
33161
33175
33161
33165
33065
33169
33153
33140
33149
33144
33169
33179
33161
33089
33077
33127
33151
33121
33145
33154
33111
33119
33121
33137
33147
33167
33141
33144
33179
33180
33175
33201
33227
33186
33165
33179
33124
33151
33159
33173
33141
33167
33195
33183
33219
33189
33169
33161
33139
33131
33108
33103
33117
33104
33122
33114
33115
33157
33127
33138
33109
33091
33119
33099
33131
33100
33114
33136
33143
33203
33121
33145
33125
33119
33157
33179
33212
33181
33183
33151
33160
33107
33089
33139
33139
33138
33144
33169
33147
33126
33115
33126
33111
33087
33134
33105
33111
33115
33084
33106
33138
33128
33093
33103
33118
33145
33167
33199
33137
33119
33202
33169
33140
33183
33187
33167
33186
33192
33175
33204
33207
33217
33196
33164
33137
33154
33195
33189
33145
33175
33153
33171
33185
33161
33122
33078
33095
33098
33073
33081
33123
33091
33067
33077
33079
33058
33059
33102
33092
33120
33115
33074
33089
33099
33122
33147
33094
33125
33125
33103
33104
33163
33055
33095
33095
33095
33127
33095
33079
33067
33052
32976
33012
33110
33063
33071
33064
32981
32986
33015
33036
33049
33074
33020
33021
33037
33031
33009
33014
33004
32995
33049
33034
33034
33062
33101
33099
33087
33059
33073
33060
33027
33027
33014
33104
33101
33061
33025
33048
33062
32997
33021
33018
32975
32996
33009
32965
32958
32970
32999
33005
32975
32999
32984
32987
32993
32999
32987
33027
33011
33045
33079
33093
33117
33119
33128
33063
33075
33049
33070
33087
33109
33159
33164
33095
33095
33100
33121
33100
33097
33093
33096
33093
33065
33049
33049
33040
33039
33071
33051
33019
33018
33008
33033
33049
33085
33041
33041
33091
33076
33111
33095
33059
33117
33191
33186
33153
33138
33184
33201
33199
33222
33221
33242
33251
33271
33207
33227
33183
33235
33233
33231
33240
33242
33149
33093
33177
33192
33139
33173
33144
33133
33097
33091
33109
33115
33151
33157
33165
33169
33159
33151
33151
33124
33113
33169
33204
33205
33209
33215
33229
33241
33207
33166
33151
33215
33235
33231
33247
33259
33239
33226
33236
33237
33200
33166
33176
33188
33175
33139
33155
33198
33165
33152
33127
33083
33121
33120
33106
33155
33169
33203
33193
33169
33137
33133
33203
33219
33176
33172
33189
33205
33224
33243
33229
33234
33248
33237
33209
33191
33193
33209
33224
33189
33160
33167
33143
33140
33178
33191
33165
33138
33119
33119
33094
33111
33155
33129
33143
33129
33126
33129
33130
33160
33112
33169
33151
33174
33199
33190
33195
33183
33219
33197
33220
33209
33181
33160
33193
33181
33215
33219
33170
33166
33204
33211
33191
33147
33133
33123
33092
33072
33111
33143
33151
33157
33127
33112
33102
33111
33143
33113
33094
33123
33143
33109
33127
33166
33195
33150
33133
33122
33178
33187
33191
33173
33207
33176
33191
33196
33229
33191
33188
33197
33207
33185
33188
33169
33160
33207
33143
33119
33134
33095
33135
33161
33109
33053
33078
33108
33113
33087
33123
33101
33140
33193
33155
33121
33183
33239
33213
33159
33152
33202
33222
33193
33185
33223
33206
33226
33208
33206
33148
33223
33195
33140
33185
33145
33187
33181
33134
33165
33209
33163
33140
33143
33137
33153
33127
33116
33117
33178
33136
33153
33103
33137
33127
33143
33179
33207
33229
33174
33206
33205
33231
33237
33212
33249
33247
33211
33171
33195
33205
33186
33225
33214
33167
33168
33149
33149
33127
33168
33207
33161
33080
33087
33123
33160
33124
33135
33127
33087
33059
33093
33136
33119
33177
33159
33138
33208
33181
33207
33219
33199
33175
33168
33203
33195
33179
33190
33203
33200
33183
33185
33168
33187
33154
33116
33169
33166
33165
33135
33119
33123
33133
33101
33136
33109
33121
33117
33077
33081
33105
33075
33134
33167
33141
33173
33166
33177
33183
33173
33168
33147
33174
33214
33141
33172
33218
33187
33175
33193
33153
33200
33210
33190
33160
33187
33153
33150
33171
33175
33122
33121
33109
33105
33079
33075
33096
33127
33113
33113
33118
33069
33039
33100
33081
33149
33155
33145
33183
33145
33125
33148
33169
33151
33193
33185
33164
33153
33129
33179
33179
33183
33183
33173
33138
33129
33141
33159
33167
33129
33161
33139
33107
33099
33137
33069
33102
33118
33122
33077
33079
33106
33111
33089
33101
33097
33106
33134
33111
33137
33141
33115
33153
33143
33158
33201
33159
33164
33142
33138
33183
33133
33169
33179
33150
33143
33149
33160
33147
33147
33123
33177
33146
33165
33143
33132
33143
33125
33102
33091
33119
33127
33110
33095
33111
33123
33111
33103
33126
33143
33136
33138
33130
33161
33159
33144
33177
33183
33165
33188
33143
33183
33189
33191
33192
33174
33120
33097
33145
33171
33135
33159
33110
33127
33181
33143
33147
33099
33117
33095
33085
33098
33149
33155
33123
33103
33111
33099
33117
33103
33151
33167
33214
33182
33195
33186
33135
33186
33209
33189
33165
33135
33175
33185
33214
33130
33115
33133
33181
33119
33119
33177
33197
33173
33168
33107
33141
33130
33115
33093
33129
33159
33111
33073
33107
33098
33133
33111
33089
33095
33102
33121
33125
33151
33112
33165
33160
33189
33203
33199
33209
33204
33198
33187
33185
33164
33160
33195
33207
33181
33155
33153
33144
33151
33107
33110
33141
33119
33122
33112
33087
33094
33096
33187
33137
33123
33157
33144
33133
33171
33179
33148
33149
33137
33156
33207
33197
33158
33173
33218
33175
33160
33229
33181
33191
33206
33215
33179
33189
33169
33147
33134
33118
33155
33155
33117
33141
33130
33140
33159
33131
33086
33161
33149
33111
33128
33144
33149
33135
33105
33103
33094
33113
33153
33116
33121
33169
33144
33124
33139
33163
33135
33136
33143
33160
33156
33150
33167
33154
33161
33133
33103
33133
33122
33120
33133
33112
33069
33125
33085
33097
33089
33116
33112
33124
33111
33106
33107
33108
33097
33099
33112
33141
33144
33165
33173
33153
33176
33142
33141
33161
33151
33171
33193
33197
33119
33181
33184
33125
33135
33119
33176
33160
33133
33111
33106
33105
33106
33143
33127
33084
33079
33099
33063
33099
33072
33073
33043
33110
33132
33103
33120
33128
33124
33155
33153
33159
33151
33161
33156
33149
33147
33179
33220
33169
33177
33183
33154
33150
33159
33151
33141
33115
33136
33143
33142
33089
33111
33111
33100
33111
33111
33085
33080
33079
33087
33122
33096
33069
33073
33091
33121
33137
33159
33149
33149
33127
33126
33123
33127
33177
33195
33147
33148
33174
33186
33179
33125
33143
33129
33113
33096
33127
33152
33125
33111
33125
33081
33095
33053
33096
33121
33130
33135
33113
33117
33138
33117
33123
33127
33095
33131
33105
33124
33160
33144
33139
33176
33165
33160
33175
33164
33170
33164
33176
33178
33141
33146
33080
33118
33111
33133
33129
33111
33132
33133
33150
33165
33140
33107
33142
33121
33143
33127
33127
33166
33170
33136
33094
33103
33101
33090
33120
33141
33163
33146
33151
33169
33131
33182
33181
33189
33229
33223
33177
33159
33169
33187
33195
33198
33244
33222
33135
33114
33122
33129
33127
33135
33103
33061
33072
33089
33121
33131
33127
33137
33119
33055
33103
33138
33173
33145
33159
33130
33124
33175
33153
33124
33135
33165
33163
33187
33190
33180
33231
33229
33205
33177
33157
33135
33159
33157
33169
33191
33187
33133
33167
33129
33157
33129
33122
33129
33136
33135
33137
33139
33135
33167
33114
33090
33103
33111
33103
33127
33119
33144
33147
33150
33143
33144
33130
33119
33166
33210
33175
33143
33204
33153
33145
33159
33124
33127
33177
33177
33144
33199
33183
33173
33142
33137
33113
33109
33127
33116
33146
33144
33097
33077
33089
33119
33117
33143
33109
33123
33127
33167
33151
33132
33172
33209
33179
33139
33188
33139
33119
33135
33103
33133
33189
33213
33166
33158
33183
33176
33156
33145
33101
33141
33119
33127
33121
33090
33116
33101
33105
33123
33169
33134
33109
33100
33103
33120
33109
33100
33129
33127
33074
33133
33150
33110
33144
33188
33167
33191
33171
33158
33187
33190
33171
33130
33180
33189
33165
33169
33141
33137
33189
33173
33169
33129
33134
33125
33101
33100
33140
33072
33077
33095
33103
33118
33175
33174
33161
33151
33136
33153
33153
33148
33171
33136
33137
33169
33165
33113
33151
33181
33175
33158
33126
33155
33192
33183
33183
33145
33135
33169
33167
33160
33151
33159
33164
33101
33109
33138
33125
33093
33110
33103
33127
33104
33092
33085
33111
33134
33126
33119
33117
33151
33135
33124
33137
33140
33135
33140
33170
33165
33173
33145
33207
33195
33174
33211
33202
33177
33143
33148
33124
33125
33122
33114
33087
33105
33141
33156
33141
33123
33135
33119
33073
33095
33123
33127
33135
33119
33147
33160
33127
33139
33123
33127
33140
33140
33127
33138
33142
33151
33171
33169
33159
33134
33157
33173
33164
33138
33116
33153
33151
33136
33097
33125
33163
33143
33111
33079
33110
33100
33129
33111
33050
33069
33111
33116
33103
33118
33108
33082
33115
33132
33158
33137
33095
33126
33156
33104
33141
33130
33133
33173
33161
33164
33157
33140
33150
33155
33113
33110
33097
33175
33177
33151
33127
33108
33087
33122
33147
33089
33129
33147
33122
33113
33087
33110
33085
33085
33095
33080
33103
33139
33146
33120
33079
33144
33171
33143
33143
33127
33180
33161
33187
33197
33157
33157
33134
33115
33153
33144
33107
33132
33114
33174
33123
33071
33107
33133
33122
33123
33077
33055
33063
33103
33105
33131
33091
33079
33107
33095
33102
33155
33131
33121
33147
33129
33141
33171
33151
33171
33143
33169
33191
33155
33176
33159
33160
33141
33170
33163
33116
33179
33173
33218
33153
33133
33141
33124
33143
33133
33119
33137
33154
33149
33148
33138
33127
33125
33166
33161
33149
33193
33151
33170
33175
33151
33179
33133
33117
33145
33123
33165
33210
33188
33177
33147
33169
33150
33111
33113
33105
33135
33120
33114
33089
33107
33109
33095
33104
33080
33141
33139
33137
33150
33085
33097
33137
33126
33155
33155
33144
33127
33147
33179
33160
33139
33157
33150
33155
33112
33127
33145
33173
33165
33150
33115
33109
33100
33103
33135
33161
33164
33127
33129
33135
33141
33126
33066
33087
33078
33067
33067
33091
33059
33044
33055
33053
33087
33084
33049
33046
33032
33093
33084
33069
33107
33139
33157
33128
33183
33162
33120
33125
33126
33153
33133
33126
33135
33159
33143
33137
33137
33165
33119
33144
33124
33125
33110
33117
33051
33071
33057
33111
33111
33137
33111
33080
33039
33056
33070
33073
33117
33120
33084
33130
33127
33151
33143
33135
33132
33159
33159
33169
33190
33221
33163
33111
33139
33145
33127
33135
33155
33127
33175
33161
33165
33113
33104
33137
33116
33154
33130
33116
33134
33155
33101
33137
33127
33116
33094
33089
33159
33127
33151
33141
33156
33136
33109
33121
33149
33151
33153
33173
33191
33206
33223
33172
33149
33125
33128
33171
33149
33176
33172
33113
33137
33150
33169
33148
33123
33073
33125
33118
33085
33091
33126
33111
33107
33128
33139
33095
33123
33067
33079
33126
33119
33123
33143
33197
33172
33173
33138
33148
33191
33154
33189
33155
33127
33186
33161
33160
33129
33141
33191
33171
33166
33100
33123
33136
33149
33134
33143
33111
33123
33125
33115
33145
33131
33135
33127
33104
33127
33087
33097
33139
33143
33166
33165
33177
33208
33199
33155
33183
33207
33137
33175
33179
33197
33175
33193
33172
33111
33113
33177
33167
33125
33124
33125
33119
33149
33154
33149
33143
33129
33126
33124
33153
33123
33143
33187
33186
33142
33128
33123
33107
33139
33122
33173
33195
33188
33180
33226
33173
33151
33158
33186
33188
33212
33197
33206
33144
33157
33167
33164
33169
33164
33198
33138
33147
33142
33109
33133
33144
33129
33109
33127
33127
33078
33109
33107
33118
33135
33178
33132
33117
33117
33134
33149
33123
33141
33158
33159
33147
33136
33153
33179
33165
33125
33143
33145
33165
33137
33073
33115
33133
33130
33127
33118
33070
33093
33103
33063
33079
33097
33091
33079
33085
33037
33041
33033
33047
33099
33117
33099
33074
33091
33066
33065
33098
33111
33073
33133
33136
33104
33106
33125
33119
33127
33134
33149
33159
33133
33127
33121
33110
33141
33136
33091
33108
33071
33091
33123
33119
33047
33083
33143
33123
33138
33087
33028
33036
33022
33105
33093
33095
33059
33061
33092
33076
33080
33102
33095
33124
33144
33140
33133
33154
33120
33105
33077
33143
33140
33095
33127
33133
33091
33084
33126
33135
33098
33099
33133
33113
33156
33139
33123
33103
33061
33095
33085
33068
33082
33105
33119
33089
33073
33135
33137
33128
33134
33113
33131
33181
33134
33145
33163
33143
33133
33175
33183
33195
33169
33140
33155
33157
33181
33171
33151
33151
33141
33143
33142
33069
33106
33110
33109
33092
33109
33073
33094
33108
33116
33106
33080
33141
33130
33113
33111
33133
33115
33135
33158
33175
33204
33164
33153
33160
33137
33143
33121
33106
33136
33107
33163
33121
33124
33117
33115
33135
33185
33144
33171
33155
33113
33123
33173
33149
33149
33131
33148
33141
33129
33130
33111
33116
33129
33143
33155
33161
33140
33156
33133
33121
33118
33157
33178
33185
33158
33132
33143
33161
33191
33183
33139
33105
33129
33098
33077
33063
33092
33123
33119
33085
33090
33065
33099
33084
33093
33103
33091
33072
33087
33110
33105
33102
33163
33116
33109
33067
33064
33127
33133
33136
33132
33111
33088
33167
33183
33135
33167
33155
33159
33174
33223
33175
33158
33135
33111
33129
33174
33159
33109
33082
33097
33113
33114
33079
33103
33124
33057
33075
33097
33116
33083
33043
33085
33057
33053
33106
33100
33115
33113
33130
33138
33139
33084
33120
33145
33121
33143
33187
33227
33150
33119
33136
33207
33167
33199
33173
33151
33136
33189
33179
33109
33131
33155
33151
33136
33143
33163
33151
33118
33089
33113
33119
33132
33115
33129
33142
33175
33117
33127
33162
33140
33114
33115
33159
33181
33136
33153
33191
33161
33148
33165
33177
33164
33143
33139
33166
33127
33155
33178
33124
33125
33147
33130
33123
33121
33107
33127
33119
33083
33097
33153
33127
33131
33111
33111
33162
33123
33110
33127
33103
33146
33193
33153
33141
33185
33177
33191
33178
33173
33173
33201
33197
33136
33145
33185
33204
33163
33133
33142
33179
33195
33151
33168
33186
33148
33144
33137
33163
33157
33185
33164
33168
33161
33113
33130
33136
33118
33155
33155
33101
33102
33186
33160
33147
33187
33177
33165
33169
33207
33201
33208
33198
33189
33188
33168
33173
33163
33221
33210
33211
33149
33140
33127
33151
33136
33137
33144
33159
33108
33144
33155
33159
33097
33103
33106
33095
33151
33163
33146
33129
33155
33176
33204
33214
33204
33167
33204
33220
33198
33163
33175
33158
33163
33176
33134
33183
33199
33159
33151
33165
33207
33157
33143
33174
33107
33151
33165
33136
33185
33171
33141
33164
33197
33173
33202
33185
33131
33153
33158
33193
33174
33163
33153
33153
33169
33212
33230
33170
33199
33248
33238
33175
33145
33170
33159
33171
33175
33183
33187
33126
33173
33114
33153
33137
33153
33135
33145
33121
33078
33097
33070
33149
33156
33140
33118
33137
33135
33151
33165
33137
33127
33166
33139
33097
33107
33157
33137
33115
33115
33101
33111
33163
33181
33137
33125
33079
33063
33063
33087
33085
33042
33063
33039
33043
33015
33049
33031
33013
33082
33033
33026
33023
33063
33066
33057
33047
33099
33043
33056
33064
33007
33041
33050
33115
33131
33051
33117
33142
33093
33013
33063
33111
33070
33054
33049
33041
33023
33015
33060
33015
33004
32980
32991
32975
32990
33028
32987
33007
32959
32977
32917
32976
32937
32946
33015
32995
33003
33037
33049
33081
33058
33031
33037
33026
32996
33046
33067
33063
33105
33082
33073
33098
33081
33035
33047
33088
33113
33091
33025
33046
33023
33031
33039
33062
33052
33083
33053
33029
33035
33022
33051
33020
33005
33107
33123
33065
33059
33093
33079
33075
33116
33125
33162
33154
33160
33141
33137
33133
33158
33153
33172
33189
33182
33172
33167
33135
33191
33169
33163
33181
33185
33167
33129
33171
33189
33146
33131
33121
33094
33113
33136
33113
33107
33163
33217
33168
33195
33212
33175
33191
33193
33178
33181
33191
33206
33219
33228
33224
33240
33207
33211
33213
33207
33178
33234
33261
33220
33265
33199
33235
33164
33136
33127
33161
33178
33224
33217
33205
33159
33156
33183
33179
33174
33143
33154
33168
33205
33217
33237
33221
33157
33181
33221
33237
33205
33221
33243
33196
33204
33207
33195
33212
33243
33219
33240
33255
33194
33186
33189
33187
33199
33275
33217
33196
33211
33175
33135
33187
33170
33206
33206
33160
33154
33185
33167
33159
33188
33149
33163
33160
33147
33141
33176
33189
33207
33204
33167
33189
33183
33201
33189
33188
33207
33196
33200
33269
33239
33223
33213
33209
33197
33231
33205
33164
33137
33117
33093
33149
33151
33150
33125
33153
33157
33184
33169
33173
33111
33133
33099
33127
33136
33130
33161
33166
33111
33136
33197
33178
33209
33225
33211
33193
33202
33224
33183
33218
33263
33239
33172
33208
33215
33233
33191
33183
33127
33107
33158
33165
33159
33153
33183
33175
33141
33125
33165
33123
33143
33138
33136
33083
33138
33147
33164
33127
33135
33139
33184
33142
33138
33147
33171
33173
33175
33191
33177
33167
33223
33189
33163
33185
33213
33183
33179
33189
33095
33125
33167
33169
33141
33150
33171
33119
33136
33178
33182
33151
33134
33179
33153
33125
33141
33124
33139
33142
33171
33191
33197
33167
33131
33168
33186
33156
33165
33199
33211
33201
33215
33223
33185
33201
33181
33127
33125
33115
33113
33111
33125
33114
33089
33123
33147
33118
33095
33129
33141
33152
33167
33149
33159
33159
33154
33127
33144
33186
33163
33169
33188
33165
33107
33193
33176
33189
33192
33191
33147
33134
33072
33148
33159
33188
33207
33182
33127
33169
33199
33105
33104
33084
33115
33118
33125
33167
33129
33089
33103
33093
33069
33132
33137
33117
33145
33121
33105
33121
33125
33151
33135
33141
33170
33174
33201
33159
33136
33175
33125
33129
33191
33170
33171
33169
33184
33149
33171
33159
33176
33173
33161
33135
33111
33165
33143
33103
33110
33122
33149
33154
33169
33174
33123
33160
33139
33105
33129
33150
33165
33191
33160
33156
33155
33140
33187
33179
33161
33138
33164
33191
33186
33132
33165
33213
33204
33157
33175
33143
33143
33144
33155
33159
33177
33115
33131
33195
33135
33134
33144
33111
33113
33135
33154
33183
33161
33164
33118
33145
33136
33106
33141
33155
33135
33183
33143
33149
33160
33167
33195
33207
33171
33145
33159
33171
33175
33158
33125
33151
33139
33129
33164
33207
33191
33191
33136
33161
33215
33183
33130
33139
33151
33137
33173
33131
33102
33179
33195
33164
33165
33211
33177
33160
33169
33157
33189
33169
33195
33173
33185
33239
33162
33153
33138
33135
33104
33143
33157
33123
33143
33203
33193
33139
33150
33119
33119
33123
33175
33175
33148
33119
33105
33112
33097
33125
33129
33124
33105
33111
33113
33109
33134
33095
33053
33157
33109
33103
33091
33083
33133
33091
33130
33123
33108
33067
33032
33068
33109
33065
33027
33022
33055
33023
33051
33048
33083
33086
33023
33015
33037
33003
32970
33015
33001
33044
33044
33027
33017
32997
33001
33014
33055
33007
33049
33079
33067
33039
33009
33023
33053
33055
33021
33001
33007
33012
33072
33064
33049
33058
33050
33096
33080
33059
32965
32983
33040
33011
32995
32975
33003
32992
32951
32959
32966
32941
32965
32953
32998
33007
33031
33002
32987
32998
32999
32962
33023
33074
33030
33057
33107
33059
33081
33083
33079
33069
33040
33052
33079
33143
33127
33117
33106
33107
33112
33079
33157
33113
33171
33121
33080
33059
33087
33107
33061
33069
33065
33041
33023
33077
33107
33143
33142
33090
33104
33105
33094
33115
33117
33076
33039
33097
33055
33135
33163
33189
33142
33119
33114
33145
33128
33127
33145
33136
33127
33175
33182
33177
33204
33207
33220
33170
33117
33171
33157
33133
33154
33175
33221
33231
33165
33179
33169
33159
33169
33189
33172
33181
33259
33240
33220
33156
33154
33197
33221
33165
33197
33174
33173
33175
33205
33169
33160
33222
33234
33201
33217
33229
33232
33191
33169
33111
33123
33136
33138
33187
33180
33175
33199
33214
33240
33193
33192
33175
33200
33190
33198
33234
33218
33207
33199
33208
33210
33159
33179
33148
33181
33175
33203
33186
33231
33239
33273
33219
33217
33152
33136
33151
33187
33168
33212
33193
33199
33180
33155
33206
33200
33223
33167
33135
33143
33166
33183
33151
33192
33217
33177
33163
33217
33189
33191
33199
33177
33150
33184
33187
33144
33157
33173
33153
33169
33157
33199
33157
33155
33170
33191
33180
33199
33175
33153
33174
33157
33121
33126
33155
33142
33158
33172
33192
33174
33193
33191
33128
33148
33152
33178
33163
33131
33153
33117
33119
33120
33163
33175
33178
33167
33153
33116
33137
33149
33181
33159
33114
33119
33144
33134
33171
33199
33159
33151
33127
33135
33164
33157
33168
33189
33174
33173
33134
33143
33148
33117
33121
33102
33105
33123
33182
33170
33127
33135
33158
33178
33197
33164
33143
33139
33145
33123
33163
33156
33135
33167
33127
33135
33154
33184
33165
33142
33140
33127
33143
33151
33182
33222
33192
33137
33111
33145
33181
33199
33171
33157
33159
33156
33147
33130
33163
33171
33175
33190
33173
33109
33124
33127
33132
33157
33125
33144
33149
33175
33146
33143
33147
33141
33149
33183
33178
33145
33159
33163
33180
33177
33157
33115
33135
33171
33161
33179
33170
33143
33195
33191
33151
33162
33161
33141
33175
33133
33163
33169
33111
33155
33191
33197
33192
33131
33129
33146
33131
33110
33163
33160
33183
33160
33185
33165
33155
33103
33161
33126
33167
33143
33144
33123
33189
33178
33187
33198
33165
33150
33135
33142
33185
33155
33162
33147
33143
33174
33169
33157
33175
33163
33191
33191
33191
33167
33129
33127
33139
33141
33149
33137
33123
33177
33187
33141
33120
33125
33205
33191
33205
33145
33251
33161
33155
33140
33148
33146
33144
33116
33127
33166
33140
33151
33127
33183
33183
33139
33177
33206
33213
33167
33191
33148
33123
33141
33141
33131
33139
33117
33129
33193
33180
33156
33154
33144
33136
33157
33139
33119
33147
33160
33219
33149
33157
33198
33145
33140
33147
33115
33141
33132
33155
33202
33156
33157
33155
33205
33172
33141
33166
33157
33167
33183
33206
33223
33189
33165
33207
33167
33138
33185
33169
33158
33177
33146
33135
33135
33120
33113
33163
33158
33149
33147
33132
33111
33101
33156
33169
33179
33183
33128
33150
33185
33137
33141
33150
33169
33155
33175
33210
33151
33155
33211
33169
33197
33163
33127
33198
33221
33157
33165
33183
33155
33140
33149
33133
33147
33111
33117
33121
33148
33167
33181
33218
33111
33117
33151
33140
33141
33149
33115
33151
33160
33163
33117
33109
33171
33167
33137
33129
33138
33117
33095
33109
33159
33145
33109
33135
33189
33162
33126
33114
33127
33125
33110
33140
33210
33138
33104
33167
33131
33130
33115
33138
33107
33121
33118
33143
33136
33141
33169
33127
33135
33112
33121
33151
33125
33143
33123
33154
33176
33161
33159
33148
33106
33099
33093
33131
33136
33127
33121
33085
33144
33189
33159
33143
33114
33127
33103
33121
33145
33143
33139
33107
33127
33148
33149
33135
33129
33192
33215
33164
33125
33147
33146
33107
33129
33111
33149
33156
33123
33158
33214
33167
33153
33134
33135
33173
33151
33134
33175
33165
33145
33151
33130
33095
33179
33173
33183
33125
33124
33125
33129
33148
33103
33135
33145
33171
33179
33167
33154
33161
33221
33193
33173
33151
33188
33186
33205
33151
33176
33149
33160
33127
33168
33156
33161
33193
33173
33150
33156
33199
33130
33141
33162
33164
33127
33157
33163
33191
33143
33161
33175
33150
33113
33174
33212
33155
33147
33167
33164
33169
33144
33143
33193
33153
33130
33121
33149
33141
33141
33116
33168
33126
33108
33111
33151
33131
33161
33195
33145
33123
33175
33135
33128
33161
33098
33143
33199
33146
33185
33165
33191
33119
33147
33177
33208
33175
33158
33168
33179
33189
33167
33156
33167
33179
33152
33136
33161
33116
33147
33095
33161
33141
33130
33134
33135
33139
33142
33111
33116
33140
33135
33143
33161
33158
33151
33134
33146
33145
33185
33181
33167
33135
33135
33107
33129
33166
33173
33175
33157
33175
33155
33119
33159
33171
33206
33209
33161
33139
33109
33146
33151
33137
33133
33151
33128
33141
33169
33175
33173
33147
33117
33136
33164
33171
33175
33131
33127
33089
33151
33149
33119
33136
33129
33111
33135
33143
33139
33142
33123
33143
33171
33164
33175
33133
33169
33175
33149
33191
33144
33159
33163
33149
33104
33117
33163
33161
33175
33141
33176
33213
33171
33127
33119
33118
33113
33130
33129
33097
33101
33115
33132
33111
33127
33113
33121
33164
33173
33141
33140
33130
33097
33113
33143
33141
33131
33134
33155
33151
33149
33157
33165
33155
33139
33183
33167
33180
33159
33112
33141
33156
33120
33102
33116
33135
33157
33173
33098
33079
33111
33101
33119
33161
33151
33120
33133
33161
33116
33115
33203
33181
33157
33116
33149
33132
33122
33168
33175
33129
33142
33170
33121
33151
33122
33141
33186
33143
33157
33181
33175
33129
33133
33151
33137
33121
33082
33143
33159
33129
33149
33115
33108
33121
33137
33145
33137
33179
33160
33197
33145
33121
33171
33158
33115
33106
33123
33161
33141
33153
33199
33242
33163
33129
33184
33123
33141
33147
33120
33131
33187
33141
33137
33143
33163
33143
33141
33109
33139
33175
33166
33115
33167
33161
33103
33135
33107
33127
33105
33127
33140
33153
33164
33101
33102
33113
33097
33149
33142
33131
33143
33124
33119
33128
33081
33143
33120
33143
33133
33109
33157
33160
33207
33127
33141
33076
33111
33136
33163
33160
33135
33083
33082
33120
33105
33117
33131
33145
33131
33114
33127
33127
33161
33162
33157
33175
33165
33157
33166
33167
33079
33138
33207
33173
33127
33123
33127
33157
33140
33113
33075
33057
33100
33123
33125
33143
33141
33105
33111
33101
33081
33103
33129
33112
33097
33088
33135
33156
33139
33145
33148
33135
33101
33146
33157
33123
33110
33102
33139
33117
33095
33075
33115
33108
33107
33091
33141
33175
33123
33105
33139
33111
33113
33119
33166
33105
33077
33073
33084
33118
33129
33135
33129
33149
33132
33136
33154
33151
33116
33098
33093
33101
33125
33075
33111
33115
33169
33146
33135
33127
33140
33146
33151
33123
33127
33133
33133
33127
33110
33122
33130
33090
33093
33066
33101
33095
33100
33095
33065
33064
33123
33111
33088
33127
33099
33117
33080
33115
33103
33092
33138
33128
33139
33143
33160
33156
33127
33092
33095
33109
33150
33135
33120
33147
33127
33107
33113
33119
33099
33121
33135
33144
33166
33143
33152
33126
33149
33209
33180
33119
33147
33127
33185
33139
33115
33128
33137
33103
33073
33119
33108
33104
33160
33138
33117
33108
33137
33141
33159
33163
33113
33102
33108
33126
33144
33149
33175
33126
33099
33142
33145
33169
33107
33119
33141
33085
33062
33135
33118
33118
33149
33141
33127
33164
33170
33168
33163
33146
33144
33152
33124
33103
33141
33131
33156
33159
33186
33168
33172
33185
33179
33178
33174
33143
33143
33159
33170
33144
33084
33120
33120
33126
33159
33151
33143
33143
33159
33171
33127
33155
33141
33113
33125
33151
33134
33133
33143
33127
33151
33187
33171
33136
33109
33143
33122
33139
33133
33118
33095
33143
33162
33147
33143
33131
33083
33163
33167
33201
33192
33151
33182
33199
33194
33169
33121
33144
33177
33148
33096
33147
33146
33122
33153
33133
33130
33154
33189
33123
33115
33127
33095
33104
33087
33151
33151
33120
33154
33175
33177
33171
33133
33147
33135
33100
33108
33151
33133
33129
33110
33121
33141
33086
33187
33171
33141
33119
33148
33139
33111
33123
33150
33144
33118
33128
33170
33160
33143
33153
33170
33179
33145
33158
33159
33155
33135
33164
33182
33167
33151
33136
33156
33187
33153
33213
33183
33204
33222
33163
33197
33193
33192
33169
33189
33178
33162
33183
33157
33166
33174
33134
33126
33159
33157
33141
33161
33133
33127
33166
33148
33171
33153
33139
33112
33149
33175
33159
33163
33188
33223
33162
33155
33157
33199
33160
33140
33176
33193
33193
33193
33179
33177
33188
33186
33139
33105
33142
33178
33129
33111
33130
33159
33107
33175
33185
33121
33143
33137
33178
33157
33137
33169
33172
33168
33120
33123
33161
33153
33137
33141
33123
33169
33183
33175
33157
33137
33142
33133
33151
33159
33111
33121
33171
33121
33127
33119
33101
33111
33123
33161
33128
33094
33085
33094
33116
33175
33180
33155
33139
33161
33129
33151
33136
33095
33135
33173
33202
33165
33125
33129
33158
33147
33149
33132
33159
33186
33204
33206
33243
33223
33197
33175
33157
33157
33131
33129
33159
33143
33176
33178
33159
33122
33152
33168
33179
33168
33157
33143
33083
33126
33136
33097
33114
33141
33113
33169
33125
33090
33143
33111
33134
33153
33123
33115
33123
33107
33171
33175
33147
33123
33114
33128
33137
33131
33125
33147
33121
33114
33127
33127
33162
33125
33143
33191
33159
33159
33112
33201
33151
33112
33122
33132
33155
33106
33150
33165
33151
33143
33153
33133
33138
33143
33166
33175
33124
33088
33135
33163
33209
33193
33133
33156
33130
33151
33159
33129
33106
33117
33121
33108
33128
33129
33153
33147
33139
33148
33175
33169
33191
33136
33185
33190
33151
33131
33164
33169
33197
33143
33144
33181
33140
33137
33144
33145
33203
33159
33157
33163
33172
33141
33113
33171
33139
33130
33188
33161
33118
33112
33136
33196
33199
33142
33098
33192
33193
33161
33092
33155
33144
33149
33197
33183
33141
33186
33211
33185
33161
33145
33165
33143
33195
33230
33177
33144
33097
33153
33171
33176
33175
33149
33134
33156
33172
33113
33134
33100
33158
33152
33157
33143
33149
33115
33174
33166
33137
33110
33137
33135
33103
33149
33154
33159
33188
33149
33163
33145
33131
33144
33171
33149
33143
33181
33161
33115
33160
33145
