33919
33931
33916
33911
33906
33979
33936
33899
33935
33953
33936
33961
33882
33903
33959
33919
33937
33907
33887
33883
33881
33932
33963
33976
33912
33854
33865
33904
33927
33890
33894
33921
33927
33906
33889
33915
33905
33875
33962
33855
33937
33897
33919
33943
33916
33976
33903
33881
33977
33887
33975
33905
33897
33932
33907
33953
33890
33878
33927
33892
33921
33895
33861
33937
33843
33912
33931
33925
33935
33889
33936
33877
33901
33955
33885
33935
33900
33910
33975
33921
33905
33898
33879
33920
33872
33915
33919
33931
33993
33889
33927
33887
33933
33957
33857
33917
33951
33933
33943
33910
33947
33887
33911
33899
33839
33919
33896
33913
33953
33903
33889
33912
33935
33927
33935
33944
33961
33910
33955
33839
33919
33875
33878
33908
33921
33966
33847
33898
33931
33859
33973
33891
33863
33927
33883
33946
33901
33880
33942
33901
33922
33881
33913
33892
33875
33943
33895
33917
33915
33911
33919
33878
33879
33879
33901
33933
33880
33880
33887
33892
33935
33877
33892
33899
33858
33930
33872
33901
33877
33853
33825
33859
33845
33919
33897
33914
33958
33889
33928
33891
33883
33855
33879
33897
33887
33873
33875
33924
33908
33867
33960
33897
33895
33952
33919
33933
33855
33947
33966
33886
33937
33922
33943
33867
33868
33907
33887
33941
33968
33815
33931
33897
33962
33901
33863
33935
33893
33873
33946
33863
33865
33897
33875
33909
33858
33927
33917
33885
33904
33865
33924
33842
33896
33950
33897
33933
33889
33963
33904
33891
33945
33914
33887
33915
33847
33898
33892
33869
33933
33895
33919
33897
33871
33883
33872
33903
33875
33863
33914
33879
33926
33908
33932
33903
33849
33945
33841
33923
33895
33860
33936
33847
33897
33915
33884
33897
33877
33903
33925
33878
33891
33887
33896
33876
33891
33892
33880
33909
33924
33865
33916
33883
33922
33951
33912
33897
33863
33888
33887
33887
33911
33855
33898
33907
33827
33931
33897
33895
33921
33832
33933
33855
33922
33882
33921
33903
33885
33916
33935
33877
33984
33940
33900
33929
33911
33932
33836
33847
33965
33888
33947
33869
33908
33895
33838
33940
33911
33877
33907
33879
33903
33865
33897
33943
33874
33927
33877
33895
33876
33906
33907
33889
33904
33937
33925
33963
33959
33897
33897
33863
33905
33862
33913
33903
33896
33927
33901
33898
33919
33876
33916
33872
33959
33918
33895
33899
33927
33907
33879
33927
33941
33947
33911
33924
33934
33915
33903
33917
33941
33873
33943
33921
33909
33899
33894
33953
33943
33916
33918
33911
33957
33911
33943
33958
33871
33981
33933
33909
33917
33880
33944
33859
33903
33901
33903
33892
33899
33938
33932
33909
33917
33878
33918
33946
33908
33961
33901
33941
33887
33905
33959
33935
33899
33947
33870
33929
33875
33879
33913
33881
33993
33891
33917
33896
33879
33994
33898
33919
33929
33927
33887
33898
33909
33903
33911
33913
33975
33880
33905
33898
33941
33856
33926
33930
33872
33883
33916
33939
33879
33858
33951
33836
33921
33858
33859
33893
33835
33875
33893
33863
33872
33901
33929
33926
33887
33934
33884
33867
33881
33878
33915
33871
33879
33820
33847
33907
33897
33866
33809
33867
33906
33874
33909
33903
33826
33899
33853
33875
33905
33855
33879
33859
33861
33897
33863
33937
33830
33897
33855
33866
33860
33859
33907
33867
33881
33938
33881
33898
33963
33899
33983
33969
33942
33916
33873
33905
33906
33919
33943
33933
33965
33905
33903
33885
33898
33928
33907
33919
33953
33898
33881
33875
33930
33919
33902
33970
33857
33927
33947
33871
33931
33943
33951
33941
33899
33921
33881
33919
33920
33893
33903
33893
33951
33921
33877
33942
33906
33960
33931
33863
33912
33931
33983
33917
33888
33964
33923
33928
33899
33890
33999
33932
33971
33946
33848
33949
33983
33988
33899
33931
33967
33931
33988
33994
33905
33935
33927
33953
33953
33957
33953
33883
33935
33921
33925
33971
33897
33955
33907
33875
33929
33915
33909
33863
33886
33947
33855
33918
33908
33914
33951
33869
33965
33923
33912
33927
33907
33973
33945
33879
33879
33904
33920
33901
33884
33947
33889
33972
33917
33974
33955
33943
33941
34000
33951
33940
33919
33943
33942
33914
34015
33929
33980
33949
33955
33966
33966
33926
33921
33881
33964
33940
33873
33875
33890
33989
33916
33967
33962
33879
33911
33861
33953
33965
33931
33895
33873
33911
33865
33887
33925
33869
33935
33890
33925
33919
33891
33927
33933
33935
33919
33900
33905
33897
33873
33919
33903
33915
33907
33863
33837
33895
33958
33900
33897
33938
33919
33952
33888
33871
33906
33853
33921
33887
33874
33946
33819
33893
33879
33866
33915
33885
33927
33899
33930
33953
33939
33941
33919
33889
33941
33871
33906
33878
33847
33943
33883
33907
33885
33887
33931
33906
33935
33868
33901
33919
33895
33923
33909
33924
33917
33885
33896
33911
33864
33931
33908
33941
33900
33815
33944
33901
33907
33857
33911
33905
33865
33922
33874
33879
33883
33893
33924
33914
33939
33951
33883
33913
33895
33904
33942
33880
33935
33857
33857
33944
33858
33923
33869
33868
33955
33871
33960
33891
33914
33890
33927
33927
33841
33870
33869
33811
33937
33866
33845
33900
33839
33891
33864
33823
33845
33871
33890
33881
33844
33847
33798
33910
33859
33821
33828
33851
33917
33816
33855
33863
33865
33885
33869
33883
33864
33839
33927
33893
33858
33928
33898
33933
33867
33910
33885
33889
33887
33914
33899
33916
33880
33887
33871
33913
33927
33889
33927
33885
33905
33914
33893
33897
33892
33876
33881
33887
33873
33933
33883
33879
33841
33927
33869
33905
33950
33864
33909
33887
33871
33907
33837
33890
33879
33870
33866
33851
33895
33874
33911
33937
33893
33891
33907
33898
33867
33900
33895
33854
33911
33941
33877
33969
33932
33914
33911
33926
33942
33906
33947
33995
33917
33955
33937
33924
33999
33898
33915
33891
33912
33948
33907
33939
33929
33962
33920
33911
33905
33946
33902
33919
33909
33995
33894
33907
33947
33895
33897
33887
33911
33927
33857
33879
33895
33893
33911
33894
33915
33885
33908
33911
33859
33924
33929
33907
33900
33859
33925
33871
33871
33888
33868
33868
33849
33899
33879
33893
33946
33907
33927
33903
33895
33908
33868
33877
33898
33879
33911
33894
33903
33948
33911
33913
33911
33879
33911
33903
33948
33895
33925
33903
33868
33953
33870
33937
33920
33901
33929
33883
33904
33961
33869
33941
33898
33879
33897
33927
33937
33863
33899
33937
33924
33933
33902
33947
33917
33885
33883
33947
33966
33881
33881
33932
33865
33907
33935
33912
33920
33865
33893
33943
33897
33881
33908
33959
33941
33916
33963
33897
33901
33918
33887
33930
33879
33932
33911
33875
33933
33945
33908
33969
33919
33970
33937
33911
33929
33913
33959
33886
33867
33923
33905
33951
33859
33921
33917
33912
33919
33870
33936
33935
33871
33853
33865
33918
33909
33854
33936
33923
33894
33895
33906
33966
33890
33903
33935
33849
33939
33879
33862
33898
33895
33946
33901
33930
33867
33907
33928
33891
33926
33883
33929
33919
33888
33901
33906
33921
33943
33907
33942
33915
33941
33921
33888
33925
34010
33884
33995
33943
33929
33927
33879
33941
33876
33922
33909
33902
33979
33903
33953
33919
33905
33951
33908
33911
33935
33898
33934
33866
33871
33926
33902
33899
33888
33891
33945
33914
33948
33881
33935
33927
33870
33918
33959
33947
33936
33923
33973
33937
33917
33957
33904
33939
33902
33967
34000
33929
33997
33957
33929
33979
33957
33999
33888
33967
33979
33911
33966
33947
33999
34013
33948
33996
33944
33991
33963
33961
33927
33906
33992
33951
33900
33913
33952
33967
33955
33916
33954
33918
33950
33918
33977
33983
33913
33933
33919
33880
33899
33904
33909
33938
33890
33950
33910
33929
33943
33909
33943
33973
33923
33907
33869
33967
33933
33909
33921
33894
33976
33908
33893
33919
33847
33913
33931
33920
33928
33911
33915
33876
33955
33891
33909
33991
33899
33915
33893
33897
33951
33941
33971
33916
33866
33935
33929
33941
33903
33917
33973
33892
33922
33896
33901
33967
33914
33931
33915
33905
33946
33944
33879
33922
33861
33930
33854
33879
33939
33919
33935
33917
33934
33896
33862
33886
33879
33893
33836
33843
33901
33907
33903
33902
33869
33925
33834
33919
33871
33847
33918
33896
33935
33869
33847
33935
33876
33887
33923
33908
33889
33913
33903
33863
33883
33871
33828
33913
33905
33953
33928
33887
33894
33911
33895
33891
33903
33883
33871
33881
33905
33883
33887
33921
33889
33899
33853
33872
33863
33855
33835
33882
33889
33881
33866
33955
33861
33897
33947
33865
33908
33881
33905
33900
33895
33909
33829
33896
33851
33851
33935
33911
33873
33895
33864
33883
33903
33930
33884
33912
33903
33891
33905
33910
33920
33920
33853
33914
33922
33885
33901
33856
33935
33869
33897
33931
33829
33910
33932
33843
33879
33839
33927
33913
33883
33904
33890
33932
33912
33914
33958
33921
33866
33875
33887
33924
33852
33904
33872
33851
33901
33846
33932
33912
33922
33937
33881
33882
33855
33866
33869
33853
33956
33879
33909
33934
33880
33895
33872
33914
33919
33878
33926
33925
33938
33925
33925
33922
33912
33891
33901
33907
33934
33871
33880
33966
33916
33954
33931
33895
33935
33887
33958
33919
33926
33943
33895
33898
33907
33853
33911
33907
33904
33916
33903
33907
33843
33920
33891
33862
33906
33872
33903
33870
33893
33919
33845
33858
33897
33897
33907
33869
33926
33943
33895
33900
33911
33882
33871
33883
33959
33852
33877
33919
33876
33905
33863
33887
33877
33899
33903
33869
33896
33902
33889
33895
33857
33910
33892
33883
33908
33904
33913
33883
33873
33963
33877
33882
33865
33847
33952
33843
33896
33953
33837
33850
33860
33961
33893
33906
33923
33905
33913
33868
33911
33961
33955
33945
33905
33907
33945
33849
33877
33869
33873
33851
33853
33904
33909
33885
33933
33946
33936
33917
33880
33910
33918
33962
33963
33883
33927
33877
33915
33905
33922
33917
33900
33939
33890
33881
33930
33852
33911
33887
33855
33881
33916
33907
33943
33883
33934
33868
33890
33879
33855
33909
33873
33940
33892
33878
33958
33819
33919
33921
33885
33938
33894
33889
33889
33869
33943
33918
33919
33886
33944
33940
33875
33914
33899
33926
33923
33892
33979
33920
33924
33944
33893
33929
33907
33898
33899
33822
33943
33905
33879
33921
33899
33970
33880
33879
33932
33881
33937
33910
33907
33918
33887
33899
33901
33884
33953
33886
33925
33868
33888
33889
33901
33907
33867
33918
33935
33915
33893
33886
33909
33937
33935
33905
33873
33879
33884
33847
33911
33886
33848
33905
33837
33909
33933
33871
33907
33903
33909
33873
33903
33933
33907
33902
33907
33895
33907
33891
33951
33901
33887
33907
33861
33886
33888
33856
33907
33947
33929
33895
33879
33923
33900
33933
33971
33901
33915
33915
33956
33903
33927
33967
33889
33949
33917
33929
33933
33895
33941
33926
33889
33955
33953
33933
33889
33891
33961
33880
33915
33935
33912
33959
33840
33929
33908
33906
33895
33866
33919
33915
33925
33934
33943
33949
33963
33899
33957
33891
33916
33917
33905
33931
33912
33917
33931
33889
33910
33885
33959
33935
33889
33945
33928
33970
33963
33988
33980
33934
33973
33938
33931
33967
33951
34010
33933
33945
33948
33908
33918
33963
33943
33968
33887
33970
33921
33903
33959
33901
33948
33909
33878
33922
33887
33989
33920
33927
33933
33903
33909
33901
33896
33901
33898
33932
33866
33905
33920
33879
33954
33914
33941
33944
33941
33959
33853
33865
33956
33928
33929
33967
33938
33925
33861
33949
33869
33887
33921
33885
33953
33911
33935
33898
33846
33872
33908
33857
33921
33928
33935
33875
33895
33931
33879
33941
33902
33902
33893
33910
33962
33975
33958
33911
33886
33927
33881
33896
33967
33879
33917
33957
33947
33879
33867
33931
33959
33940
33933
33929
33943
33883
33938
33977
33917
33940
33896
33928
33947
33964
33927
33881
33919
33903
33877
33903
33873
33929
33894
33869
33938
33925
33919
33923
33895
33931
33902
33923
33909
33931
33914
33879
33894
33880
33894
33938
33866
33929
33981
33867
33916
33873
33917
33911
33911
33944
33923
33921
33940
33869
33928
33880
33861
33897
33893
33962
33911
33931
33966
33910
33890
33882
33932
33909
33886
33901
33879
33819
33868
33898
33891
33869
33906
33885
33878
33937
33893
33925
33909
33819
33897
33908
33971
33975
33881
33917
33868
33899
33947
33871
33916
33947
33899
33936
33891
33899
33855
33901
33921
33845
33927
33879
33895
33952
33931
33901
33951
33931
33927
33893
33908
33850
33939
33900
33871
33899
33831
33887
33887
33927
33951
33891
33943
33926
33855
33935
33863
33871
33910
33872
33968
33909
33893
33907
33890
33909
33929
33887
33893
33855
33937
33891
33894
33917
33930
33953
33849
33913
33921
33873
33959
33885
33942
33913
33903
33967
33900
33888
33925
33893
33935
33917
33909
33865
33851
33927
33872
33889
33918
33870
33883
33874
33923
33913
33933
33927
33875
33916
33903
33891
33931
33863
33911
33907
33903
33933
33909
33894
33919
33873
33923
33921
33850
33912
33907
33949
33901
33896
33883
33856
33866
33834
33902
33871
33848
33892
33858
33863
33925
33833
33919
33902
33910
33920
33841
33957
33893
33895
33913
33864
33911
33909
33890
33923
33873
33888
33905
33945
33907
33879
33991
33875
33905
33865
33890
33875
33860
33919
33896
33913
33911
33889
33854
33971
33904
33887
33871
33933
33917
33893
33941
33912
33879
33934
33830
33891
33900
33869
33924
33870
33943
33855
33923
33893
33853
33910
33882
33905
33916
33869
33947
33865
33892
33885
33862
33906
33883
33914
33893
33865
33899
33865
33862
33877
33850
33908
33899
33929
33867
33805
33857
33898
33899
33865
33833
33918
33923
33919
33923
33874
33895
33869
33891
33879
33847
33854
33893
33893
33907
33902
33895
33872
33894
33912
33910
33991
33924
33906
33938
33883
33925
33871
33913
33922
33911
33957
33875
33885
33853
33852
33904
33895
33860
33839
33857
33938
33863
33907
33916
33863
33925
33915
33903
33883
33833
33941
33884
33902
33915
33925
33928
33891
33927
34001
33944
33961
33922
33907
33975
33901
33923
33903
33982
33929
33925
33967
33927
33951
33919
33911
33952
33904
33937
33946
33923
33980
33955
33938
33973
33895
33921
33933
33952
33945
33959
33905
33877
33879
33929
33864
33919
33935
33931
33911
33903
33919
33887
33925
33989
33897
33933
33941
33942
33931
33963
33957
33950
33958
33919
33904
33872
33948
33933
33912
33853
33911
33872
33913
33947
33878
33949
33943
33919
33935
33918
33932
33894
33927
33909
33894
33950
33900
33915
33927
33929
33939
33949
33955
33907
33880
33901
33857
33924
33914
33889
33925
33871
33897
33889
33900
33919
33861
33917
33959
33877
33919
33895
33905
33889
33891
33919
33835
33879
33911
33849
33857
33923
33885
33925
33879
33903
33880
33901
33883
33920
33949
33891
33921
33901
33909
33935
33904
33831
33923
33864
33916
33857
33952
33938
33943
33897
33858
33891
33885
33912
33919
33911
33905
33875
33910
33925
33897
33871
33942
33884
33947
33871
33931
33927
33911
33947
33904
33964
33947
33909
33928
33894
33913
33928
33883
33911
33883
33926
33914
33873
33911
33863
33875
33934
33913
33953
33896
33919
33862
33898
33939
33939
33851
33891
33879
33936
33871
33892
33916
33860
33907
33867
33913
33943
33907
33959
33881
33932
33928
33867
33909
33867
33958
33919
33911
33917
33911
33951
33885
33895
33912
33897
33882
33905
33888
33894
33875
33889
33860
33860
33925
33857
33899
33875
33919
33877
33905
33911
33899
33891
33951
33876
33939
33921
33891
33899
33852
33863
33927
33860
33954
33863
33845
33919
33902
33943
33846
33897
33890
33857
33865
33908
33880
33927
33875
33905
33879
33866
33923
33909
33949
33908
33936
33965
33925
33938
33905
33941
33920
33929
33903
33880
33899
33949
33887
33948
33919
33934
33952
33906
33957
33935
33916
33913
33965
33969
33930
33945
33935
33904
33942
33907
34007
33936
33947
34011
33870
33905
33946
33953
33970
33912
33975
33893
33855
33946
33907
33928
33949
33910
33961
33874
33959
33955
33940
33908
33875
33955
33907
33863
33917
33893
33897
33889
33917
33938
33935
33924
33904
33904
33983
33951
33919
33921
33891
33967
33895
33966
33956
33902
33912
33903
33938
33899
33882
33927
33898
33903
33887
33906
33953
33923
33942
33918
33927
33961
33887
33936
33948
33927
33899
33867
33926
33928
33883
33900
33893
33945
33879
33893
33907
33852
33913
33925
33922
33909
33850
33904
33897
33887
33911
33899
33957
33833
33869
33899
33865
33933
33895
33927
33951
33881
33965
33933
33871
33905
33891
33867
33907
33895
33947
33925
33943
33911
33879
33856
33889
33862
33919
33953
33956
33852
33913
33927
33901
33923
33820
33875
33874
33889
33895
33862
33891
33893
33866
33917
33829
33925
33929
33892
33936
33874
33926
33918
33884
33895
33835
33881
33821
33848
33928
33854
33925
33895
33851
33903
33857
33935
33925
33926
33946
33929
33927
33888
33909
33945
33919
33912
33905
33934
33939
33880
33904
33887
33895
33953
33880
33909
33879
33905
33932
33879
33951
33901
33869
33951
33882
33901
33887
33863
33916
33874
33889
33885
33900
33877
33905
33932
33919
33895
33914
33867
33935
33903
33885
33899
33865
33903
33906
33866
33923
33891
33888
33895
33907
33945
33879
33908
33907
33899
33906
33869
33928
33925
33931
33886
33895
33922
33898
33919
33938
33932
33934
33888
33877
33918
33897
33921
33953
33911
33955
33932
33984
33914
33879
33953
33899
33921
33902
33930
33906
33879
33983
33943
33938
33949
33893
33887
33957
33933
33925
33919
33919
33905
33911
33887
33906
33961
33918
33886
33924
33897
33913
33927
33898
33933
33919
33937
33922
33903
33978
33881
33938
33905
33923
33923
33914
33891
33889
33904
33905
33897
33903
33925
33907
33926
33887
33881
33893
33847
33871
33889
33955
33888
33934
33969
33890
33931
33909
33893
33949
33907
33990
33935
33908
33903
33895
33903
33870
33869
33918
33875
33930
33920
33894
33924
33913
33919
33901
33874
33919
33856
33932
33902
33847
33910
33886
33917
33919
33895
33933
33872
33859
33909
33864
33928
33860
33926
33922
33913
33873
33929
33892
33910
33851
33926
33918
33903
33886
33926
33941
33901
33945
33906
33907
33899
33904
33955
33928
33901
33933
33887
33921
33933
33903
33915
33861
33912
33928
33905
33925
33885
33914
33906
33919
33969
33846
33899
33869
33907
33982
33893
33918
33863
33915
33923
33909
33917
33902
33878
33957
33912
33921
33896
33945
33943
33924
33918
33923
33900
33915
33898
33905
33876
33894
33895
33841
33940
33819
33886
33908
33887
33955
33883
33918
33912
33871
33958
33919
33921
33931
33925
33892
33915
33914
33943
33898
33941
33914
33977
33957
33924
33937
33907
33890
33914
33879
33941
33877
33873
33932
33841
33895
33896
33953
33959
33857
33896
33932
33851
33895
33860
33883
33911
33894
33974
33913
33891
33879
33869
33935
33883
33933
33900
33912
33898
33893
33848
33905
33881
33945
33877
33945
33945
33863
33895
33835
33909
33839
33887
33916
33886
33960
33900
33914
33959
33903
33927
33905
33895
33943
33968
33911
33922
33941
33952
33916
33975
33913
33938
33954
33951
33959
33935
33915
33975
33959
33929
33921
33931
33950
33918
33947
33890
33907
33951
33885
33929
33919
33925
33923
33915
33933
33895
33909
33925
33883
33890
33862
33877
33985
33904
33943
33907
33932
33930
33863
33938
33914
33921
33897
33876
33983
33897
33906
33923
33845
33913
33977
33923
33927
33931
33970
33897
33886
33945
33903
33922
33943
33932
33980
33897
33942
33917
33939
33909
33928
33888
33879
33908
33933
33910
33929
33860
33894
33893
33919
33902
33877
33907
33964
33859
33911
33903
33925
33955
33885
33891
33923
33873
33929
33891
33963
33922
33873
33924
33842
33956
33935
33935
33927
33927
33953
33879
33909
33913
33909
33927
33908
33902
33877
33897
33873
33919
33883
33933
33863
33922
33891
33923
33935
33922
33987
33934
33891
33982
33869
33885
33928
33907
33895
33896
33939
33892
33906
33963
33905
33958
33891
33983
33911
33891
33925
33851
33892
33953
33847
33938
33891
33891
33949
33855
33929
33876
33913
33933
33923
33923
33917
33891
33847
33824
33893
33863
33873
33899
33859
33911
33879
33889
33887
33893
33943
33917
33910
33904
33887
33884
33875
33898
33879
33879
33929
33865
33906
33919
33909
33945
33913
33969
33927
33882
33959
33917
33911
33943
33838
33908
33855
33888
33938
33902
33893
33883
33941
33952
33860
33911
33890
33883
33890
33913
33897
33911
33899
33931
33861
33945
33900
33905
33913
33880
33893
33841
33915
33959
33913
33905
33867
33877
33943
33901
33921
33892
33831
33854
33865
33921
33885
33864
33911
33900
33865
33855
33935
33951
33923
33895
33915
33968
33934
33911
33943
33925
33909
33942
33918
33988
33890
33905
33997
33951
33996
33943
33989
33957
33950
33972
33917
33936
33995
33911
33951
33902
33899
33980
33911
33939
33929
33910
33911
33919
33975
33906
33911
33951
33885
33893
33893
33885
34029
33875
33917
33902
33917
33923
33922
34027
33933
33919
33927
33933
33967
33906
33863
33939
33875
33935
33913
33953
33909
33943
33880
33911
33893
33952
33886
33906
33907
33911
33884
33890
33923
33915
33957
33891
33847
33926
33871
33914
33919
33869
33897
33901
33869
33988
33813
33919
33865
33939
33897
33893
33911
33903
33885
33939
33901
33981
33921
33963
33926
33901
33906
33872
33875
33881
33895
33906
33874
33907
33932
33908
33959
33875
33889
33911
33848
33935
33929
33911
33889
33879
33923
33867
33848
33879
33927
33919
33911
33911
33931
33894
33967
33895
33877
33897
33847
33937
33885
33857
33888
33878
33892
33901
33927
33897
33886
33921
33881
33929
33957
33893
33915
33905
33915
33937
33851
33916
33883
33861
33914
33847
33901
33863
33895
33927
33871
33932
33894
33897
33863
33893
33907
33909
33919
33909
33874
33868
33897
33883
33927
33887
33939
33915
33907
33920
33873
33915
33849
33900
33917
33891
33912
33877
33889
33887
33933
33897
33863
33889
33936
33844
33900
33865
33889
33877
33871
33895
33871
33876
33896
33864
33913
33911
33897
33908
33894
34000
33920
33959
33881
33901
33938
33899
33922
33949
33855
33892
33887
33886
33865
33901
33911
33847
33863
33863
33902
33898
33879
33916
33929
33885
33901
33905
33921
33915
33865
33919
33905
33910
33917
33923
33909
33881
33926
33914
33907
33943
33897
33951
33975
33921
33887
33919
33917
33952
33947
33932
33941
33927
33873
33879
33953
33963
33899
33909
33927
33919
33895
33911
33936
33940
33940
33931
33911
33907
33918
33929
33877
33897
33923
33888
33959
33949
33939
33936
33868
33966
33891
33900
33912
33895
33982
33896
33961
33935
33865
33901
33927
33927
33937
33871
33879
33906
33921
33919
33913
33937
33928
33905
33956
33893
33917
33931
33962
33925
33896
33938
33872
33897
33941
33877
33941
33923
33932
33905
33867
33949
33921
33885
33925
33916
33953
33925
33916
33904
33867
33904
33897
33943
33915
33899
33909
33906
33951
33900
33873
33927
33851
33871
33881
33893
33933
33869
33869
33890
33890
33967
33880
33870
33912
33873
33907
33861
33927
33896
33907
33932
33926
33853
33919
33895
33967
33901
33873
33889
33908
33986
33945
33942
33872
33890
33962
33931
33927
33921
33929
33983
33927
33901
33869
33895
33951
33906
33913
33906
33895
33883
33827
33930
33943
33903
33927
33847
33895
33950
33881
33927
33834
33915
33921
33850
33924
33932
33914
33925
33911
33935
33902
33909
33929
33944
33918
33841
33924
33883
33889
33936
33867
33931
33967
33911
33945
33879
33961
33931
33873
33896
33887
33895
33906
33889
33905
33897
33891
33882
33902
33943
33865
33910
33930
33886
33922
33909
33895
33938
33861
33975
33935
33951
33931
33907
33978
33889
33907
33935
33881
33986
33902
33908
33903
33883
33911
33879
33937
33930
33895
33935
33901
33908
33925
33906
33927
33847
33901
33839
33835
33911
33863
33859
33881
33847
33859
33871
33909
33867
33871
33905
33859
33880
33864
33831
33875
33856
33887
33887
33910
33887
33907
33927
33839
33903
33936
33886
33907
33863
33871
33947
33923
33897
33934
33908
33952
33853
33863
33925
33897
33975
33893
33882
33919
33888
33902
33926
33965
33895
33891
33963
33863
33958
33922
33854
33935
33899
33940
33879
33889
33895
33859
33889
33879
33907
33920
33878
33892
33885
33890
33949
33899
33885
33892
33941
33928
33927
33959
33823
33846
33927
33929
33902
33927
33927
33865
33857
33899
33923
33843
33970
33881
33902
33887
33942
33931
33889
33883
33894
33900
33967
33865
33950
33943
33873
33928
33879
33889
33894
33892
33887
33913
33962
33879
33886
33927
33849
33925
33876
33864
33942
33911
33885
33907
33861
33889
33859
33870
33907
33857
33879
33898
33932
33884
33897
33947
33860
33945
33921
33927
33919
33843
33878
33927
33891
33917
33882
33927
33921
33867
33901
33863
33911
33867
33881
33898
33918
33899
33896
33867
33906
33887
33926
33905
33831
33915
33871
33861
33891
33905
33889
33897
33933
33906
33911
33895
33860
33947
33873
33889
33957
33827
33937
33919
33883
33930
33879
33888
33904
33872
33911
33847
33905
33865
33906
33909
33839
33941
33893
33848
33928
33881
33917
33923
33890
33919
33861
33944
33886
33955
33864
33889
33921
33915
33903
33926
33887
33941
33969
33909
33953
33885
33997
33929
33873
33929
33894
33932
33857
33907
33909
33839
33931
33901
33907
33932
33852
33895
33905
33941
33952
33865
33905
33897
33896
33915
33943
33906
33859
33829
33924
33897
33878
33905
33959
33933
33908
33939
33924
33965
33939
33874
33941
33943
33900
33938
33881
33967
33872
33878
33909
33851
33927
33903
33891
33879
33877
33909
33849
33899
33925
33871
33939
33924
33955
33947
33881
33915
33943
33953
33922
33923
33977
33922
33971
33981
33919
33917
33935
33886
33943
33901
33951
33915
33893
33943
33899
33955
33943
33933
33936
33927
33959
33931
33953
33953
33909
33956
33948
33941
33989
33925
33941
33934
33869
33935
33906
33968
33923
33919
33919
33927
33926
33915
33957
33996
33913
33937
33897
33895
33911
33902
33918
33929
33919
33971
33924
33934
33911
33958
33980
33937
33929
33919
33936
33932
33931
33970
33888
33911
33997
33900
33933
33967
33971
33957
33907
33990
33991
33921
33980
33943
33979
33956
33933
33959
33904
33963
33938
33939
33943
33941
33965
33895
33923
33929
33955
33899
33921
33919
33921
33904
33960
33881
33907
33927
33891
33946
33879
33901
33935
33910
33903
33927
33919
33935
33876
33927
33867
33865
33923
33865
33897
33895
33890
33927
33935
33897
33914
33904
33951
33904
33943
33901
33893
33923
33838
33939
33837
33864
33866
33887
33933
33923
33917
33968
33864
33935
33881
33937
33919
33873
33881
33899
33897
33899
33825
33849
33863
33880
33898
33790
33893
33820
33893
33917
33886
33900
33889
33878
33906
33875
33921
33876
33893
33919
33826
33933
33875
33905
33925
33907
33923
33843
33889
33920
33892
33911
33858
33926
33886
33869
33887
33892
33895
33902
33887
33940
33891
33857
33906
33871
33884
33869
33909
33908
33878
33952
33847
33902
33944
33846
33922
33911
33906
33863
33869
33928
33922
33909
33887
33887
33919
33879
33884
33915
33853
33861
33851
33919
33907
33889
33911
33823
33887
33889
33844
33934
33865
33858
33879
33919
33953
33875
33892
33903
33908
33926
33909
33913
33888
33853
33928
33899
33943
33966
33947
34018
33971
33910
34011
33989
33990
33975
33944
33983
33949
33972
33928
33926
33924
33910
33936
33919
33927
33947
33947
33954
33888
33961
33926
33941
33939
33903
33963
33915
33886
33945
33871
33941
33897
33899
33909
33921
33921
33973
33893
33917
33900
33896
33924
33900
33919
33901
33919
33957
33887
33980
33949
33899
34043
33855
33908
33897
33955
33905
33875
33931
33897
33941
33909
33907
33914
33943
33927
33933
33909
33919
33926
33961
33908
33920
33965
33932
33896
33898
33900
33898
33874
33937
33857
33913
33930
33843
33932
33913
33877
33908
33921
33912
33906
33869
33943
33937
33966
33883
33879
33931
33893
33924
33906
33912
33929
33859
33895
33960
33895
33943
33867
33943
33927
33875
33919
33916
33881
33926
33879
33918
33891
33865
33904
33915
33944
33890
33927
33925
33906
33917
33867
33863
33948
33865
33943
33864
33894
33909
33852
33929
33909
33909
33921
33860
33919
33887
33911
33950
33895
33955
33915
33940
33950
33905
33865
33925
33912
33856
33872
33905
33942
33875
33869
33873
33947
33867
33923
33845
33886
33889
33908
33909
33891
33845
33895
33842
33905
33933
33892
33896
33911
33901
33880
33899
33860
33851
33903
33969
33895
33919
33890
33919
33945
33935
33881
33871
33910
33915
33882
33929
33900
33925
33913
33867
33871
33882
33887
33898
33886
33907
33866
33937
33909
33862
33903
33869
33896
33897
33889
33923
33884
33901
33879
33861
33947
33890
33901
33917
33879
33911
33845
33869
33921
33885
33894
33847
33855
33890
33871
33906
33874
33911
33949
33821
33901
33872
33869
33885
33863
33926
33911
33899
33920
33877
33899
33922
33922
33897
33929
33945
33914
33930
33929
33916
33878
33898
33913
33931
33902
33939
33947
33887
33931
33923
33947
33933
33865
33921
33961
33947
33878
33927
33890
33910
33910
33849
33915
33925
33892
33950
33871
33927
33905
33891
33929
33884
33925
33968
33855
33939
33863
33911
33884
33847
33885
33893
33946
33926
33943
33962
33888
33907
33935
33877
33941
33893
33912
33905
33903
33900
33903
33874
33893
33863
33943
33874
33912
33924
33907
33963
33910
33903
33895
33877
33916
33863
33924
33863
33859
33931
33813
33896
33845
33876
33937
33908
33875
33891
33902
33895
33903
33879
33955
33912
33919
33858
33942
33953
33908
33882
33893
33953
33925
33916
33912
33899
33901
33906
33897
33890
33842
33883
33903
33881
33919
33879
33966
33877
33866
33916
33872
33891
33911
33895
33847
33928
33929
33921
33871
33913
33871
33936
33870
33887
33942
33868
33898
33864
33815
33893
33844
33912
33899
33889
33889
33887
33927
33901
33887
33917
33863
33955
33850
33865
33966
33901
33923
33882
33897
33891
33840
33935
33919
33871
33920
33927
33975
33921
33916
33877
33869
33906
33945
33879
33902
33902
33927
33894
33885
33932
33929
33913
33935
33876
33909
33904
33911
33910
33911
33927
33890
33915
33919
33911
33903
33899
33908
33891
33862
33895
33891
33903
33904
33890
33890
33863
33927
33931
33945
33953
33911
33947
33887
33881
33917
33885
33906
33873
33866
33903
33949
33918
33950
33962
33957
33895
33929
33929
33874
33905
33907
33954
33956
33879
33932
33879
33933
33937
33884
33927
33863
33921
33863
33906
33922
33868
33912
33854
33874
33899
33871
33901
33894
33889
33903
33853
33894
33887
33887
33946
33925
33939
33931
33894
33958
33925
33891
33911
33867
33867
33881
33949
33915
33907
33889
33905
33933
33926
33919
33951
33919
33941
33951
33943
33963
33902
33889
33894
33915
33889
33904
33894
33893
33902
33925
33898
33877
33904
33859
33897
33859
33895
33891
33892
33925
33878
33892
33879
33870
33927
33889
33921
33939
33881
33947
33907
33945
33948
33895
33954
33913
33961
33927
33949
33875
33863
33920
33917
33903
33980
33941
33932
33871
33889
33965
33930
33905
33885
33908
33925
33898
33945
33909
33927
33964
33891
33934
33927
33901
33927
33892
33935
33886
33904
33912
33897
33922
33862
33889
33933
33911
33879
33851
33917
33930
33983
33922
33887
33891
33898
33869
33875
33933
33903
33922
33947
33933
33928
33938
33931
33907
33943
33971
33927
33919
33872
33912
33890
33887
33939
33903
33932
33927
33906
33898
33883
33955
33934
33929
33916
33895
33979
33907
33948
33925
33901
33909
33902
33890
33960
33907
33931
33935
33934
33936
33863
33899
33935
33958
33946
33939
33976
33900
33913
33936
33895
33926
33867
33889
33919
33893
33917
33909
33926
33977
33876
33905
33940
33890
33918
33869
33897
33921
33889
33935
33871
33939
33873
33886
33911
33913
33896
33892
33943
33909
33901
33951
33905
33900
33930
33879
33938
33915
33911
33937
33909
33932
33892
33911
33946
33847
33919
33890
33861
33883
33911
33986
33943
33888
33921
33878
33939
33921
33938
33909
33882
33917
33915
33932
33952
33911
33895
33871
33858
33887
33892
33929
33895
33890
33924
33903
33932
33961
33935
33941
33879
33963
33915
33929
33971
33903
33981
33907
33930
33927
33917
33927
33897
33932
33931
33838
33954
33956
33926
33968
33960
33969
33949
33946
33977
33870
33945
33924
33903
33927
33906
33954
33906
33967
33966
33949
33945
33955
33925
33891
33909
33948
33907
33917
33929
33931
33987
33952
33893
33971
33889
33967
33902
33847
33953
33907
33897
33914
33897
33959
33899
33961
33922
33932
33983
33921
33959
33913
33935
33885
33931
33966
33925
33882
33940
33905
33900
33988
33944
33908
33862
33915
33916
33935
33914
33898
33951
33899
33943
33893
33863
33965
33889
33887
33921
33911
33916
33882
33929
33988
33927
33914
33924
33951
33953
33911
33902
33915
33925
33895
33891
33951
33899
33935
33886
33831
33921
33883
33885
33911
33869
33905
33853
33911
33905
33861
33927
33961
33887
33904
33913
33901
33919
33949
33904
33889
33911
33933
33906
33893
33850
33893
33874
33938
33960
33875
33943
33903
33903
33925
33887
33942
33957
33897
33929
33922
33932
33861
33891
33921
33871
33877
33916
33923
33924
33888
33961
33859
33855
33927
33849
33897
33918
33877
33880
33849
33923
33919
33895
33956
33907
33921
33917
33907
33937
33849
33883
33883
33900
33915
33911
33965
33871
33944
33906
33883
33931
33868
33894
33857
33890
33907
33903
33900
33927
33853
33863
33876
33859
33894
33841
33882
33870
33903
33870
33871
33895
33887
33879
33923
33871
33929
33870
33886
33943
33865
33864
33909
33952
33920
33897
33846
33883
33861
33860
33924
33954
33845
33987
33944
33832
33928
33931
33917
33863
33860
33897
33920
33899
33858
33833
33889
33873
33970
33893
33799
33905
33880
33880
33917
33881
33897
33935
33898
33913
33877
33905
33896
33869
33939
33868
33939
33899
33880
33928
33869
33931
33909
33936
33936
33946
33977
33911
33953
33961
33959
33931
33934
33991
33974
33911
33927
33903
33959
33990
33951
33918
33955
33981
33975
33921
33968
33998
33967
33969
33914
33967
33937
33904
33959
33921
33944
33957
33900
33940
33907
33979
33900
33936
33943
33872
33947
33857
33863
33887
33947
33967
33898
33909
33885
33913
33932
33905
33916
33926
33869
33912
33915
33926
33961
33861
33943
33893
33882
33923
33869
33927
33873
33927
33916
33892
33944
33845
33925
33956
33863
33942
33880
33935
33956
33897
33957
33856
33911
33932
33883
33929
33911
33895
33884
33905
33917
33908
33905
33917
33877
33932
33901
33875
33888
33887
33924
33907
33923
33945
33911
33900
33875
33930
33933
33863
33935
33857
33927
33847
33827
33880
33899
33871
33903
33835
33883
33858
33842
33912
33863
33879
33881
33897
33854
33881
33859
33853
33905
33893
33857
33901
33843
33895
33891
33903
33904
33863
33924
33919
33903
33902
33881
33927
33851
33843
33907
33894
33881
33882
33851
33928
33891
33879
33859
33899
33899
33826
33872
33897
33889
33920
33899
33874
33928
33884
33914
33847
33893
33884
33909
33922
33857
33868
33879
33961
33866
33860
33948
33896
33871
33917
33839
33915
33887
33911
33923
33914
33909
33872
33846
33877
33862
33876
33933
33866
33919
33886
33871
33863
33892
33919
33864
33883
33893
33882
33907
33884
33911
33893
33905
33949
33907
33863
33886
33855
33895
33903
33923
33887
33869
33937
33850
33898
33921
33848
33925
33901
33933
33911
33842
33923
33886
33914
33934
33892
33935
33893
33927
33889
33866
33897
33881
33932
33876
33878
33923
33876
33855
33903
33877
33883
33863
33961
33859
33875
33951
33953
33961
33992
33889
33950
33919
33943
33991
33967
33958
33900
33983
33965
33907
33922
33839
33915
33914
33947
33924
33887
33901
33938
33901
33951
33885
33896
33889
33911
33919
33903
33932
33929
33909
33903
33947
33895
33900
33896
33931
33868
33883
33938
33917
33915
33881
33875
33929
33881
33921
33875
33913
33907
33868
33862
33855
33875
33907
33903
33926
33849
33867
33882
33879
33887
33855
33911
33896
33852
33919
33915
33903
33941
33881
33889
33895
33925
33863
33911
33941
33899
33957
33918
33855
33925
33928
33907
33919
33878
33871
33885
33889
33919
33909
33866
33927
33913
33871
33865
33887
33859
33873
33866
33859
33933
33895
33882
33919
33874
33960
33897
33909
33859
33855
33925
33866
33922
33928
33912
33982
33883
33964
33882
33889
33918
33885
33885
33841
33889
33899
33891
33894
33928
33853
33902
33919
33948
33883
33911
33909
33859
33905
33902
33879
33935
33882
33906
33903
33865
33951
33891
33910
33891
33899
33925
33804
33935
33841
33897
33895
33903
33902
33863
33828
33871
33802
33913
33860
33871
33909
33847
33831
33877
33871
33877
33813
33879
33857
33885
33923
33829
33893
33853
33843
33901
33882
33861
33839
33862
33852
33861
33957
33855
33848
33855
33882
33923
33868
33883
33891
33834
33864
33896
33857
33922
33861
33919
33898
33855
33861
33850
33919
33863
33879
33859
33907
33924
33920
33883
33917
33827
33901
33894
33902
33927
33818
33916
33886
33921
33933
33871
33910
33917
33853
33894
33847
33897
33873
33851
33897
33804
33893
33911
33882
33946
33891
33961
33884
33896
33943
33869
33869
33945
33879
33892
33873
33911
33888
33911
33911
33899
34015
33977
33914
33949
33965
33934
33935
33914
34006
33917
33926
33937
33923
33946
33869
33919
33925
33903
33911
33905
33922
33909
33923
33957
33917
33905
33875
33945
33947
33866
33975
33899
33903
33918
33837
33877
33911
33874
33887
33854
33940
33856
33868
33901
33861
33899
33857
33864
33916
33895
33924
33896
33928
33958
33894
33927
33902
33895
33853
33873
33912
33849
33875
33939
33915
33939
33961
33939
33967
33889
33900
33919
33913
33966
33871
33958
33903
33896
33901
33833
33880
33907
33848
33895
33879
33943
33945
33869
33938
33871
33898
33852
33863
33923
33876
33919
33927
33909
33919
33862
33911
33916
33865
33898
33875
33895
33931
33913
33893
33885
33949
33896
33861
33943
33889
33895
33863
33871
