181
156
157
133
132
141
127
151
127
119
121
102
184
124
103
119
111
123
143
127
121
133
134
151
114
120
187
123
113
122
106
112
177
172
187
163
186
180
185
186
180
167
181
180
171
153
181
176
173
175
179
181
175
181
104
110
179
165
171
169
158
154
184
185
175
149
179
169
174
156
188
179
154
177
174
169
158
131
151
165
143
173
169
149
169
151
181
182
163
177
151
157
168
138
147
162
162
152
142
139
135
132
115
162
141
149
121
133
110
138
113
171
107
188
191
103
127
179
169
182
98
175
144
162
179
159
182
170
175
186
182
143
175
175
155
181
170
167
175
161
157
165
159
154
147
154
135
140
150
140
137
137
129
135
135
119
103
136
115
140
135
157
158
145
152
154
151
135
121
127
135
123
110
122
135
117
107
139
129
122
119
123
130
135
126
118
127
117
109
107
117
126
119
120
141
129
137
147
149
127
143
137
129
123
101
116
137
111
123
122
117
182
104
175
102
108
104
166
112
179
178
169
178
97
180
162
123
173
175
183
117
104
174
97
176
175
175
173
97
115
122
182
159
177
166
182
182
101
102
106
165
113
173
153
150
172
167
167
169
114
103
111
170
103
109
120
170
97
169
108
165
179
105
163
169
171
179
97
160
174
100
100
165
176
95
160
176
172
175
159
173
169
105
176
171
179
183
171
113
162
163
174
160
168
105
175
173
186
183
187
179
163
99
105
176
173
113
178
153
175
105
176
102
178
103
103
113
93
180
113
103
104
173
97
181
175
151
100
167
179
176
172
167
105
96
133
126
169
171
115
112
176
171
163
186
103
103
133
95
136
176
127
143
180
97
127
133
122
134
134
125
98
184
139
168
159
153
177
177
194
188
169
170
143
143
144
176
171
143
150
175
159
165
149
173
171
167
148
161
159
146
144
157
254
146
147
147
127
139
125
139
157
150
127
137
149
111
121
99
119
143
133
140
142
143
145
127
159
131
117
137
158
126
109
103
152
151
137
111
127
134
141
111
134
146
127
135
129
127
96
108
135
151
135
180
259
241
149
127
137
145
137
123
123
118
184
99
111
123
175
181
122
120
179
176
177
183
111
111
98
104
109
162
169
181
182
191
179
143
122
121
176
175
134
133
180
173
181
181
103
177
99
180
177
116
95
178
183
105
184
94
169
177
175
157
157
166
167
169
162
170
173
105
173
161
127
111
105
164
165
157
177
171
97
169
179
175
108
98
179
173
175
103
175
162
169
172
159
149
164
168
153
143
168
173
112
177
164
107
121
173
169
169
165
159
152
171
173
167
105
98
181
173
167
127
119
175
178
179
174
173
173
177
178
177
179
119
121
129
110
111
103
119
113
115
173
175
109
108
96
103
95
167
179
175
162
175
99
175
161
172
175
168
161
175
125
160
161
183
179
175
94
167
111
109
177
173
179
161
170
154
181
175
162
183
151
142
167
153
175
173
145
175
164
175
164
123
148
151
130
141
135
167
148
165
163
165
167
150
146
137
147
143
127
145
156
151
138
154
139
126
126
147
135
151
111
137
108
126
102
141
103
143
119
124
129
113
135
101
114
111
129
127
115
97
122
127
136
178
100
128
124
117
118
117
131
139
114
126
127
125
137
112
109
178
129
111
145
131
135
119
139
129
127
111
139
137
137
123
137
134
111
135
127
111
97
96
108
115
136
121
125
123
95
183
164
103
171
179
111
126
97
108
103
132
121
175
118
145
101
167
166
127
113
119
109
112
127
115
161
98
110
119
169
111
171
95
159
170
166
183
103
178
179
111
173
110
127
102
115
109
111
97
169
169
172
101
126
175
174
101
165
167
167
171
174
175
168
159
159
154
163
173
101
157
99
183
97
105
101
105
112
99
183
171
188
164
174
176
109
175
183
101
183
165
159
115
177
175
107
177
177
163
163
241
102
179
181
123
171
110
99
140
141
181
174
111
168
98
169
111
104
179
175
103
159
173
175
107
111
118
172
105
107
173
175
169
95
97
170
103
129
107
105
171
179
177
101
169
103
179
175
161
179
277
111
177
149
160
147
127
155
151
143
144
141
126
158
105
151
135
122
120
147
158
125
133
158
177
143
147
109
125
135
123
143
158
150
116
124
114
105
105
113
121
131
119
177
116
99
95
105
123
111
117
117
127
131
106
99
101
117
131
123
113
109
125
121
123
102
115
109
127
127
119
95
135
125
145
127
119
129
116
109
112
144
127
117
176
146
137
153
125
147
124
143
133
123
140
135
132
130
121
124
127
119
105
115
175
104
101
174
181
99
161
197
179
103
207
96
208
175
136
168
125
135
119
117
111
95
105
118
166
223
101
177
115
175
95
115
102
178
180
151
178
193
168
175
94
161
109
175
120
177
120
139
122
103
97
110
115
103
177
121
165
188
102
127
175
117
179
171
169
175
99
171
169
173
171
164
189
157
161
105
181
149
169
164
181
106
187
182
193
223
187
136
167
177
159
171
181
180
152
136
181
151
131
217
143
118
211
191
153
86
167
182
172
107
205
178
161
110
121
105
119
123
117
181
123
101
231
125
210
180
195
231
173
205
191
172
147
177
208
217
133
224
176
205
167
174
173
180
199
131
178
207
112
171
92
103
108
112
111
175
175
107
177
159
135
175
161
137
163
156
145
151
137
141
108
123
193
135
119
107
127
163
143
125
121
147
135
107
137
132
114
118
175
114
138
95
183
187
186
187
182
169
98
179
160
168
174
153
159
142
159
151
145
141
187
155
151
160
173
172
165
152
162
151
148
129
159
171
145
141
157
152
159
151
165
163
171
151
138
139
140
118
135
146
146
137
129
141
159
150
144
155
142
142
143
138
135
135
121
150
124
111
121
129
181
112
111
136
125
124
176
121
103
187
101
123
181
110
110
109
96
111
106
142
135
114
109
171
101
175
167
129
127
99
122
127
175
169
173
188
117
127
177
114
131
196
200
187
186
207
147
237
137
203
169
255
179
164
135
160
180
147
183
145
321
149
227
147
237
279
245
340
211
300
271
279
252
293
235
330
233
321
227
333
295
162
289
234
357
199
189
4681
1535
607
429
303
399
151
162
181
261
295
383
298
450
434
1324
745
439
559
439
389
171
266
248
358
299
337
407
350
382
393
299
387
426
420
466
335
406
427
415
399
369
404
381
289
411
357
349
399
287
457
261
391
283
327
320
334
323
379
279
404
262
403
257
255
434
278
2541
1948
623
461
422
389
357
306
381
255
195
119
138
264
279
335
384
295
457
633
3321
307
169
271
317
288
406
298
473
305
472
356
391
511
387
385
407
357
457
318
343
391
340
855
2733
639
807
477
617
348
795
255
281
397
369
359
339
216
459
279
422
346
368
455
413
537
435
455
402
399
355
405
285
495
228
393
367
771
3559
478
588
474
422
371
247
207
243
218
367
247
292
314
295
413
298
276
262
295
327
327
368
286
205
391
295
311
310
271
414
246
406
3401
485
297
327
231
197
182
259
136
194
179
245
221
116
186
207
162
174
150
207
185
211
307
193
253
189
213
213
199
141
214
173
219
126
227
257
254
199
186
297
171
190
176
270
236
304
222
295
234
209
240
170
319
137
327
266
283
285
283
191
244
216
305
217
342
263
189
353
210
327
185
205
276
191
181
189
229
119
211
162
288
222
210
119
279
241
230
257
178
209
190
170
233
195
245
204
159
337
167
193
226
293
328
199
263
159
174
165
247
259
287
146
284
226
184
243
235
291
239
383
261
315
399
325
381
284
271
359
297
364
321
371
372
332
351
359
227
351
213
411
374
404
412
290
301
361
286
311
262
278
303
261
331
240
429
274
317
360
343
332
315
253
401
334
436
358
306
423
275
460
342
363
377
323
270
304
325
432
287
403
375
325
413
222
319
179
226
169
164
207
255
168
243
132
197
92
119
111
101
103
111
158
112
178
99
124
177
98
119
125
115
162
119
138
112
103
109
125
171
165
177
107
185
185
170
109
186
118
182
107
107
112
115
179
185
175
164
105
105
107
183
119
132
115
115
133
138
119
125
121
112
99
178
113
103
116
176
181
181
100
166
176
107
171
177
184
176
171
168
164
178
168
170
164
109
99
169
163
106
107
176
177
177
174
174
174
180
178
176
171
182
173
168
168
127
177
174
181
182
171
167
170
183
149
167
168
173
115
161
175
111
112
179
173
163
175
175
172
150
115
176
167
171
167
161
159
159
158
174
176
179
172
163
164
144
165
161
161
155
102
175
99
173
102
173
112
178
176
173
157
153
161
172
166
167
171
158
171
175
163
104
172
114
95
108
173
183
247
129
152
112
215
201
215
289
229
247
325
232
325
279
273
263
261
333
263
311
479
319
545
397
517
455
399
351
399
378
481
320
523
454
575
591
507
611
477
383
439
411
466
390
458
515
352
651
522
577
591
469
495
526
537
503
455
452
441
419
526
363
623
431
492
428
463
467
447
395
519
336
516
372
495
539
528
635
491
543
430
477
519
439
481
479
381
504
483
518
579
434
559
471
611
553
517
555
503
465
587
437
541
487
455
547
445
579
398
567
535
566
611
521
505
500
447
613
467
525
463
711
501
396
463
459
423
479
4407
2791
739
535
517
431
416
171
137
387
263
439
459
462
529
347
460
469
390
570
367
469
413
372
509
426
501
517
385
476
345
488
457
399
554
387
543
458
465
455
443
416
510
359
516
345
485
439
335
542
387
503
435
364
489
431
399
369
330
526
374
399
353
411
2121
331
324
400
367
354
358
305
446
319
474
539
497
466
382
594
343
308
413
283
483
291
431
599
611
587
567
903
569
414
525
439
441
296
257
305
175
305
171
247
241
200
223
240
191
251
180
188
197
167
171
154
176
162
173
165
157
153
189
163
155
166
165
215
202
237
167
173
165
167
179
179
157
221
178
293
136
285
185
155
235
4184
3825
691
347
259
299
267
304
176
182
211
293
270
299
361
317
401
408
295
434
326
335
436
319
439
311
423
397
341
451
337
455
316
349
387
284
338
316
277
295
292
377
345
264
335
165
367
308
319
313
301
327
327
246
369
236
331
279
259
271
247
420
282
259
315
277
280
342
236
375
219
319
313
243
365
233
342
324
247
392
248
335
332
831
521
205
311
280
260
411
247
398
359
347
429
362
547
440
511
587
457
497
486
457
480
454
596
491
457
583
433
556
438
414
494
387
526
511
440
583
443
571
511
522
527
477
572
575
539
7071
2515
922
617
575
626
517
655
744
501
634
163
326
466
935
873
652
779
463
375
534
444
535
529
546
615
484
634
511
473
583
442
511
454
470
514
378
413
485
311
548
393
523
440
381
542
413
607
503
517
581
427
444
451
365
525
367
557
424
447
445
331
473
431
398
417
386
387
465
412
479
419
513
452
463
487
443
530
536
457
647
462
649
511
565
554
499
555
551
483
675
475
639
500
537
520
482
543
537
465
599
490
621
539
533
618
539
639
531
565
599
484
572
581
445
593
447
727
578
604
624
537
656
552
620
572
533
559
571
567
643
546
577
583
519
692
492
709
554
596
637
541
617
565
498
623
455
649
497
552
569
503
551
561
483
580
419
588
525
483
576
389
575
507
489
583
461
611
474
470
547
379
509
481
505
593
401
521
412
467
457
395
450
423
410
499
373
430
413
376
490
419
575
385
460
516
383
447
394
301
415
261
376
268
323
339
278
271
255
272
275
263
362
250
258
357
243
264
199
276
255
7908
883
171
167
211
207
335
246
251
240
178
309
291
235
319
235
279
281
285
303
223
285
177
277
273
237
373
179
313
271
323
273
313
300
303
240
274
201
278
321
223
273
147
214
187
287
1678
5510
437
415
276
322
295
255
327
241
371
164
139
152
166
245
2503
1142
1584
494
126
189
223
223
213
370
325
383
527
423
524
473
491
511
488
453
440
395
513
350
707
498
587
639
518
730
552
650
604
511
538
638
587
791
551
855
704
795
825
687
863
667
767
706
697
722
804
687
927
657
893
717
844
780
719
840
739
729
826
639
883
706
791
815
703
703
611
639
633
701
780
751
973
9044
1141
1039
815
598
621
237
254
419
592
636
753
935
793
803
719
577
529
741
679
807
591
818
636
783
719
825
777
672
655
729
635
835
648
743
719
619
673
607
591
649
575
630
657
679
761
585
778
566
757
707
632
772
639
724
701
635
735
727
667
875
650
899
663
803
718
767
777
775
692
812
707
774
758
946
817
798
645
613
599
712
583
8431
977
2542
617
207
643
656
813
851
631
858
728
737
781
646
758
727
676
863
703
987
842
909
1023
748
991
846
927
758
747
780
892
858
1023
795
1091
777
979
833
861
921
891
664
873
699
1013
788
1023
1387
8041
1495
1047
1009
1004
947
975
905
349
671
439
862
735
969
882
893
1021
893
1015
908
959
959
993
863
1087
715
1069
759
843
945
811
900
709
997
929
895
963
961
899
1061
785
1104
784
1025
895
938
988
976
953
1035
790
979
821
951
930
839
1115
747
911
809
840
863
8983
2307
1229
811
1089
807
1009
912
869
1135
517
199
417
455
693
679
666
800
591
810
579
688
653
592
659
509
560
517
409
521
367
388
395
337
433
263
266
363
201
318
311
427
416
389
453
275
375
479
423
581
463
579
553
397
481
385
450
8808
1151
568
425
402
386
332
539
321
171
189
223
318
371
342
419
381
487
471
620
664
585
727
522
715
549
547
588
559
559
659
611
868
654
759
767
685
819
569
725
657
719
785
762
767
904
725
977
713
949
881
911
940
921
948
1023
833
1127
851
1049
987
947
1012
797
998
899
843
1206
875
1103
987
997
1024
1027
971
1087
843
1004
731
991
1019
1031
1093
1037
1019
1086
867
1193
869
1074
755
836
953
881
979
1015
847
1023
778
843
953
760
976
835
1018
898
855
871
842
971
1016
825
1076
772
985
871
877
967
791
884
981
786
1071
799
987
885
872
1013
913
1005
1015
990
1079
985
1019
1060
1020
1254
1035
1270
1177
1147
1167
969
1071
1116
961
1171
969
1295
1165
1114
1340
1118
1292
1227
1101
1193
1051
1124
1155
1205
1364
1123
1294
1302
1287
1470
1151
1363
1221
1297
1125
1183
1180
1273
1023
1400
1143
1264
1251
1015
1387
1060
1219
1055
1175
1213
1149
1279
1228
1199
1291
1199
1188
1201
1150
1257
1153
1156
1215
985
1286
1042
1295
1111
1125
1157
1076
1075
1155
1078
993
1034
1031
1106
957
1224
945
1169
975
1049
1057
987
943
1015
946
1269
959
1221
969
4089
6405
1299
1330
1041
1109
633
387
679
984
931
1230
1011
1259
943
1039
1175
967
1026
1238
1039
1340
1030
1257
1158
1072
1193
912
1139
1003
1205
1233
1146
1219
1125
1059
1190
1147
1223
1055
927
1209
947
1262
958
1037
1219
1079
1132
1244
950
1151
901
1205
1017
1027
1196
10583
2011
1527
819
504
734
905
1125
905
1177
1053
1125
1175
1140
1221
1183
1154
1184
1103
1159
1068
1059
1153
997
1235
956
1170
1063
1199
1149
1187
964
999
765
1076
743
946
859
784
909
620
873
717
702
652
621
687
607
532
631
469
445
525
301
450
288
504
409
376
387
332
446
439
301
439
331
457
438
383
575
330
515
435
489
536
475
510
531
507
607
459
635
472
529
705
520
761
588
641
696
675
641
697
561
793
593
784
754
645
767
604
821
662
729
710
707
738
778
648
933
637
839
639
698
839
666
850
703
714
750
695
751
776
706
869
663
933
849
843
874
791
893
781
749
914
728
919
814
789
1009
804
1035
839
923
921
844
870
901
820
887
804
929
1057
723
977
906
994
894
781
1061
807
1039
947
889
1049
791
1119
906
1017
1056
885
1155
1075
1202
1119
1042
1053
1049
1126
1141
997
1275
1137
1186
1273
1093
1283
1073
1161
1193
1063
1111
1193
1062
1317
1026
1317
1097
1206
1275
1121
1340
1147
1249
1255
1176
10313
2367
1315
1460
932
1164
438
696
1111
1037
1384
1219
1311
1371
1232
1459
1244
1316
1249
1256
1269
1287
1229
1286
1129
1181
1249
1089
1328
1029
1399
1159
1205
1189
1101
1191
1161
1063
1263
937
1227
1023
1145
1214
992
1295
1021
1093
1169
977
1254
975
1151
1088
1093
1133
1038
1050
1105
974
1095
1053
1003
1215
877
1191
1000
1147
1158
1048
1137
1103
1053
1193
1015
1123
1058
1029
1181
933
1255
1035
1153
1146
1097
1106
1132
1163
1275
1055
1253
1220
1140
1253
1080
1395
1224
1178
1377
1153
1384
1203
1333
1284
1239
1333
1402
1129
1489
1123
1532
1229
1401
1456
1279
1531
1345
1445
1403
1284
1406
1387
1306
1529
1197
1526
1311
1443
1523
1350
1579
1418
1401
1467
1271
1495
1321
1439
1539
1192
1625
1293
1386
1475
1338
1593
1349
1456
1411
1373
1441
1444
1297
1501
1197
1615
1301
1434
1517
1357
1511
1431
1265
1487
1239
1575
1376
1455
1521
1356
1503
1351
1397
1367
1227
1359
1253
1171
1259
1015
1388
1245
1259
1231
1111
1261
1165
1201
1320
1069
1407
1105
1230
1297
1191
1224
1065
1289
1244
1127
1167
1139
1064
1195
903
1217
867
951
1045
923
1107
912
903
980
810
1083
844
855
1015
842
1061
855
912
1015
937
1005
914
870
907
831
943
823
944
967
821
909
831
703
880
849
1007
870
943
986
838
1079
895
939
951
780
985
816
824
884
807
903
788
741
895
799
897
852
767
952
653
920
578
895
783
748
810
743
679
855
644
815
676
713
833
623
856
672
773
769
706
857
728
652
737
747
831
761
744
833
603
892
674
813
749
621
973
833
1025
974
950
1071
867
1034
1034
944
1014
1127
1090
1207
1140
1267
1129
1156
1328
1015
1414
1022
1197
1377
1149
1359
1205
1334
1383
1311
1463
1366
1354
1419
1179
1512
1108
1369
1447
1395
1579
1393
1451
1494
1414
1593
1429
1424
1365
1245
1434
1326
1251
1562
1275
1619
1313
1430
1409
1371
1479
1318
1427
1438
1281
1530
1340
1394
1364
1152
1485
1175
1431
1353
1383
1572
1436
1489
1438
1341
1371
1225
1311
1099
1163
1239
1116
981
999
680
901
581
702
599
502
520
405
338
360
223
316
162
145
147
117
135
127
111
109
145
123
130
126
99
107
127
88
109
89
115
79
87
80
87
159
96
163
169
81
96
111
110
158
97
114
164
173
91
165
159
146
158
87
159
162
91
110
99
89
166
93
91
87
89
93
155
91
157
160
95
157
151
95
97
86
165
100
165
159
100
79
168
163
137
167
165
162
153
153
144
141
139
149
159
142
149
137
135
143
126
131
132
125
136
125
167
150
155
147
165
159
161
150
161
135
145
139
137
131
153
125
134
143
113
122
127
157
133
125
143
127
141
120
110
117
112
107
127
140
133
131
138
139
153
155
228
210
243
259
217
329
293
365
422
333
479
335
479
535
419
639
508
699
736
619
884
634
884
929
863
1011
839
1151
1081
1011
1175
1115
1254
1281
1110
1373
1232
1306
1439
1153
1572
1296
1496
1558
1402
1681
1325
1609
1519
1415
1767
1489
1695
1665
1579
1732
1519
1705
1551
1458
1707
1509
1729
1636
1541
1824
1641
1649
1683
1685
1799
1596
1706
1783
1608
1957
1591
1891
1815
1601
1837
1549
1823
1691
1622
1768
1639
1739
1788
1575
2043
1557
1839
1621
1667
1711
1637
1677
1703
1557
1817
1632
1758
1833
1605
1963
1551
1895
1705
1739
1911
1652
1735
1727
1631
1893
1659
1869
1763
1711
1911
1679
1759
1772
1517
1847
1644
1734
1823
1643
1979
1535
1848
1789
1588
1971
1571
1880
1719
1755
1897
1691
1780
1832
1587
1947
1688
1658
1851
1517
1942
1556
1855
1583
1679
1710
1529
1623
1623
1503
1730
1455
1633
1543
1475
1791
1391
1740
1504
1632
1651
1511
1575
1650
1429
1777
1405
1767
1569
1613
1614
1557
1568
1643
1459
1597
1279
1743
1491
1567
1687
1481
1724
1591
1591
1679
1565
1637
1650
1555
11432
2215
967
890
1002
1326
1359
1499
1648
1501
1849
1461
1769
1590
1640
1644
1541
1630
1599
1459
1729
1419
1641
1577
1551
1711
1517
1735
1559
1505
1695
1275
1771
1598
1578
1716
1517
1639
1605
1512
1694
1453
1615
1628
1422
1745
1379
1751
1417
1511
1535
1429
1485
1540
1458
12587
1563
951
3393
514
911
975
1143
1102
975
1158
830
1130
959
913
1006
796
864
777
783
833
695
713
815
707
912
775
916
914
804
1019
835
1109
1005
1036
1175
1040
1192
1067
1093
1204
1095
1185
1215
1139
1271
1107
1222
1261
1121
1394
1063
1340
1225
1223
1431
1121
1479
1219
1357
1399
1279
1401
1295
1251
1449
1189
1475
1263
1338
1457
1251
1429
1361
1379
1490
1342
1420
1390
1296
1478
1207
1496
1328
1263
1513
1207
1535
1292
1376
1383
1245
1396
1402
1323
1556
1264
1539
1316
1435
1421
1335
1450
1375
1295
1484
1281
1446
1425
1349
1623
1319
1583
1427
1283
1368
1183
1385
1218
1236
1287
1173
1255
1314
1134
1475
1084
1557
1195
1431
1276
1264
1263
1424
1201
1615
1275
1693
1427
1530
1585
1407
1739
1419
1563
1573
1491
1535
1565
1422
1790
1373
1783
1495
1645
1692
1548
1689
1620
1543
1805
1568
1830
1576
1698
1887
1583
1837
1585
1716
1712
1608
1735
1703
1690
1728
1632
1783
1757
1690
1930
1643
1896
1583
1733
1737
1715
1689
1679
1555
1913
1519
1927
1623
1935
1642
1583
1587
1571
1398
1687
1358
1757
1519
1438
1694
1404
1729
1468
1575
1635
1455
1656
1471
1479
1715
1381
1716
1525
1518
1715
1346
1751
1503
1631
1636
1495
1731
1448
1623
1543
1493
1575
1577
1527
1715
1411
1742
1507
1655
1665
1530
1573
1614
1437
1671
1416
1623
1569
1531
1763
1446
1877
1516
1715
1659
1623
1743
1625
1587
1811
1494
1863
1654
1743
1822
1644
1843
1697
1691
1777
1583
1819
1738
1688
1906
1557
2012
1647
1766
1853
1651
1948
1623
1789
1751
1634
1757
1656
1731
1881
1606
1973
1626
1813
1850
1707
1865
1711
1721
1917
1575
1927
1659
1827
1835
1663
1931
1722
1775
1826
1585
1754
1687
1649
1830
1535
1903
1543
1720
1693
1542
1761
1583
1655
1632
1620
1683
1656
1556
1851
1479
1896
1560
1699
1697
1589
1761
1558
1583
1613
1525
1624
1607
1471
1681
1325
1651
1462
1541
1623
1451
1752
1481
1613
1570
1486
1580
1666
1481
1783
1489
1611
1335
1494
1562
1506
1695
1444
1506
1545
1408
1592
1415
1444
1471
1043
1399
1141
1412
1303
1306
1411
1363
1308
1447
1159
1414
1127
1231
1273
1082
1397
1061
1322
1279
1207
1320
1091
1180
1208
886
1291
1065
1343
1417
1110
1527
1208
1346
1283
1185
1279
1134
1135
1196
1027
1273
1187
1256
1343
1139
1434
1123
1297
1253
1198
1402
1146
1198
1263
1007
1353
1095
1271
1291
1099
1343
1027
1177
1075
1023
1125
1106
1078
1127
877
1057
967
995
1105
911
1209
925
1095
1129
1023
1119
1008
955
1119
863
1169
861
1069
1013
957
1119
916
1076
1081
1064
1271
1266
1251
1410
1284
1427
1427
1527
1659
1556
1697
1407
1949
1623
1577
1572
1543
1655
1773
1447
1601
1631
1835
1706
1644
1847
1669
1839
1789
1720
1823
1865
1730
1917
1572
2111
1695
1931
1813
1761
2018
1799
1967
1905
1876
2073
1903
1854
2122
1751
2181
1736
1931
1791
1867
1967
2015
1789
1919
1765
2035
1874
1832
1998
1679
2055
1669
1933
1842
1841
1899
1875
1755
1852
1630
1977
1708
2006
2175
2156
1979
1766
1799
1978
1761
1879
1805
1775
1923
1535
2056
1703
1855
1791
1678
1877
1735
1911
1725
1705
1750
1743
1784
1847
1486
1851
1600
1861
1651
1713
1783
1687
1633
1895
1527
1873
1583
1863
1871
1683
1981
1634
1863
1696
1796
1811
1771
1659
1919
1573
2013
1413
1983
1571
1780
1763
1815
1799
1927
1605
2215
1725
1971
1682
1662
2013
1598
1885
1735
1627
1838
1759
1696
2015
1741
2139
1774
2068
2136
1751
1927
1670
1928
1803
1749
1889
1777
1875
2015
1725
1848
1545
1832
1772
1704
1951
1643
1786
1919
1679
2006
1544
1783
1645
1684
1807
1593
1591
1931
1497
1837
1565
1852
1727
1622
1821
1634
1775
1750
1625
1793
1751
1727
1849
1515
1945
1483
1862
1719
1607
1923
1499
1910
1684
1717
1705
1641
1675
1807
1495
1825
1551
1818
1819
1744
1786
1658
1707
1847
1711
2039
1653
1814
1985
1639
2052
1668
1971
1821
1801
1957
1794
1947
1800
1915
1909
1860
1811
2023
1717
2136
1657
1969
2002
1710
2105
1698
2041
1821
1821
1973
1801
1952
1769
1838
1793
1710
1765
1874
1567
1987
1533
1778
1551
1596
1601
1517
1500
1626
1343
1681
1300
1528
1465
1287
1485
1179
1329
1153
1107
1206
1095
1171
1254
1064
1373
1042
1365
1251
1229
1294
1117
1275
1334
1104
1438
1105
1364
1255
1225
1332
1124
1303
1230
1188
1259
1103
1175
1269
1053
1385
1009
1291
1244
1143
1377
1103
1299
1199
1191
1321
1170
1375
1357
1282
1547
1382
1534
1493
1407
1632
1322
1519
1471
1385
1535
1375
1473
1571
1343
1607
1406
1647
1530
1439
1740
1405
1746
1543
1622
1649
1583
1588
1727
1504
1871
1466
1837
1601
1692
1684
1646
1821
1901
1661
1969
1728
1759
1914
1670
2021
1725
1927
1755
1693
2034
1586
1969
1682
1859
1831
1799
1803
1975
1746
2084
1671
2096
1840
1878
2095
1803
2040
1950
1893
2039
1866
2015
2009
1819
2175
1767
2171
1937
2093
2040
1941
1952
2113
1801
2204
1770
2199
1986
2050
2089
1886
2089
2079
1962
2202
1991
2142
2127
1909
2270
1841
2303
2006
2103
2234
2044
2183
2207
2115
2271
2051
2185
2125
2041
2359
1931
2375
2139
2154
2388
2033
2349
2159
2153
2251
2132
2227
2289
1948
2409
2015
2439
2170
2276
2384
2204
2332
2337
2288
2349
2149
2379
2265
2274
2488
2141
2432
2231
2267
2345
2244
2183
2369
2059
2535
2042
2501
2143
2303
2337
2191
2362
2272
2160
2608
2175
2315
2285
2081
2465
1965
2502
2099
2272
2339
2140
2327
2479
2081
2317
2065
2283
2247
2082
2423
1968
2455
2131
2431
2455
2301
2450
2375
2000
2323
1964
2231
2202
2003
2440
1935
2329
2180
2111
2487
2008
2419
2027
2111
2206
2041
2126
2133
2045
2266
1990
2213
2205
2058
2291
1923
2317
2027
2122
2175
2067
2157
2205
2015
2414
1902
2335
2094
2215
2213
2103
2160
2246
2046
2416
1995
2466
2205
2247
2358
2127
2213
2138
2092
2245
1911
2187
2097
2076
2381
1949
2425
2087
2264
2239
2085
2273
2179
2081
2361
2033
2294
2201
2055
2359
2013
2360
2051
2177
2171
2024
2203
2145
2102
2403
1953
2383
2093
2203
2205
2033
2220
2173
1985
2393
1951
2393
2061
2087
2136
1903
2031
1963
1869
2041
1699
1996
1838
1768
1927
1548
1857
1571
1727
1644
1552
1575
1513
1405
1693
1291
1603
1259
1317
1345
1195
1439
1225
1321
1515
1333
1511
1427
1307
1556
1307
1579
1421
1369
1761
1432
1775
1511
1639
1772
1463
1827
1531
1682
1732
1590
1803
1701
1655
1756
1670
1821
1802
1487
1710
1426
1726
1548
1546
1743
1519
1831
1669
1769
1813
1636
1751
1791
1671
1911
1527
1900
1669
1693
1809
1669
1996
1813
1893
1967
1855
1938
1906
1905
2081
1831
1982
1924
1791
2090
1749
2047
1723
1937
1945
1784
1921
1973
1799
2117
1734
2143
1864
1833
2110
1711
2037
1845
1817
2030
1637
1965
1775
1883
2081
1663
2233
1895
2067
2035
1948
2090
1993
1906
2194
1782
2228
1935
1911
2198
1778
2150
1893
2060
2059
1911
2215
1895
2078
2035
1960
2052
2121
1879
2257
1887
2159
2159
1997
2390
1925
2319
2023
2177
2399
1991
2439
2051
2311
2272
2134
2273
2214
2127
2377
2044
2288
2231
2093
2363
1966
2466
2149
2207
2407
2085
2599
2199
2402
2409
2183
2539
2185
2379
2323
2247
2367
2324
2319
2399
2171
2341
2230
2161
2391
2139
2220
2167
2099
2502
1939
2375
2088
2102
2269
1955
2359
1966
2238
2214
2101
2295
2186
2017
2290
1924
2400
1957
2213
2252
2027
2379
2045
2246
2191
2119
2226
2231
2142
2314
1887
2313
2113
2136
2218
1954
2368
1965
2189
2127
1983
2257
1933
2173
2184
2029
2136
2105
2065
2206
1971
2270
2150
2122
2403
2012
2518
2184
2303
2491
2113
2466
2084
2184
2489
1983
2512
2123
2305
2364
2099
2505
2136
2407
2427
2265
2559
2167
2401
2350
2271
2386
2343
2213
2559
2082
2652
2325
2495
2851
2399
2857
2333
2613
2528
2461
3029
2557
2593
2695
2348
2744
2465
2507
2670
2277
2755
2271
2610
2415
2347
2547
2407
2454
2540
2220
2541
2359
2263
2553
2169
2679
2266
2506
2529
2226
2727
2203
2509
2479
2273
2568
2326
2426
2377
2262
2328
2256
2251
2395
2154
2432
2289
2225
2464
2096
2553
2154
2403
2419
2210
2501
2147
2440
2287
2243
2391
2335
2191
2500
2063
2543
2079
2366
2246
2143
2255
2139
2071
2333
1873
2363
2005
2140
2200
1994
2285
1933
2174
2098
1993
2127
1967
2063
2027
1989
2121
1895
2058
2107
1950
2187
1858
1967
2055
1870
2059
1904
1905
2073
1854
2169
1953
2055
2173
1783
2320
1919
2223
2200
2069
2288
2077
2163
2147
1997
2219
2033
1988
2156
1957
2241
2045
2079
2297
1870
2389
1931
2202
2108
2059
2137
1997
1999
2150
1881
2245
1941
2070
2141
1845
2297
1975
2168
2261
1935
2303
1966
2164
2153
1961
2307
2061
2074
2337
1920
2420
2070
2305
2262
2053
2447
2055
2315
2175
2129
2303
2122
2093
2307
1971
2413
2123
2293
2446
2090
2584
2189
2543
2383
2417
2564
2383
2325
2623
2303
2759
2269
2562
2597
2434
2621
2393
2613
2481
2351
2553
2386
2435
2597
2207
2704
2263
2619
2631
2378
2718
2415
2561
2639
2407
2714
2481
2559
2724
2335
2825
2446
2585
2738
2335
2887
2453
2747
2591
2479
2722
2407
2615
2540
2473
2621
2457
2529
2607
2351
2773
2417
2592
2689
2375
2938
2461
2839
2637
2419
2839
2305
2594
2431
2391
2503
2323
2338
2393
1899
2319
1710
2001
1757
1597
1758
1423
1453
1358
1070
1353
869
985
743
476
432
167
138
145
138
115
115
95
105
115
113
115
95
125
96
82
92
92
90
77
84
74
112
105
90
93
115
111
73
73
80
80
87
143
86
95
95
155
69
85
68
126
79
143
71
140
135
129
135
121
149
77
136
129
133
152
137
131
135
149
147
134
111
111
122
121
124
132
130
143
125
140
136
135
124
72
141
135
134
142
131
109
111
119
130
161
119
148
131
121
121
143
149
143
137
119
112
115
119
132
113
115
125
114
103
103
99
115
124
103
107
106
101
77
71
215
127
85
105
81
147
175
369
407
386
703
492
697
643
660
919
757
887
1043
788
