31751
31723
31754
31763
31727
31719
31707
31751
31720
31735
31757
31753
31737
31735
31743
31749
31754
31762
31795
31761
31767
31743
31739
31777
31771
31778
31790
31753
31736
31741
31737
31733
31726
31748
31772
31761
31762
31743
31762
31760
31719
31733
31734
31743
31767
31741
31740
31752
31772
31746
31779
31755
31755
31766
31792
31781
31755
31769
31787
31783
31751
31789
31809
31797
31775
31749
31785
31770
31762
31745
31725
31730
31730
31736
31737
31743
31743
31759
31781
31783
31760
31779
31775
31771
31771
31733
31782
31789
31785
31789
31811
31788
31785
31783
31780
31795
31795
31795
31814
31799
31813
31777
31748
31799
31783
31750
31766
31781
31799
31789
31781
31783
31798
31787
31743
31752
31778
31794
31773
31741
31783
31761
31780
31760
31785
31825
31766
31726
31772
31791
31787
31803
31787
31769
31771
31787
31813
31801
31781
31802
31815
31786
31749
31753
31768
31737
31790
31777
31749
31767
31785
31762
31737
31752
31731
31731
31727
31749
31760
31721
31765
31767
31765
31795
31733
31739
31783
31775
31749
31771
31807
31800
31814
31797
31772
31787
31815
31758
31767
31792
31813
31784
31801
31773
31767
31778
31748
31759
31752
31767
31767
31759
31781
31777
31767
31769
31743
31756
31755
31739
31775
31792
31777
31769
31798
31767
31771
31781
31769
31793
31759
31805
31805
31765
31786
31791
31814
31812
31825
31809
31799
31803
31777
31796
31797
31814
31754
31764
31801
31789
31793
31791
31795
31806
31786
31778
31778
31743
31737
31777
31788
31800
31757
31761
31791
31790
31791
31785
31770
31804
31787
31804
31811
31821
31850
31825
31820
31802
31806
31795
31804
31813
31820
31820
31823
31774
31793
31768
31751
31773
31762
31769
31750
31780
31777
31734
31759
31797
31781
31783
31807
31835
31843
31817
31843
31865
31855
31857
31875
31911
31897
31894
31923
31933
31883
31871
31911
31913
31898
31895
31895
31864
31822
31834
31877
31861
31845
31828
31813
31815
31827
31806
31780
31780
31791
31819
31823
31835
31822
31842
31809
31815
31823
31815
31798
31798
31823
31829
31836
31873
31866
31850
31851
31826
31829
31816
31811
31799
31802
31829
31815
31807
31802
31774
31765
31775
31780
31752
31785
31765
31790
31813
31847
31813
31819
31824
31776
31809
31781
31786
31798
31801
31824
31843
31844
31821
31835
31835
31807
31801
31800
31783
31790
31784
31777
31799
31791
31789
31775
31796
31801
31788
31762
31724
31740
31769
31749
31773
31777
31807
31789
31795
31772
31764
31769
31783
31805
31799
31774
31774
31793
31823
31835
31830
31809
31784
31777
31803
31809
31799
31773
31754
31761
31769
31777
31765
31832
31801
31754
31723
31706
31687
31719
31731
31749
31749
31787
31790
31808
31817
31838
31771
31769
31751
31765
31809
31801
31843
31823
31831
31801
31810
31823
31809
31743
31781
31793
31783
31754
31738
31775
31807
31796
31779
31762
31786
31740
31715
31707
31747
31731
31761
31798
31758
31809
31803
31778
31777
31763
31773
31750
31785
31762
31765
31799
31819
31844
31821
31819
31791
31817
31787
31783
31767
31793
31816
31795
31807
31833
31823
31794
31791
31765
31783
31788
31775
31769
31755
31775
31765
31813
31775
31761
31787
31791
31773
31765
31776
31791
31805
31783
31809
31820
31813
31827
31831
31835
31824
31819
31847
31839
31809
31810
31799
31792
31805
31822
31773
31797
31789
31769
31786
31776
31768
31755
31771
31746
31773
31789
31758
31781
31797
31787
31762
31790
31811
31800
31799
31847
31845
31815
31845
31839
31849
31830
31807
31772
31797
31818
31793
31835
31792
31816
31832
31797
31779
31777
31741
31780
31749
31741
31765
31757
31779
31793
31789
31789
31786
31787
31773
31771
31781
31819
31815
31835
31807
31815
31801
31809
31811
31809
31793
31828
31805
31813
31819
31830
31801
31801
31808
31803
31796
31785
31773
31782
31768
31793
31791
31781
31759
31775
31743
31762
31771
31779
31769
31766
31778
31784
31795
31799
31803
31801
31800
31815
31823
31795
31791
31810
31813
31805
31807
31802
31816
31810
31833
31802
31785
31774
31785
31791
31784
31779
31733
31739
31755
31789
31786
31755
31771
31771
31739
31740
31766
31772
31751
31767
31799
31824
31772
31768
31825
31803
31807
31777
31783
31794
31772
31777
31827
31819
31839
31789
31803
31771
31772
31764
31786
31753
31763
31783
31759
31758
31754
31778
31775
31743
31746
31797
31793
31783
31765
31771
31771
31815
31797
31806
31809
31796
31806
31812
31821
31797
31793
31798
31839
31846
31831
31792
31799
31773
31792
31792
31762
31779
31793
31781
31759
31753
31779
31783
31766
31763
31765
31795
31809
31763
31779
31792
31781
31775
31775
31765
31789
31780
31809
31815
31803
31803
31790
31787
31805
31815
31791
31772
31766
31777
31785
31825
31767
31806
31749
31783
31807
31798
31791
31777
31786
31781
31778
31821
31779
31767
31773
31777
31809
31801
31772
31800
31797
31751
31769
31773
31797
31815
31761
31781
31807
31797
31793
31823
31827
31827
31821
31783
31792
31782
31767
31798
31813
31759
31798
31837
31815
31800
31759
31816
31802
31784
31773
31763
31777
31799
31791
31785
31799
31795
31788
31790
31780
31786
31767
31776
31784
31790
31799
31767
31760
31807
31793
31807
31773
31780
31787
31828
31827
31784
31806
31826
31791
31781
31799
31783
31796
31824
31807
31777
31848
31782
31755
31809
31805
31783
31754
31783
31797
31785
31781
31767
31805
31773
31778
31789
31782
31775
31797
31781
31768
31784
31799
31791
31789
31801
31781
31792
31777
31823
31781
31783
31810
31803
31798
31812
31773
31813
31781
31791
31805
31798
31784
31777
31783
31773
31777
31802
31799
31767
31791
31819
31795
31779
31753
31777
31836
31764
31781
31807
31783
31785
31814
31793
31786
31797
31787
31800
31840
31808
31752
31774
31787
31753
31768
31799
31780
31791
31783
31772
31811
31768
31783
31749
31769
31804
31784
31781
31785
31791
31783
31773
31777
31767
31783
31777
31787
31790
31775
31766
31783
31803
31804
31773
31775
31801
31787
31792
31771
31777
31785
31803
31790
31793
31796
31788
31814
31762
31791
31783
31798
31773
31781
31798
31819
31790
31813
31802
31775
31768
31819
31811
31759
31777
31802
31790
31763
31770
31768
31779
31798
31783
31803
31798
31800
31788
31803
31807
31764
31783
31790
31796
31773
31758
31793
31773
31782
31775
31767
31805
31814
31789
31791
31795
31825
31815
31795
31805
31777
31783
31765
31777
31763
31772
31788
31781
31783
31798
31786
31737
31751
31769
31773
31767
31784
31833
31816
31789
31777
31781
31774
31783
31794
31793
31799
31802
31801
31787
31785
31815
31775
31799
31803
31794
31773
31792
31809
31801
31784
31779
31795
31767
31761
31769
31795
31802
31791
31743
31785
31799
31762
31796
31799
31771
31775
31823
31807
31771
31815
31838
31812
31802
31820
31827
31791
31763
31803
31790
31809
31814
31779
31785
31787
31771
31804
31791
31801
31781
31809
31800
31795
31799
31774
31764
31778
31773
31779
31788
31794
31771
31792
31780
31773
31801
31804
31801
31785
31802
31801
31799
31809
31807
31791
31818
31826
31805
31802
31831
31805
31780
31799
31807
31833
31785
31783
31801
31813
31799
31777
31813
31810
31797
31812
31807
31779
31784
31795
31812
31775
31780
31767
31761
31783
31806
31799
31789
31773
31789
31773
31788
31791
31811
31795
31749
31785
31773
31797
31779
31779
31772
31751
31797
31781
31779
31777
31783
31791
31779
31784
31815
31778
31751
31743
31759
31737
31743
31699
31768
31777
31752
31763
31749
31747
31743
31767
31779
31721
31743
31766
31777
31756
31770
31727
31770
31764
31750
31739
31738
31747
31737
31735
31761
31750
31767
31755
31755
31761
31761
31749
31770
31747
31743
31752
31743
31748
31771
31753
31759
31764
31762
31753
31759
31757
31752
31727
31722
31759
31791
31774
31767
31746
31795
31745
31750
31787
31767
31746
31749
31762
31762
31773
31723
31760
31776
31762
31767
31743
31743
31793
31793
31743
31761
31751
31774
31773
31749
31748
31753
31757
31773
31756
31778
31762
31731
31723
31776
31755
31758
31751
31766
31777
31763
31771
31745
31787
31803
31805
31767
31788
31761
31784
31794
31813
31775
31776
31753
31791
31779
31769
31778
31785
31779
31743
31762
31751
31745
31759
31778
31781
31799
31761
31787
31799
31809
31825
31829
31820
31816
31798
31829
31842
31843
31854
31812
31804
31843
31827
31801
31831
31814
31870
31840
31845
31827
31827
31826
31823
31799
31859
31850
31839
31847
31881
31881
31875
31879
31895
31879
31866
31879
31906
31903
31874
31885
31896
31863
31876
31880
31851
31881
31875
31867
31879
31912
31875
31863
31866
31863
31836
31855
31860
31868
31857
31873
31844
31843
31847
31876
31883
31846
31809
31811
31831
31882
31873
31861
31870
31877
31821
31807
31791
31763
31751
31779
31807
31776
31789
31783
31729
31706
31739
31719
31747
31747
31743
31722
31743
31771
31754
31783
31796
31778
31755
31737
31743
31751
31777
31804
31799
31809
31816
31848
31817
31798
31803
31807
31825
31831
31802
31809
31823
31820
31815
31805
31799
31769
31761
31763
31791
31774
31777
31749
31735
31722
31737
31747
31743
31767
31781
31770
31735
31731
31718
31732
31757
31758
31765
31754
31758
31760
31768
31795
31786
31783
31795
31813
31807
31765
31750
31773
31777
31781
31767
31728
31763
31763
31715
31738
31679
31726
31774
31779
31791
31758
31741
31778
31795
31767
31793
31827
31839
31832
31800
31800
31833
31838
31831
31809
31786
31835
31798
31791
31788
31792
31812
31797
31787
31799
31775
31787
31799
31780
31758
31755
31746
31762
31753
31748
31757
31784
31757
31733
31751
31751
31764
31767
31799
31792
31773
31782
31791
31776
31829
31841
31849
31819
31833
31819
31830
31821
31824
31780
31837
31824
31778
31777
31775
31799
31809
31793
31771
31783
31799
31809
31776
31797
31764
31755
31789
31789
31763
31786
31796
31793
31775
31754
31780
31803
31804
31829
31830
31815
31839
31819
31802
31828
31842
31827
31848
31823
31816
31821
31789
31767
31810
31831
31805
31778
31775
31800
31804
31773
31761
31767
31783
31757
31781
31765
31779
31780
31791
31789
31809
31809
31814
31844
31830
31835
31820
31829
31817
31846
31849
31848
31834
31831
31806
31833
31869
31807
31820
31784
31801
31807
31767
31750
31780
31799
31765
31771
31753
31781
31783
31750
31745
31784
31806
31786
31789
31757
31809
31823
31822
31836
31839
31831
31801
31795
31815
31832
31828
31844
31847
31841
31831
31824
31833
31793
31803
31815
31803
31781
31783
31791
31793
31779
31765
31751
31772
31786
31777
31779
31786
31783
31789
31780
31799
31805
31807
31823
31820
31829
31770
31813
31845
31834
31824
31860
31841
31803
31790
31824
31843
31845
31857
31842
31825
31807
31777
31780
31791
31775
31777
31757
31727
31762
31753
31758
31767
31767
31751
31767
31758
31782
31787
31812
31793
31783
31799
31799
31808
31800
31791
31827
31813
31822
31819
31811
31817
31815
31808
31789
31805
31826
31819
31825
31823
31799
31789
31770
31773
31785
31779
31756
31775
31777
31792
31757
31769
31791
31748
31750
31764
31790
31767
31763
31797
31791
31798
31787
31791
31797
31810
31815
31788
31783
31819
31791
31808
31807
31796
31839
31831
31831
31797
31796
31793
31813
31783
31781
31775
31815
31804
31768
31757
31748
31749
31791
31770
31762
31788
31799
31791
31817
31808
31768
31798
31817
31806
31799
31797
31810
31801
31798
31827
31845
31847
31829
31806
31800
31806
31817
31809
31803
31805
31807
31812
31802
31823
31784
31763
31775
31798
31805
31810
31791
31759
31778
31784
31781
31753
31773
31811
31821
31815
31805
31825
31816
31791
31779
31813
31821
31800
31783
31799
31815
31823
31823
31829
31805
31776
31794
31839
31807
31818
31859
31852
31822
31814
31816
31797
31823
31806
31814
31797
31796
31791
31767
31803
31797
31791
31801
31799
31821
31795
31805
31785
31791
31783
31769
31801
31807
31817
31829
31827
31817
31803
31796
31804
31811
31821
31801
31822
31831
31826
31805
31798
31829
31792
31797
31800
31804
31793
31802
31823
31791
31775
31775
31760
31759
31751
31765
31783
31797
31766
31791
31766
31763
31781
31781
31803
31791
31805
31793
31799
31821
31811
31798
31767
31788
31814
31817
31807
31828
31808
31781
31793
31793
31822
31809
31780
31818
31795
31782
31789
31774
31775
31795
31783
31782
31781
31810
31819
31785
31803
31787
31791
31807
31783
31753
31767
31775
31783
31789
31773
31812
31812
31811
31799
31791
31799
31788
31775
31781
31771
31782
31795
31809
31815
31784
31781
31817
31787
31772
31768
31773
31765
31778
31763
31780
31783
31796
31773
31791
31802
31795
31751
31800
31807
31807
31827
31783
31793
31785
31785
31789
31803
31791
31829
31801
31801
31818
31827
31812
31785
31789
31825
31821
31819
31801
31787
31781
31810
31818
31787
31787
31807
31809
31795
31820
31785
31786
31777
31807
31807
31783
31803
31778
31792
31787
31796
31767
31764
31774
31799
31783
31782
31787
31792
31822
31805
31794
31821
31849
31836
31830
31831
31843
31812
31809
31847
31799
31775
31791
31786
31791
31815
31799
31829
31807
31771
31789
31798
31797
31802
31791
31815
31794
31786
31792
31797
31820
31806
31810
31823
31842
31811
31801
31803
31794
31847
31815
31813
31839
31796
31825
31842
31841
31827
31819
31824
31817
31827
31841
31824
31827
31795
31790
31803
31815
31773
31809
31817
31829
31837
31839
31835
31873
31843
31863
31877
31831
31845
31879
31890
31859
31849
31863
31874
31847
31847
31821
31818
31831
31821
31807
31831
31815
31784
31809
31816
31789
31761
31769
31758
31748
31781
31782
31801
31841
31822
31811
31819
31837
31830
31823
31807
31809
31848
31854
31820
31839
31852
31847
31827
31813
31811
31795
31816
31809
31801
31785
31823
31806
31782
31767
31775
31765
31799
31801
31791
31792
31769
31730
31771
31767
31793
31783
31781
31831
31828
31798
31791
31826
31817
31817
31824
31838
31816
31835
31833
31827
31823
31811
31813
31811
31801
31820
31779
31763
31804
31762
31780
31793
31798
31776
31761
31773
31761
31773
31735
31764
31774
31767
31771
31743
31754
31760
31763
31783
31771
31756
31776
31783
31775
31770
31743
31763
31771
31752
31743
31741
31749
31736
31728
31751
31743
31730
31756
31752
31729
31740
31770
31776
31737
31751
31782
31771
31753
31795
31785
31789
31821
31817
31823
31825
31807
31803
31825
31812
31817
31815
31793
31775
31815
31766
31743
31774
31775
31765
31751
31766
31758
31763
31755
31748
31743
31743
31743
31735
31739
31813
31749
31778
31751
31777
31789
31750
31760
31782
31787
31789
31781
31801
31795
31783
31783
31788
31783
31793
31778
31767
31735
31756
31765
31743
31728
31747
31745
31759
31729
31743
31762
31747
31768
31755
31755
31779
31763
31766
31798
31783
31799
31793
31799
31806
31784
31786
31811
31808
31797
31797
31827
31836
31798
31801
31799
31799
31780
31791
31783
31789
31757
31758
31764
31751
31727
31781
31757
31735
31777
31799
31765
31763
31779
31777
31774
31780
31792
31781
31783
31807
31819
31796
31830
31801
31806
31813
31807
31818
31819
31813
31806
31798
31771
31807
31801
31806
31834
31823
31807
31769
31768
31789
31773
31783
31819
31781
31764
31800
31779
31757
31787
31793
31786
31770
31775
31815
31797
31785
31815
31785
31792
31799
31810
31840
31823
31831
31823
31812
31786
31824
31812
31815
31843
31808
31806
31809
31807
31815
31787
31791
31812
31775
31778
31778
31772
31759
31777
31790
31775
31767
31788
31771
31796
31767
31783
31794
31801
31835
31789
31795
31797
31799
31787
31815
31819
31831
31821
31825
31831
31831
31855
31827
31817
31797
31824
31801
31784
31813
31787
31827
31779
31790
31795
31757
31771
31777
31798
31785
31762
31767
31800
31813
31767
31767
31751
31768
31805
31785
31794
31781
31801
31794
31768
31805
31827
31832
31793
31797
31789
31799
31791
31797
31801
31811
31789
31781
31791
31783
31772
31762
31763
31787
31751
31763
31764
31777
31768
31755
31762
31775
31772
31785
31789
31783
31761
31769
31804
31813
31779
31804
31817
31833
31794
31769
31827
31805
31811
31803
31827
31803
31825
31841
31818
31803
31807
31825
31815
31810
31822
31775
31782
31779
31768
31795
31779
31773
31761
31764
31765
31768
31777
31791
31769
31769
31772
31794
31817
31774
31791
31795
31771
31770
31785
31803
31785
31809
31799
31808
31802
31767
31798
31815
31780
31784
31813
31815
31799
31780
31829
31781
31776
31795
31757
31751
31794
31769
31773
31755
31747
31759
31784
31813
31820
31817
31816
31799
31799
31789
31785
31804
31794
31805
31815
31784
31826
31819
31815
31857
31873
31845
31851
31831
31829
31821
31829
31850
31879
31877
31823
31823
31835
31845
31864
31882
31866
31880
31880
31880
31895
31911
31866
31871
31874
31880
31861
31886
31877
31847
31882
31859
31865
31880
31832
31831
31848
31849
31843
31845
31822
31815
31815
31803
31791
31821
31819
31796
31819
31808
31803
31787
31818
31821
31820
31815
31823
31805
31799
31815
31810
31807
31816
31807
31799
31822
31797
31768
31802
31813
31817
31813
31809
31814
31781
31751
31798
31803
31769
31799
31821
31801
31781
31815
31797
31775
31803
31824
31807
31807
31823
31815
31778
31799
31807
31777
31775
31791
31784
31788
31811
31789
31785
31791
31767
31763
31773
31771
31756
31775
31788
31765
31768
31798
31794
31780
31789
31783
31780
31773
31774
31793
31787
31782
31791
31770
31770
31806
31811
31805
31801
31801
31786
31774
31792
31782
31766
31759
31767
31751
31749
31743
31739
31761
31751
31754
31746
31735
31725
31749
31769
31767
31763
31800
31775
31783
31775
31768
31789
31811
31820
31820
31810
31815
31781
31803
31815
31794
31790
31783
31785
31806
31790
31774
31779
31797
31770
31775
31759
31763
31780
31765
31749
31785
31784
31760
31765
31765
31772
31745
31751
31816
31814
31799
31817
31831
31799
31816
31804
31833
31831
31819
31818
31845
31823
31831
31799
31814
31847
31840
31815
31803
31784
31802
31812
31831
31809
31783
31764
31833
31779
31773
31769
31795
31791
31801
31815
31829
31777
31793
31817
31801
31802
31809
31827
31802
31809
31811
31830
31799
31833
31825
31837
31838
31811
31807
31805
31825
31823
31817
31811
31803
31789
31839
31816
31801
31783
31805
31805
31839
31803
31797
31795
31805
31806
31793
31809
31796
31809
31822
31815
31807
31822
31830
31804
31824
31836
31816
31841
31843
31824
31835
31822
31790
31816
31799
31856
31805
31823
31800
31831
31821
31813
31808
31793
31817
31797
31783
31781
31791
31771
31787
31816
31811
31813
31834
31838
31809
31783
31813
31824
31819
31825
31831
31835
31834
31809
31814
31803
31795
31807
31804
31839
31821
31805
31803
31822
31813
31815
31826
31831
31825
31808
31832
31805
31768
31803
31778
31777
31798
31790
31778
31764
31803
31809
31815
31813
31791
31812
31809
31803
31799
31812
31823
31831
31805
31788
31798
31823
31807
31820
31801
31790
31805
31809
31796
31812
31749
31787
31823
31827
31790
31791
31764
31799
31773
31791
31799
31786
31804
31804
31783
31773
31795
31807
31807
31808
31808
31777
31781
31797
31779
31766
31807
31785
31785
31781
31773
31767
31808
31771
31753
31775
31770
31751
31746
31744
31757
31751
31789
31755
31777
31784
31769
31807
31796
31763
31769
31770
31751
31771
31785
31775
31802
31813
31783
31794
31822
31791
31785
31816
31783
31796
31781
31835
31795
31807
31824
31828
31792
31805
31836
31830
31818
31836
31845
31839
31861
31855
31857
31851
31838
31870
31854
31847
31844
31869
31898
31895
31895
31883
31887
31903
31891
31896
31883
31911
31916
31919
31867
31893
31893
31885
31888
31906
31869
31875
31900
31871
31867
31853
31855
31841
31820
31837
31857
31827
31814
31834
31837
31843
31873
31842
31839
31875
31865
31843
31840
31847
31891
31865
31877
31911
31935
31911
31895
31908
31887
31854
31880
31879
31883
31890
31887
31903
31917
31851
31841
31867
31821
31822
31796
31753
31774
31825
31816
31804
31801
31809
31781
31749
31759
31764
31783
31757
31762
31813
31847
31831
31852
31851
31845
31845
31831
31827
31821
31831
31842
31863
31907
31896
31895
31882
31863
31843
31814
31804
31843
31828
31805
31815
31828
31799
31810
31830
31785
31765
31795
31778
31775
31813
31805
31821
31824
31817
31812
31823
31839
31835
31828
31801
31799
31835
31795
31810
31833
31823
31799
31776
31794
31786
31805
31795
31773
31781
31756
31777
31782
31752
31737
31761
31759
31739
31751
31761
31783
31751
31755
31757
31741
31751
31768
31769
31759
31814
31814
31805
31799
31783
31795
31813
31830
31807
31756
31797
31767
31776
31747
31774
31767
31775
31773
31767
31795
31783
31781
31751
31771
31764
31733
31703
31720
31727
31719
31747
31734
31735
31751
31743
31743
31737
31735
31745
31766
31767
31760
31741
31782
31797
31804
31742
31747
31767
31771
31738
31743
31734
31774
31778
31757
31732
31709
31735
31747
31747
31711
31720
31747
31734
31731
31731
31715
31718
31727
31719
31732
31771
31743
31754
31751
31753
31745
31743
31740
31737
31766
31767
31770
31776
31774
31775
31757
31729
31742
31743
31756
31741
31739
31758
31764
31741
31735
31703
31721
31705
31713
31762
31743
31749
31749
31771
31763
31760
31771
31766
31751
31778
31773
31792
31793
31792
31801
31816
31838
31785
31805
31800
31801
31817
31830
31792
31777
31786
31806
31807
31759
31757
31758
31763
31768
31746
31775
31825
31804
31799
31777
31745
31770
31783
31775
31798
31803
31799
31773
31827
31837
31793
31792
31821
31810
31815
31834
31841
31829
31800
31788
31806
31785
31783
31807
31807
31807
31815
31765
31807
31802
31792
31737
31738
31775
31748
31761
31767
31777
31766
31751
31764
31741
31772
31776
31757
31751
31743
31761
31770
31766
31774
31759
31787
31783
31783
31773
31785
31817
31795
31780
31799
31814
31804
31800
31801
31794
31787
31776
31780
31803
31812
31803
31803
31774
31767
31737
31759
31719
31749
31735
31727
31765
31753
31764
31765
31783
31763
31763
31779
31793
31776
31786
31790
31759
31780
31807
31778
31806
31809
31807
31807
31783
31831
31834
31823
31815
31819
31823
31821
31790
31803
31805
31818
31807
31807
31787
31783
31816
31793
31807
31807
31774
31799
31812
31821
31816
31818
31827
31814
31831
31827
31829
31858
31847
31827
31859
31877
31871
31849
31829
31849
31885
31825
31832
31819
31824
31805
31807
31820
31805
31772
31785
31789
31798
31786
31783
31779
31812
31828
31817
31847
31829
31806
31825
31840
31853
31875
31851
31848
31862
31875
31879
31879
31884
31869
31858
31861
31845
31860
31863
31825
31857
31867
31832
31848
31837
31817
31817
31777
31794
31798
31774
31724
31772
31804
31782
31747
31739
31759
31782
31783
31751
31796
31829
31836
31829
31812
31792
31840
31823
31815
31787
31791
31821
31798
31806
31819
31845
31829
31817
31807
31775
31803
31795
31757
31776
31791
31763
31760
31775
31743
31737
31731
31738
31749
31757
31759
31761
31826
31807
31783
31769
31790
31839
31823
31835
31815
31865
31829
31833
31848
31805
31831
31819
31825
31868
31815
31798
31820
31815
31807
31785
31814
31825
31819
31833
31809
31791
31784
31797
31808
31787
31811
31819
31801
31815
31817
31797
31838
31810
31830
31835
31828
31791
31805
31799
31817
31836
31820
31817
31798
31796
31789
31764
31749
31775
31807
31773
31779
31775
31802
31815
31775
31799
31803
31806
31768
31794
31811
31785
31780
31834
31801
31789
31788
31796
31819
31803
31753
31761
31791
31801
31759
31774
31796
31824
31819
31786
31800
31783
31792
31793
31782
31814
31810
31789
31781
31822
31824
31811
31815
31813
31818
31827
31805
31840
31845
31821
31849
31849
31815
31811
31823
31837
31799
31792
31789
31799
31774
31819
31789
31777
31761
31775
31804
31786
31813
31815
31794
31801
31822
31829
31799
31860
31823
31844
31825
31833
31823
31818
31809
31815
31815
31815
31830
31845
31856
31826
31822
31825
31831
31792
31817
31791
31807
31799
31783
31811
31777
31783
31773
31751
31783
31777
31775
31765
31799
31833
31790
31776
31839
31816
31797
31811
31797
31806
31811
31821
31805
31807
31795
31794
31775
31793
31818
31757
31769
31816
31795
31767
31818
31799
31779
31763
31807
31798
31754
31761
31731
31742
31743
31728
31745
31772
31771
31799
31807
31805
31787
31790
31779
31795
31796
31773
31767
31775
31783
31785
31789
31827
31783
31796
31809
31809
31788
31787
31815
31787
31813
31851
31823
31819
31847
31814
31781
31797
31829
31783
31757
31795
31791
31756
31771
31795
31793
31781
31775
31772
31784
31778
31799
31785
31802
31783
31775
31786
31823
31803
31791
31800
31809
31801
31809
31795
31795
31835
31813
31831
31822
31809
31827
31833
31837
31773
31813
31831
31777
31791
31797
31834
31775
31785
31787
31777
31786
31773
31762
31783
31803
31792
31781
31793
31817
31811
31810
31810
31797
31801
31816
31772
31799
31815
31802
31789
31831
31848
31825
31807
31813
31837
31788
31784
31790
31820
31815
31805
31805
31820
31830
31794
31790
31782
31801
31793
31773
31784
31803
31787
31827
31807
31766
31825
31819
31803
31825
31829
31849
31845
31822
31843
31864
31844
31825
31828
31840
31843
31869
31854
31862
31902
31902
31885
31903
31891
31857
31874
31883
31894
31877
31878
31863
31861
31875
31847
31839
31858
31829
31837
31856
31875
31828
31847
31845
31873
31866
31851
31857
31859
31849
31837
31835
31818
31817
31834
31838
31835
31828
31857
31831
31807
31850
31838
31840
31831
31815
31829
31860
31810
31793
31807
31799
31794
31798
31799
31795
31806
31826
31799
31791
31817
31780
31796
31815
31783
31799
31793
31815
31815
31831
31784
31781
31795
31775
31809
31779
31758
31801
31771
31781
31767
31794
31777
31795
31772
31802
31809
31760
31770
31768
31745
31753
31751
31737
31767
31752
31739
31751
31754
31745
31768
31790
31775
31782
31775
31756
31747
31791
31775
31762
31759
31793
31787
31775
31772
31783
31787
31779
31769
31792
31791
31786
31786
31798
31790
31781
31779
31792
31768
31747
31775
31773
31757
31774
31761
31767
31765
31757
31753
31755
31767
31759
31767
31785
31802
31796
31813
31811
31809
31767
31783
31804
31790
31783
31815
31782
31761
31810
31829
31791
31763
31815
31804
31783
31816
31787
31828
31837
31794
31807
31829
31786
31786
31810
31799
31781
31799
31776
31757
31745
31788
31815
31801
31797
31787
31807
31800
31801
31795
31791
31806
31811
31835
31816
31807
31821
31804
31819
31841
31835
31825
31823
31837
31822
31809
31819
31811
31847
31847
31822
31793
31800
31825
31831
31837
31845
31828
31786
31779
31816
31823
31796
31811
31815
31788
31793
31847
31800
31817
31805
31811
31814
31793
31823
31815
31797
31823
31817
31810
31804
31762
31793
31795
31822
31827
31837
31803
31799
31793
31809
31825
31788
31800
31794
31800
31801
31799
31801
31783
31806
31797
31785
31799
31805
31811
31826
31823
31823
31815
31804
31795
31805
31851
31807
31761
31805
31783
31785
31848
31827
31825
31791
31761
31772
31789
31825
31806
31791
31809
31805
31799
31801
31767
31809
31783
31786
31794
31799
31781
31784
31785
31798
31814
31807
31805
31795
31783
31807
31813
31799
31789
31791
31797
31787
31787
31773
31787
31787
31805
31773
31771
31809
31817
31772
31801
31784
31813
31817
31838
31781
31785
31811
31801
31783
31772
31799
31757
31735
31755
31795
31767
31751
31772
31777
31731
31728
31736
31714
31763
31787
31757
31723
31753
31753
31773
31761
31771
31749
31749
31757
31735
31743
31753
31743
31763
31766
31783
31783
31789
31779
31772
31771
31792
31781
31740
31775
31760
31743
31757
31762
31758
31764
31740
31729
31755
31749
31783
31745
31734
31773
31777
31775
31745
31757
31765
31818
31795
31770
31785
31783
31789
31803
31794
31770
31779
31815
31817
31791
31801
31813
31785
31785
31783
31791
31782
31753
31772
31765
31734
31748
31743
31725
31730
31751
31751
31735
31767
31780
31778
31759
31775
31798
31772
31747
31751
31765
31785
31825
31783
31793
31809
31808
31798
31773
31787
31823
31815
31803
31819
31823
31799
31803
31791
31792
31779
31773
31759
31759
31762
31743
31761
31783
31781
31759
31773
31787
31807
31789
31777
31791
31795
31811
31783
31791
31801
31817
31784
31817
31835
31831
31827
31818
31814
31812
31831
31784
31795
31793
31806
31797
31787
31818
31773
31754
31767
31763
31761
31760
31817
31795
31777
31757
31783
31776
31770
31803
31799
31808
31805
31789
31813
31796
31781
31823
31819
31811
31783
31797
31770
31801
31829
31781
31828
31823
31795
31786
31811
31783
31817
31791
31774
31823
31782
31787
31805
31817
31805
31789
31785
31823
31815
31785
31788
31778
31787
31818
31785
31787
31787
31817
31807
31786
31785
31823
31823
31777
31792
31799
31817
31808
31797
31778
31793
31837
31784
31803
31793
31807
31813
31807
31842
31824
31816
31799
31811
31817
31822
31800
31791
31824
31825
31802
31791
31789
31787
31811
31812
31806
31800
31793
31798
31807
31813
31807
31812
31792
31779
31797
31803
31835
31802
31779
31783
31778
31797
31821
31801
31822
31845
31784
31799
31795
31829
31826
31788
31805
31779
31789
31824
31793
31787
31787
31785
31760
31751
31770
31770
31769
31782
31776
31783
31779
31791
31797
31791
31803
31795
31807
31817
31812
31803
31781
31805
31817
31803
31789
31817
31824
31815
31783
31821
31827
31777
31791
31807
31799
31800
31801
31799
31778
31775
31793
31811
31782
31786
31775
31772
31769
31782
31793
31807
31822
31813
31838
31829
31817
31828
31807
31793
31813
31793
31804
31802
31817
31815
31823
31830
31807
31799
31816
31815
31809
31812
31791
31793
31813
31821
31788
31816
31808
31805
31844
31829
31824
31815
31782
31819
31813
31817
31824
31801
31796
31770
31845
31832
31804
31868
31839
31841
31844
31863
31886
31893
31871
31843
31832
31865
31884
31839
31829
31847
31849
31873
31884
31895
31853
31897
31917
31916
31869
31880
31885
31879
31874
31871
31863
31895
31911
31916
31915
31948
31959
31931
31914
31927
31966
31927
31961
31963
31957
31979
31983
31965
31969
31961
31975
31958
31922
31923
31927
31961
31939
31913
31912
31975
31991
31951
31947
31939
31917
31934
31927
31941
31951
31907
31892
31903
31907
31899
31907
31851
31855
31837
31858
31870
31830
31808
31871
31873
31811
31807
31807
31842
31847
31799
31807
31802
31810
31805
31779
31810
31843
31852
31897
31871
31863
31902
31891
31863
31905
31921
31921
31929
31957
31953
31933
31951
31925
31840
31835
31843
31827
31801
31812
31787
31797
31781
31763
31733
31714
31702
31655
31622
31633
31699
31743
31745
31751
31757
31731
31733
31713
31705
31703
31751
31739
31748
31792
31793
31810
31819
31826
31840
31793
31813
31817
31818
31863
31848
31823
31815
31807
31794
31789
31783
31743
31713
31729
31726
31718
31719
31743
31753
31750
31727
31764
31757
31750
31762
31783
31771
31739
31730
31751
31774
31789
31831
31854
31814
31828
31847
31844
31835
31869
31879
31861
31839
31867
31879
31912
31895
31842
31826
31823
31797
31768
31743
31754
31748
31755
31777
31784
31783
31759
31748
31735
31717
31693
31719
31719
31732
31757
31783
31801
31825
31815
31804
31812
31822
31800
31845
31859
31878
31905
31923
31909
31894
31903
31863
31798
31814
31822
31788
31810
31783
31780
31763
31763
31783
31779
31783
31781
31759
31743
31753
31780
31792
31795
31801
31815
31824
31833
31841
31823
31816
31809
31807
31799
31833
31833
31819
31871
31903
31879
31843
31843
31839
31807
31784
31767
31746
31771
31765
31741
31795
31797
31779
31750
31749
31733
31735
31759
31775
31778
31799
31843
31858
31848
31828
31836
31839
31831
31814
31816
31852
31859
31856
31822
31840
31815
31799
31793
31774
31790
31791
31795
31803
31763
31765
31778
31761
31753
31752
31731
31727
31745
31718
31709
31740
31751
31750
31807
31847
31805
31855
31866
31846
31805
31865
31857
31848
31863
31864
31846
31845
31837
31841
31826
31844
31819
31793
31810
31815
31766
31776
31769
31749
31777
31784
31775
31775
31768
31746
31749
31756
31743
31765
31782
31789
31805
31815
31869
31831
31841
31831
31809
31805
31842
31845
31831
31853
31876
31865
31855
31819
31819
31801
31803
31804
31773
31763
31767
31743
31773
31783
31806
31811
31775
31733
31783
31823
31789
31783
31823
31819
31822
31791
31776
31797
31833
31806
31805
31795
31796
31815
31820
31826
31841
31818
31813
31844
31822
31857
31789
31799
31810
31797
31799
31820
31799
31774
31785
31799
31795
31812
31787
31794
31802
31789
31823
31825
31802
31821
31831
31821
31803
31783
31800
31791
31765
31782
31810
31775
31787
31807
31785
31819
31820
31809
31799
31785
31802
31809
31813
31807
31797
31815
31805
31807
31775
31811
31817
31803
31825
31780
31819
31813
31805
31821
31798
31787
31814
31807
31794
31783
31771
31769
31798
31791
31797
31797
31770
31769
31783
31801
31770
31783
31799
31817
31812
31779
31822
31821
31799
31824
31862
31831
31813
31794
31839
31842
31826
31803
31830
31847
31832
31821
31788
31797
31781
31761
31798
31778
31757
31782
31770
31775
31782
31786
31781
31761
31759
31750
31749
31775
31815
31793
31807
31845
31837
31837
31861
31861
31832
31847
31825
31834
31849
31830
31838
31840
31840
31822
31815
31807
31811
31786
31796
31834
31790
31767
31771
31802
31790
31805
31795
31814
31811
31791
31789
31782
31819
31820
31794
31811
31835
31814
31816
31835
31841
31826
31833
31847
31821
31827
31855
31860
31843
31845
31842
31829
31805
31809
31823
31815
31808
31766
31785
31787
31791
31789
31803
31832
31799
31800
31812
31797
31821
31823
31827
31830
31838
31810
31852
31856
31834
31828
31849
31846
31843
31838
31831
31823
31879
31869
31828
31810
31793
31821
31815
31794
31779
31779
31783
31787
31803
31782
31774
31771
31778
31775
31771
31803
31817
31834
31815
31835
31813
31855
31857
31847
31833
31819
31831
31840
31819
31832
31823
31807
31836
31802
31809
31843
31807
31778
31755
31775
31772
31726
31765
31774
31761
31743
31765
31781
31752
31741
31764
31748
31765
31763
31753
31790
31785
31747
31777
31793
31749
31730
31731
31771
31804
31793
31760
31776
31793
31769
31795
31757
31764
31768
31770
31789
31775
31757
31803
31791
31782
31797
31783
31761
31783
31793
31782
31801
31821
31803
31778
31788
31832
31785
31791
31824
31816
31777
31772
31798
31763
31767
31791
31791
31768
31777
31799
31772
31773
31792
31772
31757
31749
31792
31771
31780
31801
31781
31777
31799
31803
31789
31798
31815
31798
31815
31811
31809
31784
31779
31795
31831
31823
31795
31802
31790
31789
31780
31783
31794
31791
31795
31781
31771
31798
31805
31787
31756
31766
31743
31755
31791
31799
31793
31807
31760
31831
31815
31803
31802
31843
31843
31798
31796
31826
31832
31817
31840
31856
31839
31817
31816
31833
31797
31807
31792
31802
31804
31783
31787
31815
31806
31792
31803
31820
31790
31795
31793
31805
31820
31809
31799
31817
31837
31848
31801
31807
31823
31857
31863
31850
31831
31839
31851
31856
31823
31813
31834
31813
31803
31814
31801
31791
31807
31810
31803
31782
31795
31799
31816
31795
31788
31800
31809
31827
31798
31792
31807
31823
31807
31798
31807
31827
31813
31804
31816
31827
31810
31810
31811
31792
31816
31823
31817
31843
31839
31830
31808
31807
31821
31827
31797
31787
31807
31815
31773
31778
31791
31805
31773
31783
31801
31806
31805
31818
31841
31849
31823
31809
31830
31805
31818
31843
31829
31815
31814
31802
31803
31813
31844
31855
31805
31814
31824
31788
31803
31801
31807
31835
31839
31831
31839
31826
31808
31840
31847
31806
31783
31793
31780
31784
31800
31811
31799
31795
31822
31823
31803
31775
31806
31812
31803
31792
31807
31804
31791
31751
31743
31819
31797
31791
31815
31819
31839
31815
31802
31798
31821
31838
31817
31831
31820
31812
31829
31829
31810
31778
31821
31781
31773
31819
31829
31793
31813
31773
31783
31774
31783
31820
31779
31787
31781
31773
31756
31825
31829
31800
31783
31801
31808
31815
31822
31825
31809
31845
31855
31855
31861
31801
31843
31835
31813
31858
31832
31806
31805
31823
31849
31833
31787
31777
31791
31809
31795
31830
31783
31783
31793
31811
31835
31805
31784
31789
31845
31819
31807
31847
31818
31788
31807
31839
31852
31831
31848
31860
31845
31825
31810
31836
31821
31811
31828
31833
31804
31813
31815
31800
31779
31795
31803
31779
31769
31774
31763
31771
31799
31797
31797
31803
31771
31788
31841
31825
31831
31809
31824
31851
31839
31804
31821
31853
31841
31847
31831
31813
31847
31838
31809
31825
31841
31839
31809
31812
31801
31791
31805
31786
31781
31795
31813
31785
31818
31816
31811
31771
31807
31820
31838
31831
31817
31836
31831
31817
31829
31853
31833
31816
31839
31831
31831
31819
31819
31826
31832
31821
31829
31791
31827
31863
31854
31823
31817
31817
31802
31819
31809
31783
31807
31786
31768
31773
31795
31813
31823
31827
31837
31825
31793
31825
31844
31855
31823
31833
31811
31827
31833
31821
31821
31821
31805
31823
31808
31807
31815
31784
31829
31881
31829
31845
31825
31810
31815
31815
31815
31828
31815
31779
31817
31825
31815
31823
31821
31806
31813
31816
31799
31821
31829
31806
31821
31792
31787
31807
31807
31815
31820
31814
31800
31784
31765
31814
31811
31799
31785
31819
31833
31809
31810
31819
31807
31825
31852
31798
31855
31818
31825
31851
31826
31809
31833
31849
31839
31841
31837
31823
31820
31817
31828
31844
31825
31807
31804
31803
31829
31829
31818
31824
31767
31784
31839
31856
31827
31811
31803
31825
31815
31776
31826
31851
31843
31818
31821
31847
31847
31869
31841
31825
31862
31854
31849
31867
31820
31816
31811
31827
31857
31869
31839
31831
31837
31803
31815
31814
31802
31812
31803
31785
31789
31799
31794
31793
31774
31783
31798
31843
31829
31830
31879
31864
31847
31807
31882
31857
31856
31849
31855
31848
31824
31815
31847
31855
31836
31830
31845
31834
31816
31789
31801
31819
31789
31795
31809
31807
31833
31805
31799
31810
31829
31833
31816
31841
31831
31813
31847
31845
31825
31877
31843
31863
31888
31860
31843
31877
31863
31858
31862
31863
31817
31842
31821
31818
31799
31817
31813
31815
31799
31831
31841
31798
31792
31803
